"persid","cluster_id","household_id","participant_id","age_band","sex","year","trip_id","trip_purpose","participant_wt","trips_wt","trip_mode_base","trip_duration_base","trip_distance_base","day_type","trip_id_2","age_group","dist_cat","trip_mode_scen","trip_distance_scen","trip_duration_scen","trip_duration_base_hrs","trip_duration_scen_hrs"
"100004/1000",NA,100004,1,"50-54 years","male",21,1,"Other",163.912643432617,163.912643432617,"car",1,81.47,"weekday",1,"40 to 64",">10km","car",81.47,1,7,7
"100004/1000",NA,100004,1,"50-54 years","male",21,2,"Shopping",163.912643432617,163.912643432617,"car",0.1,2,"weekday",2,"40 to 64","1-2km","bicycle",2,0.181818181818182,0.7,1.27272727272727
"100004/1000",NA,100004,1,"50-54 years","male",21,3,"Shopping",163.912643432617,163.912643432617,"car",0.1,1.97,"weekday",3,"40 to 64","1-2km","bicycle",1.97,0.179090909090909,0.7,1.25363636363636
"100012/1000",NA,100012,2,"25-29 years","male",21,4,"Work",195.456893920898,195.456893920898,"car",0.5,12.77,"weekday",1,"20 to 39",">10km","car",12.77,0.5,3.5,3.5
"100012/1000",NA,100012,2,"25-29 years","male",21,5,"Work",195.456893920898,195.456893920898,"car",0.5,12.5,"weekday",2,"20 to 39",">10km","car",12.5,0.5,3.5,3.5
"100012/1001",NA,100012,3,"20-24 years","female",21,6,"Work",232.704406738281,232.704406738281,"car",0.5,12.77,"weekday",1,"20 to 39",">10km","car",12.77,0.5,3.5,3.5
"100012/1001",NA,100012,3,"20-24 years","female",21,7,"Work",232.704406738281,232.704406738281,"car",0.5,12.5,"weekday",2,"20 to 39",">10km","car",12.5,0.5,3.5,3.5
"100015/1000",NA,100015,4,"65-69 years","male",21,8,"Leisure",141.843811035156,141.843811035156,"walking",0.5,1.91,"weekday",1,"65 plus","1-2km","walking",1.91,0.5,3.5,3.5
"100015/1000",NA,100015,4,"65-69 years","male",21,9,"Leisure",141.843811035156,141.843811035156,"walking",0.5,1.91,"weekday",2,"65 plus","1-2km","walking",1.91,0.5,3.5,3.5
"100015/1001",NA,100015,5,"65-69 years","female",21,10,"Leisure",101.395683288574,101.395683288574,"walking",0.5,1.91,"weekday",1,"65 plus","1-2km","walking",1.91,0.5,3.5,3.5
"100015/1001",NA,100015,5,"65-69 years","female",21,11,"Leisure",101.395683288574,101.395683288574,"walking",0.5,1.91,"weekday",2,"65 plus","1-2km","walking",1.91,0.5,3.5,3.5
"100031/1000",NA,100031,6,"15-19 years","female",21,12,"Other",232.997085571289,232.997085571289,"car",0.0833333333333333,2.28,"weekday",1,"15 to 19","3-5km","bicycle",2.28,0.207272727272727,0.583333333333333,1.45090909090909
"100031/1000",NA,100031,6,"15-19 years","female",21,13,"Other",232.997085571289,232.997085571289,"car",0.0833333333333333,2.22,"weekday",2,"15 to 19","3-5km","bicycle",2.22,0.201818181818182,0.583333333333333,1.41272727272727
"100031/1000",NA,100031,6,"15-19 years","female",21,14,"Other",232.997085571289,232.997085571289,"car",0.0333333333333333,2.28,"weekday",3,"15 to 19","3-5km","bicycle",2.28,0.207272727272727,0.233333333333333,1.45090909090909
"100031/1000",NA,100031,6,"15-19 years","female",21,15,"Leisure",232.997085571289,232.997085571289,"car",0.25,6.4,"weekday",4,"15 to 19","6-10km","car",6.4,0.25,1.75,1.75
"100031/1000",NA,100031,6,"15-19 years","female",21,16,"Leisure",232.997085571289,232.997085571289,"car",0.25,7.82,"weekday",5,"15 to 19","6-10km","car",7.82,0.25,1.75,1.75
"100031/1000",NA,100031,6,"15-19 years","female",21,17,"Leisure",232.997085571289,232.997085571289,"car",0.0833333333333333,2.28,"weekday",6,"15 to 19","3-5km","bicycle",2.28,0.207272727272727,0.583333333333333,1.45090909090909
"100031/1000",NA,100031,6,"15-19 years","female",21,18,"Leisure",232.997085571289,232.997085571289,"car",0.0833333333333333,2.22,"weekday",7,"15 to 19","3-5km","bicycle",2.22,0.201818181818182,0.583333333333333,1.41272727272727
"100031/1001",NA,100031,7,"50-54 years","female",21,19,"Work",211.326843261719,211.326843261719,"car",0.416666666666667,27.4,"weekday",1,"40 to 64",">10km","car",27.4,0.416666666666667,2.91666666666667,2.91666666666667
"100031/1001",NA,100031,7,"50-54 years","female",21,20,"Work",211.326843261719,211.326843261719,"car",0.5,27.25,"weekday",2,"40 to 64",">10km","car",27.25,0.5,3.5,3.5
"100031/1002",NA,100031,8,"50-54 years","male",21,21,"Work",205.661956787109,205.661956787109,"car",0.75,16.23,"weekday",1,"40 to 64",">10km","car",16.23,0.75,5.25,5.25
"100031/1002",NA,100031,8,"50-54 years","male",21,22,"Work",205.661956787109,205.661956787109,"car",0.75,16.25,"weekday",2,"40 to 64",">10km","car",16.25,0.75,5.25,5.25
"100031/1003",NA,100031,9,"15-19 years","male",21,23,"Education",261.753723144531,261.753723144531,"car",0.0833333333333333,2.28,"weekday",1,"15 to 19","3-5km","bicycle",2.28,0.207272727272727,0.583333333333333,1.45090909090909
"100031/1003",NA,100031,9,"15-19 years","male",21,24,"Education",261.753723144531,261.753723144531,"car",0.0833333333333333,2.22,"weekday",2,"15 to 19","3-5km","bicycle",2.22,0.201818181818182,0.583333333333333,1.41272727272727
"100039/1000",NA,100039,10,"55-59 years","female",21,25,"Other",124.50057220459,124.50057220459,"car",2,154.3,"weekday",1,"40 to 64",">10km","car",154.3,2,14,14
"100039/1000",NA,100039,10,"55-59 years","female",21,26,"Shopping",124.50057220459,124.50057220459,"car",0.166666666666667,2.75,"weekday",2,"40 to 64","3-5km","bicycle",2.75,0.25,1.16666666666667,1.75
"100039/1000",NA,100039,10,"55-59 years","female",21,27,"Shopping",124.50057220459,124.50057220459,"car",0.166666666666667,2.74,"weekday",3,"40 to 64","3-5km","bicycle",2.74,0.249090909090909,1.16666666666667,1.74363636363636
"100039/1000",NA,100039,10,"55-59 years","female",21,28,"Leisure",124.50057220459,124.50057220459,"car",0.166666666666667,1.18,"weekday",4,"40 to 64","1-2km","bicycle",1.18,0.107272727272727,1.16666666666667,0.750909090909091
"100039/1000",NA,100039,10,"55-59 years","female",21,29,"Leisure",124.50057220459,124.50057220459,"car",0.0833333333333333,1.18,"weekday",5,"40 to 64","1-2km","bicycle",1.18,0.107272727272727,0.583333333333333,0.750909090909091
"100039/1001",NA,100039,11,"60-64 years","male",21,30,"Other",144.323944091797,144.323944091797,"car",2,154.3,"weekday",1,"40 to 64",">10km","car",154.3,2,14,14
"100039/1001",NA,100039,11,"60-64 years","male",21,31,"Leisure",144.323944091797,144.323944091797,"car",0.166666666666667,2.75,"weekday",2,"40 to 64","3-5km","bicycle",2.75,0.25,1.16666666666667,1.75
"100039/1001",NA,100039,11,"60-64 years","male",21,32,"Other",144.323944091797,144.323944091797,"car",0.583333333333333,12.96,"weekday",3,"40 to 64",">10km","car",12.96,0.583333333333333,4.08333333333333,4.08333333333333
"100039/1001",NA,100039,11,"60-64 years","male",21,33,"Leisure",144.323944091797,144.323944091797,"car",0.25,3.2,"weekday",4,"40 to 64","3-5km","bicycle",3.2,0.290909090909091,1.75,2.03636363636364
"100039/1001",NA,100039,11,"60-64 years","male",21,34,"Leisure",144.323944091797,144.323944091797,"car",0.333333333333333,14.88,"weekday",5,"40 to 64",">10km","car",14.88,0.333333333333333,2.33333333333333,2.33333333333333
"100043/1000",NA,100043,12,"75-79 years","female",21,35,"Other",102.54719543457,102.54719543457,"car",7,360.15,"weekday",1,"65 plus",">10km","car",360.15,7,49,49
"100043/1001",NA,100043,13,"80-84 years","male",21,36,"Other",85.9947814941406,85.9947814941406,"car",7,360.15,"weekday",1,"65 plus",">10km","car",360.15,7,49,49
"100049/1000",NA,100049,14,"45-49 years","male",21,37,"Other",185.775009155273,185.775009155273,"car",0.916666666666667,26.82,"weekday",1,"40 to 64",">10km","car",26.82,0.916666666666667,6.41666666666667,6.41666666666667
"100049/1000",NA,100049,14,"45-49 years","male",21,38,"Work",185.775009155273,185.775009155273,"car",0.416666666666667,10.14,"weekday",2,"40 to 64",">10km","car",10.14,0.416666666666667,2.91666666666667,2.91666666666667
"100049/1000",NA,100049,14,"45-49 years","male",21,39,"Work",185.775009155273,185.775009155273,"bicycle",0.25,4.47,"weekday",2,"40 to 64","3-5km","bicycle",4.47,0.25,1.75,1.75
"100049/1000",NA,100049,14,"45-49 years","male",21,40,"Other",185.775009155273,185.775009155273,"bicycle",0.166666666666667,4.47,"weekday",3,"40 to 64","3-5km","bicycle",4.47,0.166666666666667,1.16666666666667,1.16666666666667
"100049/1000",NA,100049,14,"45-49 years","male",21,41,"Other",185.775009155273,185.775009155273,"car",0.133333333333333,3.03,"weekday",3,"40 to 64","3-5km","bicycle",3.03,0.275454545454545,0.933333333333333,1.92818181818182
"100049/1000",NA,100049,14,"45-49 years","male",21,42,"Other",185.775009155273,185.775009155273,"car",0.7,23.75,"weekday",4,"40 to 64",">10km","car",23.75,0.7,4.9,4.9
"100049/1001",NA,100049,15,"45-49 years","female",21,43,"Work",253.594482421875,253.594482421875,"other",1.58333333333333,1179.67,"weekday",1,"40 to 64",">10km","other",1179.67,1.58333333333333,11.0833333333333,11.0833333333333
"100049/1001",NA,100049,15,"45-49 years","female",21,44,"Work",253.594482421875,253.594482421875,"car",0.416666666666667,31.22,"weekday",2,"40 to 64",">10km","car",31.22,0.416666666666667,2.91666666666667,2.91666666666667
"100049/1002",NA,100049,16,"15-19 years","male",21,45,"Education",218.963638305664,218.963638305664,"car",0.916666666666667,26.82,"weekday",1,"15 to 19",">10km","car",26.82,0.916666666666667,6.41666666666667,6.41666666666667
"100049/1002",NA,100049,16,"15-19 years","male",21,46,"Other",218.963638305664,218.963638305664,"walking",0.233333333333333,1.39,"weekday",2,"15 to 19","1-2km","walking",1.39,0.233333333333333,1.63333333333333,1.63333333333333
"100049/1002",NA,100049,16,"15-19 years","male",21,47,"Other",218.963638305664,218.963638305664,"public.transport",0.216666666666667,7.25,"weekday",2,"15 to 19","6-10km","public.transport",7.25,0.216666666666667,1.51666666666667,1.51666666666667
"100049/1002",NA,100049,16,"15-19 years","male",21,48,"Other",218.963638305664,218.963638305664,"walking",0.0833333333333333,0.81,"weekday",2,"15 to 19","<1km","walking",0.81,0.0833333333333333,0.583333333333333,0.583333333333333
"100049/1002",NA,100049,16,"15-19 years","male",21,49,"Other",218.963638305664,218.963638305664,"walking",0.116666666666667,1.85,"weekday",3,"15 to 19","1-2km","walking",1.85,0.116666666666667,0.816666666666667,0.816666666666667
"100049/1002",NA,100049,16,"15-19 years","male",21,50,"Other",218.963638305664,218.963638305664,"car",0.7,23.75,"weekday",3,"15 to 19",">10km","car",23.75,0.7,4.9,4.9
"100056/1000",NA,100056,17,"45-49 years","female",21,51,"Other",253.594482421875,253.594482421875,"car",0.166666666666667,2.11,"weekday",1,"40 to 64","3-5km","bicycle",2.11,0.191818181818182,1.16666666666667,1.34272727272727
"100056/1000",NA,100056,17,"45-49 years","female",21,52,"Other",253.594482421875,253.594482421875,"car",0.25,2.11,"weekday",2,"40 to 64","3-5km","bicycle",2.11,0.191818181818182,1.75,1.34272727272727
"100056/1000",NA,100056,17,"45-49 years","female",21,53,"Other",253.594482421875,253.594482421875,"car",0.233333333333333,2.11,"weekday",3,"40 to 64","3-5km","bicycle",2.11,0.191818181818182,1.63333333333333,1.34272727272727
"100056/1000",NA,100056,17,"45-49 years","female",21,54,"Other",253.594482421875,253.594482421875,"car",0.25,2.11,"weekday",4,"40 to 64","3-5km","bicycle",2.11,0.191818181818182,1.75,1.34272727272727
"100060/1000",NA,100060,18,"40-44 years","female",21,55,"Shopping",183.191558837891,183.191558837891,"car",0.0833333333333333,2.01,"weekday",1,"40 to 64","3-5km","bicycle",2.01,0.182727272727273,0.583333333333333,1.27909090909091
"100060/1000",NA,100060,18,"40-44 years","female",21,56,"Shopping",183.191558837891,183.191558837891,"car",0.0833333333333333,1.99,"weekday",2,"40 to 64","1-2km","bicycle",1.99,0.180909090909091,0.583333333333333,1.26636363636364
"100060/1000",NA,100060,18,"40-44 years","female",21,57,"Shopping",183.191558837891,183.191558837891,"car",0.166666666666667,5.92,"weekday",3,"40 to 64","6-10km","car",5.92,0.166666666666667,1.16666666666667,1.16666666666667
"100060/1000",NA,100060,18,"40-44 years","female",21,58,"Shopping",183.191558837891,183.191558837891,"car",0.166666666666667,5.8,"weekday",4,"40 to 64","6-10km","car",5.8,0.166666666666667,1.16666666666667,1.16666666666667
"100060/1000",NA,100060,18,"40-44 years","female",21,59,"Other",183.191558837891,183.191558837891,"car",0.15,5.01,"weekday",5,"40 to 64","6-10km","car",5.01,0.15,1.05,1.05
"100060/1000",NA,100060,18,"40-44 years","female",21,60,"Other",183.191558837891,183.191558837891,"car",0.166666666666667,4.98,"weekday",6,"40 to 64","3-5km","bicycle",4.98,0.452727272727273,1.16666666666667,3.16909090909091
"100061/1000",NA,100061,19,"25-29 years","male",21,61,"Work",564.866821289062,564.866821289062,"car",0.733333333333333,51.29,"weekday",1,"20 to 39",">10km","car",51.29,0.733333333333333,5.13333333333333,5.13333333333333
"100061/1000",NA,100061,19,"25-29 years","male",21,62,"Shopping",564.866821289062,564.866821289062,"car",1.08333333333333,49.27,"weekday",2,"20 to 39",">10km","car",49.27,1.08333333333333,7.58333333333333,7.58333333333333
"100061/1000",NA,100061,19,"25-29 years","male",21,63,"Shopping",564.866821289062,564.866821289062,"car",0.133333333333333,0.93,"weekday",3,"20 to 39","<1km","bicycle",0.93,0.0845454545454545,0.933333333333333,0.591818181818182
"100061/1000",NA,100061,19,"25-29 years","male",21,64,"Shopping",564.866821289062,564.866821289062,"car",0.166666666666667,3.46,"weekday",4,"20 to 39","3-5km","bicycle",3.46,0.314545454545455,1.16666666666667,2.20181818181818
"100069/1000",NA,100069,20,"65-69 years","male",21,65,"Other",351.451293945312,351.451293945312,"car",0.616666666666667,15.59,"weekday",1,"65 plus",">10km","car",15.59,0.616666666666667,4.31666666666667,4.31666666666667
"100069/1000",NA,100069,20,"65-69 years","male",21,66,"Shopping",351.451293945312,351.451293945312,"car",0.316666666666667,5.6,"weekday",2,"65 plus","6-10km","car",5.6,0.316666666666667,2.21666666666667,2.21666666666667
"100069/1000",NA,100069,20,"65-69 years","male",21,67,"Other",351.451293945312,351.451293945312,"car",0.25,5.58,"weekday",3,"65 plus","6-10km","car",5.58,0.25,1.75,1.75
"100069/1000",NA,100069,20,"65-69 years","male",21,68,"Other",351.451293945312,351.451293945312,"car",0.5,15.49,"weekday",4,"65 plus",">10km","car",15.49,0.5,3.5,3.5
"100069/1000",NA,100069,20,"65-69 years","male",21,69,"Other",351.451293945312,351.451293945312,"car",0.333333333333333,11.21,"weekday",5,"65 plus",">10km","car",11.21,0.333333333333333,2.33333333333333,2.33333333333333
"100069/1000",NA,100069,20,"65-69 years","male",21,70,"Other",351.451293945312,351.451293945312,"car",0.283333333333333,10.78,"weekday",6,"65 plus",">10km","car",10.78,0.283333333333333,1.98333333333333,1.98333333333333
"100069/1001",NA,100069,21,"65-69 years","female",21,71,"Other",304.822784423828,304.822784423828,"car",0.233333333333333,9.06,"weekday",1,"65 plus","6-10km","car",9.06,0.233333333333333,1.63333333333333,1.63333333333333
"100069/1001",NA,100069,21,"65-69 years","female",21,72,"Other",304.822784423828,304.822784423828,"car",0.233333333333333,9.04,"weekday",2,"65 plus","6-10km","car",9.04,0.233333333333333,1.63333333333333,1.63333333333333
"100069/1001",NA,100069,21,"65-69 years","female",21,73,"Shopping",304.822784423828,304.822784423828,"car",0.133333333333333,1.36,"weekday",3,"65 plus","1-2km","bicycle",1.36,0.123636363636364,0.933333333333333,0.865454545454545
"100069/1001",NA,100069,21,"65-69 years","female",21,74,"Shopping",304.822784423828,304.822784423828,"car",0.166666666666667,1.36,"weekday",4,"65 plus","1-2km","bicycle",1.36,0.123636363636364,1.16666666666667,0.865454545454545
"100070/1000",NA,100070,22,"50-54 years","female",21,75,"Other",545.808776855469,545.808776855469,"car",0.2,5.19,"weekday",1,"40 to 64","6-10km","car",5.19,0.2,1.4,1.4
"100070/1000",NA,100070,22,"50-54 years","female",21,76,"Other",545.808776855469,545.808776855469,"car",0.25,5.24,"weekday",2,"40 to 64","6-10km","car",5.24,0.25,1.75,1.75
"100070/1000",NA,100070,22,"50-54 years","female",21,77,"Leisure",545.808776855469,545.808776855469,"walking",0.283333333333333,1.22,"weekday",3,"40 to 64","1-2km","walking",1.22,0.283333333333333,1.98333333333333,1.98333333333333
"100070/1000",NA,100070,22,"50-54 years","female",21,78,"Leisure",545.808776855469,545.808776855469,"walking",0.383333333333333,1.22,"weekday",4,"40 to 64","1-2km","walking",1.22,0.383333333333333,2.68333333333333,2.68333333333333
"100070/1000",NA,100070,22,"50-54 years","female",21,79,"Other",545.808776855469,545.808776855469,"car",0.25,5.19,"weekday",5,"40 to 64","6-10km","car",5.19,0.25,1.75,1.75
"100070/1000",NA,100070,22,"50-54 years","female",21,80,"Other",545.808776855469,545.808776855469,"car",0.283333333333333,5.24,"weekday",6,"40 to 64","6-10km","car",5.24,0.283333333333333,1.98333333333333,1.98333333333333
"100070/1000",NA,100070,22,"50-54 years","female",21,81,"Shopping",545.808776855469,545.808776855469,"car",0.166666666666667,4.16,"weekday",7,"40 to 64","3-5km","bicycle",4.16,0.378181818181818,1.16666666666667,2.64727272727273
"100070/1000",NA,100070,22,"50-54 years","female",21,82,"Shopping",545.808776855469,545.808776855469,"car",0.25,4.33,"weekday",8,"40 to 64","3-5km","bicycle",4.33,0.393636363636364,1.75,2.75545454545455
"100070/1000",NA,100070,22,"50-54 years","female",21,83,"Education",545.808776855469,545.808776855469,"car",0.133333333333333,5.19,"weekday",9,"40 to 64","6-10km","car",5.19,0.133333333333333,0.933333333333333,0.933333333333333
"100070/1000",NA,100070,22,"50-54 years","female",21,84,"Education",545.808776855469,545.808776855469,"car",0.216666666666667,5.24,"weekday",10,"40 to 64","6-10km","car",5.24,0.216666666666667,1.51666666666667,1.51666666666667
"100070/1001",NA,100070,23,"50-54 years","male",21,85,"Work",549.466125488281,549.466125488281,"car",0.5,20.79,"weekday",1,"40 to 64",">10km","car",20.79,0.5,3.5,3.5
"100070/1001",NA,100070,23,"50-54 years","male",21,86,"Education",549.466125488281,549.466125488281,"car",0.5,17.96,"weekday",2,"40 to 64",">10km","car",17.96,0.5,3.5,3.5
"100070/1001",NA,100070,23,"50-54 years","male",21,87,"Education",549.466125488281,549.466125488281,"car",0.166666666666667,5.24,"weekday",3,"40 to 64","6-10km","car",5.24,0.166666666666667,1.16666666666667,1.16666666666667
"100071/1000",NA,100071,24,"65-69 years","male",21,88,"Work",378.907562255859,378.907562255859,"car",1,32.24,"weekday",1,"65 plus",">10km","car",32.24,1,7,7
"100071/1000",NA,100071,24,"65-69 years","male",21,89,"Work",378.907562255859,378.907562255859,"car",1,32.21,"weekday",2,"65 plus",">10km","car",32.21,1,7,7
"100071/1001",NA,100071,25,"60-64 years","female",21,90,"Work",471.933685302734,471.933685302734,"car",0.75,19.09,"weekday",1,"40 to 64",">10km","car",19.09,0.75,5.25,5.25
"100071/1001",NA,100071,25,"60-64 years","female",21,91,"Work",471.933685302734,471.933685302734,"car",0.75,19.4,"weekday",2,"40 to 64",">10km","car",19.4,0.75,5.25,5.25
"100071/1002",NA,100071,26,"20-24 years","female",21,92,"Work",856.685302734375,856.685302734375,"car",0.5,7.1,"weekday",1,"20 to 39","6-10km","car",7.1,0.5,3.5,3.5
"100071/1002",NA,100071,26,"20-24 years","female",21,93,"Work",856.685302734375,856.685302734375,"car",0.5,7.13,"weekday",2,"20 to 39","6-10km","car",7.13,0.5,3.5,3.5
"100071/1003",NA,100071,27,"20-24 years","male",21,94,"Work",967.1748046875,967.1748046875,"car",0.5,10.52,"weekday",1,"20 to 39",">10km","car",10.52,0.5,3.5,3.5
"100071/1003",NA,100071,27,"20-24 years","male",21,95,"Work",967.1748046875,967.1748046875,"car",0.5,10.6,"weekday",2,"20 to 39",">10km","car",10.6,0.5,3.5,3.5
"100089/1000",NA,100089,28,"60-64 years","female",21,96,"Shopping",474.000030517578,474.000030517578,"walking",0.166666666666667,0.65,"weekday",1,"40 to 64","<1km","walking",0.65,0.166666666666667,1.16666666666667,1.16666666666667
"100089/1000",NA,100089,28,"60-64 years","female",21,97,"Shopping",474.000030517578,474.000030517578,"public.transport",0.5,4.36,"weekday",1,"40 to 64","3-5km","public.transport",4.36,0.5,3.5,3.5
"100089/1000",NA,100089,28,"60-64 years","female",21,98,"Shopping",474.000030517578,474.000030517578,"walking",0.25,0.52,"weekday",1,"40 to 64","<1km","walking",0.52,0.25,1.75,1.75
"100089/1000",NA,100089,28,"60-64 years","female",21,99,"Shopping",474.000030517578,474.000030517578,"car",0.416666666666667,4.61,"weekday",2,"40 to 64","3-5km","bicycle",4.61,0.419090909090909,2.91666666666667,2.93363636363636
"100114/1000",NA,100114,29,"55-59 years","female",21,100,"Work",568.320922851562,568.320922851562,"car",0.0833333333333333,1.02,"weekday",1,"40 to 64","1-2km","bicycle",1.02,0.0927272727272727,0.583333333333333,0.649090909090909
"100114/1000",NA,100114,29,"55-59 years","female",21,101,"Work",568.320922851562,568.320922851562,"walking",0.5,0.68,"weekday",2,"40 to 64","<1km","walking",0.68,0.5,3.5,3.5
"100114/1000",NA,100114,29,"55-59 years","female",21,102,"Other",568.320922851562,568.320922851562,"car",0.166666666666667,4.16,"weekday",3,"40 to 64","3-5km","bicycle",4.16,0.378181818181818,1.16666666666667,2.64727272727273
"100114/1000",NA,100114,29,"55-59 years","female",21,103,"Other",568.320922851562,568.320922851562,"car",0.333333333333333,4.29,"weekday",4,"40 to 64","3-5km","bicycle",4.29,0.39,2.33333333333333,2.73
"100114/1001",NA,100114,30,"20-24 years","male",21,104,"Work",1088.4951171875,1088.4951171875,"walking",0.0833333333333333,0.37,"weekday",1,"20 to 39","<1km","walking",0.37,0.0833333333333333,0.583333333333333,0.583333333333333
"100114/1001",NA,100114,30,"20-24 years","male",21,105,"Work",1088.4951171875,1088.4951171875,"public.transport",0.0833333333333333,1.47,"weekday",1,"20 to 39","1-2km","public.transport",1.47,0.0833333333333333,0.583333333333333,0.583333333333333
"100114/1001",NA,100114,30,"20-24 years","male",21,106,"Work",1088.4951171875,1088.4951171875,"walking",0.0833333333333333,0.27,"weekday",1,"20 to 39","<1km","walking",0.27,0.0833333333333333,0.583333333333333,0.583333333333333
"100114/1001",NA,100114,30,"20-24 years","male",21,107,"Work",1088.4951171875,1088.4951171875,"walking",0.0833333333333333,0.27,"weekday",2,"20 to 39","<1km","walking",0.27,0.0833333333333333,0.583333333333333,0.583333333333333
"100114/1001",NA,100114,30,"20-24 years","male",21,108,"Work",1088.4951171875,1088.4951171875,"public.transport",0.166666666666667,1.58,"weekday",2,"20 to 39","1-2km","public.transport",1.58,0.166666666666667,1.16666666666667,1.16666666666667
"100114/1001",NA,100114,30,"20-24 years","male",21,109,"Work",1088.4951171875,1088.4951171875,"walking",0.0833333333333333,0.37,"weekday",2,"20 to 39","<1km","walking",0.37,0.0833333333333333,0.583333333333333,0.583333333333333
"100116/1001",NA,100116,31,"70-74 years","female",21,110,"Other",171.396911621094,171.396911621094,"car",0.416666666666667,21.92,"weekday",1,"65 plus",">10km","car",21.92,0.416666666666667,2.91666666666667,2.91666666666667
"100116/1001",NA,100116,31,"70-74 years","female",21,111,"Other",171.396911621094,171.396911621094,"car",0.416666666666667,21.98,"weekday",2,"65 plus",">10km","car",21.98,0.416666666666667,2.91666666666667,2.91666666666667
"100123/1000",NA,100123,32,"25-29 years","female",21,112,"Work",1022.24871826172,1022.24871826172,"walking",0.25,0.67,"weekday",1,"20 to 39","<1km","walking",0.67,0.25,1.75,1.75
"100123/1000",NA,100123,32,"25-29 years","female",21,113,"Work",1022.24871826172,1022.24871826172,"car",0.0833333333333333,0.67,"weekday",2,"20 to 39","<1km","bicycle",0.67,0.0609090909090909,0.583333333333333,0.426363636363636
"100123/1001",NA,100123,33,"30-34 years","male",21,114,"Work",825.542541503906,825.542541503906,"walking",0.0833333333333333,0.34,"weekday",1,"20 to 39","<1km","walking",0.34,0.0833333333333333,0.583333333333333,0.583333333333333
"100123/1001",NA,100123,33,"30-34 years","male",21,115,"Work",825.542541503906,825.542541503906,"public.transport",0.25,1.78,"weekday",1,"20 to 39","1-2km","public.transport",1.78,0.25,1.75,1.75
"100123/1001",NA,100123,33,"30-34 years","male",21,116,"Work",825.542541503906,825.542541503906,"walking",0.166666666666667,0.5,"weekday",1,"20 to 39","<1km","walking",0.5,0.166666666666667,1.16666666666667,1.16666666666667
"100123/1001",NA,100123,33,"30-34 years","male",21,117,"Shopping",825.542541503906,825.542541503906,"walking",0.5,2.25,"weekday",2,"20 to 39","3-5km","walking",2.25,0.5,3.5,3.5
"100123/1001",NA,100123,33,"30-34 years","male",21,118,"Shopping",825.542541503906,825.542541503906,"walking",0.0833333333333333,0.24,"weekday",3,"20 to 39","<1km","walking",0.24,0.0833333333333333,0.583333333333333,0.583333333333333
"100123/1001",NA,100123,33,"30-34 years","male",21,119,"Shopping",825.542541503906,825.542541503906,"public.transport",0.333333333333333,3.65,"weekday",3,"20 to 39","3-5km","public.transport",3.65,0.333333333333333,2.33333333333333,2.33333333333333
"100123/1001",NA,100123,33,"30-34 years","male",21,120,"Shopping",825.542541503906,825.542541503906,"walking",0.0833333333333333,0.34,"weekday",3,"20 to 39","<1km","walking",0.34,0.0833333333333333,0.583333333333333,0.583333333333333
"100132/1000",NA,100132,34,"40-44 years","female",21,121,"Work",533.81396484375,533.81396484375,"car",0.333333333333333,5.04,"weekday",1,"40 to 64","6-10km","car",5.04,0.333333333333333,2.33333333333333,2.33333333333333
"100132/1000",NA,100132,34,"40-44 years","female",21,122,"Work",533.81396484375,533.81396484375,"car",0.25,5.3,"weekday",2,"40 to 64","6-10km","car",5.3,0.25,1.75,1.75
"100132/1000",NA,100132,34,"40-44 years","female",21,123,"Shopping",533.81396484375,533.81396484375,"walking",0.333333333333333,0.65,"weekday",3,"40 to 64","<1km","walking",0.65,0.333333333333333,2.33333333333333,2.33333333333333
"100132/1000",NA,100132,34,"40-44 years","female",21,124,"Shopping",533.81396484375,533.81396484375,"walking",0.333333333333333,0.65,"weekday",4,"40 to 64","<1km","walking",0.65,0.333333333333333,2.33333333333333,2.33333333333333
"100132/1001",NA,100132,35,"15-19 years","female",21,125,"Leisure",423.662170410156,423.662170410156,"walking",0.5,0.87,"weekday",1,"15 to 19","<1km","walking",0.87,0.5,3.5,3.5
"100132/1001",NA,100132,35,"15-19 years","female",21,126,"Leisure",423.662170410156,423.662170410156,"walking",0.5,0.87,"weekday",2,"15 to 19","<1km","walking",0.87,0.5,3.5,3.5
"100132/1001",NA,100132,35,"15-19 years","female",21,127,"Shopping",423.662170410156,423.662170410156,"walking",0.333333333333333,0.65,"weekday",3,"15 to 19","<1km","walking",0.65,0.333333333333333,2.33333333333333,2.33333333333333
"100132/1001",NA,100132,35,"15-19 years","female",21,128,"Shopping",423.662170410156,423.662170410156,"walking",0.333333333333333,0.65,"weekday",4,"15 to 19","<1km","walking",0.65,0.333333333333333,2.33333333333333,2.33333333333333
"100144/1000",NA,100144,36,"60-64 years","male",21,129,"Work",441.761657714844,441.761657714844,"walking",0.75,1.41,"weekday",1,"40 to 64","1-2km","walking",1.41,0.75,5.25,5.25
"100144/1000",NA,100144,36,"60-64 years","male",21,130,"Work",441.761657714844,441.761657714844,"walking",0.25,0.35,"weekday",2,"40 to 64","<1km","walking",0.35,0.25,1.75,1.75
"100144/1000",NA,100144,36,"60-64 years","male",21,131,"Work",441.761657714844,441.761657714844,"public.transport",0.166666666666667,1.15,"weekday",2,"40 to 64","1-2km","public.transport",1.15,0.166666666666667,1.16666666666667,1.16666666666667
"100144/1000",NA,100144,36,"60-64 years","male",21,132,"Work",441.761657714844,441.761657714844,"walking",0.0833333333333333,0.34,"weekday",2,"40 to 64","<1km","walking",0.34,0.0833333333333333,0.583333333333333,0.583333333333333
"100146/1001",NA,100146,37,"45-49 years","male",21,133,"Work",455.289733886719,455.289733886719,"car",0.5,13.35,"weekday",1,"40 to 64",">10km","car",13.35,0.5,3.5,3.5
"100146/1001",NA,100146,37,"45-49 years","male",21,134,"Work",455.289733886719,455.289733886719,"car",0.666666666666667,13.63,"weekday",2,"40 to 64",">10km","car",13.63,0.666666666666667,4.66666666666667,4.66666666666667
"100157/1000",NA,100157,38,"45-49 years","male",21,135,"Other",167.788757324219,167.788757324219,"car",0.366666666666667,16.85,"weekday",1,"40 to 64",">10km","car",16.85,0.366666666666667,2.56666666666667,2.56666666666667
"100157/1000",NA,100157,38,"45-49 years","male",21,136,"Work",167.788757324219,167.788757324219,"car",0.3,5.53,"weekday",2,"40 to 64","6-10km","car",5.53,0.3,2.1,2.1
"100157/1000",NA,100157,38,"45-49 years","male",21,137,"Work",167.788757324219,167.788757324219,"car",0.5,12.19,"weekday",3,"40 to 64",">10km","car",12.19,0.5,3.5,3.5
"100157/1001",NA,100157,39,"45-49 years","female",21,138,"Work",163.545227050781,163.545227050781,"car",0.833333333333333,23.49,"weekday",1,"40 to 64",">10km","car",23.49,0.833333333333333,5.83333333333333,5.83333333333333
"100157/1001",NA,100157,39,"45-49 years","female",21,139,"Shopping",163.545227050781,163.545227050781,"car",0.166666666666667,3.94,"weekday",2,"40 to 64","3-5km","bicycle",3.94,0.358181818181818,1.16666666666667,2.50727272727273
"100157/1001",NA,100157,39,"45-49 years","female",21,140,"Work",163.545227050781,163.545227050781,"car",0.166666666666667,3.92,"weekday",3,"40 to 64","3-5km","bicycle",3.92,0.356363636363636,1.16666666666667,2.49454545454545
"100157/1001",NA,100157,39,"45-49 years","female",21,141,"Work",163.545227050781,163.545227050781,"car",0.666666666666667,23.38,"weekday",4,"40 to 64",">10km","car",23.38,0.666666666666667,4.66666666666667,4.66666666666667
"100157/1005",NA,100157,40,"75-79 years","female",21,142,"Shopping",158.734878540039,158.734878540039,"car",0.5,9.3,"weekday",1,"65 plus","6-10km","car",9.3,0.5,3.5,3.5
"100157/1005",NA,100157,40,"75-79 years","female",21,143,"Other",158.734878540039,158.734878540039,"car",0.5,8.47,"weekday",2,"65 plus","6-10km","car",8.47,0.5,3.5,3.5
"100157/1005",NA,100157,40,"75-79 years","female",21,144,"Other",158.734878540039,158.734878540039,"car",0.833333333333333,16.86,"weekday",3,"65 plus",">10km","car",16.86,0.833333333333333,5.83333333333333,5.83333333333333
"100158/1000",NA,100158,41,"55-59 years","male",21,145,"Other",132.476211547852,132.476211547852,"car",0.0833333333333333,1.8,"weekday",1,"40 to 64","1-2km","bicycle",1.8,0.163636363636364,0.583333333333333,1.14545454545455
"100158/1000",NA,100158,41,"55-59 years","male",21,146,"Other",132.476211547852,132.476211547852,"car",0.25,7.82,"weekday",2,"40 to 64","6-10km","car",7.82,0.25,1.75,1.75
"100158/1000",NA,100158,41,"55-59 years","male",21,147,"Shopping",132.476211547852,132.476211547852,"car",0.25,5.25,"weekday",3,"40 to 64","6-10km","car",5.25,0.25,1.75,1.75
"100158/1000",NA,100158,41,"55-59 years","male",21,148,"Shopping",132.476211547852,132.476211547852,"car",0.25,8.62,"weekday",4,"40 to 64","6-10km","car",8.62,0.25,1.75,1.75
"100158/1001",NA,100158,42,"40-44 years","female",21,149,"Other",119.332992553711,119.332992553711,"car",0.0833333333333333,1.8,"weekday",1,"40 to 64","1-2km","bicycle",1.8,0.163636363636364,0.583333333333333,1.14545454545455
"100158/1001",NA,100158,42,"40-44 years","female",21,150,"Other",119.332992553711,119.332992553711,"car",0.25,7.82,"weekday",2,"40 to 64","6-10km","car",7.82,0.25,1.75,1.75
"100158/1001",NA,100158,42,"40-44 years","female",21,151,"Shopping",119.332992553711,119.332992553711,"car",0.25,5.25,"weekday",3,"40 to 64","6-10km","car",5.25,0.25,1.75,1.75
"100158/1001",NA,100158,42,"40-44 years","female",21,152,"Shopping",119.332992553711,119.332992553711,"car",0.25,8.62,"weekday",4,"40 to 64","6-10km","car",8.62,0.25,1.75,1.75
"100158/1001",NA,100158,42,"40-44 years","female",21,153,"Other",119.332992553711,119.332992553711,"bicycle",0.0833333333333333,1.67,"weekday",5,"40 to 64","1-2km","bicycle",1.67,0.0833333333333333,0.583333333333333,0.583333333333333
"100158/1001",NA,100158,42,"40-44 years","female",21,154,"Other",119.332992553711,119.332992553711,"bicycle",0.0833333333333333,1.67,"weekday",6,"40 to 64","1-2km","bicycle",1.67,0.0833333333333333,0.583333333333333,0.583333333333333
"100159/1000",NA,100159,43,"60-64 years","male",21,155,"Shopping",93.5367965698242,93.5367965698242,"walking",0.166666666666667,0.35,"weekday",1,"40 to 64","<1km","walking",0.35,0.166666666666667,1.16666666666667,1.16666666666667
"100159/1000",NA,100159,43,"60-64 years","male",21,156,"Shopping",93.5367965698242,93.5367965698242,"walking",0.25,0.35,"weekday",2,"40 to 64","<1km","walking",0.35,0.25,1.75,1.75
"100159/1001",NA,100159,44,"55-59 years","female",21,157,"Shopping",94.9781875610352,94.9781875610352,"walking",0.166666666666667,0.35,"weekday",1,"40 to 64","<1km","walking",0.35,0.166666666666667,1.16666666666667,1.16666666666667
"100159/1001",NA,100159,44,"55-59 years","female",21,158,"Shopping",94.9781875610352,94.9781875610352,"walking",0.25,0.35,"weekday",2,"40 to 64","<1km","walking",0.35,0.25,1.75,1.75
"100181/1000",NA,100181,45,"45-49 years","female",21,159,"Other",544.801513671875,544.801513671875,"car",0.333333333333333,4.83,"weekday",1,"40 to 64","3-5km","bicycle",4.83,0.439090909090909,2.33333333333333,3.07363636363636
"100181/1000",NA,100181,45,"45-49 years","female",21,160,"Other",544.801513671875,544.801513671875,"car",0.333333333333333,4.66,"weekday",2,"40 to 64","3-5km","bicycle",4.66,0.423636363636364,2.33333333333333,2.96545454545455
"100181/1000",NA,100181,45,"45-49 years","female",21,161,"Leisure",544.801513671875,544.801513671875,"car",0.0666666666666667,1.32,"weekday",3,"40 to 64","1-2km","bicycle",1.32,0.12,0.466666666666667,0.84
"100181/1000",NA,100181,45,"45-49 years","female",21,162,"Leisure",544.801513671875,544.801513671875,"car",0.05,1.32,"weekday",4,"40 to 64","1-2km","bicycle",1.32,0.12,0.35,0.84
"100181/1001",NA,100181,46,"45-49 years","male",21,163,"Work",455.289733886719,455.289733886719,"car",0.333333333333333,6.07,"weekday",1,"40 to 64","6-10km","car",6.07,0.333333333333333,2.33333333333333,2.33333333333333
"100181/1001",NA,100181,46,"45-49 years","male",21,164,"Work",455.289733886719,455.289733886719,"car",0.333333333333333,6.4,"weekday",2,"40 to 64","6-10km","car",6.4,0.333333333333333,2.33333333333333,2.33333333333333
"100182/1000",NA,100182,47,"40-44 years","male",21,165,"Other",122.080093383789,122.080093383789,"car",0.166666666666667,1.54,"weekday",1,"40 to 64","1-2km","bicycle",1.54,0.14,1.16666666666667,0.98
"100182/1000",NA,100182,47,"40-44 years","male",21,166,"Other",122.080093383789,122.080093383789,"car",0.166666666666667,1.54,"weekday",2,"40 to 64","1-2km","bicycle",1.54,0.14,1.16666666666667,0.98
"100182/1000",NA,100182,47,"40-44 years","male",21,167,"Other",122.080093383789,122.080093383789,"car",0.166666666666667,1.54,"weekday",3,"40 to 64","1-2km","bicycle",1.54,0.14,1.16666666666667,0.98
"100182/1000",NA,100182,47,"40-44 years","male",21,168,"Other",122.080093383789,122.080093383789,"car",0.166666666666667,1.54,"weekday",4,"40 to 64","1-2km","bicycle",1.54,0.14,1.16666666666667,0.98
"100184/1000",NA,100184,48,"25-29 years","male",21,169,"Work",228.088623046875,228.088623046875,"car",0.25,8.92,"weekday",1,"20 to 39","6-10km","car",8.92,0.25,1.75,1.75
"100184/1000",NA,100184,48,"25-29 years","male",21,170,"Work",228.088623046875,228.088623046875,"car",0.25,8.95,"weekday",2,"20 to 39","6-10km","car",8.95,0.25,1.75,1.75
"100184/1002",NA,100184,49,"20-24 years","male",21,171,"Shopping",233.046676635742,233.046676635742,"walking",0.333333333333333,1.22,"weekday",1,"20 to 39","1-2km","walking",1.22,0.333333333333333,2.33333333333333,2.33333333333333
"100184/1002",NA,100184,49,"20-24 years","male",21,172,"Shopping",233.046676635742,233.046676635742,"walking",0.333333333333333,1.22,"weekday",2,"20 to 39","1-2km","walking",1.22,0.333333333333333,2.33333333333333,2.33333333333333
"100190/1000",NA,100190,50,"60-64 years","female",21,173,"Leisure",170.002777099609,170.002777099609,"walking",0.333333333333333,1.48,"weekday",1,"40 to 64","1-2km","walking",1.48,0.333333333333333,2.33333333333333,2.33333333333333
"100190/1000",NA,100190,50,"60-64 years","female",21,174,"Leisure",170.002777099609,170.002777099609,"walking",0.333333333333333,1.48,"weekday",2,"40 to 64","1-2km","walking",1.48,0.333333333333333,2.33333333333333,2.33333333333333
"100190/1001",NA,100190,51,"55-59 years","male",21,175,"Work",159.136917114258,159.136917114258,"car",0.25,11.9,"weekday",1,"40 to 64",">10km","car",11.9,0.25,1.75,1.75
"100190/1001",NA,100190,51,"55-59 years","male",21,176,"Work",159.136917114258,159.136917114258,"car",0.333333333333333,11.9,"weekday",2,"40 to 64",">10km","car",11.9,0.333333333333333,2.33333333333333,2.33333333333333
"100364/1000",NA,100364,52,"30-34 years","male",21,177,"Work",139.366546630859,139.366546630859,"car",0.25,4.47,"weekday",1,"20 to 39","3-5km","bicycle",4.47,0.406363636363636,1.75,2.84454545454545
"100364/1000",NA,100364,52,"30-34 years","male",21,178,"Work",139.366546630859,139.366546630859,"car",0.166666666666667,4.45,"weekday",2,"20 to 39","3-5km","bicycle",4.45,0.404545454545455,1.16666666666667,2.83181818181818
"100364/1000",NA,100364,52,"30-34 years","male",21,179,"Work",139.366546630859,139.366546630859,"car",0.333333333333333,5.68,"weekday",3,"20 to 39","6-10km","car",5.68,0.333333333333333,2.33333333333333,2.33333333333333
"100364/1000",NA,100364,52,"30-34 years","male",21,180,"Work",139.366546630859,139.366546630859,"car",0.333333333333333,5.69,"weekday",4,"20 to 39","6-10km","car",5.69,0.333333333333333,2.33333333333333,2.33333333333333
"100364/1001",NA,100364,53,"35-39 years","female",21,181,"Work",140.541229248047,140.541229248047,"car",0.666666666666667,24.41,"weekday",1,"20 to 39",">10km","car",24.41,0.666666666666667,4.66666666666667,4.66666666666667
"100364/1001",NA,100364,53,"35-39 years","female",21,182,"Work",140.541229248047,140.541229248047,"car",0.5,24.86,"weekday",2,"20 to 39",">10km","car",24.86,0.5,3.5,3.5
"100365/1000",NA,100365,54,"50-54 years","female",21,183,"Shopping",69.2914581298828,69.2914581298828,"walking",0.416666666666667,1.48,"weekday",1,"40 to 64","1-2km","walking",1.48,0.416666666666667,2.91666666666667,2.91666666666667
"100365/1000",NA,100365,54,"50-54 years","female",21,184,"Shopping",69.2914581298828,69.2914581298828,"walking",0.4,1.48,"weekday",2,"40 to 64","1-2km","walking",1.48,0.4,2.8,2.8
"100365/1001",NA,100365,55,"50-54 years","male",21,185,"Other",76.2739486694336,76.2739486694336,"car",0.5,15.67,"weekday",1,"40 to 64",">10km","car",15.67,0.5,3.5,3.5
"100365/1001",NA,100365,55,"50-54 years","male",21,186,"Shopping",76.2739486694336,76.2739486694336,"car",0.1,1.78,"weekday",2,"40 to 64","1-2km","bicycle",1.78,0.161818181818182,0.7,1.13272727272727
"100365/1001",NA,100365,55,"50-54 years","male",21,187,"Shopping",76.2739486694336,76.2739486694336,"car",0.4,15.77,"weekday",3,"40 to 64",">10km","car",15.77,0.4,2.8,2.8
"100367/1000",NA,100367,56,"50-54 years","female",21,188,"Shopping",135.186767578125,135.186767578125,"car",0.166666666666667,4.21,"weekday",1,"40 to 64","3-5km","bicycle",4.21,0.382727272727273,1.16666666666667,2.67909090909091
"100367/1000",NA,100367,56,"50-54 years","female",21,189,"Shopping",135.186767578125,135.186767578125,"car",0.0833333333333333,4.31,"weekday",2,"40 to 64","3-5km","bicycle",4.31,0.391818181818182,0.583333333333333,2.74272727272727
"100367/1001",NA,100367,57,"50-54 years","male",21,190,"Work",148.809509277344,148.809509277344,"car",1.25,38.41,"weekday",1,"40 to 64",">10km","car",38.41,1.25,8.75,8.75
"100367/1001",NA,100367,57,"50-54 years","male",21,191,"Shopping",148.809509277344,148.809509277344,"car",0.5,23.08,"weekday",2,"40 to 64",">10km","car",23.08,0.5,3.5,3.5
"100367/1001",NA,100367,57,"50-54 years","male",21,192,"Work",148.809509277344,148.809509277344,"car",0.5,23.06,"weekday",3,"40 to 64",">10km","car",23.06,0.5,3.5,3.5
"100367/1001",NA,100367,57,"50-54 years","male",21,193,"Work",148.809509277344,148.809509277344,"car",0.75,37.76,"weekday",4,"40 to 64",">10km","car",37.76,0.75,5.25,5.25
"100367/1002",NA,100367,58,"20-24 years","male",21,194,"Education",228.728454589844,228.728454589844,"car",0.833333333333333,23.25,"weekday",1,"20 to 39",">10km","car",23.25,0.833333333333333,5.83333333333333,5.83333333333333
"100367/1002",NA,100367,58,"20-24 years","male",21,195,"Shopping",228.728454589844,228.728454589844,"car",0.283333333333333,13.74,"weekday",2,"20 to 39",">10km","car",13.74,0.283333333333333,1.98333333333333,1.98333333333333
"100367/1002",NA,100367,58,"20-24 years","male",21,196,"Shopping",228.728454589844,228.728454589844,"car",0.0833333333333333,0.71,"weekday",3,"20 to 39","<1km","bicycle",0.71,0.0645454545454545,0.583333333333333,0.451818181818182
"100367/1002",NA,100367,58,"20-24 years","male",21,197,"Leisure",228.728454589844,228.728454589844,"car",0.133333333333333,2.77,"weekday",4,"20 to 39","3-5km","bicycle",2.77,0.251818181818182,0.933333333333333,1.76272727272727
"100367/1002",NA,100367,58,"20-24 years","male",21,198,"Shopping",228.728454589844,228.728454589844,"car",0.5,15.63,"weekday",5,"20 to 39",">10km","car",15.63,0.5,3.5,3.5
"100367/1002",NA,100367,58,"20-24 years","male",21,199,"Leisure",228.728454589844,228.728454589844,"car",0.333333333333333,7.09,"weekday",6,"20 to 39","6-10km","car",7.09,0.333333333333333,2.33333333333333,2.33333333333333
"100367/1002",NA,100367,58,"20-24 years","male",21,200,"Leisure",228.728454589844,228.728454589844,"car",0.333333333333333,9.82,"weekday",7,"20 to 39","6-10km","car",9.82,0.333333333333333,2.33333333333333,2.33333333333333
"100367/1003",NA,100367,59,"20-24 years","male",21,201,"Other",228.728454589844,228.728454589844,"car",0.666666666666667,25.37,"weekday",1,"20 to 39",">10km","car",25.37,0.666666666666667,4.66666666666667,4.66666666666667
"100367/1003",NA,100367,59,"20-24 years","male",21,202,"Leisure",228.728454589844,228.728454589844,"car",0.0333333333333333,0.33,"weekday",2,"20 to 39","<1km","bicycle",0.33,0.03,0.233333333333333,0.21
"100367/1003",NA,100367,59,"20-24 years","male",21,203,"Leisure",228.728454589844,228.728454589844,"car",0.483333333333333,13.03,"weekday",3,"20 to 39",">10km","car",13.03,0.483333333333333,3.38333333333333,3.38333333333333
"100367/1003",NA,100367,59,"20-24 years","male",21,204,"Leisure",228.728454589844,228.728454589844,"car",0.466666666666667,14.02,"weekday",4,"20 to 39",">10km","car",14.02,0.466666666666667,3.26666666666667,3.26666666666667
"100367/1004",NA,100367,60,"20-24 years","female",21,205,"Work",178.773422241211,178.773422241211,"car",0.416666666666667,12.75,"weekday",1,"20 to 39",">10km","car",12.75,0.416666666666667,2.91666666666667,2.91666666666667
"100367/1004",NA,100367,60,"20-24 years","female",21,206,"Work",178.773422241211,178.773422241211,"car",0.416666666666667,12.69,"weekday",2,"20 to 39",">10km","car",12.69,0.416666666666667,2.91666666666667,2.91666666666667
"100371/1000",NA,100371,61,"25-29 years","male",21,207,"Work",1189.41027832031,1189.41027832031,"walking",0.666666666666667,1.52,"weekday",1,"20 to 39","1-2km","walking",1.52,0.666666666666667,4.66666666666667,4.66666666666667
"100371/1000",NA,100371,61,"25-29 years","male",21,208,"Shopping",1189.41027832031,1189.41027832031,"walking",0.0833333333333333,0.2,"weekday",2,"20 to 39","<1km","walking",0.2,0.0833333333333333,0.583333333333333,0.583333333333333
"100371/1000",NA,100371,61,"25-29 years","male",21,209,"Work",1189.41027832031,1189.41027832031,"walking",0.0833333333333333,0.2,"weekday",3,"20 to 39","<1km","walking",0.2,0.0833333333333333,0.583333333333333,0.583333333333333
"100371/1000",NA,100371,61,"25-29 years","male",21,210,"Shopping",1189.41027832031,1189.41027832031,"walking",0.333333333333333,0.63,"weekday",4,"20 to 39","<1km","walking",0.63,0.333333333333333,2.33333333333333,2.33333333333333
"100371/1000",NA,100371,61,"25-29 years","male",21,211,"Shopping",1189.41027832031,1189.41027832031,"walking",0.0833333333333333,0.14,"weekday",5,"20 to 39","<1km","walking",0.14,0.0833333333333333,0.583333333333333,0.583333333333333
"100371/1000",NA,100371,61,"25-29 years","male",21,212,"Shopping",1189.41027832031,1189.41027832031,"public.transport",0.25,1.88,"weekday",5,"20 to 39","1-2km","public.transport",1.88,0.25,1.75,1.75
"100371/1000",NA,100371,61,"25-29 years","male",21,213,"Shopping",1189.41027832031,1189.41027832031,"walking",0.0833333333333333,0.24,"weekday",5,"20 to 39","<1km","walking",0.24,0.0833333333333333,0.583333333333333,0.583333333333333
"100371/1001",NA,100371,62,"25-29 years","female",21,214,"Work",1240.35559082031,1240.35559082031,"walking",0.166666666666667,0.82,"weekday",1,"20 to 39","<1km","walking",0.82,0.166666666666667,1.16666666666667,1.16666666666667
"100371/1001",NA,100371,62,"25-29 years","female",21,215,"Work",1240.35559082031,1240.35559082031,"public.transport",0.233333333333333,4.8,"weekday",1,"20 to 39","3-5km","public.transport",4.8,0.233333333333333,1.63333333333333,1.63333333333333
"100371/1001",NA,100371,62,"25-29 years","female",21,216,"Work",1240.35559082031,1240.35559082031,"walking",0.1,0.96,"weekday",1,"20 to 39","<1km","walking",0.96,0.1,0.7,0.7
"100371/1001",NA,100371,62,"25-29 years","female",21,217,"Leisure",1240.35559082031,1240.35559082031,"walking",0.25,0.4,"weekday",2,"20 to 39","<1km","walking",0.4,0.25,1.75,1.75
"100371/1001",NA,100371,62,"25-29 years","female",21,218,"Leisure",1240.35559082031,1240.35559082031,"car",0.333333333333333,4.48,"weekday",3,"20 to 39","3-5km","bicycle",4.48,0.407272727272727,2.33333333333333,2.85090909090909
"100375/1000",NA,100375,63,"50-54 years","male",21,219,"Work",145.04621887207,145.04621887207,"car",0.25,2.1,"weekday",1,"40 to 64","3-5km","bicycle",2.1,0.190909090909091,1.75,1.33636363636364
"100375/1000",NA,100375,63,"50-54 years","male",21,220,"Work",145.04621887207,145.04621887207,"car",0.333333333333333,2.15,"weekday",2,"40 to 64","3-5km","bicycle",2.15,0.195454545454545,2.33333333333333,1.36818181818182
"100376/1000",NA,100376,64,"20-24 years","female",21,221,"Work",143.811325073242,143.811325073242,"car",0.333333333333333,12.7,"weekday",1,"20 to 39",">10km","car",12.7,0.333333333333333,2.33333333333333,2.33333333333333
"100376/1000",NA,100376,64,"20-24 years","female",21,222,"Work",143.811325073242,143.811325073242,"car",0.5,12.73,"weekday",2,"20 to 39",">10km","car",12.73,0.5,3.5,3.5
"100377/1000",NA,100377,65,"60-64 years","female",21,223,"Shopping",474.000030517578,474.000030517578,"car",0.0833333333333333,1.02,"weekday",1,"40 to 64","1-2km","bicycle",1.02,0.0927272727272727,0.583333333333333,0.649090909090909
"100377/1000",NA,100377,65,"60-64 years","female",21,224,"Shopping",474.000030517578,474.000030517578,"car",0.0833333333333333,0.9,"weekday",2,"40 to 64","<1km","bicycle",0.9,0.0818181818181818,0.583333333333333,0.572727272727273
"100377/1000",NA,100377,65,"60-64 years","female",21,225,"Shopping",474.000030517578,474.000030517578,"car",0.25,3.78,"weekday",3,"40 to 64","3-5km","bicycle",3.78,0.343636363636364,1.75,2.40545454545455
"100377/1000",NA,100377,65,"60-64 years","female",21,226,"Shopping",474.000030517578,474.000030517578,"car",0.25,3.69,"weekday",4,"40 to 64","3-5km","bicycle",3.69,0.335454545454545,1.75,2.34818181818182
"100377/1000",NA,100377,65,"60-64 years","female",21,227,"Leisure",474.000030517578,474.000030517578,"car",0.25,3.66,"weekday",5,"40 to 64","3-5km","bicycle",3.66,0.332727272727273,1.75,2.32909090909091
"100377/1000",NA,100377,65,"60-64 years","female",21,228,"Leisure",474.000030517578,474.000030517578,"car",0.25,3.95,"weekday",6,"40 to 64","3-5km","bicycle",3.95,0.359090909090909,1.75,2.51363636363636
"100383/1000",NA,100383,66,"65-69 years","male",21,229,"Work",380.566589355469,380.566589355469,"walking",0.166666666666667,0.91,"weekday",1,"65 plus","<1km","walking",0.91,0.166666666666667,1.16666666666667,1.16666666666667
"100383/1000",NA,100383,66,"65-69 years","male",21,230,"Work",380.566589355469,380.566589355469,"public.transport",0.3,3.49,"weekday",1,"65 plus","3-5km","public.transport",3.49,0.3,2.1,2.1
"100383/1000",NA,100383,66,"65-69 years","male",21,231,"Work",380.566589355469,380.566589355469,"walking",0.183333333333333,0.6,"weekday",1,"65 plus","<1km","walking",0.6,0.183333333333333,1.28333333333333,1.28333333333333
"100383/1000",NA,100383,66,"65-69 years","male",21,232,"Shopping",380.566589355469,380.566589355469,"bicycle",0.166666666666667,0.46,"weekday",2,"65 plus","<1km","bicycle",0.46,0.166666666666667,1.16666666666667,1.16666666666667
"100383/1000",NA,100383,66,"65-69 years","male",21,233,"Shopping",380.566589355469,380.566589355469,"walking",0.1,0.46,"weekday",3,"65 plus","<1km","walking",0.46,0.1,0.7,0.7
"100383/1000",NA,100383,66,"65-69 years","male",21,234,"Shopping",380.566589355469,380.566589355469,"bicycle",0.633333333333333,4.19,"weekday",4,"65 plus","3-5km","bicycle",4.19,0.633333333333333,4.43333333333333,4.43333333333333
"100383/1000",NA,100383,66,"65-69 years","male",21,235,"Shopping",380.566589355469,380.566589355469,"walking",0.15,0.41,"weekday",5,"65 plus","<1km","walking",0.41,0.15,1.05,1.05
"100383/1000",NA,100383,66,"65-69 years","male",21,236,"Shopping",380.566589355469,380.566589355469,"walking",0.15,0.41,"weekday",6,"65 plus","<1km","walking",0.41,0.15,1.05,1.05
"100388/1000",NA,100388,67,"20-24 years","male",21,237,"Education",897.091674804688,897.091674804688,"walking",0.0833333333333333,0.21,"weekday",1,"20 to 39","<1km","walking",0.21,0.0833333333333333,0.583333333333333,0.583333333333333
"100388/1000",NA,100388,67,"20-24 years","male",21,238,"Education",897.091674804688,897.091674804688,"public.transport",0.416666666666667,5.6,"weekday",1,"20 to 39","6-10km","public.transport",5.6,0.416666666666667,2.91666666666667,2.91666666666667
"100388/1000",NA,100388,67,"20-24 years","male",21,239,"Education",897.091674804688,897.091674804688,"walking",0.05,0.16,"weekday",1,"20 to 39","<1km","walking",0.16,0.05,0.35,0.35
"100388/1000",NA,100388,67,"20-24 years","male",21,240,"Education",897.091674804688,897.091674804688,"public.transport",0.166666666666667,2.19,"weekday",1,"20 to 39","3-5km","public.transport",2.19,0.166666666666667,1.16666666666667,1.16666666666667
"100388/1000",NA,100388,67,"20-24 years","male",21,241,"Education",897.091674804688,897.091674804688,"walking",0.166666666666667,0.78,"weekday",1,"20 to 39","<1km","walking",0.78,0.166666666666667,1.16666666666667,1.16666666666667
"100388/1000",NA,100388,67,"20-24 years","male",21,242,"Leisure",897.091674804688,897.091674804688,"walking",0.166666666666667,0.78,"weekday",2,"20 to 39","<1km","walking",0.78,0.166666666666667,1.16666666666667,1.16666666666667
"100388/1000",NA,100388,67,"20-24 years","male",21,243,"Leisure",897.091674804688,897.091674804688,"public.transport",0.5,14.16,"weekday",2,"20 to 39",">10km","public.transport",14.16,0.5,3.5,3.5
"100388/1000",NA,100388,67,"20-24 years","male",21,244,"Leisure",897.091674804688,897.091674804688,"walking",0.25,0.81,"weekday",2,"20 to 39","<1km","walking",0.81,0.25,1.75,1.75
"100388/1000",NA,100388,67,"20-24 years","male",21,246,"Shopping",897.091674804688,897.091674804688,"walking",0.166666666666667,0.54,"weekday",4,"20 to 39","<1km","walking",0.54,0.166666666666667,1.16666666666667,1.16666666666667
"100388/1000",NA,100388,67,"20-24 years","male",21,247,"Shopping",897.091674804688,897.091674804688,"public.transport",0.166666666666667,1.78,"weekday",4,"20 to 39","1-2km","public.transport",1.78,0.166666666666667,1.16666666666667,1.16666666666667
"100388/1000",NA,100388,67,"20-24 years","male",21,248,"Shopping",897.091674804688,897.091674804688,"walking",0.0833333333333333,0.21,"weekday",4,"20 to 39","<1km","walking",0.21,0.0833333333333333,0.583333333333333,0.583333333333333
"100388/1001",NA,100388,68,"20-24 years","male",21,249,"Shopping",897.091674804688,897.091674804688,"walking",0.166666666666667,0.52,"weekday",1,"20 to 39","<1km","walking",0.52,0.166666666666667,1.16666666666667,1.16666666666667
"100388/1001",NA,100388,68,"20-24 years","male",21,250,"Shopping",897.091674804688,897.091674804688,"walking",0.166666666666667,0.52,"weekday",2,"20 to 39","<1km","walking",0.52,0.166666666666667,1.16666666666667,1.16666666666667
"100393/1000",NA,100393,69,"50-54 years","male",21,251,"Other",228.976974487305,228.976974487305,"car",0.0333333333333333,1.51,"weekday",1,"40 to 64","1-2km","bicycle",1.51,0.137272727272727,0.233333333333333,0.960909090909091
"100393/1000",NA,100393,69,"50-54 years","male",21,252,"Other",228.976974487305,228.976974487305,"car",0.55,13.55,"weekday",2,"40 to 64",">10km","car",13.55,0.55,3.85,3.85
"100393/1000",NA,100393,69,"50-54 years","male",21,253,"Shopping",228.976974487305,228.976974487305,"car",0.133333333333333,1.33,"weekday",3,"40 to 64","1-2km","bicycle",1.33,0.120909090909091,0.933333333333333,0.846363636363636
"100393/1000",NA,100393,69,"50-54 years","male",21,254,"Shopping",228.976974487305,228.976974487305,"car",0.166666666666667,2.56,"weekday",4,"40 to 64","3-5km","bicycle",2.56,0.232727272727273,1.16666666666667,1.62909090909091
"100393/1000",NA,100393,69,"50-54 years","male",21,255,"Shopping",228.976974487305,228.976974487305,"car",0.55,13.57,"weekday",5,"40 to 64",">10km","car",13.57,0.55,3.85,3.85
"100393/1000",NA,100393,69,"50-54 years","male",21,256,"Other",228.976974487305,228.976974487305,"car",0.0333333333333333,1.51,"weekday",6,"40 to 64","1-2km","bicycle",1.51,0.137272727272727,0.233333333333333,0.960909090909091
"100393/1000",NA,100393,69,"50-54 years","male",21,257,"Other",228.976974487305,228.976974487305,"car",0.0833333333333333,1.51,"weekday",7,"40 to 64","1-2km","bicycle",1.51,0.137272727272727,0.583333333333333,0.960909090909091
"100393/1000",NA,100393,69,"50-54 years","male",21,258,"Work",228.976974487305,228.976974487305,"car",0.333333333333333,15.85,"weekday",8,"40 to 64",">10km","car",15.85,0.333333333333333,2.33333333333333,2.33333333333333
"100393/1001",NA,100393,70,"45-49 years","female",21,259,"Other",197.133209228516,197.133209228516,"car",0.0333333333333333,1.51,"weekday",1,"40 to 64","1-2km","bicycle",1.51,0.137272727272727,0.233333333333333,0.960909090909091
"100393/1001",NA,100393,70,"45-49 years","female",21,260,"Other",197.133209228516,197.133209228516,"car",0.55,13.55,"weekday",2,"40 to 64",">10km","car",13.55,0.55,3.85,3.85
"100393/1001",NA,100393,70,"45-49 years","female",21,261,"Other",197.133209228516,197.133209228516,"car",0.133333333333333,1.33,"weekday",3,"40 to 64","1-2km","bicycle",1.33,0.120909090909091,0.933333333333333,0.846363636363636
"100393/1001",NA,100393,70,"45-49 years","female",21,262,"Shopping",197.133209228516,197.133209228516,"car",0.166666666666667,2.56,"weekday",4,"40 to 64","3-5km","bicycle",2.56,0.232727272727273,1.16666666666667,1.62909090909091
"100393/1001",NA,100393,70,"45-49 years","female",21,263,"Shopping",197.133209228516,197.133209228516,"car",0.55,13.57,"weekday",5,"40 to 64",">10km","car",13.57,0.55,3.85,3.85
"100393/1002",NA,100393,71,"15-19 years","female",21,264,"Other",215.904037475586,215.904037475586,"car",0.0333333333333333,1.51,"weekday",1,"15 to 19","1-2km","bicycle",1.51,0.137272727272727,0.233333333333333,0.960909090909091
"100393/1002",NA,100393,71,"15-19 years","female",21,265,"Other",215.904037475586,215.904037475586,"car",0.55,13.55,"weekday",2,"15 to 19",">10km","car",13.55,0.55,3.85,3.85
"100393/1002",NA,100393,71,"15-19 years","female",21,266,"Shopping",215.904037475586,215.904037475586,"car",0.133333333333333,1.33,"weekday",3,"15 to 19","1-2km","bicycle",1.33,0.120909090909091,0.933333333333333,0.846363636363636
"100393/1002",NA,100393,71,"15-19 years","female",21,267,"Shopping",215.904037475586,215.904037475586,"car",0.166666666666667,2.56,"weekday",4,"15 to 19","3-5km","bicycle",2.56,0.232727272727273,1.16666666666667,1.62909090909091
"100393/1002",NA,100393,71,"15-19 years","female",21,268,"Shopping",215.904037475586,215.904037475586,"car",0.55,13.57,"weekday",5,"15 to 19",">10km","car",13.57,0.55,3.85,3.85
"100393/1003",NA,100393,72,"15-19 years","male",21,269,"Education",203.738250732422,203.738250732422,"car",0.0333333333333333,1.51,"weekday",1,"15 to 19","1-2km","bicycle",1.51,0.137272727272727,0.233333333333333,0.960909090909091
"100393/1003",NA,100393,72,"15-19 years","male",21,270,"Education",203.738250732422,203.738250732422,"car",0.0833333333333333,1.51,"weekday",2,"15 to 19","1-2km","bicycle",1.51,0.137272727272727,0.583333333333333,0.960909090909091
"100394/1000",NA,100394,73,"50-54 years","female",21,271,"Work",308.720367431641,308.720367431641,"car",0.416666666666667,7.99,"weekday",1,"40 to 64","6-10km","car",7.99,0.416666666666667,2.91666666666667,2.91666666666667
"100394/1000",NA,100394,73,"50-54 years","female",21,272,"Work",308.720367431641,308.720367431641,"car",0.25,7.89,"weekday",2,"40 to 64","6-10km","car",7.89,0.25,1.75,1.75
"100394/1001",NA,100394,74,"50-54 years","male",21,273,"Work",294.340179443359,294.340179443359,"car",0.166666666666667,3.01,"weekday",1,"40 to 64","3-5km","bicycle",3.01,0.273636363636364,1.16666666666667,1.91545454545455
"100394/1001",NA,100394,74,"50-54 years","male",21,274,"Work",294.340179443359,294.340179443359,"car",0.166666666666667,2.9,"weekday",2,"40 to 64","3-5km","bicycle",2.9,0.263636363636364,1.16666666666667,1.84545454545455
"100397/1000",NA,100397,75,"55-59 years","female",21,275,"Other",145.776504516602,145.776504516602,"car",0.5,19.21,"weekday",1,"40 to 64",">10km","car",19.21,0.5,3.5,3.5
"100397/1000",NA,100397,75,"55-59 years","female",21,276,"Other",145.776504516602,145.776504516602,"car",0.5,19.06,"weekday",2,"40 to 64",">10km","car",19.06,0.5,3.5,3.5
"100397/1000",NA,100397,75,"55-59 years","female",21,277,"Leisure",145.776504516602,145.776504516602,"car",0.333333333333333,12.19,"weekday",3,"40 to 64",">10km","car",12.19,0.333333333333333,2.33333333333333,2.33333333333333
"100397/1000",NA,100397,75,"55-59 years","female",21,278,"Leisure",145.776504516602,145.776504516602,"car",0.333333333333333,12.3,"weekday",4,"40 to 64",">10km","car",12.3,0.333333333333333,2.33333333333333,2.33333333333333
"100397/1000",NA,100397,75,"55-59 years","female",21,279,"Shopping",145.776504516602,145.776504516602,"car",0.216666666666667,4.73,"weekday",5,"40 to 64","3-5km","bicycle",4.73,0.43,1.51666666666667,3.01
"100397/1000",NA,100397,75,"55-59 years","female",21,280,"Shopping",145.776504516602,145.776504516602,"car",0.216666666666667,4.89,"weekday",6,"40 to 64","3-5km","bicycle",4.89,0.444545454545455,1.51666666666667,3.11181818181818
"100397/1000",NA,100397,75,"55-59 years","female",21,281,"Other",145.776504516602,145.776504516602,"car",0.5,19.21,"weekday",7,"40 to 64",">10km","car",19.21,0.5,3.5,3.5
"100397/1000",NA,100397,75,"55-59 years","female",21,282,"Other",145.776504516602,145.776504516602,"car",0.666666666666667,19.06,"weekday",8,"40 to 64",">10km","car",19.06,0.666666666666667,4.66666666666667,4.66666666666667
"100397/1001",NA,100397,76,"60-64 years","male",21,283,"Other",143.564193725586,143.564193725586,"car",0.5,19.21,"weekday",1,"40 to 64",">10km","car",19.21,0.5,3.5,3.5
"100397/1001",NA,100397,76,"60-64 years","male",21,284,"Other",143.564193725586,143.564193725586,"car",0.5,19.06,"weekday",2,"40 to 64",">10km","car",19.06,0.5,3.5,3.5
"100397/1001",NA,100397,76,"60-64 years","male",21,285,"Leisure",143.564193725586,143.564193725586,"car",0.333333333333333,12.19,"weekday",3,"40 to 64",">10km","car",12.19,0.333333333333333,2.33333333333333,2.33333333333333
"100397/1001",NA,100397,76,"60-64 years","male",21,286,"Leisure",143.564193725586,143.564193725586,"car",0.333333333333333,12.3,"weekday",4,"40 to 64",">10km","car",12.3,0.333333333333333,2.33333333333333,2.33333333333333
"100397/1001",NA,100397,76,"60-64 years","male",21,287,"Other",143.564193725586,143.564193725586,"car",0.5,19.21,"weekday",5,"40 to 64",">10km","car",19.21,0.5,3.5,3.5
"100397/1001",NA,100397,76,"60-64 years","male",21,288,"Other",143.564193725586,143.564193725586,"car",0.75,19.06,"weekday",6,"40 to 64",">10km","car",19.06,0.75,5.25,5.25
"100400/1000",NA,100400,77,"85-89 years","male",21,289,"Leisure",52.3616409301758,52.3616409301758,"car",0.0833333333333333,1.18,"weekday",1,"65 plus","1-2km","bicycle",1.18,0.107272727272727,0.583333333333333,0.750909090909091
"100400/1000",NA,100400,77,"85-89 years","male",21,290,"Leisure",52.3616409301758,52.3616409301758,"car",0.0833333333333333,0.98,"weekday",2,"65 plus","<1km","bicycle",0.98,0.0890909090909091,0.583333333333333,0.623636363636364
"100400/1000",NA,100400,77,"85-89 years","male",21,291,"Shopping",52.3616409301758,52.3616409301758,"car",0.166666666666667,4.01,"weekday",3,"65 plus","3-5km","bicycle",4.01,0.364545454545455,1.16666666666667,2.55181818181818
"100400/1000",NA,100400,77,"85-89 years","male",21,292,"Shopping",52.3616409301758,52.3616409301758,"car",0.166666666666667,3.99,"weekday",4,"65 plus","3-5km","bicycle",3.99,0.362727272727273,1.16666666666667,2.53909090909091
"100400/1000",NA,100400,77,"85-89 years","male",21,293,"Other",52.3616409301758,52.3616409301758,"car",0.25,3.55,"weekday",5,"65 plus","3-5km","bicycle",3.55,0.322727272727273,1.75,2.25909090909091
"100400/1000",NA,100400,77,"85-89 years","male",21,294,"Other",52.3616409301758,52.3616409301758,"car",0.25,3.35,"weekday",6,"65 plus","3-5km","bicycle",3.35,0.304545454545455,1.75,2.13181818181818
"100401/1000",NA,100401,78,"45-49 years","male",21,295,"Work",493.00732421875,493.00732421875,"car",0.333333333333333,6.36,"weekday",1,"40 to 64","6-10km","car",6.36,0.333333333333333,2.33333333333333,2.33333333333333
"100401/1000",NA,100401,78,"45-49 years","male",21,296,"Work",493.00732421875,493.00732421875,"car",0.333333333333333,6.14,"weekday",2,"40 to 64","6-10km","car",6.14,0.333333333333333,2.33333333333333,2.33333333333333
"100402/1000",NA,100402,79,"50-54 years","male",21,297,"Work",704.881958007812,704.881958007812,"car",0.333333333333333,5.98,"weekday",1,"40 to 64","6-10km","car",5.98,0.333333333333333,2.33333333333333,2.33333333333333
"100402/1000",NA,100402,79,"50-54 years","male",21,298,"Work",704.881958007812,704.881958007812,"car",0.5,6,"weekday",2,"40 to 64","6-10km","car",6,0.5,3.5,3.5
"100402/1001",NA,100402,80,"50-54 years","female",21,299,"Other",700.190185546875,700.190185546875,"car",0.0833333333333333,1.08,"weekday",1,"40 to 64","1-2km","bicycle",1.08,0.0981818181818182,0.583333333333333,0.687272727272727
"100402/1001",NA,100402,80,"50-54 years","female",21,300,"Other",700.190185546875,700.190185546875,"car",0.0833333333333333,0.87,"weekday",2,"40 to 64","<1km","bicycle",0.87,0.0790909090909091,0.583333333333333,0.553636363636364
"100402/1001",NA,100402,80,"50-54 years","female",21,301,"Other",700.190185546875,700.190185546875,"car",0.0833333333333333,1.49,"weekday",3,"40 to 64","1-2km","bicycle",1.49,0.135454545454545,0.583333333333333,0.948181818181818
"100402/1001",NA,100402,80,"50-54 years","female",21,302,"Leisure",700.190185546875,700.190185546875,"car",0.583333333333333,12.61,"weekday",4,"40 to 64",">10km","car",12.61,0.583333333333333,4.08333333333333,4.08333333333333
"100402/1001",NA,100402,80,"50-54 years","female",21,303,"Other",700.190185546875,700.190185546875,"car",0.5,16.97,"weekday",5,"40 to 64",">10km","car",16.97,0.5,3.5,3.5
"100402/1001",NA,100402,80,"50-54 years","female",21,304,"Other",700.190185546875,700.190185546875,"car",0.5,6,"weekday",6,"40 to 64","6-10km","car",6,0.5,3.5,3.5
"100402/1004",NA,100402,81,"15-19 years","female",21,305,"Education",659.454467773438,659.454467773438,"car",0.5,10.89,"weekday",1,"15 to 19",">10km","car",10.89,0.5,3.5,3.5
"100402/1004",NA,100402,81,"15-19 years","female",21,306,"Education",659.454467773438,659.454467773438,"car",0.5,10.83,"weekday",2,"15 to 19",">10km","car",10.83,0.5,3.5,3.5
"100402/1005",NA,100402,82,"15-19 years","male",21,307,"Education",782.303466796875,782.303466796875,"walking",0.166666666666667,0.78,"weekday",1,"15 to 19","<1km","walking",0.78,0.166666666666667,1.16666666666667,1.16666666666667
"100402/1005",NA,100402,82,"15-19 years","male",21,308,"Education",782.303466796875,782.303466796875,"walking",0.166666666666667,0.78,"weekday",2,"15 to 19","<1km","walking",0.78,0.166666666666667,1.16666666666667,1.16666666666667
"100402/1006",NA,100402,83,"15-19 years","male",21,309,"Education",782.303466796875,782.303466796875,"walking",0.166666666666667,0.78,"weekday",1,"15 to 19","<1km","walking",0.78,0.166666666666667,1.16666666666667,1.16666666666667
"100402/1006",NA,100402,83,"15-19 years","male",21,310,"Education",782.303466796875,782.303466796875,"walking",0.166666666666667,0.78,"weekday",2,"15 to 19","<1km","walking",0.78,0.166666666666667,1.16666666666667,1.16666666666667
"100403/1000",NA,100403,84,"35-39 years","female",21,311,"Other",813.797668457031,813.797668457031,"car",0.333333333333333,4.17,"weekday",1,"20 to 39","3-5km","bicycle",4.17,0.379090909090909,2.33333333333333,2.65363636363636
"100403/1000",NA,100403,84,"35-39 years","female",21,312,"Leisure",813.797668457031,813.797668457031,"car",0.2,2.2,"weekday",2,"20 to 39","3-5km","bicycle",2.2,0.2,1.4,1.4
"100403/1000",NA,100403,84,"35-39 years","female",21,313,"Leisure",813.797668457031,813.797668457031,"walking",0.833333333333333,1.31,"weekday",3,"20 to 39","1-2km","walking",1.31,0.833333333333333,5.83333333333333,5.83333333333333
"100403/1000",NA,100403,84,"35-39 years","female",21,314,"Leisure",813.797668457031,813.797668457031,"walking",0.5,1.31,"weekday",4,"20 to 39","1-2km","walking",1.31,0.5,3.5,3.5
"100403/1000",NA,100403,84,"35-39 years","female",21,315,"Leisure",813.797668457031,813.797668457031,"car",0.216666666666667,5.31,"weekday",5,"20 to 39","6-10km","car",5.31,0.216666666666667,1.51666666666667,1.51666666666667
"100403/1000",NA,100403,84,"35-39 years","female",21,316,"Other",813.797668457031,813.797668457031,"car",0.183333333333333,4.17,"weekday",6,"20 to 39","3-5km","bicycle",4.17,0.379090909090909,1.28333333333333,2.65363636363636
"100403/1000",NA,100403,84,"35-39 years","female",21,317,"Other",813.797668457031,813.797668457031,"car",0.333333333333333,4,"weekday",7,"20 to 39","3-5km","bicycle",4,0.363636363636364,2.33333333333333,2.54545454545455
"100403/1000",NA,100403,84,"35-39 years","female",21,318,"Leisure",813.797668457031,813.797668457031,"car",0.25,3.61,"weekday",8,"20 to 39","3-5km","bicycle",3.61,0.328181818181818,1.75,2.29727272727273
"100403/1000",NA,100403,84,"35-39 years","female",21,319,"Leisure",813.797668457031,813.797668457031,"car",0.25,3.49,"weekday",9,"20 to 39","3-5km","bicycle",3.49,0.317272727272727,1.75,2.22090909090909
"100441/1000",NA,100441,85,"25-29 years","female",21,320,"Other",261.276580810547,261.276580810547,"car",0.583333333333333,25.52,"weekday",1,"20 to 39",">10km","car",25.52,0.583333333333333,4.08333333333333,4.08333333333333
"100441/1000",NA,100441,85,"25-29 years","female",21,321,"Other",261.276580810547,261.276580810547,"car",0.583333333333333,25.34,"weekday",2,"20 to 39",">10km","car",25.34,0.583333333333333,4.08333333333333,4.08333333333333
"100441/1000",NA,100441,85,"25-29 years","female",21,322,"Other",261.276580810547,261.276580810547,"car",0.583333333333333,25.52,"weekday",3,"20 to 39",">10km","car",25.52,0.583333333333333,4.08333333333333,4.08333333333333
"100441/1000",NA,100441,85,"25-29 years","female",21,323,"Other",261.276580810547,261.276580810547,"car",0.583333333333333,25.34,"weekday",4,"20 to 39",">10km","car",25.34,0.583333333333333,4.08333333333333,4.08333333333333
"100441/1001",NA,100441,86,"25-29 years","male",21,324,"Work",311.684387207031,311.684387207031,"car",1,51.43,"weekday",1,"20 to 39",">10km","car",51.43,1,7,7
"100441/1001",NA,100441,86,"25-29 years","male",21,325,"Work",311.684387207031,311.684387207031,"car",1,48.66,"weekday",2,"20 to 39",">10km","car",48.66,1,7,7
"100485/1000",NA,100485,87,"55-59 years","female",21,326,"Other",151.029312133789,151.029312133789,"car",0.166666666666667,2.69,"weekday",1,"40 to 64","3-5km","bicycle",2.69,0.244545454545455,1.16666666666667,1.71181818181818
"100485/1000",NA,100485,87,"55-59 years","female",21,327,"Shopping",151.029312133789,151.029312133789,"car",0.166666666666667,2.9,"weekday",2,"40 to 64","3-5km","bicycle",2.9,0.263636363636364,1.16666666666667,1.84545454545455
"100485/1000",NA,100485,87,"55-59 years","female",21,329,"Other",151.029312133789,151.029312133789,"car",0.166666666666667,2.83,"weekday",4,"40 to 64","3-5km","bicycle",2.83,0.257272727272727,1.16666666666667,1.80090909090909
"100485/1000",NA,100485,87,"55-59 years","female",21,330,"Other",151.029312133789,151.029312133789,"car",0.25,2.71,"weekday",5,"40 to 64","3-5km","bicycle",2.71,0.246363636363636,1.75,1.72454545454545
"100485/1001",NA,100485,88,"60-64 years","male",21,331,"Work",126.624420166016,126.624420166016,"car",0.666666666666667,34.76,"weekday",1,"40 to 64",">10km","car",34.76,0.666666666666667,4.66666666666667,4.66666666666667
"100485/1001",NA,100485,88,"60-64 years","male",21,332,"Work",126.624420166016,126.624420166016,"car",0.833333333333333,34.94,"weekday",2,"40 to 64",">10km","car",34.94,0.833333333333333,5.83333333333333,5.83333333333333
"100486/1000",NA,100486,89,"50-54 years","female",21,333,"Other",100.969757080078,100.969757080078,"car",0.166666666666667,1.95,"weekday",1,"40 to 64","1-2km","bicycle",1.95,0.177272727272727,1.16666666666667,1.24090909090909
"100486/1000",NA,100486,89,"50-54 years","female",21,334,"Other",100.969757080078,100.969757080078,"car",0.0666666666666667,0.78,"weekday",2,"40 to 64","<1km","bicycle",0.78,0.0709090909090909,0.466666666666667,0.496363636363636
"100486/1000",NA,100486,89,"50-54 years","female",21,335,"Other",100.969757080078,100.969757080078,"car",0.0833333333333333,2.73,"weekday",3,"40 to 64","3-5km","bicycle",2.73,0.248181818181818,0.583333333333333,1.73727272727273
"100486/1000",NA,100486,89,"50-54 years","female",21,336,"Other",100.969757080078,100.969757080078,"car",0.333333333333333,7.57,"weekday",4,"40 to 64","6-10km","car",7.57,0.333333333333333,2.33333333333333,2.33333333333333
"100486/1000",NA,100486,89,"50-54 years","female",21,337,"Other",100.969757080078,100.969757080078,"car",0.333333333333333,7.47,"weekday",5,"40 to 64","6-10km","car",7.47,0.333333333333333,2.33333333333333,2.33333333333333
"100486/1000",NA,100486,89,"50-54 years","female",21,338,"Other",100.969757080078,100.969757080078,"car",0.266666666666667,5.79,"weekday",6,"40 to 64","6-10km","car",5.79,0.266666666666667,1.86666666666667,1.86666666666667
"100486/1000",NA,100486,89,"50-54 years","female",21,339,"Other",100.969757080078,100.969757080078,"car",0.25,5.52,"weekday",7,"40 to 64","6-10km","car",5.52,0.25,1.75,1.75
"100486/1001",NA,100486,90,"55-59 years","male",21,340,"Work",125.77254486084,125.77254486084,"car",0.333333333333333,12.52,"weekday",1,"40 to 64",">10km","car",12.52,0.333333333333333,2.33333333333333,2.33333333333333
"100486/1001",NA,100486,90,"55-59 years","male",21,341,"Work",125.77254486084,125.77254486084,"car",0.5,12.44,"weekday",2,"40 to 64",">10km","car",12.44,0.5,3.5,3.5
"100486/1002",NA,100486,91,"20-24 years","female",21,342,"Education",133.524215698242,133.524215698242,"car",0.75,29.28,"weekday",1,"20 to 39",">10km","car",29.28,0.75,5.25,5.25
"100486/1002",NA,100486,91,"20-24 years","female",21,343,"Education",133.524215698242,133.524215698242,"car",1,29.2,"weekday",2,"20 to 39",">10km","car",29.2,1,7,7
"100486/1003",NA,100486,92,"15-19 years","female",21,344,"Other",100.53645324707,100.53645324707,"car",0.333333333333333,7.57,"weekday",1,"15 to 19","6-10km","car",7.57,0.333333333333333,2.33333333333333,2.33333333333333
"100486/1003",NA,100486,92,"15-19 years","female",21,345,"Other",100.53645324707,100.53645324707,"car",0.333333333333333,7.47,"weekday",2,"15 to 19","6-10km","car",7.47,0.333333333333333,2.33333333333333,2.33333333333333
"100488/1000",NA,100488,93,"35-39 years","female",21,346,"Other",101.994979858398,101.994979858398,"car",0.5,11.87,"weekday",1,"20 to 39",">10km","car",11.87,0.5,3.5,3.5
"100488/1000",NA,100488,93,"35-39 years","female",21,347,"Work",101.994979858398,101.994979858398,"car",0.25,8.02,"weekday",2,"20 to 39","6-10km","car",8.02,0.25,1.75,1.75
"100488/1000",NA,100488,93,"35-39 years","female",21,348,"Other",101.994979858398,101.994979858398,"car",0.333333333333333,7.53,"weekday",3,"20 to 39","6-10km","car",7.53,0.333333333333333,2.33333333333333,2.33333333333333
"100488/1000",NA,100488,93,"35-39 years","female",21,349,"Other",101.994979858398,101.994979858398,"car",0.416666666666667,11.5,"weekday",4,"20 to 39",">10km","car",11.5,0.416666666666667,2.91666666666667,2.91666666666667
"100495/1000",NA,100495,94,"50-54 years","male",21,350,"Work",111.144454956055,111.144454956055,"car",0.75,51.21,"weekday",1,"40 to 64",">10km","car",51.21,0.75,5.25,5.25
"100495/1000",NA,100495,94,"50-54 years","male",21,351,"Other",111.144454956055,111.144454956055,"car",0.7,52.27,"weekday",2,"40 to 64",">10km","car",52.27,0.7,4.9,4.9
"100495/1000",NA,100495,94,"50-54 years","male",21,352,"Other",111.144454956055,111.144454956055,"car",0.416666666666667,16.78,"weekday",3,"40 to 64",">10km","car",16.78,0.416666666666667,2.91666666666667,2.91666666666667
"100495/1000",NA,100495,94,"50-54 years","male",21,353,"Other",111.144454956055,111.144454956055,"car",0.333333333333333,6.56,"weekday",4,"40 to 64","6-10km","car",6.56,0.333333333333333,2.33333333333333,2.33333333333333
"100495/1001",NA,100495,95,"45-49 years","female",21,354,"Other",122.150421142578,122.150421142578,"car",0.25,6.52,"weekday",1,"40 to 64","6-10km","car",6.52,0.25,1.75,1.75
"100495/1001",NA,100495,95,"45-49 years","female",21,355,"Other",122.150421142578,122.150421142578,"car",0.25,15.86,"weekday",2,"40 to 64",">10km","car",15.86,0.25,1.75,1.75
"100495/1001",NA,100495,95,"45-49 years","female",21,356,"Work",122.150421142578,122.150421142578,"car",0.333333333333333,15.05,"weekday",3,"40 to 64",">10km","car",15.05,0.333333333333333,2.33333333333333,2.33333333333333
"100495/1001",NA,100495,95,"45-49 years","female",21,357,"Work",122.150421142578,122.150421142578,"car",0.5,22.68,"weekday",4,"40 to 64",">10km","car",22.68,0.5,3.5,3.5
"100499/1000",NA,100499,96,"65-69 years","female",21,358,"Work",330.075256347656,330.075256347656,"car",0.166666666666667,4.9,"weekday",1,"65 plus","3-5km","bicycle",4.9,0.445454545454545,1.16666666666667,3.11818181818182
"100499/1000",NA,100499,96,"65-69 years","female",21,359,"Work",330.075256347656,330.075256347656,"car",0.266666666666667,4.93,"weekday",2,"65 plus","3-5km","bicycle",4.93,0.448181818181818,1.86666666666667,3.13727272727273
"100500/1000",NA,100500,97,"40-44 years","male",21,360,"Work",556.5546875,556.5546875,"car",0.916666666666667,35.35,"weekday",1,"40 to 64",">10km","car",35.35,0.916666666666667,6.41666666666667,6.41666666666667
"100500/1000",NA,100500,97,"40-44 years","male",21,361,"Work",556.5546875,556.5546875,"car",0.75,34.93,"weekday",2,"40 to 64",">10km","car",34.93,0.75,5.25,5.25
"100514/1001",NA,100514,98,"60-64 years","female",21,362,"Work",249.79345703125,249.79345703125,"walking",0.0833333333333333,0.19,"weekday",1,"40 to 64","<1km","walking",0.19,0.0833333333333333,0.583333333333333,0.583333333333333
"100514/1001",NA,100514,98,"60-64 years","female",21,363,"Work",249.79345703125,249.79345703125,"walking",0.0666666666666667,0.19,"weekday",2,"40 to 64","<1km","walking",0.19,0.0666666666666667,0.466666666666667,0.466666666666667
"100514/1002",NA,100514,99,"40-44 years","male",21,364,"Work",283.161804199219,283.161804199219,"car",0.5,28.36,"weekday",1,"40 to 64",">10km","car",28.36,0.5,3.5,3.5
"100514/1002",NA,100514,99,"40-44 years","male",21,365,"Work",283.161804199219,283.161804199219,"car",1,28.35,"weekday",2,"40 to 64",">10km","car",28.35,1,7,7
"100515/1000",NA,100515,100,"45-49 years","male",21,366,"Work",412.569610595703,412.569610595703,"car",0.416666666666667,11.08,"weekday",1,"40 to 64",">10km","car",11.08,0.416666666666667,2.91666666666667,2.91666666666667
"100515/1000",NA,100515,100,"45-49 years","male",21,367,"Other",412.569610595703,412.569610595703,"car",0.366666666666667,13.39,"weekday",2,"40 to 64",">10km","car",13.39,0.366666666666667,2.56666666666667,2.56666666666667
"100515/1000",NA,100515,100,"45-49 years","male",21,368,"Other",412.569610595703,412.569610595703,"car",0.0833333333333333,2.9,"weekday",3,"40 to 64","3-5km","bicycle",2.9,0.263636363636364,0.583333333333333,1.84545454545455
"100515/1001",NA,100515,101,"40-44 years","female",21,369,"Leisure",460.510681152344,460.510681152344,"car",0.166666666666667,0.84,"weekday",1,"40 to 64","<1km","bicycle",0.84,0.0763636363636364,1.16666666666667,0.534545454545454
"100515/1001",NA,100515,101,"40-44 years","female",21,370,"Leisure",460.510681152344,460.510681152344,"car",0.0833333333333333,0.85,"weekday",2,"40 to 64","<1km","bicycle",0.85,0.0772727272727273,0.583333333333333,0.540909090909091
"100515/1001",NA,100515,101,"40-44 years","female",21,371,"Other",460.510681152344,460.510681152344,"car",0.166666666666667,1.62,"weekday",3,"40 to 64","1-2km","bicycle",1.62,0.147272727272727,1.16666666666667,1.03090909090909
"100515/1001",NA,100515,101,"40-44 years","female",21,372,"Other",460.510681152344,460.510681152344,"car",0.0833333333333333,3.88,"weekday",4,"40 to 64","3-5km","bicycle",3.88,0.352727272727273,0.583333333333333,2.46909090909091
"100515/1001",NA,100515,101,"40-44 years","female",21,373,"Work",460.510681152344,460.510681152344,"car",0.2,5.17,"weekday",5,"40 to 64","6-10km","car",5.17,0.2,1.4,1.4
"100515/1001",NA,100515,101,"40-44 years","female",21,374,"Work",460.510681152344,460.510681152344,"car",0.333333333333333,2.88,"weekday",6,"40 to 64","3-5km","bicycle",2.88,0.261818181818182,2.33333333333333,1.83272727272727
"100519/1000",NA,100519,102,"65-69 years","male",21,375,"Shopping",193.443954467773,193.443954467773,"car",0.0333333333333333,0.42,"weekday",1,"65 plus","<1km","bicycle",0.42,0.0381818181818182,0.233333333333333,0.267272727272727
"100519/1000",NA,100519,102,"65-69 years","male",21,376,"Shopping",193.443954467773,193.443954467773,"car",0.0333333333333333,0.41,"weekday",2,"65 plus","<1km","bicycle",0.41,0.0372727272727273,0.233333333333333,0.260909090909091
"100545/1000",NA,100545,103,"45-49 years","female",21,377,"Work",303.152160644531,303.152160644531,"car",0.783333333333333,19.82,"weekday",1,"40 to 64",">10km","car",19.82,0.783333333333333,5.48333333333333,5.48333333333333
"100545/1000",NA,100545,103,"45-49 years","female",21,378,"Shopping",303.152160644531,303.152160644531,"car",0.466666666666667,15.44,"weekday",2,"40 to 64",">10km","car",15.44,0.466666666666667,3.26666666666667,3.26666666666667
"100545/1000",NA,100545,103,"45-49 years","female",21,379,"Other",303.152160644531,303.152160644531,"car",0.133333333333333,3.01,"weekday",3,"40 to 64","3-5km","bicycle",3.01,0.273636363636364,0.933333333333333,1.91545454545455
"100545/1000",NA,100545,103,"45-49 years","female",21,380,"Other",303.152160644531,303.152160644531,"car",0.25,7.83,"weekday",4,"40 to 64","6-10km","car",7.83,0.25,1.75,1.75
"100545/1001",NA,100545,104,"50-54 years","male",21,381,"Work",205.661956787109,205.661956787109,"car",0.333333333333333,7.3,"weekday",1,"40 to 64","6-10km","car",7.3,0.333333333333333,2.33333333333333,2.33333333333333
"100545/1001",NA,100545,104,"50-54 years","male",21,382,"Work",205.661956787109,205.661956787109,"car",0.216666666666667,7.29,"weekday",2,"40 to 64","6-10km","car",7.29,0.216666666666667,1.51666666666667,1.51666666666667
"100545/1003",NA,100545,105,"15-19 years","female",21,383,"Education",232.997085571289,232.997085571289,"walking",0.0333333333333333,0.29,"weekday",1,"15 to 19","<1km","walking",0.29,0.0333333333333333,0.233333333333333,0.233333333333333
"100545/1003",NA,100545,105,"15-19 years","female",21,384,"Education",232.997085571289,232.997085571289,"public.transport",0.233333333333333,3.6,"weekday",1,"15 to 19","3-5km","public.transport",3.6,0.233333333333333,1.63333333333333,1.63333333333333
"100545/1003",NA,100545,105,"15-19 years","female",21,385,"Education",232.997085571289,232.997085571289,"public.transport",0.45,13.61,"weekday",1,"15 to 19",">10km","public.transport",13.61,0.45,3.15,3.15
"100545/1003",NA,100545,105,"15-19 years","female",21,386,"Education",232.997085571289,232.997085571289,"walking",0.166666666666667,0.57,"weekday",1,"15 to 19","<1km","walking",0.57,0.166666666666667,1.16666666666667,1.16666666666667
"100545/1003",NA,100545,105,"15-19 years","female",21,387,"Work",232.997085571289,232.997085571289,"walking",0.166666666666667,0.57,"weekday",2,"15 to 19","<1km","walking",0.57,0.166666666666667,1.16666666666667,1.16666666666667
"100545/1003",NA,100545,105,"15-19 years","female",21,388,"Work",232.997085571289,232.997085571289,"public.transport",0.366666666666667,11.2,"weekday",2,"15 to 19",">10km","public.transport",11.2,0.366666666666667,2.56666666666667,2.56666666666667
"100545/1003",NA,100545,105,"15-19 years","female",21,389,"Work",232.997085571289,232.997085571289,"walking",0.05,0.32,"weekday",2,"15 to 19","<1km","walking",0.32,0.05,0.35,0.35
"100545/1003",NA,100545,105,"15-19 years","female",21,390,"Work",232.997085571289,232.997085571289,"car",0.25,7.83,"weekday",3,"15 to 19","6-10km","car",7.83,0.25,1.75,1.75
"100570/1000",NA,100570,106,"45-49 years","male",21,391,"Work",493.00732421875,493.00732421875,"car",1.08333333333333,25.43,"weekday",1,"40 to 64",">10km","car",25.43,1.08333333333333,7.58333333333333,7.58333333333333
"100570/1000",NA,100570,106,"45-49 years","male",21,392,"Shopping",493.00732421875,493.00732421875,"car",0.833333333333333,23.04,"weekday",2,"40 to 64",">10km","car",23.04,0.833333333333333,5.83333333333333,5.83333333333333
"100570/1000",NA,100570,106,"45-49 years","male",21,393,"Shopping",493.00732421875,493.00732421875,"car",0.25,2.79,"weekday",3,"40 to 64","3-5km","bicycle",2.79,0.253636363636364,1.75,1.77545454545455
"100571/1000",NA,100571,107,"60-64 years","female",21,394,"Leisure",437.736572265625,437.736572265625,"car",0.333333333333333,7.17,"weekday",1,"40 to 64","6-10km","car",7.17,0.333333333333333,2.33333333333333,2.33333333333333
"100571/1000",NA,100571,107,"60-64 years","female",21,395,"Shopping",437.736572265625,437.736572265625,"car",0.166666666666667,4.64,"weekday",2,"40 to 64","3-5km","bicycle",4.64,0.421818181818182,1.16666666666667,2.95272727272727
"100571/1000",NA,100571,107,"60-64 years","female",21,396,"Shopping",437.736572265625,437.736572265625,"car",0.216666666666667,3,"weekday",3,"40 to 64","3-5km","bicycle",3,0.272727272727273,1.51666666666667,1.90909090909091
"100573/1000",NA,100573,108,"65-69 years","female",21,397,"Shopping",330.075256347656,330.075256347656,"car",0.25,3.19,"weekday",1,"65 plus","3-5km","bicycle",3.19,0.29,1.75,2.03
"100573/1000",NA,100573,108,"65-69 years","female",21,398,"Leisure",330.075256347656,330.075256347656,"car",0.05,1.38,"weekday",2,"65 plus","1-2km","bicycle",1.38,0.125454545454545,0.35,0.878181818181818
"100573/1000",NA,100573,108,"65-69 years","female",21,399,"Other",330.075256347656,330.075256347656,"car",0.25,2.04,"weekday",3,"65 plus","3-5km","bicycle",2.04,0.185454545454545,1.75,1.29818181818182
"100573/1000",NA,100573,108,"65-69 years","female",21,400,"Other",330.075256347656,330.075256347656,"car",0.25,2.57,"weekday",4,"65 plus","3-5km","bicycle",2.57,0.233636363636364,1.75,1.63545454545455
"100577/1000",NA,100577,109,"50-54 years","male",21,401,"Other",488.224273681641,488.224273681641,"car",0.5,14.55,"weekday",1,"40 to 64",">10km","car",14.55,0.5,3.5,3.5
"100577/1000",NA,100577,109,"50-54 years","male",21,402,"Other",488.224273681641,488.224273681641,"car",0.5,14.65,"weekday",2,"40 to 64",">10km","car",14.65,0.5,3.5,3.5
"100577/1001",NA,100577,110,"45-49 years","female",21,403,"Other",587.36279296875,587.36279296875,"walking",0.25,1.04,"weekday",1,"40 to 64","1-2km","walking",1.04,0.25,1.75,1.75
"100577/1001",NA,100577,110,"45-49 years","female",21,404,"Other",587.36279296875,587.36279296875,"walking",0.25,1.04,"weekday",2,"40 to 64","1-2km","walking",1.04,0.25,1.75,1.75
"100577/1001",NA,100577,110,"45-49 years","female",21,405,"Other",587.36279296875,587.36279296875,"car",0.5,14.55,"weekday",3,"40 to 64",">10km","car",14.55,0.5,3.5,3.5
"100577/1001",NA,100577,110,"45-49 years","female",21,406,"Other",587.36279296875,587.36279296875,"car",0.5,14.65,"weekday",4,"40 to 64",">10km","car",14.65,0.5,3.5,3.5
"100578/1000",NA,100578,111,"20-24 years","female",21,407,"Education",964.146118164062,964.146118164062,"car",0.166666666666667,1.16,"weekday",1,"20 to 39","1-2km","bicycle",1.16,0.105454545454545,1.16666666666667,0.738181818181818
"100578/1000",NA,100578,111,"20-24 years","female",21,408,"Education",964.146118164062,964.146118164062,"public.transport",0.633333333333333,21.5,"weekday",1,"20 to 39",">10km","public.transport",21.5,0.633333333333333,4.43333333333333,4.43333333333333
"100578/1000",NA,100578,111,"20-24 years","female",21,409,"Education",964.146118164062,964.146118164062,"walking",0.166666666666667,0.35,"weekday",1,"20 to 39","<1km","walking",0.35,0.166666666666667,1.16666666666667,1.16666666666667
"100578/1000",NA,100578,111,"20-24 years","female",21,410,"Education",964.146118164062,964.146118164062,"walking",0.183333333333333,0.35,"weekday",2,"20 to 39","<1km","walking",0.35,0.183333333333333,1.28333333333333,1.28333333333333
"100578/1000",NA,100578,111,"20-24 years","female",21,411,"Education",964.146118164062,964.146118164062,"public.transport",0.5,21.5,"weekday",2,"20 to 39",">10km","public.transport",21.5,0.5,3.5,3.5
"100578/1000",NA,100578,111,"20-24 years","female",21,412,"Education",964.146118164062,964.146118164062,"car",0.166666666666667,0.97,"weekday",2,"20 to 39","<1km","bicycle",0.97,0.0881818181818182,1.16666666666667,0.617272727272727
"83110/1000",NA,83110,112,"45-49 years","female",20,413,"Other",519.730773925781,519.730773925781,"car",0.333333333333333,5.97,"weekday",1,"40 to 64","6-10km","car",5.97,0.333333333333333,2.33333333333333,2.33333333333333
"83110/1000",NA,83110,112,"45-49 years","female",20,414,"Work",519.730773925781,519.730773925781,"car",0.25,5.83,"weekday",2,"40 to 64","6-10km","car",5.83,0.25,1.75,1.75
"83110/1000",NA,83110,112,"45-49 years","female",20,415,"Work",519.730773925781,519.730773925781,"car",0.25,1.34,"weekday",3,"40 to 64","1-2km","bicycle",1.34,0.121818181818182,1.75,0.852727272727273
"83110/1000",NA,83110,112,"45-49 years","female",20,416,"Other",519.730773925781,519.730773925781,"car",0.333333333333333,5.97,"weekday",4,"40 to 64","6-10km","car",5.97,0.333333333333333,2.33333333333333,2.33333333333333
"83110/1000",NA,83110,112,"45-49 years","female",20,417,"Other",519.730773925781,519.730773925781,"car",0.416666666666667,5.97,"weekday",5,"40 to 64","6-10km","car",5.97,0.416666666666667,2.91666666666667,2.91666666666667
"83112/1001",NA,83112,113,"75-79 years","male",20,418,"Shopping",146.185394287109,146.185394287109,"car",0.25,3.77,"weekday",1,"65 plus","3-5km","bicycle",3.77,0.342727272727273,1.75,2.39909090909091
"83112/1001",NA,83112,113,"75-79 years","male",20,419,"Shopping",146.185394287109,146.185394287109,"car",0.25,3.73,"weekday",2,"65 plus","3-5km","bicycle",3.73,0.339090909090909,1.75,2.37363636363636
"83114/1000",NA,83114,114,"70-74 years","female",20,420,"Other",171.396911621094,171.396911621094,"car",0.45,27.39,"weekday",1,"65 plus",">10km","car",27.39,0.45,3.15,3.15
"83114/1000",NA,83114,114,"70-74 years","female",20,421,"Leisure",171.396911621094,171.396911621094,"car",0.916666666666667,60.29,"weekday",2,"65 plus",">10km","car",60.29,0.916666666666667,6.41666666666667,6.41666666666667
"83114/1000",NA,83114,114,"70-74 years","female",20,422,"Other",171.396911621094,171.396911621094,"car",0.133333333333333,2.36,"weekday",3,"65 plus","3-5km","bicycle",2.36,0.214545454545455,0.933333333333333,1.50181818181818
"83114/1000",NA,83114,114,"70-74 years","female",20,423,"Leisure",171.396911621094,171.396911621094,"car",0.166666666666667,2.36,"weekday",4,"65 plus","3-5km","bicycle",2.36,0.214545454545455,1.16666666666667,1.50181818181818
"83114/1000",NA,83114,114,"70-74 years","female",20,424,"Leisure",171.396911621094,171.396911621094,"car",1,79.39,"weekday",5,"65 plus",">10km","car",79.39,1,7,7
"83114/1005",NA,83114,115,"70-74 years","female",20,425,"Other",171.396911621094,171.396911621094,"car",0.45,27.39,"weekday",1,"65 plus",">10km","car",27.39,0.45,3.15,3.15
"83114/1005",NA,83114,115,"70-74 years","female",20,426,"Leisure",171.396911621094,171.396911621094,"car",0.916666666666667,60.29,"weekday",2,"65 plus",">10km","car",60.29,0.916666666666667,6.41666666666667,6.41666666666667
"83114/1005",NA,83114,115,"70-74 years","female",20,427,"Other",171.396911621094,171.396911621094,"car",0.133333333333333,2.36,"weekday",3,"65 plus","3-5km","bicycle",2.36,0.214545454545455,0.933333333333333,1.50181818181818
"83114/1005",NA,83114,115,"70-74 years","female",20,428,"Other",171.396911621094,171.396911621094,"car",0.166666666666667,2.36,"weekday",4,"65 plus","3-5km","bicycle",2.36,0.214545454545455,1.16666666666667,1.50181818181818
"83114/1005",NA,83114,115,"70-74 years","female",20,429,"Other",171.396911621094,171.396911621094,"car",1,79.39,"weekday",5,"65 plus",">10km","car",79.39,1,7,7
"83115/1001",NA,83115,116,"60-64 years","male",20,430,"Work",227.791702270508,227.791702270508,"car",0.416666666666667,3.47,"weekday",1,"40 to 64","3-5km","bicycle",3.47,0.315454545454545,2.91666666666667,2.20818181818182
"83115/1001",NA,83115,116,"60-64 years","male",20,431,"Work",227.791702270508,227.791702270508,"car",0.166666666666667,3.44,"weekday",2,"40 to 64","3-5km","bicycle",3.44,0.312727272727273,1.16666666666667,2.18909090909091
"83115/1002",NA,83115,117,"25-29 years","male",20,432,"Work",704.755065917969,704.755065917969,"car",0.5,5.18,"weekday",1,"20 to 39","6-10km","car",5.18,0.5,3.5,3.5
"83115/1002",NA,83115,117,"25-29 years","male",20,433,"Work",704.755065917969,704.755065917969,"car",0.5,5.24,"weekday",2,"20 to 39","6-10km","car",5.24,0.5,3.5,3.5
"83118/1000",NA,83118,118,"70-74 years","female",20,434,"Leisure",171.396911621094,171.396911621094,"walking",0.666666666666667,1.9,"weekday",1,"65 plus","1-2km","walking",1.9,0.666666666666667,4.66666666666667,4.66666666666667
"83118/1000",NA,83118,118,"70-74 years","female",20,435,"Leisure",171.396911621094,171.396911621094,"walking",0.666666666666667,1.9,"weekday",2,"65 plus","1-2km","walking",1.9,0.666666666666667,4.66666666666667,4.66666666666667
"83118/1000",NA,83118,118,"70-74 years","female",20,436,"Shopping",171.396911621094,171.396911621094,"car",0.25,7.32,"weekday",3,"65 plus","6-10km","car",7.32,0.25,1.75,1.75
"83118/1000",NA,83118,118,"70-74 years","female",20,437,"Shopping",171.396911621094,171.396911621094,"car",0.333333333333333,7.15,"weekday",4,"65 plus","6-10km","car",7.15,0.333333333333333,2.33333333333333,2.33333333333333
"83118/1001",NA,83118,119,"80-84 years","male",20,438,"Shopping",213.465911865234,213.465911865234,"car",0.25,7.32,"weekday",1,"65 plus","6-10km","car",7.32,0.25,1.75,1.75
"83118/1001",NA,83118,119,"80-84 years","male",20,439,"Shopping",213.465911865234,213.465911865234,"car",0.333333333333333,7.15,"weekday",2,"65 plus","6-10km","car",7.15,0.333333333333333,2.33333333333333,2.33333333333333
"83125/1000",NA,83125,120,"65-69 years","male",20,440,"Other",151.590209960938,151.590209960938,"car",0.333333333333333,7.84,"weekday",1,"65 plus","6-10km","car",7.84,0.333333333333333,2.33333333333333,2.33333333333333
"83125/1000",NA,83125,120,"65-69 years","male",20,441,"Other",151.590209960938,151.590209960938,"car",0.333333333333333,7.89,"weekday",2,"65 plus","6-10km","car",7.89,0.333333333333333,2.33333333333333,2.33333333333333
"83125/1001",NA,83125,121,"60-64 years","female",20,442,"Other",156.893493652344,156.893493652344,"car",0.333333333333333,7.84,"weekday",1,"40 to 64","6-10km","car",7.84,0.333333333333333,2.33333333333333,2.33333333333333
"83125/1001",NA,83125,121,"60-64 years","female",20,443,"Other",156.893493652344,156.893493652344,"car",0.333333333333333,7.89,"weekday",2,"40 to 64","6-10km","car",7.89,0.333333333333333,2.33333333333333,2.33333333333333
"83129/1000",NA,83129,122,"60-64 years","female",20,444,"Other",156.893493652344,156.893493652344,"car",0.2,1.87,"weekday",1,"40 to 64","1-2km","bicycle",1.87,0.17,1.4,1.19
"83129/1000",NA,83129,122,"60-64 years","female",20,445,"Other",156.893493652344,156.893493652344,"car",0.133333333333333,3.1,"weekday",2,"40 to 64","3-5km","bicycle",3.1,0.281818181818182,0.933333333333333,1.97272727272727
"83129/1001",NA,83129,123,"55-59 years","male",20,446,"Work",261.203918457031,261.203918457031,"car",0.5,18.52,"weekday",1,"40 to 64",">10km","car",18.52,0.5,3.5,3.5
"83129/1001",NA,83129,123,"55-59 years","male",20,447,"Work",261.203918457031,261.203918457031,"car",0.583333333333333,18.57,"weekday",2,"40 to 64",">10km","car",18.57,0.583333333333333,4.08333333333333,4.08333333333333
"83130/1000",NA,83130,124,"60-64 years","male",20,448,"Leisure",182.576873779297,182.576873779297,"walking",0.583333333333333,0.9,"weekday",1,"40 to 64","<1km","walking",0.9,0.583333333333333,4.08333333333333,4.08333333333333
"83130/1000",NA,83130,124,"60-64 years","male",20,449,"Leisure",182.576873779297,182.576873779297,"walking",0.5,0.9,"weekday",2,"40 to 64","<1km","walking",0.9,0.5,3.5,3.5
"83132/1001",NA,83132,125,"60-64 years","male",20,450,"Work",227.791702270508,227.791702270508,"car",0.25,4.67,"weekday",1,"40 to 64","3-5km","bicycle",4.67,0.424545454545455,1.75,2.97181818181818
"83132/1001",NA,83132,125,"60-64 years","male",20,451,"Work",227.791702270508,227.791702270508,"car",0.25,5.4,"weekday",2,"40 to 64","6-10km","car",5.4,0.25,1.75,1.75
"83132/1001",NA,83132,125,"60-64 years","male",20,452,"Work",227.791702270508,227.791702270508,"car",0.25,5.44,"weekday",3,"40 to 64","6-10km","car",5.44,0.25,1.75,1.75
"83132/1001",NA,83132,125,"60-64 years","male",20,453,"Other",227.791702270508,227.791702270508,"car",0.116666666666667,4.09,"weekday",4,"40 to 64","3-5km","bicycle",4.09,0.371818181818182,0.816666666666667,2.60272727272727
"83132/1001",NA,83132,125,"60-64 years","male",20,454,"Shopping",227.791702270508,227.791702270508,"car",0.2,7.16,"weekday",5,"40 to 64","6-10km","car",7.16,0.2,1.4,1.4
"83132/1001",NA,83132,125,"60-64 years","male",20,455,"Shopping",227.791702270508,227.791702270508,"car",0.116666666666667,4.08,"weekday",6,"40 to 64","3-5km","bicycle",4.08,0.370909090909091,0.816666666666667,2.59636363636364
"83132/1001",NA,83132,125,"60-64 years","male",20,456,"Shopping",227.791702270508,227.791702270508,"car",0.166666666666667,4.54,"weekday",7,"40 to 64","3-5km","bicycle",4.54,0.412727272727273,1.16666666666667,2.88909090909091
"83132/1001",NA,83132,125,"60-64 years","male",20,457,"Shopping",227.791702270508,227.791702270508,"car",0.166666666666667,4.5,"weekday",8,"40 to 64","3-5km","bicycle",4.5,0.409090909090909,1.16666666666667,2.86363636363636
"83132/1001",NA,83132,125,"60-64 years","male",20,458,"Other",227.791702270508,227.791702270508,"car",0.0833333333333333,2.07,"weekday",9,"40 to 64","3-5km","bicycle",2.07,0.188181818181818,0.583333333333333,1.31727272727273
"83132/1001",NA,83132,125,"60-64 years","male",20,459,"Other",227.791702270508,227.791702270508,"car",0.0833333333333333,2.08,"weekday",10,"40 to 64","3-5km","bicycle",2.08,0.189090909090909,0.583333333333333,1.32363636363636
"83135/1000",NA,83135,126,"80-84 years","female",20,460,"Leisure",242.680282592773,242.680282592773,"walking",0.25,1.08,"weekday",1,"65 plus","1-2km","walking",1.08,0.25,1.75,1.75
"83135/1000",NA,83135,126,"80-84 years","female",20,461,"Leisure",242.680282592773,242.680282592773,"walking",0.25,1.08,"weekday",2,"65 plus","1-2km","walking",1.08,0.25,1.75,1.75
"83135/1000",NA,83135,126,"80-84 years","female",20,462,"Leisure",242.680282592773,242.680282592773,"walking",0.25,1.08,"weekday",3,"65 plus","1-2km","walking",1.08,0.25,1.75,1.75
"83135/1000",NA,83135,126,"80-84 years","female",20,463,"Leisure",242.680282592773,242.680282592773,"walking",0.25,1.08,"weekday",4,"65 plus","1-2km","walking",1.08,0.25,1.75,1.75
"83136/1000",NA,83136,127,"50-54 years","male",20,464,"Shopping",402.633728027344,402.633728027344,"car",0.25,8.52,"weekday",1,"40 to 64","6-10km","car",8.52,0.25,1.75,1.75
"83136/1000",NA,83136,127,"50-54 years","male",20,465,"Shopping",402.633728027344,402.633728027344,"car",0.25,8.75,"weekday",2,"40 to 64","6-10km","car",8.75,0.25,1.75,1.75
"83136/1001",NA,83136,128,"50-54 years","female",20,466,"Work",422.304656982422,422.304656982422,"car",0.166666666666667,2.59,"weekday",1,"40 to 64","3-5km","bicycle",2.59,0.235454545454545,1.16666666666667,1.64818181818182
"83136/1001",NA,83136,128,"50-54 years","female",20,467,"Work",422.304656982422,422.304656982422,"car",0.166666666666667,2.57,"weekday",2,"40 to 64","3-5km","bicycle",2.57,0.233636363636364,1.16666666666667,1.63545454545455
"83136/1002",NA,83136,129,"30-34 years","male",20,468,"Shopping",623.173278808594,623.173278808594,"car",0.25,8.52,"weekday",1,"20 to 39","6-10km","car",8.52,0.25,1.75,1.75
"83136/1002",NA,83136,129,"30-34 years","male",20,469,"Shopping",623.173278808594,623.173278808594,"car",0.25,8.75,"weekday",2,"20 to 39","6-10km","car",8.75,0.25,1.75,1.75
"83137/1000",NA,83137,130,"45-49 years","male",20,470,"Work",301.603668212891,301.603668212891,"car",0.25,6.46,"weekday",1,"40 to 64","6-10km","car",6.46,0.25,1.75,1.75
"83137/1000",NA,83137,130,"45-49 years","male",20,471,"Work",301.603668212891,301.603668212891,"car",0.25,6.48,"weekday",2,"40 to 64","6-10km","car",6.48,0.25,1.75,1.75
"83137/1001",NA,83137,131,"45-49 years","female",20,472,"Work",294.0693359375,294.0693359375,"car",0.25,8.26,"weekday",1,"40 to 64","6-10km","car",8.26,0.25,1.75,1.75
"83137/1001",NA,83137,131,"45-49 years","female",20,473,"Work",294.0693359375,294.0693359375,"car",0.166666666666667,8.29,"weekday",2,"40 to 64","6-10km","car",8.29,0.166666666666667,1.16666666666667,1.16666666666667
"83137/1001",NA,83137,131,"45-49 years","female",20,474,"Other",294.0693359375,294.0693359375,"car",0.333333333333333,9.12,"weekday",3,"40 to 64","6-10km","car",9.12,0.333333333333333,2.33333333333333,2.33333333333333
"83137/1001",NA,83137,131,"45-49 years","female",20,475,"Work",294.0693359375,294.0693359375,"car",0.333333333333333,14.71,"weekday",4,"40 to 64",">10km","car",14.71,0.333333333333333,2.33333333333333,2.33333333333333
"83137/1001",NA,83137,131,"45-49 years","female",20,476,"Work",294.0693359375,294.0693359375,"car",0.166666666666667,4.64,"weekday",5,"40 to 64","3-5km","bicycle",4.64,0.421818181818182,1.16666666666667,2.95272727272727
"83137/1001",NA,83137,131,"45-49 years","female",20,477,"Work",294.0693359375,294.0693359375,"car",0.5,18.4,"weekday",6,"40 to 64",">10km","car",18.4,0.5,3.5,3.5
"83138/1000",NA,83138,132,"40-44 years","female",20,478,"Other",594.987426757812,594.987426757812,"car",0.25,5.27,"weekday",1,"40 to 64","6-10km","car",5.27,0.25,1.75,1.75
"83138/1000",NA,83138,132,"40-44 years","female",20,479,"Other",594.987426757812,594.987426757812,"car",0.333333333333333,3.46,"weekday",2,"40 to 64","3-5km","bicycle",3.46,0.314545454545455,2.33333333333333,2.20181818181818
"83138/1000",NA,83138,132,"40-44 years","female",20,480,"Other",594.987426757812,594.987426757812,"car",0.333333333333333,8.5,"weekday",3,"40 to 64","6-10km","car",8.5,0.333333333333333,2.33333333333333,2.33333333333333
"83138/1000",NA,83138,132,"40-44 years","female",20,481,"Work",594.987426757812,594.987426757812,"car",0.166666666666667,4.6,"weekday",4,"40 to 64","3-5km","bicycle",4.6,0.418181818181818,1.16666666666667,2.92727272727273
"83138/1000",NA,83138,132,"40-44 years","female",20,482,"Work",594.987426757812,594.987426757812,"car",0.166666666666667,4.92,"weekday",5,"40 to 64","3-5km","bicycle",4.92,0.447272727272727,1.16666666666667,3.13090909090909
"83138/1001",NA,83138,133,"35-39 years","male",20,483,"Other",448.437194824219,448.437194824219,"car",0.25,5.27,"weekday",1,"20 to 39","6-10km","car",5.27,0.25,1.75,1.75
"83138/1001",NA,83138,133,"35-39 years","male",20,484,"Work",448.437194824219,448.437194824219,"car",0.333333333333333,3.46,"weekday",2,"20 to 39","3-5km","bicycle",3.46,0.314545454545455,2.33333333333333,2.20181818181818
"83138/1001",NA,83138,133,"35-39 years","male",20,485,"Work",448.437194824219,448.437194824219,"car",0.333333333333333,8.5,"weekday",3,"20 to 39","6-10km","car",8.5,0.333333333333333,2.33333333333333,2.33333333333333
"83138/1002",NA,83138,134,"60-64 years","female",20,486,"Work",441.478698730469,441.478698730469,"car",0.5,25.92,"weekday",1,"40 to 64",">10km","car",25.92,0.5,3.5,3.5
"83138/1002",NA,83138,134,"60-64 years","female",20,487,"Work",441.478698730469,441.478698730469,"car",0.5,26.06,"weekday",2,"40 to 64",">10km","car",26.06,0.5,3.5,3.5
"83138/1003",NA,83138,135,"20-24 years","male",20,488,"Work",1041.95043945312,1041.95043945312,"car",0.25,9.09,"weekday",1,"20 to 39","6-10km","car",9.09,0.25,1.75,1.75
"83138/1003",NA,83138,135,"20-24 years","male",20,489,"Work",1041.95043945312,1041.95043945312,"car",0.25,9.1,"weekday",2,"20 to 39","6-10km","car",9.1,0.25,1.75,1.75
"83138/1003",NA,83138,135,"20-24 years","male",20,490,"Other",1041.95043945312,1041.95043945312,"car",0.25,5.27,"weekday",3,"20 to 39","6-10km","car",5.27,0.25,1.75,1.75
"83138/1003",NA,83138,135,"20-24 years","male",20,491,"Other",1041.95043945312,1041.95043945312,"car",0.25,5.97,"weekday",4,"20 to 39","6-10km","car",5.97,0.25,1.75,1.75
"83138/1003",NA,83138,135,"20-24 years","male",20,492,"Other",1041.95043945312,1041.95043945312,"car",0.333333333333333,8.44,"weekday",5,"20 to 39","6-10km","car",8.44,0.333333333333333,2.33333333333333,2.33333333333333
"83138/1003",NA,83138,135,"20-24 years","male",20,493,"Other",1041.95043945312,1041.95043945312,"car",0.333333333333333,8.5,"weekday",6,"20 to 39","6-10km","car",8.5,0.333333333333333,2.33333333333333,2.33333333333333
"83139/1000",NA,83139,136,"50-54 years","male",20,494,"Work",520.20947265625,520.20947265625,"car",0.55,40.74,"weekday",1,"40 to 64",">10km","car",40.74,0.55,3.85,3.85
"83139/1000",NA,83139,136,"50-54 years","male",20,495,"Work",520.20947265625,520.20947265625,"car",0.866666666666667,30.67,"weekday",2,"40 to 64",">10km","car",30.67,0.866666666666667,6.06666666666667,6.06666666666667
"83139/1000",NA,83139,136,"50-54 years","male",20,496,"Work",520.20947265625,520.20947265625,"car",0.416666666666667,14.08,"weekday",3,"40 to 64",">10km","car",14.08,0.416666666666667,2.91666666666667,2.91666666666667
"83139/1000",NA,83139,136,"50-54 years","male",20,497,"Work",520.20947265625,520.20947265625,"car",1.75,112.2,"weekday",4,"40 to 64",">10km","car",112.2,1.75,12.25,12.25
"83139/1000",NA,83139,136,"50-54 years","male",20,498,"Work",520.20947265625,520.20947265625,"car",1.83333333333333,103.77,"weekday",5,"40 to 64",">10km","car",103.77,1.83333333333333,12.8333333333333,12.8333333333333
"83139/1000",NA,83139,136,"50-54 years","male",20,499,"Work",520.20947265625,520.20947265625,"car",0.8,40.76,"weekday",6,"40 to 64",">10km","car",40.76,0.8,5.6,5.6
"83139/1001",NA,83139,137,"55-59 years","female",20,500,"Work",504.474334716797,504.474334716797,"car",0.583333333333333,19.9,"weekday",1,"40 to 64",">10km","car",19.9,0.583333333333333,4.08333333333333,4.08333333333333
"83139/1001",NA,83139,137,"55-59 years","female",20,501,"Work",504.474334716797,504.474334716797,"car",0.616666666666667,19.95,"weekday",2,"40 to 64",">10km","car",19.95,0.616666666666667,4.31666666666667,4.31666666666667
"83139/1002",NA,83139,138,"20-24 years","female",20,502,"Work",869.577453613281,869.577453613281,"car",0.4,5.6,"weekday",1,"20 to 39","6-10km","car",5.6,0.4,2.8,2.8
"83139/1002",NA,83139,138,"20-24 years","female",20,503,"Work",869.577453613281,869.577453613281,"car",0.416666666666667,5.66,"weekday",2,"20 to 39","6-10km","car",5.66,0.416666666666667,2.91666666666667,2.91666666666667
"83139/1003",NA,83139,139,"20-24 years","female",20,504,"Work",869.577453613281,869.577453613281,"car",0.333333333333333,7.87,"weekday",1,"20 to 39","6-10km","car",7.87,0.333333333333333,2.33333333333333,2.33333333333333
"83139/1003",NA,83139,139,"20-24 years","female",20,505,"Work",869.577453613281,869.577453613281,"car",0.333333333333333,7.99,"weekday",2,"20 to 39","6-10km","car",7.99,0.333333333333333,2.33333333333333,2.33333333333333
"83139/1003",NA,83139,139,"20-24 years","female",20,506,"Shopping",869.577453613281,869.577453613281,"car",0.166666666666667,1.4,"weekday",3,"20 to 39","1-2km","bicycle",1.4,0.127272727272727,1.16666666666667,0.890909090909091
"83139/1003",NA,83139,139,"20-24 years","female",20,507,"Shopping",869.577453613281,869.577453613281,"car",0.166666666666667,1.35,"weekday",4,"20 to 39","1-2km","bicycle",1.35,0.122727272727273,1.16666666666667,0.859090909090909
"83140/1000",NA,83140,140,"30-34 years","male",20,508,"Shopping",1001.68023681641,1001.68023681641,"car",0.0833333333333333,0.64,"weekday",1,"20 to 39","<1km","bicycle",0.64,0.0581818181818182,0.583333333333333,0.407272727272727
"83140/1000",NA,83140,140,"30-34 years","male",20,509,"Shopping",1001.68023681641,1001.68023681641,"car",0.0833333333333333,2.32,"weekday",2,"20 to 39","3-5km","bicycle",2.32,0.210909090909091,0.583333333333333,1.47636363636364
"83140/1000",NA,83140,140,"30-34 years","male",20,510,"Shopping",1001.68023681641,1001.68023681641,"car",0.0833333333333333,2.11,"weekday",3,"20 to 39","3-5km","bicycle",2.11,0.191818181818182,0.583333333333333,1.34272727272727
"83140/1000",NA,83140,140,"30-34 years","male",20,511,"Other",1001.68023681641,1001.68023681641,"car",0.416666666666667,7.37,"weekday",4,"20 to 39","6-10km","car",7.37,0.416666666666667,2.91666666666667,2.91666666666667
"83140/1000",NA,83140,140,"30-34 years","male",20,512,"Other",1001.68023681641,1001.68023681641,"car",0.5,7.28,"weekday",5,"20 to 39","6-10km","car",7.28,0.5,3.5,3.5
"83142/1000",NA,83142,141,"55-59 years","male",20,513,"Other",534.472412109375,534.472412109375,"walking",1,1.11,"weekday",1,"40 to 64","1-2km","walking",1.11,1,7,7
"83144/1000",NA,83144,142,"35-39 years","female",20,514,"Other",563.662841796875,563.662841796875,"walking",0.0833333333333333,0.52,"weekday",1,"20 to 39","<1km","walking",0.52,0.0833333333333333,0.583333333333333,0.583333333333333
"83144/1000",NA,83144,142,"35-39 years","female",20,515,"Other",563.662841796875,563.662841796875,"public.transport",0.25,4.3,"weekday",1,"20 to 39","3-5km","public.transport",4.3,0.25,1.75,1.75
"83144/1000",NA,83144,142,"35-39 years","female",20,516,"Other",563.662841796875,563.662841796875,"walking",0.0833333333333333,0.49,"weekday",1,"20 to 39","<1km","walking",0.49,0.0833333333333333,0.583333333333333,0.583333333333333
"83144/1000",NA,83144,142,"35-39 years","female",20,517,"Shopping",563.662841796875,563.662841796875,"walking",0.0666666666666667,0.49,"weekday",2,"20 to 39","<1km","walking",0.49,0.0666666666666667,0.466666666666667,0.466666666666667
"83144/1000",NA,83144,142,"35-39 years","female",20,518,"Shopping",563.662841796875,563.662841796875,"public.transport",0.25,4.48,"weekday",2,"20 to 39","3-5km","public.transport",4.48,0.25,1.75,1.75
"83144/1000",NA,83144,142,"35-39 years","female",20,519,"Shopping",563.662841796875,563.662841796875,"walking",0.0333333333333333,0.48,"weekday",2,"20 to 39","<1km","walking",0.48,0.0333333333333333,0.233333333333333,0.233333333333333
"83144/1000",NA,83144,142,"35-39 years","female",20,520,"Shopping",563.662841796875,563.662841796875,"walking",0.0833333333333333,0.93,"weekday",3,"20 to 39","<1km","walking",0.93,0.0833333333333333,0.583333333333333,0.583333333333333
"83144/1000",NA,83144,142,"35-39 years","female",20,521,"Other",563.662841796875,563.662841796875,"walking",0.0833333333333333,0.52,"weekday",4,"20 to 39","<1km","walking",0.52,0.0833333333333333,0.583333333333333,0.583333333333333
"83144/1000",NA,83144,142,"35-39 years","female",20,522,"Other",563.662841796875,563.662841796875,"public.transport",0.183333333333333,4.3,"weekday",4,"20 to 39","3-5km","public.transport",4.3,0.183333333333333,1.28333333333333,1.28333333333333
"83144/1000",NA,83144,142,"35-39 years","female",20,523,"Other",563.662841796875,563.662841796875,"walking",0.15,0.49,"weekday",4,"20 to 39","<1km","walking",0.49,0.15,1.05,1.05
"83144/1000",NA,83144,142,"35-39 years","female",20,524,"Other",563.662841796875,563.662841796875,"walking",0.0833333333333333,0.49,"weekday",5,"20 to 39","<1km","walking",0.49,0.0833333333333333,0.583333333333333,0.583333333333333
"83144/1000",NA,83144,142,"35-39 years","female",20,525,"Other",563.662841796875,563.662841796875,"public.transport",0.266666666666667,4.48,"weekday",5,"20 to 39","3-5km","public.transport",4.48,0.266666666666667,1.86666666666667,1.86666666666667
"83144/1000",NA,83144,142,"35-39 years","female",20,526,"Other",563.662841796875,563.662841796875,"walking",0.15,0.52,"weekday",5,"20 to 39","<1km","walking",0.52,0.15,1.05,1.05
"83144/1001",NA,83144,143,"30-34 years","male",20,527,"Work",890.036010742188,890.036010742188,"car",0.583333333333333,18.27,"weekday",1,"20 to 39",">10km","car",18.27,0.583333333333333,4.08333333333333,4.08333333333333
"83144/1001",NA,83144,143,"30-34 years","male",20,528,"Work",890.036010742188,890.036010742188,"car",0.533333333333333,18.57,"weekday",2,"20 to 39",">10km","car",18.57,0.533333333333333,3.73333333333333,3.73333333333333
"83145/1000",NA,83145,144,"25-29 years","female",20,529,"Work",1102.109375,1102.109375,"walking",0.166666666666667,0.59,"weekday",1,"20 to 39","<1km","walking",0.59,0.166666666666667,1.16666666666667,1.16666666666667
"83145/1000",NA,83145,144,"25-29 years","female",20,530,"Work",1102.109375,1102.109375,"walking",0.166666666666667,0.59,"weekday",2,"20 to 39","<1km","walking",0.59,0.166666666666667,1.16666666666667,1.16666666666667
"83145/1002",NA,83145,145,"35-39 years","female",20,531,"Other",563.662841796875,563.662841796875,"car",0.416666666666667,5.71,"weekday",1,"20 to 39","6-10km","car",5.71,0.416666666666667,2.91666666666667,2.91666666666667
"83145/1002",NA,83145,145,"35-39 years","female",20,532,"Shopping",563.662841796875,563.662841796875,"car",0.75,16.11,"weekday",2,"20 to 39",">10km","car",16.11,0.75,5.25,5.25
"83145/1002",NA,83145,145,"35-39 years","female",20,533,"Shopping",563.662841796875,563.662841796875,"car",0.5,10.68,"weekday",3,"20 to 39",">10km","car",10.68,0.5,3.5,3.5
"83145/1002",NA,83145,145,"35-39 years","female",20,534,"Other",563.662841796875,563.662841796875,"car",0.416666666666667,5.71,"weekday",4,"20 to 39","6-10km","car",5.71,0.416666666666667,2.91666666666667,2.91666666666667
"83145/1002",NA,83145,145,"35-39 years","female",20,535,"Other",563.662841796875,563.662841796875,"car",0.416666666666667,5.68,"weekday",5,"20 to 39","6-10km","car",5.68,0.416666666666667,2.91666666666667,2.91666666666667
"83145/1003",NA,83145,146,"30-34 years","female",20,536,"Work",718.065612792969,718.065612792969,"walking",0.0833333333333333,0.39,"weekday",1,"20 to 39","<1km","walking",0.39,0.0833333333333333,0.583333333333333,0.583333333333333
"83145/1003",NA,83145,146,"30-34 years","female",20,537,"Work",718.065612792969,718.065612792969,"public.transport",0.333333333333333,13.46,"weekday",1,"20 to 39",">10km","public.transport",13.46,0.333333333333333,2.33333333333333,2.33333333333333
"83145/1003",NA,83145,146,"30-34 years","female",20,538,"Work",718.065612792969,718.065612792969,"public.transport",0.333333333333333,7.4,"weekday",1,"20 to 39","6-10km","public.transport",7.4,0.333333333333333,2.33333333333333,2.33333333333333
"83145/1003",NA,83145,146,"30-34 years","female",20,539,"Work",718.065612792969,718.065612792969,"walking",0.116666666666667,0.07,"weekday",1,"20 to 39","<1km","walking",0.07,0.116666666666667,0.816666666666667,0.816666666666667
"83145/1003",NA,83145,146,"30-34 years","female",20,540,"Work",718.065612792969,718.065612792969,"walking",0.116666666666667,0.07,"weekday",2,"20 to 39","<1km","walking",0.07,0.116666666666667,0.816666666666667,0.816666666666667
"83145/1003",NA,83145,146,"30-34 years","female",20,541,"Work",718.065612792969,718.065612792969,"public.transport",1.08333333333333,19.42,"weekday",2,"20 to 39",">10km","public.transport",19.42,1.08333333333333,7.58333333333333,7.58333333333333
"83145/1003",NA,83145,146,"30-34 years","female",20,542,"Work",718.065612792969,718.065612792969,"walking",0.166666666666667,0.36,"weekday",2,"20 to 39","<1km","walking",0.36,0.166666666666667,1.16666666666667,1.16666666666667
"83152/1000",NA,83152,147,"25-29 years","female",20,543,"Other",1240.35559082031,1240.35559082031,"car",0.25,1.43,"weekday",1,"20 to 39","1-2km","bicycle",1.43,0.13,1.75,0.91
"83152/1000",NA,83152,147,"25-29 years","female",20,544,"Other",1240.35559082031,1240.35559082031,"car",0.116666666666667,0.82,"weekday",2,"20 to 39","<1km","bicycle",0.82,0.0745454545454545,0.816666666666667,0.521818181818182
"83152/1000",NA,83152,147,"25-29 years","female",20,545,"Other",1240.35559082031,1240.35559082031,"car",0.25,1.75,"weekday",3,"20 to 39","1-2km","bicycle",1.75,0.159090909090909,1.75,1.11363636363636
"83152/1000",NA,83152,147,"25-29 years","female",20,546,"Shopping",1240.35559082031,1240.35559082031,"walking",0.0666666666666667,0.63,"weekday",4,"20 to 39","<1km","walking",0.63,0.0666666666666667,0.466666666666667,0.466666666666667
"83152/1000",NA,83152,147,"25-29 years","female",20,547,"Shopping",1240.35559082031,1240.35559082031,"walking",0.0833333333333333,0.63,"weekday",5,"20 to 39","<1km","walking",0.63,0.0833333333333333,0.583333333333333,0.583333333333333
"83152/1000",NA,83152,147,"25-29 years","female",20,548,"Other",1240.35559082031,1240.35559082031,"car",0.166666666666667,1.43,"weekday",6,"20 to 39","1-2km","bicycle",1.43,0.13,1.16666666666667,0.91
"83152/1000",NA,83152,147,"25-29 years","female",20,549,"Other",1240.35559082031,1240.35559082031,"car",0.0833333333333333,0.82,"weekday",7,"20 to 39","<1km","bicycle",0.82,0.0745454545454545,0.583333333333333,0.521818181818182
"83152/1000",NA,83152,147,"25-29 years","female",20,550,"Other",1240.35559082031,1240.35559082031,"car",0.25,1.75,"weekday",8,"20 to 39","1-2km","bicycle",1.75,0.159090909090909,1.75,1.11363636363636
"83158/1000",NA,83158,148,"30-34 years","female",20,551,"Other",808.138244628906,808.138244628906,"car",0.233333333333333,0.8,"weekday",1,"20 to 39","<1km","bicycle",0.8,0.0727272727272727,1.63333333333333,0.509090909090909
"83158/1000",NA,83158,148,"30-34 years","female",20,552,"Other",808.138244628906,808.138244628906,"car",0.166666666666667,1.11,"weekday",2,"20 to 39","1-2km","bicycle",1.11,0.100909090909091,1.16666666666667,0.706363636363636
"83158/1000",NA,83158,148,"30-34 years","female",20,553,"Other",808.138244628906,808.138244628906,"car",0.5,7.76,"weekday",3,"20 to 39","6-10km","car",7.76,0.5,3.5,3.5
"83158/1000",NA,83158,148,"30-34 years","female",20,554,"Other",808.138244628906,808.138244628906,"car",0.5,7.58,"weekday",4,"20 to 39","6-10km","car",7.58,0.5,3.5,3.5
"83158/1000",NA,83158,148,"30-34 years","female",20,555,"Other",808.138244628906,808.138244628906,"car",0.05,0.35,"weekday",5,"20 to 39","<1km","bicycle",0.35,0.0318181818181818,0.35,0.222727272727273
"83158/1001",NA,83158,149,"35-39 years","male",20,556,"Other",754.537231445312,754.537231445312,"car",0.05,0.35,"weekday",1,"20 to 39","<1km","bicycle",0.35,0.0318181818181818,0.35,0.222727272727273
"83158/1001",NA,83158,149,"35-39 years","male",20,557,"Other",754.537231445312,754.537231445312,"car",0.0666666666666667,0.35,"weekday",2,"20 to 39","<1km","bicycle",0.35,0.0318181818181818,0.466666666666667,0.222727272727273
"83158/1001",NA,83158,149,"35-39 years","male",20,558,"Other",754.537231445312,754.537231445312,"car",0.233333333333333,0.8,"weekday",3,"20 to 39","<1km","bicycle",0.8,0.0727272727272727,1.63333333333333,0.509090909090909
"83158/1001",NA,83158,149,"35-39 years","male",20,559,"Other",754.537231445312,754.537231445312,"car",0.166666666666667,1.11,"weekday",4,"20 to 39","1-2km","bicycle",1.11,0.100909090909091,1.16666666666667,0.706363636363636
"83158/1001",NA,83158,149,"35-39 years","male",20,560,"Other",754.537231445312,754.537231445312,"car",0.5,7.76,"weekday",5,"20 to 39","6-10km","car",7.76,0.5,3.5,3.5
"83158/1001",NA,83158,149,"35-39 years","male",20,561,"Other",754.537231445312,754.537231445312,"car",0.5,7.58,"weekday",6,"20 to 39","6-10km","car",7.58,0.5,3.5,3.5
"83158/1001",NA,83158,149,"35-39 years","male",20,562,"Other",754.537231445312,754.537231445312,"car",0.05,0.35,"weekday",7,"20 to 39","<1km","bicycle",0.35,0.0318181818181818,0.35,0.222727272727273
"83160/1000",NA,83160,150,"35-39 years","male",20,563,"Other",754.537231445312,754.537231445312,"car",0.166666666666667,1.68,"weekday",1,"20 to 39","1-2km","bicycle",1.68,0.152727272727273,1.16666666666667,1.06909090909091
"83160/1000",NA,83160,150,"35-39 years","male",20,564,"Other",754.537231445312,754.537231445312,"car",0.166666666666667,1.68,"weekday",2,"20 to 39","1-2km","bicycle",1.68,0.152727272727273,1.16666666666667,1.06909090909091
"83160/1000",NA,83160,150,"35-39 years","male",20,565,"Other",754.537231445312,754.537231445312,"car",0.166666666666667,1.68,"weekday",3,"20 to 39","1-2km","bicycle",1.68,0.152727272727273,1.16666666666667,1.06909090909091
"83160/1000",NA,83160,150,"35-39 years","male",20,566,"Other",754.537231445312,754.537231445312,"car",0.166666666666667,1.68,"weekday",4,"20 to 39","1-2km","bicycle",1.68,0.152727272727273,1.16666666666667,1.06909090909091
"83160/1001",NA,83160,151,"30-34 years","female",20,567,"Work",808.138244628906,808.138244628906,"car",0.216666666666667,5.32,"weekday",1,"20 to 39","6-10km","car",5.32,0.216666666666667,1.51666666666667,1.51666666666667
"83160/1001",NA,83160,151,"30-34 years","female",20,568,"Work",808.138244628906,808.138244628906,"car",0.333333333333333,5.38,"weekday",2,"20 to 39","6-10km","car",5.38,0.333333333333333,2.33333333333333,2.33333333333333
"83163/1000",NA,83163,152,"70-74 years","male",20,569,"Other",398.526031494141,398.526031494141,"car",0.133333333333333,4.86,"weekday",1,"65 plus","3-5km","bicycle",4.86,0.441818181818182,0.933333333333333,3.09272727272727
"83163/1000",NA,83163,152,"70-74 years","male",20,570,"Other",398.526031494141,398.526031494141,"car",0.183333333333333,4.88,"weekday",2,"65 plus","3-5km","bicycle",4.88,0.443636363636364,1.28333333333333,3.10545454545455
"83165/1000",NA,83165,153,"50-54 years","male",20,571,"Work",452.846740722656,452.846740722656,"car",0.5,10.32,"weekday",1,"40 to 64",">10km","car",10.32,0.5,3.5,3.5
"83165/1000",NA,83165,153,"50-54 years","male",20,572,"Work",452.846740722656,452.846740722656,"car",0.5,9.86,"weekday",2,"40 to 64","6-10km","car",9.86,0.5,3.5,3.5
"83165/1001",NA,83165,154,"50-54 years","female",20,573,"Work",449.832550048828,449.832550048828,"walking",0.1,0.32,"weekday",1,"40 to 64","<1km","walking",0.32,0.1,0.7,0.7
"83165/1001",NA,83165,154,"50-54 years","female",20,574,"Work",449.832550048828,449.832550048828,"public.transport",0.416666666666667,10.36,"weekday",1,"40 to 64",">10km","public.transport",10.36,0.416666666666667,2.91666666666667,2.91666666666667
"83165/1001",NA,83165,154,"50-54 years","female",20,575,"Work",449.832550048828,449.832550048828,"walking",0.1,0.4,"weekday",1,"40 to 64","<1km","walking",0.4,0.1,0.7,0.7
"83165/1001",NA,83165,154,"50-54 years","female",20,576,"Work",449.832550048828,449.832550048828,"public.transport",0.283333333333333,7.46,"weekday",1,"40 to 64","6-10km","public.transport",7.46,0.283333333333333,1.98333333333333,1.98333333333333
"83165/1001",NA,83165,154,"50-54 years","female",20,577,"Work",449.832550048828,449.832550048828,"walking",0.05,0.15,"weekday",1,"40 to 64","<1km","walking",0.15,0.05,0.35,0.35
"83165/1001",NA,83165,154,"50-54 years","female",20,578,"Work",449.832550048828,449.832550048828,"car",0.5,16.8,"weekday",2,"40 to 64",">10km","car",16.8,0.5,3.5,3.5
"83166/1000",NA,83166,155,"45-49 years","male",20,579,"Other",490.858123779297,490.858123779297,"car",0.0833333333333333,2.04,"weekday",1,"40 to 64","3-5km","bicycle",2.04,0.185454545454545,0.583333333333333,1.29818181818182
"83166/1000",NA,83166,155,"45-49 years","male",20,580,"Other",490.858123779297,490.858123779297,"car",0.166666666666667,2.03,"weekday",2,"40 to 64","3-5km","bicycle",2.03,0.184545454545455,1.16666666666667,1.29181818181818
"83166/1000",NA,83166,155,"45-49 years","male",20,581,"Other",490.858123779297,490.858123779297,"car",0.0666666666666667,0.64,"weekday",3,"40 to 64","<1km","bicycle",0.64,0.0581818181818182,0.466666666666667,0.407272727272727
"83166/1000",NA,83166,155,"45-49 years","male",20,582,"Other",490.858123779297,490.858123779297,"car",0.0833333333333333,0.67,"weekday",4,"40 to 64","<1km","bicycle",0.67,0.0609090909090909,0.583333333333333,0.426363636363636
"83166/1000",NA,83166,155,"45-49 years","male",20,583,"Leisure",490.858123779297,490.858123779297,"car",0.166666666666667,2.15,"weekday",5,"40 to 64","3-5km","bicycle",2.15,0.195454545454545,1.16666666666667,1.36818181818182
"83166/1000",NA,83166,155,"45-49 years","male",20,584,"Other",490.858123779297,490.858123779297,"car",0.0833333333333333,1.66,"weekday",6,"40 to 64","1-2km","bicycle",1.66,0.150909090909091,0.583333333333333,1.05636363636364
"83166/1000",NA,83166,155,"45-49 years","male",20,585,"Other",490.858123779297,490.858123779297,"car",0.333333333333333,2.98,"weekday",7,"40 to 64","3-5km","bicycle",2.98,0.270909090909091,2.33333333333333,1.89636363636364
"83166/1000",NA,83166,155,"45-49 years","male",20,586,"Other",490.858123779297,490.858123779297,"car",0.116666666666667,2.03,"weekday",8,"40 to 64","3-5km","bicycle",2.03,0.184545454545455,0.816666666666667,1.29181818181818
"83166/1000",NA,83166,155,"45-49 years","male",20,587,"Other",490.858123779297,490.858123779297,"car",0.0833333333333333,0.64,"weekday",9,"40 to 64","<1km","bicycle",0.64,0.0581818181818182,0.583333333333333,0.407272727272727
"83166/1000",NA,83166,155,"45-49 years","male",20,588,"Other",490.858123779297,490.858123779297,"car",0.0833333333333333,0.67,"weekday",10,"40 to 64","<1km","bicycle",0.67,0.0609090909090909,0.583333333333333,0.426363636363636
"83169/1000",NA,83169,156,"35-39 years","male",20,589,"Work",621.857666015625,621.857666015625,"car",0.333333333333333,8.49,"weekday",1,"20 to 39","6-10km","car",8.49,0.333333333333333,2.33333333333333,2.33333333333333
"83169/1000",NA,83169,156,"35-39 years","male",20,590,"Work",621.857666015625,621.857666015625,"car",0.5,8.51,"weekday",2,"20 to 39","6-10km","car",8.51,0.5,3.5,3.5
"83169/1001",NA,83169,157,"35-39 years","female",20,591,"Work",522.818908691406,522.818908691406,"walking",0.166666666666667,0.64,"weekday",1,"20 to 39","<1km","walking",0.64,0.166666666666667,1.16666666666667,1.16666666666667
"83169/1001",NA,83169,157,"35-39 years","female",20,592,"Work",522.818908691406,522.818908691406,"walking",0.166666666666667,0.64,"weekday",2,"20 to 39","<1km","walking",0.64,0.166666666666667,1.16666666666667,1.16666666666667
"83170/1000",NA,83170,158,"65-69 years","male",20,593,"Leisure",380.566589355469,380.566589355469,"car",0.166666666666667,3.55,"weekday",1,"65 plus","3-5km","bicycle",3.55,0.322727272727273,1.16666666666667,2.25909090909091
"83170/1000",NA,83170,158,"65-69 years","male",20,594,"Leisure",380.566589355469,380.566589355469,"car",0.166666666666667,3.86,"weekday",2,"65 plus","3-5km","bicycle",3.86,0.350909090909091,1.16666666666667,2.45636363636364
"83171/1000",NA,83171,159,"40-44 years","female",20,595,"Other",647.70849609375,647.70849609375,"car",0.166666666666667,3.31,"weekday",1,"40 to 64","3-5km","bicycle",3.31,0.300909090909091,1.16666666666667,2.10636363636364
"83171/1000",NA,83171,159,"40-44 years","female",20,596,"Shopping",647.70849609375,647.70849609375,"car",0.333333333333333,3.18,"weekday",2,"40 to 64","3-5km","bicycle",3.18,0.289090909090909,2.33333333333333,2.02363636363636
"83171/1000",NA,83171,159,"40-44 years","female",20,597,"Shopping",647.70849609375,647.70849609375,"car",0.166666666666667,2.25,"weekday",3,"40 to 64","3-5km","bicycle",2.25,0.204545454545455,1.16666666666667,1.43181818181818
"83171/1000",NA,83171,159,"40-44 years","female",20,598,"Work",647.70849609375,647.70849609375,"car",0.25,4.45,"weekday",4,"40 to 64","3-5km","bicycle",4.45,0.404545454545455,1.75,2.83181818181818
"83171/1000",NA,83171,159,"40-44 years","female",20,599,"Work",647.70849609375,647.70849609375,"car",0.25,4,"weekday",5,"40 to 64","3-5km","bicycle",4,0.363636363636364,1.75,2.54545454545455
"83171/1001",NA,83171,160,"15-19 years","female",20,600,"Education",514.0546875,514.0546875,"car",0.166666666666667,3.31,"weekday",1,"15 to 19","3-5km","bicycle",3.31,0.300909090909091,1.16666666666667,2.10636363636364
"83171/1001",NA,83171,160,"15-19 years","female",20,601,"Education",514.0546875,514.0546875,"public.transport",0.333333333333333,12.82,"weekday",1,"15 to 19",">10km","public.transport",12.82,0.333333333333333,2.33333333333333,2.33333333333333
"83171/1001",NA,83171,160,"15-19 years","female",20,602,"Education",514.0546875,514.0546875,"walking",0.166666666666667,1.37,"weekday",1,"15 to 19","1-2km","walking",1.37,0.166666666666667,1.16666666666667,1.16666666666667
"83171/1001",NA,83171,160,"15-19 years","female",20,603,"Education",514.0546875,514.0546875,"walking",0.166666666666667,0.71,"weekday",2,"15 to 19","<1km","walking",0.71,0.166666666666667,1.16666666666667,1.16666666666667
"83171/1001",NA,83171,160,"15-19 years","female",20,604,"Education",514.0546875,514.0546875,"public.transport",0.25,14.16,"weekday",2,"15 to 19",">10km","public.transport",14.16,0.25,1.75,1.75
"83171/1001",NA,83171,160,"15-19 years","female",20,605,"Education",514.0546875,514.0546875,"walking",0.333333333333333,1.34,"weekday",2,"15 to 19","1-2km","walking",1.34,0.333333333333333,2.33333333333333,2.33333333333333
"83172/1000",NA,83172,161,"25-29 years","male",20,606,"Education",1189.41027832031,1189.41027832031,"car",0.666666666666667,18.91,"weekday",1,"20 to 39",">10km","car",18.91,0.666666666666667,4.66666666666667,4.66666666666667
"83172/1000",NA,83172,161,"25-29 years","male",20,607,"Education",1189.41027832031,1189.41027832031,"car",0.5,16.2,"weekday",2,"20 to 39",">10km","car",16.2,0.5,3.5,3.5
"83172/1001",NA,83172,162,"25-29 years","male",20,608,"Work",1189.41027832031,1189.41027832031,"car",0.166666666666667,2.35,"weekday",1,"20 to 39","3-5km","bicycle",2.35,0.213636363636364,1.16666666666667,1.49545454545455
"83172/1001",NA,83172,162,"25-29 years","male",20,609,"Work",1189.41027832031,1189.41027832031,"car",0.166666666666667,2.38,"weekday",2,"20 to 39","3-5km","bicycle",2.38,0.216363636363636,1.16666666666667,1.51454545454545
"83172/1002",NA,83172,163,"25-29 years","male",20,610,"Work",1189.41027832031,1189.41027832031,"car",0.166666666666667,2.35,"weekday",1,"20 to 39","3-5km","bicycle",2.35,0.213636363636364,1.16666666666667,1.49545454545455
"83172/1002",NA,83172,163,"25-29 years","male",20,611,"Work",1189.41027832031,1189.41027832031,"walking",0.333333333333333,2.33,"weekday",2,"20 to 39","3-5km","walking",2.33,0.333333333333333,2.33333333333333,2.33333333333333
"83175/1000",NA,83175,164,"70-74 years","male",20,612,"Work",398.526031494141,398.526031494141,"car",0.416666666666667,20.67,"weekday",1,"65 plus",">10km","car",20.67,0.416666666666667,2.91666666666667,2.91666666666667
"83175/1000",NA,83175,164,"70-74 years","male",20,613,"Work",398.526031494141,398.526031494141,"car",0.666666666666667,20.91,"weekday",2,"65 plus",">10km","car",20.91,0.666666666666667,4.66666666666667,4.66666666666667
"83176/1000",NA,83176,165,"20-24 years","male",20,614,"Work",1088.4951171875,1088.4951171875,"car",0.166666666666667,3.67,"weekday",1,"20 to 39","3-5km","bicycle",3.67,0.333636363636364,1.16666666666667,2.33545454545455
"83176/1000",NA,83176,165,"20-24 years","male",20,615,"Work",1088.4951171875,1088.4951171875,"walking",0.0833333333333333,0.16,"weekday",1,"20 to 39","<1km","walking",0.16,0.0833333333333333,0.583333333333333,0.583333333333333
"83176/1000",NA,83176,165,"20-24 years","male",20,616,"Work",1088.4951171875,1088.4951171875,"public.transport",0.333333333333333,11.41,"weekday",1,"20 to 39",">10km","public.transport",11.41,0.333333333333333,2.33333333333333,2.33333333333333
"83176/1000",NA,83176,165,"20-24 years","male",20,617,"Work",1088.4951171875,1088.4951171875,"walking",0.0833333333333333,0.31,"weekday",1,"20 to 39","<1km","walking",0.31,0.0833333333333333,0.583333333333333,0.583333333333333
"83176/1000",NA,83176,165,"20-24 years","male",20,618,"Work",1088.4951171875,1088.4951171875,"walking",0.166666666666667,0.26,"weekday",2,"20 to 39","<1km","walking",0.26,0.166666666666667,1.16666666666667,1.16666666666667
"83176/1000",NA,83176,165,"20-24 years","male",20,619,"Work",1088.4951171875,1088.4951171875,"public.transport",0.5,11.96,"weekday",2,"20 to 39",">10km","public.transport",11.96,0.5,3.5,3.5
"83176/1000",NA,83176,165,"20-24 years","male",20,620,"Work",1088.4951171875,1088.4951171875,"walking",0.0833333333333333,0.16,"weekday",2,"20 to 39","<1km","walking",0.16,0.0833333333333333,0.583333333333333,0.583333333333333
"83176/1000",NA,83176,165,"20-24 years","male",20,621,"Work",1088.4951171875,1088.4951171875,"car",0.25,3.72,"weekday",2,"20 to 39","3-5km","bicycle",3.72,0.338181818181818,1.75,2.36727272727273
"83176/1001",NA,83176,166,"20-24 years","male",20,622,"Work",1088.4951171875,1088.4951171875,"car",0.583333333333333,15.27,"weekday",1,"20 to 39",">10km","car",15.27,0.583333333333333,4.08333333333333,4.08333333333333
"83176/1001",NA,83176,166,"20-24 years","male",20,623,"Work",1088.4951171875,1088.4951171875,"car",0.583333333333333,15.56,"weekday",2,"20 to 39",">10km","car",15.56,0.583333333333333,4.08333333333333,4.08333333333333
"83176/1002",NA,83176,167,"20-24 years","male",20,624,"Work",1088.4951171875,1088.4951171875,"car",0.5,28.27,"weekday",1,"20 to 39",">10km","car",28.27,0.5,3.5,3.5
"83176/1002",NA,83176,167,"20-24 years","male",20,625,"Work",1088.4951171875,1088.4951171875,"car",0.583333333333333,28.51,"weekday",2,"20 to 39",">10km","car",28.51,0.583333333333333,4.08333333333333,4.08333333333333
"83178/1000",NA,83178,168,"70-74 years","male",20,626,"Other",398.526031494141,398.526031494141,"car",1.5,118.37,"weekday",1,"65 plus",">10km","car",118.37,1.5,10.5,10.5
"83179/1000",NA,83179,169,"50-54 years","male",20,627,"Work",704.881958007812,704.881958007812,"car",0.333333333333333,16.15,"weekday",1,"40 to 64",">10km","car",16.15,0.333333333333333,2.33333333333333,2.33333333333333
"83179/1000",NA,83179,169,"50-54 years","male",20,628,"Work",704.881958007812,704.881958007812,"car",0.5,16.07,"weekday",2,"40 to 64",">10km","car",16.07,0.5,3.5,3.5
"83179/1001",NA,83179,170,"30-34 years","female",20,629,"Work",1036.71923828125,1036.71923828125,"car",0.5,8.57,"weekday",1,"20 to 39","6-10km","car",8.57,0.5,3.5,3.5
"83179/1001",NA,83179,170,"30-34 years","female",20,630,"Work",1036.71923828125,1036.71923828125,"car",0.5,8.56,"weekday",2,"20 to 39","6-10km","car",8.56,0.5,3.5,3.5
"83184/1001",NA,83184,171,"60-64 years","male",20,632,"Shopping",495.007934570312,495.007934570312,"bicycle",0.25,2.35,"weekday",2,"40 to 64","3-5km","bicycle",2.35,0.25,1.75,1.75
"83184/1001",NA,83184,171,"60-64 years","male",20,633,"Shopping",495.007934570312,495.007934570312,"bicycle",0.25,2.35,"weekday",3,"40 to 64","3-5km","bicycle",2.35,0.25,1.75,1.75
"83184/1001",NA,83184,171,"60-64 years","male",20,634,"Shopping",495.007934570312,495.007934570312,"car",0.166666666666667,7.34,"weekday",4,"40 to 64","6-10km","car",7.34,0.166666666666667,1.16666666666667,1.16666666666667
"83184/1001",NA,83184,171,"60-64 years","male",20,635,"Shopping",495.007934570312,495.007934570312,"car",0.183333333333333,7.34,"weekday",5,"40 to 64","6-10km","car",7.34,0.183333333333333,1.28333333333333,1.28333333333333
"83185/1000",NA,83185,172,"40-44 years","female",20,636,"Shopping",533.81396484375,533.81396484375,"car",0.25,3.11,"weekday",1,"40 to 64","3-5km","bicycle",3.11,0.282727272727273,1.75,1.97909090909091
"83185/1000",NA,83185,172,"40-44 years","female",20,637,"Shopping",533.81396484375,533.81396484375,"car",0.25,3.18,"weekday",2,"40 to 64","3-5km","bicycle",3.18,0.289090909090909,1.75,2.02363636363636
"83185/1001",NA,83185,173,"65-69 years","male",20,638,"Shopping",351.451293945312,351.451293945312,"car",0.25,3.11,"weekday",1,"65 plus","3-5km","bicycle",3.11,0.282727272727273,1.75,1.97909090909091
"83185/1001",NA,83185,173,"65-69 years","male",20,639,"Shopping",351.451293945312,351.451293945312,"car",0.25,3.18,"weekday",2,"65 plus","3-5km","bicycle",3.18,0.289090909090909,1.75,2.02363636363636
"83187/1001",NA,83187,174,"55-59 years","female",20,640,"Leisure",504.977630615234,504.977630615234,"car",0.166666666666667,5.21,"weekday",1,"40 to 64","6-10km","car",5.21,0.166666666666667,1.16666666666667,1.16666666666667
"83187/1001",NA,83187,174,"55-59 years","female",20,641,"Leisure",504.977630615234,504.977630615234,"car",0.166666666666667,5.18,"weekday",2,"40 to 64","6-10km","car",5.18,0.166666666666667,1.16666666666667,1.16666666666667
"83187/1002",NA,83187,175,"55-59 years","male",20,642,"Leisure",532.142456054688,532.142456054688,"car",0.333333333333333,4.76,"weekday",1,"40 to 64","3-5km","bicycle",4.76,0.432727272727273,2.33333333333333,3.02909090909091
"83187/1002",NA,83187,175,"55-59 years","male",20,643,"Work",532.142456054688,532.142456054688,"car",0.5,12.09,"weekday",2,"40 to 64",">10km","car",12.09,0.5,3.5,3.5
"83187/1002",NA,83187,175,"55-59 years","male",20,644,"Work",532.142456054688,532.142456054688,"car",0.5,13.91,"weekday",3,"40 to 64",">10km","car",13.91,0.5,3.5,3.5
"83187/1003",NA,83187,176,"25-29 years","male",20,645,"Work",1056.84216308594,1056.84216308594,"car",0.416666666666667,10.12,"weekday",1,"20 to 39",">10km","car",10.12,0.416666666666667,2.91666666666667,2.91666666666667
"83187/1003",NA,83187,176,"25-29 years","male",20,646,"Work",1056.84216308594,1056.84216308594,"car",0.333333333333333,10.19,"weekday",2,"20 to 39",">10km","car",10.19,0.333333333333333,2.33333333333333,2.33333333333333
"83189/1000",NA,83189,177,"60-64 years","male",20,647,"Work",441.761657714844,441.761657714844,"car",0.416666666666667,5.16,"weekday",1,"40 to 64","6-10km","car",5.16,0.416666666666667,2.91666666666667,2.91666666666667
"83189/1000",NA,83189,177,"60-64 years","male",20,648,"Work",441.761657714844,441.761657714844,"car",0.5,16.51,"weekday",2,"40 to 64",">10km","car",16.51,0.5,3.5,3.5
"83189/1000",NA,83189,177,"60-64 years","male",20,649,"Work",441.761657714844,441.761657714844,"car",0.416666666666667,13.16,"weekday",3,"40 to 64",">10km","car",13.16,0.416666666666667,2.91666666666667,2.91666666666667
"83189/1000",NA,83189,177,"60-64 years","male",20,650,"Shopping",441.761657714844,441.761657714844,"car",0.266666666666667,0.34,"weekday",4,"40 to 64","<1km","bicycle",0.34,0.0309090909090909,1.86666666666667,0.216363636363636
"83189/1000",NA,83189,177,"60-64 years","male",20,651,"Shopping",441.761657714844,441.761657714844,"car",0.15,6.09,"weekday",5,"40 to 64","6-10km","car",6.09,0.15,1.05,1.05
"83190/1000",NA,83190,178,"50-54 years","female",20,652,"Work",484.974609375,484.974609375,"car",1.25,88,"weekday",1,"40 to 64",">10km","car",88,1.25,8.75,8.75
"83190/1000",NA,83190,178,"50-54 years","female",20,653,"Work",484.974609375,484.974609375,"car",1.33333333333333,88.11,"weekday",2,"40 to 64",">10km","car",88.11,1.33333333333333,9.33333333333333,9.33333333333333
"83190/1002",NA,83190,179,"20-24 years","male",20,654,"Work",967.1748046875,967.1748046875,"car",0.5,21.79,"weekday",1,"20 to 39",">10km","car",21.79,0.5,3.5,3.5
"83190/1002",NA,83190,179,"20-24 years","male",20,655,"Work",967.1748046875,967.1748046875,"car",0.5,21.74,"weekday",2,"20 to 39",">10km","car",21.74,0.5,3.5,3.5
"83191/1000",NA,83191,180,"55-59 years","female",20,656,"Work",468.386108398438,468.386108398438,"car",0.166666666666667,3.07,"weekday",1,"40 to 64","3-5km","bicycle",3.07,0.279090909090909,1.16666666666667,1.95363636363636
"83191/1000",NA,83191,180,"55-59 years","female",20,657,"Work",468.386108398438,468.386108398438,"car",0.166666666666667,3.11,"weekday",2,"40 to 64","3-5km","bicycle",3.11,0.282727272727273,1.16666666666667,1.97909090909091
"83191/1001",NA,83191,181,"55-59 years","male",20,658,"Work",493.582550048828,493.582550048828,"car",0.25,3.82,"weekday",1,"40 to 64","3-5km","bicycle",3.82,0.347272727272727,1.75,2.43090909090909
"83191/1001",NA,83191,181,"55-59 years","male",20,659,"Work",493.582550048828,493.582550048828,"car",0.416666666666667,4.64,"weekday",2,"40 to 64","3-5km","bicycle",4.64,0.421818181818182,2.91666666666667,2.95272727272727
"83191/1001",NA,83191,181,"55-59 years","male",20,660,"Work",493.582550048828,493.582550048828,"car",0.166666666666667,3.11,"weekday",3,"40 to 64","3-5km","bicycle",3.11,0.282727272727273,1.16666666666667,1.97909090909091
"83195/1000",NA,83195,182,"65-69 years","female",20,661,"Other",369.859771728516,369.859771728516,"car",0.166666666666667,3.11,"weekday",1,"65 plus","3-5km","bicycle",3.11,0.282727272727273,1.16666666666667,1.97909090909091
"83195/1000",NA,83195,182,"65-69 years","female",20,662,"Other",369.859771728516,369.859771728516,"car",0.166666666666667,3.13,"weekday",2,"65 plus","3-5km","bicycle",3.13,0.284545454545455,1.16666666666667,1.99181818181818
"83195/1000",NA,83195,182,"65-69 years","female",20,663,"Shopping",369.859771728516,369.859771728516,"car",0.166666666666667,2.48,"weekday",3,"65 plus","3-5km","bicycle",2.48,0.225454545454545,1.16666666666667,1.57818181818182
"83195/1000",NA,83195,182,"65-69 years","female",20,664,"Shopping",369.859771728516,369.859771728516,"car",0.166666666666667,2.57,"weekday",4,"65 plus","3-5km","bicycle",2.57,0.233636363636364,1.16666666666667,1.63545454545455
"83195/1001",NA,83195,183,"70-74 years","male",20,665,"Other",446.56103515625,446.56103515625,"car",2,144.11,"weekday",1,"65 plus",">10km","car",144.11,2,14,14
"83195/1002",NA,83195,184,"40-44 years","male",20,666,"Work",623.637145996094,623.637145996094,"car",0.166666666666667,3.11,"weekday",1,"40 to 64","3-5km","bicycle",3.11,0.282727272727273,1.16666666666667,1.97909090909091
"83195/1002",NA,83195,184,"40-44 years","male",20,667,"Work",623.637145996094,623.637145996094,"public.transport",0.45,18.67,"weekday",1,"40 to 64",">10km","public.transport",18.67,0.45,3.15,3.15
"83195/1002",NA,83195,184,"40-44 years","male",20,668,"Work",623.637145996094,623.637145996094,"walking",0.25,0.37,"weekday",1,"40 to 64","<1km","walking",0.37,0.25,1.75,1.75
"83195/1002",NA,83195,184,"40-44 years","male",20,669,"Work",623.637145996094,623.637145996094,"walking",0.25,0.37,"weekday",2,"40 to 64","<1km","walking",0.37,0.25,1.75,1.75
"83195/1002",NA,83195,184,"40-44 years","male",20,670,"Work",623.637145996094,623.637145996094,"public.transport",0.666666666666667,18.67,"weekday",2,"40 to 64",">10km","public.transport",18.67,0.666666666666667,4.66666666666667,4.66666666666667
"83195/1002",NA,83195,184,"40-44 years","male",20,671,"Work",623.637145996094,623.637145996094,"walking",0.333333333333333,2.07,"weekday",2,"40 to 64","3-5km","walking",2.07,0.333333333333333,2.33333333333333,2.33333333333333
"83198/1000",NA,83198,185,"65-69 years","male",20,672,"Leisure",351.451293945312,351.451293945312,"walking",0.166666666666667,0.85,"weekday",1,"65 plus","<1km","walking",0.85,0.166666666666667,1.16666666666667,1.16666666666667
"83198/1000",NA,83198,185,"65-69 years","male",20,673,"Leisure",351.451293945312,351.451293945312,"walking",0.166666666666667,0.85,"weekday",2,"65 plus","<1km","walking",0.85,0.166666666666667,1.16666666666667,1.16666666666667
"83198/1000",NA,83198,185,"65-69 years","male",20,674,"Shopping",351.451293945312,351.451293945312,"walking",0.25,2.44,"weekday",3,"65 plus","3-5km","walking",2.44,0.25,1.75,1.75
"83198/1000",NA,83198,185,"65-69 years","male",20,675,"Shopping",351.451293945312,351.451293945312,"walking",0.25,2.44,"weekday",4,"65 plus","3-5km","walking",2.44,0.25,1.75,1.75
"83198/1000",NA,83198,185,"65-69 years","male",20,676,"Leisure",351.451293945312,351.451293945312,"walking",0.166666666666667,0.28,"weekday",5,"65 plus","<1km","walking",0.28,0.166666666666667,1.16666666666667,1.16666666666667
"83198/1000",NA,83198,185,"65-69 years","male",20,677,"Leisure",351.451293945312,351.451293945312,"walking",0.166666666666667,0.28,"weekday",6,"65 plus","<1km","walking",0.28,0.166666666666667,1.16666666666667,1.16666666666667
"83198/1001",NA,83198,186,"65-69 years","female",20,678,"Shopping",304.822784423828,304.822784423828,"car",0.25,3.21,"weekday",1,"65 plus","3-5km","bicycle",3.21,0.291818181818182,1.75,2.04272727272727
"83198/1001",NA,83198,186,"65-69 years","female",20,679,"Shopping",304.822784423828,304.822784423828,"car",0.25,3.24,"weekday",2,"65 plus","3-5km","bicycle",3.24,0.294545454545455,1.75,2.06181818181818
"83199/1000",NA,83199,187,"45-49 years","female",20,680,"Other",848.014831542969,848.014831542969,"car",0.25,5.33,"weekday",1,"40 to 64","6-10km","car",5.33,0.25,1.75,1.75
"83199/1000",NA,83199,187,"45-49 years","female",20,681,"Other",848.014831542969,848.014831542969,"car",0.0833333333333333,2.24,"weekday",2,"40 to 64","3-5km","bicycle",2.24,0.203636363636364,0.583333333333333,1.42545454545455
"83199/1000",NA,83199,187,"45-49 years","female",20,682,"Work",848.014831542969,848.014831542969,"car",0.333333333333333,5.68,"weekday",3,"40 to 64","6-10km","car",5.68,0.333333333333333,2.33333333333333,2.33333333333333
"83199/1000",NA,83199,187,"45-49 years","female",20,683,"Work",848.014831542969,848.014831542969,"car",0.5,8.75,"weekday",4,"40 to 64","6-10km","car",8.75,0.5,3.5,3.5
"83199/1001",NA,83199,188,"45-49 years","male",20,684,"Work",708.6845703125,708.6845703125,"bicycle",0.25,2.41,"weekday",1,"40 to 64","3-5km","bicycle",2.41,0.25,1.75,1.75
"83199/1001",NA,83199,188,"45-49 years","male",20,685,"Work",708.6845703125,708.6845703125,"public.transport",0.666666666666667,21.35,"weekday",1,"40 to 64",">10km","public.transport",21.35,0.666666666666667,4.66666666666667,4.66666666666667
"83199/1001",NA,83199,188,"45-49 years","male",20,686,"Work",708.6845703125,708.6845703125,"walking",0.166666666666667,0.35,"weekday",1,"40 to 64","<1km","walking",0.35,0.166666666666667,1.16666666666667,1.16666666666667
"83199/1001",NA,83199,188,"45-49 years","male",20,687,"Work",708.6845703125,708.6845703125,"walking",0.166666666666667,0.35,"weekday",2,"40 to 64","<1km","walking",0.35,0.166666666666667,1.16666666666667,1.16666666666667
"83199/1001",NA,83199,188,"45-49 years","male",20,688,"Work",708.6845703125,708.6845703125,"public.transport",0.833333333333333,21.35,"weekday",2,"40 to 64",">10km","public.transport",21.35,0.833333333333333,5.83333333333333,5.83333333333333
"83199/1001",NA,83199,188,"45-49 years","male",20,689,"Work",708.6845703125,708.6845703125,"bicycle",0.25,2.41,"weekday",2,"40 to 64","3-5km","bicycle",2.41,0.25,1.75,1.75
"83199/1001",NA,83199,188,"45-49 years","male",20,690,"Other",708.6845703125,708.6845703125,"car",0.25,5.33,"weekday",3,"40 to 64","6-10km","car",5.33,0.25,1.75,1.75
"83199/1001",NA,83199,188,"45-49 years","male",20,691,"Other",708.6845703125,708.6845703125,"car",0.25,4.73,"weekday",4,"40 to 64","3-5km","bicycle",4.73,0.43,1.75,3.01
"83199/1001",NA,83199,188,"45-49 years","male",20,692,"Other",708.6845703125,708.6845703125,"car",0.25,4.75,"weekday",5,"40 to 64","3-5km","bicycle",4.75,0.431818181818182,1.75,3.02272727272727
"83199/1001",NA,83199,188,"45-49 years","male",20,693,"Other",708.6845703125,708.6845703125,"car",0.25,4.14,"weekday",6,"40 to 64","3-5km","bicycle",4.14,0.376363636363636,1.75,2.63454545454545
"83199/1003",NA,83199,189,"15-19 years","female",20,694,"Other",659.454467773438,659.454467773438,"car",0.25,5.33,"weekday",1,"15 to 19","6-10km","car",5.33,0.25,1.75,1.75
"83199/1003",NA,83199,189,"15-19 years","female",20,695,"Education",659.454467773438,659.454467773438,"car",0.0833333333333333,2.24,"weekday",2,"15 to 19","3-5km","bicycle",2.24,0.203636363636364,0.583333333333333,1.42545454545455
"83199/1003",NA,83199,189,"15-19 years","female",20,696,"Education",659.454467773438,659.454467773438,"car",0.25,4.14,"weekday",3,"15 to 19","3-5km","bicycle",4.14,0.376363636363636,1.75,2.63454545454545
"83201/1000",NA,83201,190,"45-49 years","male",20,697,"Other",127.12606048584,127.12606048584,"car",0.166666666666667,7.69,"weekday",1,"40 to 64","6-10km","car",7.69,0.166666666666667,1.16666666666667,1.16666666666667
"83201/1000",NA,83201,190,"45-49 years","male",20,698,"Other",127.12606048584,127.12606048584,"car",0.166666666666667,7.7,"weekday",2,"40 to 64","6-10km","car",7.7,0.166666666666667,1.16666666666667,1.16666666666667
"83201/1001",NA,83201,191,"45-49 years","female",20,699,"Other",173.53498840332,173.53498840332,"car",0.333333333333333,9.85,"weekday",1,"40 to 64","6-10km","car",9.85,0.333333333333333,2.33333333333333,2.33333333333333
"83201/1001",NA,83201,191,"45-49 years","female",20,700,"Other",173.53498840332,173.53498840332,"car",0.416666666666667,9.94,"weekday",2,"40 to 64","6-10km","car",9.94,0.416666666666667,2.91666666666667,2.91666666666667
"83201/1001",NA,83201,191,"45-49 years","female",20,701,"Other",173.53498840332,173.53498840332,"car",0.5,9.85,"weekday",3,"40 to 64","6-10km","car",9.85,0.5,3.5,3.5
"83201/1001",NA,83201,191,"45-49 years","female",20,702,"Other",173.53498840332,173.53498840332,"car",0.333333333333333,9.94,"weekday",4,"40 to 64","6-10km","car",9.94,0.333333333333333,2.33333333333333,2.33333333333333
"83203/1000",NA,83203,192,"20-24 years","female",20,703,"Work",143.811325073242,143.811325073242,"car",1,30.44,"weekday",1,"20 to 39",">10km","car",30.44,1,7,7
"83203/1000",NA,83203,192,"20-24 years","female",20,704,"Work",143.811325073242,143.811325073242,"car",1,30.68,"weekday",2,"20 to 39",">10km","car",30.68,1,7,7
"83203/1001",NA,83203,193,"25-29 years","male",20,705,"Work",213.285980224609,213.285980224609,"car",0.25,7.78,"weekday",1,"20 to 39","6-10km","car",7.78,0.25,1.75,1.75
"83203/1001",NA,83203,193,"25-29 years","male",20,706,"Work",213.285980224609,213.285980224609,"car",0.25,7.74,"weekday",2,"20 to 39","6-10km","car",7.74,0.25,1.75,1.75
"83205/1000",NA,83205,194,"80-84 years","male",20,707,"Shopping",85.9947814941406,85.9947814941406,"car",0.166666666666667,6.43,"weekday",1,"65 plus","6-10km","car",6.43,0.166666666666667,1.16666666666667,1.16666666666667
"83205/1000",NA,83205,194,"80-84 years","male",20,708,"Shopping",85.9947814941406,85.9947814941406,"car",0.333333333333333,6.39,"weekday",2,"65 plus","6-10km","car",6.39,0.333333333333333,2.33333333333333,2.33333333333333
"83205/1001",NA,83205,195,"75-79 years","female",20,709,"Shopping",102.54719543457,102.54719543457,"car",0.166666666666667,6.43,"weekday",1,"65 plus","6-10km","car",6.43,0.166666666666667,1.16666666666667,1.16666666666667
"83205/1001",NA,83205,195,"75-79 years","female",20,710,"Shopping",102.54719543457,102.54719543457,"car",0.333333333333333,6.39,"weekday",2,"65 plus","6-10km","car",6.39,0.333333333333333,2.33333333333333,2.33333333333333
"83207/1000",NA,83207,196,"70-74 years","female",20,711,"Leisure",148.091735839844,148.091735839844,"walking",0.5,1.6,"weekday",1,"65 plus","1-2km","walking",1.6,0.5,3.5,3.5
"83207/1000",NA,83207,196,"70-74 years","female",20,712,"Leisure",148.091735839844,148.091735839844,"walking",0.5,1.6,"weekday",2,"65 plus","1-2km","walking",1.6,0.5,3.5,3.5
"83207/1000",NA,83207,196,"70-74 years","female",20,713,"Shopping",148.091735839844,148.091735839844,"car",0.25,5.48,"weekday",3,"65 plus","6-10km","car",5.48,0.25,1.75,1.75
"83207/1000",NA,83207,196,"70-74 years","female",20,714,"Shopping",148.091735839844,148.091735839844,"car",0.416666666666667,14.5,"weekday",4,"65 plus",">10km","car",14.5,0.416666666666667,2.91666666666667,2.91666666666667
"83207/1000",NA,83207,196,"70-74 years","female",20,715,"Other",148.091735839844,148.091735839844,"car",0.5,5.56,"weekday",5,"65 plus","6-10km","car",5.56,0.5,3.5,3.5
"83207/1000",NA,83207,196,"70-74 years","female",20,716,"Other",148.091735839844,148.091735839844,"car",0.5,18.31,"weekday",6,"65 plus",">10km","car",18.31,0.5,3.5,3.5
"83207/1000",NA,83207,196,"70-74 years","female",20,717,"Other",148.091735839844,148.091735839844,"car",0.333333333333333,6.77,"weekday",7,"65 plus","6-10km","car",6.77,0.333333333333333,2.33333333333333,2.33333333333333
"83207/1001",NA,83207,197,"75-79 years","male",20,718,"Shopping",121.247848510742,121.247848510742,"car",0.25,5.48,"weekday",1,"65 plus","6-10km","car",5.48,0.25,1.75,1.75
"83207/1001",NA,83207,197,"75-79 years","male",20,719,"Shopping",121.247848510742,121.247848510742,"car",0.416666666666667,14.5,"weekday",2,"65 plus",">10km","car",14.5,0.416666666666667,2.91666666666667,2.91666666666667
"83207/1001",NA,83207,197,"75-79 years","male",20,720,"Other",121.247848510742,121.247848510742,"car",0.5,5.56,"weekday",3,"65 plus","6-10km","car",5.56,0.5,3.5,3.5
"83207/1001",NA,83207,197,"75-79 years","male",20,721,"Other",121.247848510742,121.247848510742,"car",0.5,18.31,"weekday",4,"65 plus",">10km","car",18.31,0.5,3.5,3.5
"83207/1001",NA,83207,197,"75-79 years","male",20,722,"Other",121.247848510742,121.247848510742,"car",0.333333333333333,6.77,"weekday",5,"65 plus","6-10km","car",6.77,0.333333333333333,2.33333333333333,2.33333333333333
"83209/1001",NA,83209,198,"70-74 years","male",20,723,"Leisure",123.979629516602,123.979629516602,"car",0.5,18.42,"weekday",1,"65 plus",">10km","car",18.42,0.5,3.5,3.5
"83209/1001",NA,83209,198,"70-74 years","male",20,724,"Leisure",123.979629516602,123.979629516602,"car",0.5,18.48,"weekday",2,"65 plus",">10km","car",18.48,0.5,3.5,3.5
"83214/1001",NA,83214,199,"50-54 years","male",20,725,"Other",205.661956787109,205.661956787109,"car",0.583333333333333,11.7,"weekday",1,"40 to 64",">10km","car",11.7,0.583333333333333,4.08333333333333,4.08333333333333
"83214/1001",NA,83214,199,"50-54 years","male",20,726,"Shopping",205.661956787109,205.661956787109,"car",0.25,1.73,"weekday",2,"40 to 64","1-2km","bicycle",1.73,0.157272727272727,1.75,1.10090909090909
"83214/1001",NA,83214,199,"50-54 years","male",20,727,"Shopping",205.661956787109,205.661956787109,"car",0.583333333333333,11.78,"weekday",3,"40 to 64",">10km","car",11.78,0.583333333333333,4.08333333333333,4.08333333333333
"83214/1001",NA,83214,199,"50-54 years","male",20,728,"Other",205.661956787109,205.661956787109,"car",0.5,11.7,"weekday",4,"40 to 64",">10km","car",11.7,0.5,3.5,3.5
"83214/1001",NA,83214,199,"50-54 years","male",20,729,"Other",205.661956787109,205.661956787109,"car",0.416666666666667,11.77,"weekday",5,"40 to 64",">10km","car",11.77,0.416666666666667,2.91666666666667,2.91666666666667
"83214/1002",NA,83214,200,"20-24 years","female",20,730,"Other",251.227233886719,251.227233886719,"car",0.416666666666667,12.36,"weekday",1,"20 to 39",">10km","car",12.36,0.416666666666667,2.91666666666667,2.91666666666667
"83214/1002",NA,83214,200,"20-24 years","female",20,731,"Other",251.227233886719,251.227233886719,"car",0.5,12.62,"weekday",2,"20 to 39",">10km","car",12.62,0.5,3.5,3.5
"83215/1000",NA,83215,201,"45-49 years","female",20,732,"Work",253.594482421875,253.594482421875,"car",0.216666666666667,6.49,"weekday",1,"40 to 64","6-10km","car",6.49,0.216666666666667,1.51666666666667,1.51666666666667
"83215/1000",NA,83215,201,"45-49 years","female",20,733,"Work",253.594482421875,253.594482421875,"car",0.25,6.5,"weekday",2,"40 to 64","6-10km","car",6.5,0.25,1.75,1.75
"83216/1001",NA,83216,202,"30-34 years","male",20,734,"Other",139.366546630859,139.366546630859,"car",0.25,8.61,"weekday",1,"20 to 39","6-10km","car",8.61,0.25,1.75,1.75
"83216/1001",NA,83216,202,"30-34 years","male",20,735,"Work",139.366546630859,139.366546630859,"car",0.25,10.14,"weekday",2,"20 to 39",">10km","car",10.14,0.25,1.75,1.75
"83216/1001",NA,83216,202,"30-34 years","male",20,736,"Other",139.366546630859,139.366546630859,"car",0.25,10.16,"weekday",3,"20 to 39",">10km","car",10.16,0.25,1.75,1.75
"83216/1001",NA,83216,202,"30-34 years","male",20,737,"Other",139.366546630859,139.366546630859,"car",0.25,8.59,"weekday",4,"20 to 39","6-10km","car",8.59,0.25,1.75,1.75
"83223/1000",NA,83223,203,"40-44 years","female",20,738,"Other",315.374176025391,315.374176025391,"car",0.666666666666667,14.47,"weekday",1,"40 to 64",">10km","car",14.47,0.666666666666667,4.66666666666667,4.66666666666667
"83223/1000",NA,83223,203,"40-44 years","female",20,739,"Other",315.374176025391,315.374176025391,"car",0.333333333333333,12.18,"weekday",2,"40 to 64",">10km","car",12.18,0.333333333333333,2.33333333333333,2.33333333333333
"83223/1000",NA,83223,203,"40-44 years","female",20,740,"Work",315.374176025391,315.374176025391,"car",0.333333333333333,6.53,"weekday",3,"40 to 64","6-10km","car",6.53,0.333333333333333,2.33333333333333,2.33333333333333
"83223/1000",NA,83223,203,"40-44 years","female",20,741,"Other",315.374176025391,315.374176025391,"car",0.25,8.16,"weekday",4,"40 to 64","6-10km","car",8.16,0.25,1.75,1.75
"83223/1000",NA,83223,203,"40-44 years","female",20,742,"Other",315.374176025391,315.374176025391,"car",0.5,12.18,"weekday",5,"40 to 64",">10km","car",12.18,0.5,3.5,3.5
"83223/1000",NA,83223,203,"40-44 years","female",20,743,"Other",315.374176025391,315.374176025391,"car",0.25,3.97,"weekday",6,"40 to 64","3-5km","bicycle",3.97,0.360909090909091,1.75,2.52636363636364
"83223/1001",NA,83223,204,"15-19 years","female",20,744,"Education",282.893920898438,282.893920898438,"car",0.666666666666667,14.47,"weekday",1,"15 to 19",">10km","car",14.47,0.666666666666667,4.66666666666667,4.66666666666667
"83223/1001",NA,83223,204,"15-19 years","female",20,745,"Other",282.893920898438,282.893920898438,"car",0.5,12.18,"weekday",2,"15 to 19",">10km","car",12.18,0.5,3.5,3.5
"83223/1001",NA,83223,204,"15-19 years","female",20,746,"Other",282.893920898438,282.893920898438,"car",0.25,3.97,"weekday",3,"15 to 19","3-5km","bicycle",3.97,0.360909090909091,1.75,2.52636363636364
"83225/1000",NA,83225,205,"50-54 years","female",20,747,"Work",176.780258178711,176.780258178711,"car",0.25,7.82,"weekday",1,"40 to 64","6-10km","car",7.82,0.25,1.75,1.75
"83225/1000",NA,83225,205,"50-54 years","female",20,748,"Work",176.780258178711,176.780258178711,"car",0.333333333333333,7.78,"weekday",2,"40 to 64","6-10km","car",7.78,0.333333333333333,2.33333333333333,2.33333333333333
"83225/1001",NA,83225,206,"55-59 years","male",20,749,"Work",199.032653808594,199.032653808594,"car",0.166666666666667,2.6,"weekday",1,"40 to 64","3-5km","bicycle",2.6,0.236363636363636,1.16666666666667,1.65454545454545
"83225/1001",NA,83225,206,"55-59 years","male",20,750,"Other",199.032653808594,199.032653808594,"public.transport",0.25,6.98,"weekday",2,"40 to 64","6-10km","public.transport",6.98,0.25,1.75,1.75
"83225/1001",NA,83225,206,"55-59 years","male",20,751,"Work",199.032653808594,199.032653808594,"public.transport",0.333333333333333,7.51,"weekday",3,"40 to 64","6-10km","public.transport",7.51,0.333333333333333,2.33333333333333,2.33333333333333
"83225/1001",NA,83225,206,"55-59 years","male",20,752,"Work",199.032653808594,199.032653808594,"car",0.166666666666667,2.6,"weekday",4,"40 to 64","3-5km","bicycle",2.6,0.236363636363636,1.16666666666667,1.65454545454545
"83225/1001",NA,83225,206,"55-59 years","male",20,753,"Work",199.032653808594,199.032653808594,"car",0.166666666666667,2.6,"weekday",5,"40 to 64","3-5km","bicycle",2.6,0.236363636363636,1.16666666666667,1.65454545454545
"83225/1001",NA,83225,206,"55-59 years","male",20,754,"Other",199.032653808594,199.032653808594,"public.transport",0.166666666666667,7.34,"weekday",6,"40 to 64","6-10km","public.transport",7.34,0.166666666666667,1.16666666666667,1.16666666666667
"83225/1001",NA,83225,206,"55-59 years","male",20,755,"Other",199.032653808594,199.032653808594,"public.transport",0.25,5.36,"weekday",7,"40 to 64","6-10km","public.transport",5.36,0.25,1.75,1.75
"83227/1000",NA,83227,207,"25-29 years","male",20,756,"Work",213.285980224609,213.285980224609,"car",0.25,13.44,"weekday",1,"20 to 39",">10km","car",13.44,0.25,1.75,1.75
"83227/1000",NA,83227,207,"25-29 years","male",20,757,"Work",213.285980224609,213.285980224609,"car",0.25,13.34,"weekday",2,"20 to 39",">10km","car",13.34,0.25,1.75,1.75
"83227/1000",NA,83227,207,"25-29 years","male",20,758,"Work",213.285980224609,213.285980224609,"car",0.25,13.44,"weekday",3,"20 to 39",">10km","car",13.44,0.25,1.75,1.75
"83227/1000",NA,83227,207,"25-29 years","male",20,759,"Work",213.285980224609,213.285980224609,"car",0.25,13.34,"weekday",4,"20 to 39",">10km","car",13.34,0.25,1.75,1.75
"83227/1001",NA,83227,208,"25-29 years","female",20,760,"Work",178.791854858398,178.791854858398,"car",1.5,43.15,"weekday",1,"20 to 39",">10km","car",43.15,1.5,10.5,10.5
"83227/1001",NA,83227,208,"25-29 years","female",20,761,"Work",178.791854858398,178.791854858398,"car",1,42.95,"weekday",2,"20 to 39",">10km","car",42.95,1,7,7
"83228/1000",NA,83228,209,"70-74 years","female",20,762,"Leisure",216.413101196289,216.413101196289,"car",0.166666666666667,7.03,"weekday",1,"65 plus","6-10km","car",7.03,0.166666666666667,1.16666666666667,1.16666666666667
"83228/1000",NA,83228,209,"70-74 years","female",20,763,"Leisure",216.413101196289,216.413101196289,"car",0.333333333333333,7.09,"weekday",2,"65 plus","6-10km","car",7.09,0.333333333333333,2.33333333333333,2.33333333333333
"83228/1002",NA,83228,210,"30-34 years","male",20,764,"Work",203.662582397461,203.662582397461,"car",0.75,42.99,"weekday",1,"20 to 39",">10km","car",42.99,0.75,5.25,5.25
"83228/1002",NA,83228,210,"30-34 years","male",20,765,"Work",203.662582397461,203.662582397461,"car",1,42.76,"weekday",2,"20 to 39",">10km","car",42.76,1,7,7
"83230/1000",NA,83230,211,"45-49 years","male",20,766,"Work",156.624847412109,156.624847412109,"car",0.583333333333333,28.42,"weekday",1,"40 to 64",">10km","car",28.42,0.583333333333333,4.08333333333333,4.08333333333333
"83230/1000",NA,83230,211,"45-49 years","male",20,767,"Work",156.624847412109,156.624847412109,"car",0.5,25.97,"weekday",2,"40 to 64",">10km","car",25.97,0.5,3.5,3.5
"83232/1000",NA,83232,212,"55-59 years","female",20,768,"Work",153.390121459961,153.390121459961,"car",0.333333333333333,11.58,"weekday",1,"40 to 64",">10km","car",11.58,0.333333333333333,2.33333333333333,2.33333333333333
"83232/1000",NA,83232,212,"55-59 years","female",20,769,"Shopping",153.390121459961,153.390121459961,"car",0.333333333333333,9.71,"weekday",2,"40 to 64","6-10km","car",9.71,0.333333333333333,2.33333333333333,2.33333333333333
"83232/1000",NA,83232,212,"55-59 years","female",20,770,"Shopping",153.390121459961,153.390121459961,"car",0.0833333333333333,1.01,"weekday",3,"40 to 64","1-2km","bicycle",1.01,0.0918181818181818,0.583333333333333,0.642727272727273
"83233/1001",NA,83233,213,"55-59 years","male",20,771,"Work",136.198272705078,136.198272705078,"car",0.666666666666667,24.27,"weekday",1,"40 to 64",">10km","car",24.27,0.666666666666667,4.66666666666667,4.66666666666667
"83233/1001",NA,83233,213,"55-59 years","male",20,772,"Work",136.198272705078,136.198272705078,"car",0.5,22.85,"weekday",2,"40 to 64",">10km","car",22.85,0.5,3.5,3.5
"83235/1000",NA,83235,214,"55-59 years","male",20,773,"Work",136.198272705078,136.198272705078,"car",0.5,15.52,"weekday",1,"40 to 64",">10km","car",15.52,0.5,3.5,3.5
"83235/1000",NA,83235,214,"55-59 years","male",20,774,"Work",136.198272705078,136.198272705078,"car",0.65,25.04,"weekday",2,"40 to 64",">10km","car",25.04,0.65,4.55,4.55
"83235/1000",NA,83235,214,"55-59 years","male",20,775,"Leisure",136.198272705078,136.198272705078,"car",0.933333333333333,28.82,"weekday",3,"40 to 64",">10km","car",28.82,0.933333333333333,6.53333333333333,6.53333333333333
"83235/1000",NA,83235,214,"55-59 years","male",20,776,"Leisure",136.198272705078,136.198272705078,"car",0.15,2.68,"weekday",4,"40 to 64","3-5km","bicycle",2.68,0.243636363636364,1.05,1.70545454545455
"83235/1001",NA,83235,215,"50-54 years","female",20,777,"Leisure",120.97093963623,120.97093963623,"car",0.5,11.64,"weekday",1,"40 to 64",">10km","car",11.64,0.5,3.5,3.5
"83235/1001",NA,83235,215,"50-54 years","female",20,778,"Leisure",120.97093963623,120.97093963623,"car",0.5,11.13,"weekday",2,"40 to 64",">10km","car",11.13,0.5,3.5,3.5
"83237/1000",NA,83237,216,"65-69 years","male",20,779,"Shopping",136.799423217773,136.799423217773,"car",0.166666666666667,2.64,"weekday",1,"65 plus","3-5km","bicycle",2.64,0.24,1.16666666666667,1.68
"83237/1000",NA,83237,216,"65-69 years","male",20,780,"Shopping",136.799423217773,136.799423217773,"car",0.05,2.62,"weekday",2,"65 plus","3-5km","bicycle",2.62,0.238181818181818,0.35,1.66727272727273
"83237/1001",NA,83237,217,"60-64 years","female",20,781,"Work",166.379119873047,166.379119873047,"car",0.0833333333333333,2.08,"weekday",1,"40 to 64","3-5km","bicycle",2.08,0.189090909090909,0.583333333333333,1.32363636363636
"83237/1001",NA,83237,217,"60-64 years","female",20,782,"Work",166.379119873047,166.379119873047,"car",0.1,1.74,"weekday",2,"40 to 64","1-2km","bicycle",1.74,0.158181818181818,0.7,1.10727272727273
"83237/1001",NA,83237,217,"60-64 years","female",20,783,"Work",166.379119873047,166.379119873047,"car",0.116666666666667,2.08,"weekday",3,"40 to 64","3-5km","bicycle",2.08,0.189090909090909,0.816666666666667,1.32363636363636
"83237/1001",NA,83237,217,"60-64 years","female",20,784,"Work",166.379119873047,166.379119873047,"car",0.166666666666667,1.74,"weekday",4,"40 to 64","1-2km","bicycle",1.74,0.158181818181818,1.16666666666667,1.10727272727273
"83239/1000",NA,83239,218,"50-54 years","female",20,785,"Other",256.582946777344,256.582946777344,"car",0.25,8.82,"weekday",1,"40 to 64","6-10km","car",8.82,0.25,1.75,1.75
"83239/1000",NA,83239,218,"50-54 years","female",20,786,"Other",256.582946777344,256.582946777344,"car",0.25,7.57,"weekday",2,"40 to 64","6-10km","car",7.57,0.25,1.75,1.75
"83239/1000",NA,83239,218,"50-54 years","female",20,787,"Other",256.582946777344,256.582946777344,"car",0.25,8.82,"weekday",3,"40 to 64","6-10km","car",8.82,0.25,1.75,1.75
"83239/1000",NA,83239,218,"50-54 years","female",20,788,"Other",256.582946777344,256.582946777344,"car",0.25,7.57,"weekday",4,"40 to 64","6-10km","car",7.57,0.25,1.75,1.75
"83239/1001",NA,83239,219,"55-59 years","male",20,789,"Work",288.880584716797,288.880584716797,"car",0.666666666666667,32.54,"weekday",1,"40 to 64",">10km","car",32.54,0.666666666666667,4.66666666666667,4.66666666666667
"83239/1001",NA,83239,219,"55-59 years","male",20,790,"Work",288.880584716797,288.880584716797,"car",0.666666666666667,30.57,"weekday",2,"40 to 64",">10km","car",30.57,0.666666666666667,4.66666666666667,4.66666666666667
"83239/1002",NA,83239,220,"20-24 years","male",20,791,"Leisure",288.192535400391,288.192535400391,"car",0.25,9.43,"weekday",1,"20 to 39","6-10km","car",9.43,0.25,1.75,1.75
"83239/1002",NA,83239,220,"20-24 years","male",20,792,"Leisure",288.192535400391,288.192535400391,"car",0.25,8.46,"weekday",2,"20 to 39","6-10km","car",8.46,0.25,1.75,1.75
"83239/1002",NA,83239,220,"20-24 years","male",20,793,"Work",288.192535400391,288.192535400391,"car",0.416666666666667,19.74,"weekday",3,"20 to 39",">10km","car",19.74,0.416666666666667,2.91666666666667,2.91666666666667
"83239/1002",NA,83239,220,"20-24 years","male",20,794,"Work",288.192535400391,288.192535400391,"car",0.333333333333333,18.1,"weekday",4,"20 to 39",">10km","car",18.1,0.333333333333333,2.33333333333333,2.33333333333333
"83239/1003",NA,83239,221,"15-19 years","male",20,795,"Education",317.808868408203,317.808868408203,"car",0.25,8.82,"weekday",1,"15 to 19","6-10km","car",8.82,0.25,1.75,1.75
"83239/1003",NA,83239,221,"15-19 years","male",20,796,"Education",317.808868408203,317.808868408203,"car",0.25,7.57,"weekday",2,"15 to 19","6-10km","car",7.57,0.25,1.75,1.75
"83239/1004",NA,83239,222,"15-19 years","female",20,797,"Education",282.893920898438,282.893920898438,"car",0.25,8.82,"weekday",1,"15 to 19","6-10km","car",8.82,0.25,1.75,1.75
"83239/1004",NA,83239,222,"15-19 years","female",20,798,"Education",282.893920898438,282.893920898438,"car",0.25,7.57,"weekday",2,"15 to 19","6-10km","car",7.57,0.25,1.75,1.75
"83240/1000",NA,83240,223,"25-29 years","female",20,799,"Other",312.335510253906,312.335510253906,"car",0.166666666666667,2.38,"weekday",1,"20 to 39","3-5km","bicycle",2.38,0.216363636363636,1.16666666666667,1.51454545454545
"83240/1000",NA,83240,223,"25-29 years","female",20,800,"Other",312.335510253906,312.335510253906,"car",0.166666666666667,1.76,"weekday",2,"20 to 39","1-2km","bicycle",1.76,0.16,1.16666666666667,1.12
"83240/1000",NA,83240,223,"25-29 years","female",20,801,"Other",312.335510253906,312.335510253906,"car",0.166666666666667,2.94,"weekday",3,"20 to 39","3-5km","bicycle",2.94,0.267272727272727,1.16666666666667,1.87090909090909
"83240/1000",NA,83240,223,"25-29 years","female",20,802,"Other",312.335510253906,312.335510253906,"car",0.133333333333333,2.33,"weekday",4,"20 to 39","3-5km","bicycle",2.33,0.211818181818182,0.933333333333333,1.48272727272727
"83240/1000",NA,83240,223,"25-29 years","female",20,803,"Other",312.335510253906,312.335510253906,"car",0.116666666666667,1.76,"weekday",5,"20 to 39","1-2km","bicycle",1.76,0.16,0.816666666666667,1.12
"83240/1000",NA,83240,223,"25-29 years","female",20,804,"Shopping",312.335510253906,312.335510253906,"car",0.0333333333333333,0.52,"weekday",6,"20 to 39","<1km","bicycle",0.52,0.0472727272727273,0.233333333333333,0.330909090909091
"83240/1000",NA,83240,223,"25-29 years","female",20,805,"Shopping",312.335510253906,312.335510253906,"car",0.0333333333333333,0.48,"weekday",7,"20 to 39","<1km","bicycle",0.48,0.0436363636363636,0.233333333333333,0.305454545454545
"83240/1001",NA,83240,224,"30-34 years","male",20,806,"Other",243.462539672852,243.462539672852,"car",0.166666666666667,2.38,"weekday",1,"20 to 39","3-5km","bicycle",2.38,0.216363636363636,1.16666666666667,1.51454545454545
"83240/1001",NA,83240,224,"30-34 years","male",20,807,"Other",243.462539672852,243.462539672852,"car",0.166666666666667,1.76,"weekday",2,"20 to 39","1-2km","bicycle",1.76,0.16,1.16666666666667,1.12
"83240/1001",NA,83240,224,"30-34 years","male",20,808,"Shopping",243.462539672852,243.462539672852,"car",0.166666666666667,2.94,"weekday",3,"20 to 39","3-5km","bicycle",2.94,0.267272727272727,1.16666666666667,1.87090909090909
"83240/1001",NA,83240,224,"30-34 years","male",20,809,"Other",243.462539672852,243.462539672852,"car",0.133333333333333,2.33,"weekday",4,"20 to 39","3-5km","bicycle",2.33,0.211818181818182,0.933333333333333,1.48272727272727
"83240/1001",NA,83240,224,"30-34 years","male",20,810,"Other",243.462539672852,243.462539672852,"car",0.116666666666667,1.76,"weekday",5,"20 to 39","1-2km","bicycle",1.76,0.16,0.816666666666667,1.12
"83241/1000",NA,83241,225,"50-54 years","female",20,811,"Other",211.326843261719,211.326843261719,"car",0.0333333333333333,0.55,"weekday",1,"40 to 64","<1km","bicycle",0.55,0.05,0.233333333333333,0.35
"83241/1000",NA,83241,225,"50-54 years","female",20,812,"Other",211.326843261719,211.326843261719,"car",0.166666666666667,1.83,"weekday",2,"40 to 64","1-2km","bicycle",1.83,0.166363636363636,1.16666666666667,1.16454545454545
"83241/1000",NA,83241,225,"50-54 years","female",20,813,"Other",211.326843261719,211.326843261719,"car",0.166666666666667,2.17,"weekday",3,"40 to 64","3-5km","bicycle",2.17,0.197272727272727,1.16666666666667,1.38090909090909
"83241/1000",NA,83241,225,"50-54 years","female",20,814,"Leisure",211.326843261719,211.326843261719,"car",0.166666666666667,5.33,"weekday",4,"40 to 64","6-10km","car",5.33,0.166666666666667,1.16666666666667,1.16666666666667
"83241/1000",NA,83241,225,"50-54 years","female",20,815,"Leisure",211.326843261719,211.326843261719,"car",0.333333333333333,6.1,"weekday",5,"40 to 64","6-10km","car",6.1,0.333333333333333,2.33333333333333,2.33333333333333
"83241/1000",NA,83241,225,"50-54 years","female",20,816,"Other",211.326843261719,211.326843261719,"car",0.166666666666667,7.03,"weekday",6,"40 to 64","6-10km","car",7.03,0.166666666666667,1.16666666666667,1.16666666666667
"83241/1000",NA,83241,225,"50-54 years","female",20,817,"Other",211.326843261719,211.326843261719,"car",0.0833333333333333,5.26,"weekday",7,"40 to 64","6-10km","car",5.26,0.0833333333333333,0.583333333333333,0.583333333333333
"83241/1000",NA,83241,225,"50-54 years","female",20,818,"Other",211.326843261719,211.326843261719,"car",0.166666666666667,4.16,"weekday",8,"40 to 64","3-5km","bicycle",4.16,0.378181818181818,1.16666666666667,2.64727272727273
"83241/1000",NA,83241,225,"50-54 years","female",20,819,"Other",211.326843261719,211.326843261719,"car",0.166666666666667,2.3,"weekday",9,"40 to 64","3-5km","bicycle",2.3,0.209090909090909,1.16666666666667,1.46363636363636
"83241/1000",NA,83241,225,"50-54 years","female",20,820,"Other",211.326843261719,211.326843261719,"car",0.0833333333333333,2.17,"weekday",10,"40 to 64","3-5km","bicycle",2.17,0.197272727272727,0.583333333333333,1.38090909090909
"83244/1000",NA,83244,226,"50-54 years","female",20,821,"Leisure",256.582946777344,256.582946777344,"walking",0.25,0.99,"weekday",1,"40 to 64","<1km","walking",0.99,0.25,1.75,1.75
"83244/1000",NA,83244,226,"50-54 years","female",20,822,"Leisure",256.582946777344,256.582946777344,"walking",0.25,0.99,"weekday",2,"40 to 64","<1km","walking",0.99,0.25,1.75,1.75
"83244/1000",NA,83244,226,"50-54 years","female",20,823,"Other",256.582946777344,256.582946777344,"car",0.166666666666667,4.09,"weekday",3,"40 to 64","3-5km","bicycle",4.09,0.371818181818182,1.16666666666667,2.60272727272727
"83244/1000",NA,83244,226,"50-54 years","female",20,824,"Other",256.582946777344,256.582946777344,"car",0.0833333333333333,2.56,"weekday",4,"40 to 64","3-5km","bicycle",2.56,0.232727272727273,0.583333333333333,1.62909090909091
"83244/1000",NA,83244,226,"50-54 years","female",20,825,"Other",256.582946777344,256.582946777344,"car",0.25,5.96,"weekday",5,"40 to 64","6-10km","car",5.96,0.25,1.75,1.75
"83244/1000",NA,83244,226,"50-54 years","female",20,826,"Other",256.582946777344,256.582946777344,"car",0.166666666666667,4.61,"weekday",6,"40 to 64","3-5km","bicycle",4.61,0.419090909090909,1.16666666666667,2.93363636363636
"83244/1000",NA,83244,226,"50-54 years","female",20,827,"Other",256.582946777344,256.582946777344,"car",0.0833333333333333,4.09,"weekday",7,"40 to 64","3-5km","bicycle",4.09,0.371818181818182,0.583333333333333,2.60272727272727
"83244/1000",NA,83244,226,"50-54 years","female",20,828,"Other",256.582946777344,256.582946777344,"car",0.0833333333333333,2.05,"weekday",8,"40 to 64","3-5km","bicycle",2.05,0.186363636363636,0.583333333333333,1.30454545454545
"83244/1000",NA,83244,226,"50-54 years","female",20,829,"Work",256.582946777344,256.582946777344,"car",0.333333333333333,26.8,"weekday",9,"40 to 64",">10km","car",26.8,0.333333333333333,2.33333333333333,2.33333333333333
"83244/1000",NA,83244,226,"50-54 years","female",20,830,"Work",256.582946777344,256.582946777344,"car",0.5,25,"weekday",10,"40 to 64",">10km","car",25,0.5,3.5,3.5
"83244/1001",NA,83244,227,"55-59 years","male",20,831,"Leisure",288.880584716797,288.880584716797,"walking",0.25,0.99,"weekday",1,"40 to 64","<1km","walking",0.99,0.25,1.75,1.75
"83244/1001",NA,83244,227,"55-59 years","male",20,832,"Leisure",288.880584716797,288.880584716797,"walking",0.25,0.99,"weekday",2,"40 to 64","<1km","walking",0.99,0.25,1.75,1.75
"83244/1001",NA,83244,227,"55-59 years","male",20,833,"Shopping",288.880584716797,288.880584716797,"car",0.166666666666667,4.59,"weekday",3,"40 to 64","3-5km","bicycle",4.59,0.417272727272727,1.16666666666667,2.92090909090909
"83244/1001",NA,83244,227,"55-59 years","male",20,834,"Shopping",288.880584716797,288.880584716797,"car",0.166666666666667,3.19,"weekday",4,"40 to 64","3-5km","bicycle",3.19,0.29,1.16666666666667,2.03
"83244/1001",NA,83244,227,"55-59 years","male",20,835,"Other",288.880584716797,288.880584716797,"car",0.166666666666667,1.32,"weekday",5,"40 to 64","1-2km","bicycle",1.32,0.12,1.16666666666667,0.84
"83244/1001",NA,83244,227,"55-59 years","male",20,836,"Other",288.880584716797,288.880584716797,"car",0.166666666666667,1.41,"weekday",6,"40 to 64","1-2km","bicycle",1.41,0.128181818181818,1.16666666666667,0.897272727272727
"83244/1001",NA,83244,227,"55-59 years","male",20,837,"Other",288.880584716797,288.880584716797,"car",0.166666666666667,1.32,"weekday",7,"40 to 64","1-2km","bicycle",1.32,0.12,1.16666666666667,0.84
"83244/1001",NA,83244,227,"55-59 years","male",20,838,"Other",288.880584716797,288.880584716797,"car",0.166666666666667,1.41,"weekday",8,"40 to 64","1-2km","bicycle",1.41,0.128181818181818,1.16666666666667,0.897272727272727
"83244/1004",NA,83244,228,"15-19 years","female",20,839,"Education",282.893920898438,282.893920898438,"walking",0.166666666666667,0.61,"weekday",1,"15 to 19","<1km","walking",0.61,0.166666666666667,1.16666666666667,1.16666666666667
"83244/1004",NA,83244,228,"15-19 years","female",20,840,"Education",282.893920898438,282.893920898438,"public.transport",0.416666666666667,7.28,"weekday",1,"15 to 19","6-10km","public.transport",7.28,0.416666666666667,2.91666666666667,2.91666666666667
"83244/1004",NA,83244,228,"15-19 years","female",20,841,"Education",282.893920898438,282.893920898438,"public.transport",0.416666666666667,7.52,"weekday",2,"15 to 19","6-10km","public.transport",7.52,0.416666666666667,2.91666666666667,2.91666666666667
"83244/1004",NA,83244,228,"15-19 years","female",20,842,"Education",282.893920898438,282.893920898438,"walking",0.25,0.61,"weekday",2,"15 to 19","<1km","walking",0.61,0.25,1.75,1.75
"83247/1000",NA,83247,229,"50-54 years","male",20,843,"Work",172.041442871094,172.041442871094,"car",0.25,13.47,"weekday",1,"40 to 64",">10km","car",13.47,0.25,1.75,1.75
"83247/1000",NA,83247,229,"50-54 years","male",20,844,"Work",172.041442871094,172.041442871094,"car",0.583333333333333,11.95,"weekday",2,"40 to 64",">10km","car",11.95,0.583333333333333,4.08333333333333,4.08333333333333
"83247/1000",NA,83247,229,"50-54 years","male",20,845,"Work",172.041442871094,172.041442871094,"car",0.5,13.47,"weekday",3,"40 to 64",">10km","car",13.47,0.5,3.5,3.5
"83247/1000",NA,83247,229,"50-54 years","male",20,846,"Shopping",172.041442871094,172.041442871094,"car",0.416666666666667,9,"weekday",4,"40 to 64","6-10km","car",9,0.416666666666667,2.91666666666667,2.91666666666667
"83247/1000",NA,83247,229,"50-54 years","male",20,847,"Shopping",172.041442871094,172.041442871094,"car",0.516666666666667,18.62,"weekday",5,"40 to 64",">10km","car",18.62,0.516666666666667,3.61666666666667,3.61666666666667
"83247/1001",NA,83247,230,"40-44 years","female",20,848,"Work",217.286178588867,217.286178588867,"car",0.916666666666667,22,"weekday",1,"40 to 64",">10km","car",22,0.916666666666667,6.41666666666667,6.41666666666667
"83247/1001",NA,83247,230,"40-44 years","female",20,849,"Work",217.286178588867,217.286178588867,"car",0.75,19.01,"weekday",2,"40 to 64",">10km","car",19.01,0.75,5.25,5.25
"83247/1001",NA,83247,230,"40-44 years","female",20,850,"Shopping",217.286178588867,217.286178588867,"car",0.216666666666667,3.27,"weekday",3,"40 to 64","3-5km","bicycle",3.27,0.297272727272727,1.51666666666667,2.08090909090909
"83247/1001",NA,83247,230,"40-44 years","female",20,851,"Shopping",217.286178588867,217.286178588867,"car",0.166666666666667,2.21,"weekday",4,"40 to 64","3-5km","bicycle",2.21,0.200909090909091,1.16666666666667,1.40636363636364
"83248/1000",NA,83248,231,"45-49 years","male",20,852,"Work",156.624847412109,156.624847412109,"car",0.75,48.39,"weekday",1,"40 to 64",">10km","car",48.39,0.75,5.25,5.25
"83248/1000",NA,83248,231,"45-49 years","male",20,853,"Work",156.624847412109,156.624847412109,"car",0.666666666666667,47.41,"weekday",2,"40 to 64",">10km","car",47.41,0.666666666666667,4.66666666666667,4.66666666666667
"83253/1000",NA,83253,232,"65-69 years","female",20,854,"Other",129.623992919922,129.623992919922,"car",0.166666666666667,2.82,"weekday",1,"65 plus","3-5km","bicycle",2.82,0.256363636363636,1.16666666666667,1.79454545454545
"83253/1000",NA,83253,232,"65-69 years","female",20,855,"Other",129.623992919922,129.623992919922,"car",0.25,1.45,"weekday",2,"65 plus","1-2km","bicycle",1.45,0.131818181818182,1.75,0.922727272727273
"83253/1001",NA,83253,233,"70-74 years","male",20,856,"Other",123.979629516602,123.979629516602,"car",0.166666666666667,2.82,"weekday",1,"65 plus","3-5km","bicycle",2.82,0.256363636363636,1.16666666666667,1.79454545454545
"83253/1001",NA,83253,233,"70-74 years","male",20,857,"Other",123.979629516602,123.979629516602,"car",0.25,1.45,"weekday",2,"65 plus","1-2km","bicycle",1.45,0.131818181818182,1.75,0.922727272727273
"83254/1000",NA,83254,234,"70-74 years","female",20,858,"Shopping",148.091735839844,148.091735839844,"car",0.333333333333333,1.99,"weekday",1,"65 plus","1-2km","bicycle",1.99,0.180909090909091,2.33333333333333,1.26636363636364
"83254/1000",NA,83254,234,"70-74 years","female",20,859,"Shopping",148.091735839844,148.091735839844,"car",0.333333333333333,2.01,"weekday",2,"65 plus","3-5km","bicycle",2.01,0.182727272727273,2.33333333333333,1.27909090909091
"83254/1001",NA,83254,235,"25-29 years","male",20,860,"Work",213.285980224609,213.285980224609,"car",0.5,8.21,"weekday",1,"20 to 39","6-10km","car",8.21,0.5,3.5,3.5
"83254/1001",NA,83254,235,"25-29 years","male",20,861,"Work",213.285980224609,213.285980224609,"car",0.5,8.36,"weekday",2,"20 to 39","6-10km","car",8.36,0.5,3.5,3.5
"83351/1000",NA,83351,237,"30-34 years","male",20,863,"Work",455.562774658203,455.562774658203,"car",0.166666666666667,3.59,"weekday",1,"20 to 39","3-5km","bicycle",3.59,0.326363636363636,1.16666666666667,2.28454545454545
"83351/1000",NA,83351,237,"30-34 years","male",20,864,"Work",455.562774658203,455.562774658203,"car",0.166666666666667,3.66,"weekday",2,"20 to 39","3-5km","bicycle",3.66,0.332727272727273,1.16666666666667,2.32909090909091
"83351/1001",NA,83351,238,"30-34 years","female",20,866,"Leisure",395.394561767578,395.394561767578,"car",0.416666666666667,10.08,"weekday",2,"20 to 39",">10km","car",10.08,0.416666666666667,2.91666666666667,2.91666666666667
"83351/1001",NA,83351,238,"30-34 years","female",20,867,"Leisure",395.394561767578,395.394561767578,"car",0.333333333333333,10.08,"weekday",3,"20 to 39",">10km","car",10.08,0.333333333333333,2.33333333333333,2.33333333333333
"83355/1000",NA,83355,239,"65-69 years","male",20,868,"Shopping",151.590209960938,151.590209960938,"walking",0.5,1.28,"weekday",1,"65 plus","1-2km","walking",1.28,0.5,3.5,3.5
"83355/1000",NA,83355,239,"65-69 years","male",20,869,"Shopping",151.590209960938,151.590209960938,"walking",0.5,1.28,"weekday",2,"65 plus","1-2km","walking",1.28,0.5,3.5,3.5
"83355/1001",NA,83355,240,"65-69 years","female",20,870,"Shopping",158.535507202148,158.535507202148,"walking",0.5,1.28,"weekday",1,"65 plus","1-2km","walking",1.28,0.5,3.5,3.5
"83355/1001",NA,83355,240,"65-69 years","female",20,871,"Shopping",158.535507202148,158.535507202148,"walking",0.5,1.28,"weekday",2,"65 plus","1-2km","walking",1.28,0.5,3.5,3.5
"83356/1000",NA,83356,241,"35-39 years","male",20,872,"Work",159.366409301758,159.366409301758,"car",0.25,4.65,"weekday",1,"20 to 39","3-5km","bicycle",4.65,0.422727272727273,1.75,2.95909090909091
"83356/1000",NA,83356,241,"35-39 years","male",20,873,"Work",159.366409301758,159.366409301758,"car",0.25,4.69,"weekday",2,"20 to 39","3-5km","bicycle",4.69,0.426363636363636,1.75,2.98454545454545
"83356/1001",NA,83356,242,"35-39 years","female",20,874,"Work",147.140991210938,147.140991210938,"car",0.25,3.94,"weekday",1,"20 to 39","3-5km","bicycle",3.94,0.358181818181818,1.75,2.50727272727273
"83356/1001",NA,83356,242,"35-39 years","female",20,875,"Work",147.140991210938,147.140991210938,"car",0.166666666666667,3.78,"weekday",2,"20 to 39","3-5km","bicycle",3.78,0.343636363636364,1.16666666666667,2.40545454545455
"83360/1000",NA,83360,243,"30-34 years","male",20,876,"Leisure",455.562774658203,455.562774658203,"car",0.166666666666667,2.36,"weekday",1,"20 to 39","3-5km","bicycle",2.36,0.214545454545455,1.16666666666667,1.50181818181818
"83360/1000",NA,83360,243,"30-34 years","male",20,877,"Other",455.562774658203,455.562774658203,"car",0.0833333333333333,1.01,"weekday",2,"20 to 39","1-2km","bicycle",1.01,0.0918181818181818,0.583333333333333,0.642727272727273
"83360/1000",NA,83360,243,"30-34 years","male",20,878,"Other",455.562774658203,455.562774658203,"car",0.25,2.08,"weekday",3,"20 to 39","3-5km","bicycle",2.08,0.189090909090909,1.75,1.32363636363636
"83360/1000",NA,83360,243,"30-34 years","male",20,879,"Leisure",455.562774658203,455.562774658203,"car",0.0833333333333333,1.97,"weekday",4,"20 to 39","1-2km","bicycle",1.97,0.179090909090909,0.583333333333333,1.25363636363636
"83360/1000",NA,83360,243,"30-34 years","male",20,880,"Leisure",455.562774658203,455.562774658203,"car",0.0333333333333333,0.57,"weekday",5,"20 to 39","<1km","bicycle",0.57,0.0518181818181818,0.233333333333333,0.362727272727273
"83360/1000",NA,83360,243,"30-34 years","male",20,881,"Leisure",455.562774658203,455.562774658203,"car",0.116666666666667,1.42,"weekday",6,"20 to 39","1-2km","bicycle",1.42,0.129090909090909,0.816666666666667,0.903636363636364
"83360/1003",NA,83360,244,"35-39 years","female",20,882,"Leisure",234.266296386719,234.266296386719,"walking",0.25,1.16,"weekday",1,"20 to 39","1-2km","walking",1.16,0.25,1.75,1.75
"83360/1003",NA,83360,244,"35-39 years","female",20,883,"Leisure",234.266296386719,234.266296386719,"walking",0.25,1.16,"weekday",2,"20 to 39","1-2km","walking",1.16,0.25,1.75,1.75
"83361/1000",NA,83361,245,"70-74 years","male",20,884,"Other",152.162673950195,152.162673950195,"car",0.333333333333333,8.6,"weekday",1,"65 plus","6-10km","car",8.6,0.333333333333333,2.33333333333333,2.33333333333333
"83361/1000",NA,83361,245,"70-74 years","male",20,885,"Other",152.162673950195,152.162673950195,"car",0.333333333333333,8.61,"weekday",2,"65 plus","6-10km","car",8.61,0.333333333333333,2.33333333333333,2.33333333333333
"83361/1001",NA,83361,246,"70-74 years","female",20,887,"Shopping",171.396911621094,171.396911621094,"car",0.0833333333333333,3.36,"weekday",1,"65 plus","3-5km","bicycle",3.36,0.305454545454545,0.583333333333333,2.13818181818182
"83361/1001",NA,83361,246,"70-74 years","female",20,888,"Shopping",171.396911621094,171.396911621094,"car",0.0833333333333333,3.51,"weekday",2,"65 plus","3-5km","bicycle",3.51,0.319090909090909,0.583333333333333,2.23363636363636
"83362/1000",NA,83362,247,"35-39 years","female",20,890,"Other",414.036376953125,414.036376953125,"car",0.0833333333333333,1.17,"weekday",1,"20 to 39","1-2km","bicycle",1.17,0.106363636363636,0.583333333333333,0.744545454545455
"83362/1000",NA,83362,247,"35-39 years","female",20,891,"Work",414.036376953125,414.036376953125,"car",0.35,15.58,"weekday",2,"20 to 39",">10km","car",15.58,0.35,2.45,2.45
"83362/1000",NA,83362,247,"35-39 years","female",20,892,"Other",414.036376953125,414.036376953125,"car",0.333333333333333,16.23,"weekday",3,"20 to 39",">10km","car",16.23,0.333333333333333,2.33333333333333,2.33333333333333
"83362/1000",NA,83362,247,"35-39 years","female",20,893,"Other",414.036376953125,414.036376953125,"car",0.0833333333333333,1.14,"weekday",4,"20 to 39","1-2km","bicycle",1.14,0.103636363636364,0.583333333333333,0.725454545454545
"83362/1001",NA,83362,248,"35-39 years","male",20,894,"Work",448.437194824219,448.437194824219,"car",0.316666666666667,16.36,"weekday",1,"20 to 39",">10km","car",16.36,0.316666666666667,2.21666666666667,2.21666666666667
"83362/1001",NA,83362,248,"35-39 years","male",20,895,"Work",448.437194824219,448.437194824219,"car",0.333333333333333,17.06,"weekday",2,"20 to 39",">10km","car",17.06,0.333333333333333,2.33333333333333,2.33333333333333
"83362/1002",NA,83362,249,"15-19 years","male",20,896,"Education",431.189636230469,431.189636230469,"walking",0.25,0.22,"weekday",1,"15 to 19","<1km","walking",0.22,0.25,1.75,1.75
"83362/1002",NA,83362,249,"15-19 years","male",20,897,"Education",431.189636230469,431.189636230469,"walking",0.25,0.22,"weekday",2,"15 to 19","<1km","walking",0.22,0.25,1.75,1.75
"83363/1000",NA,83363,250,"30-34 years","male",20,898,"Work",365.13720703125,365.13720703125,"car",0.583333333333333,26.48,"weekday",1,"20 to 39",">10km","car",26.48,0.583333333333333,4.08333333333333,4.08333333333333
"83363/1000",NA,83363,250,"30-34 years","male",20,899,"Work",365.13720703125,365.13720703125,"car",0.666666666666667,26.72,"weekday",2,"20 to 39",">10km","car",26.72,0.666666666666667,4.66666666666667,4.66666666666667
"83364/1000",NA,83364,251,"55-59 years","male",20,900,"Work",261.203918457031,261.203918457031,"car",0.583333333333333,29.65,"weekday",1,"40 to 64",">10km","car",29.65,0.583333333333333,4.08333333333333,4.08333333333333
"83364/1000",NA,83364,251,"55-59 years","male",20,901,"Work",261.203918457031,261.203918457031,"car",1.5,30.1,"weekday",2,"40 to 64",">10km","car",30.1,1.5,10.5,10.5
"83364/1001",NA,83364,252,"55-59 years","female",20,902,"Shopping",179.280990600586,179.280990600586,"car",0.166666666666667,4.05,"weekday",1,"40 to 64","3-5km","bicycle",4.05,0.368181818181818,1.16666666666667,2.57727272727273
"83364/1001",NA,83364,252,"55-59 years","female",20,903,"Shopping",179.280990600586,179.280990600586,"car",0.25,3.93,"weekday",2,"40 to 64","3-5km","bicycle",3.93,0.357272727272727,1.75,2.50090909090909
"83365/1000",NA,83365,253,"45-49 years","female",20,905,"Other",519.730773925781,519.730773925781,"walking",0.5,0.92,"weekday",1,"40 to 64","<1km","walking",0.92,0.5,3.5,3.5
"83365/1000",NA,83365,253,"45-49 years","female",20,906,"Other",519.730773925781,519.730773925781,"walking",1,0.92,"weekday",2,"40 to 64","<1km","walking",0.92,1,7,7
"83365/1000",NA,83365,253,"45-49 years","female",20,907,"Other",519.730773925781,519.730773925781,"walking",1,0.92,"weekday",3,"40 to 64","<1km","walking",0.92,1,7,7
"83365/1000",NA,83365,253,"45-49 years","female",20,908,"Other",519.730773925781,519.730773925781,"walking",1,0.92,"weekday",4,"40 to 64","<1km","walking",0.92,1,7,7
"83365/1000",NA,83365,253,"45-49 years","female",20,909,"Leisure",519.730773925781,519.730773925781,"car",0.5,12.87,"weekday",5,"40 to 64",">10km","car",12.87,0.5,3.5,3.5
"83365/1000",NA,83365,253,"45-49 years","female",20,910,"Other",519.730773925781,519.730773925781,"car",0.333333333333333,13.02,"weekday",6,"40 to 64",">10km","car",13.02,0.333333333333333,2.33333333333333,2.33333333333333
"83365/1000",NA,83365,253,"45-49 years","female",20,911,"Other",519.730773925781,519.730773925781,"car",0.75,20.97,"weekday",7,"40 to 64",">10km","car",20.97,0.75,5.25,5.25
"83365/1001",NA,83365,254,"50-54 years","male",20,912,"Work",520.20947265625,520.20947265625,"car",0.5,16.6,"weekday",1,"40 to 64",">10km","car",16.6,0.5,3.5,3.5
"83365/1001",NA,83365,254,"50-54 years","male",20,913,"Other",520.20947265625,520.20947265625,"car",0.333333333333333,16.46,"weekday",2,"40 to 64",">10km","car",16.46,0.333333333333333,2.33333333333333,2.33333333333333
"83365/1001",NA,83365,254,"50-54 years","male",20,914,"Work",520.20947265625,520.20947265625,"car",0.5,15.78,"weekday",3,"40 to 64",">10km","car",15.78,0.5,3.5,3.5
"83365/1001",NA,83365,254,"50-54 years","male",20,915,"Work",520.20947265625,520.20947265625,"car",0.5,16.85,"weekday",4,"40 to 64",">10km","car",16.85,0.5,3.5,3.5
"83365/1002",NA,83365,255,"15-19 years","male",20,916,"Education",431.189636230469,431.189636230469,"walking",0.333333333333333,1.64,"weekday",1,"15 to 19","1-2km","walking",1.64,0.333333333333333,2.33333333333333,2.33333333333333
"83365/1002",NA,83365,255,"15-19 years","male",20,917,"Education",431.189636230469,431.189636230469,"public.transport",1,37.49,"weekday",1,"15 to 19",">10km","public.transport",37.49,1,7,7
"83365/1002",NA,83365,255,"15-19 years","male",20,918,"Education",431.189636230469,431.189636230469,"walking",0.166666666666667,0.7,"weekday",1,"15 to 19","<1km","walking",0.7,0.166666666666667,1.16666666666667,1.16666666666667
"83365/1002",NA,83365,255,"15-19 years","male",20,919,"Education",431.189636230469,431.189636230469,"walking",0.166666666666667,0.7,"weekday",2,"15 to 19","<1km","walking",0.7,0.166666666666667,1.16666666666667,1.16666666666667
"83365/1002",NA,83365,255,"15-19 years","male",20,920,"Education",431.189636230469,431.189636230469,"public.transport",1,37.49,"weekday",2,"15 to 19",">10km","public.transport",37.49,1,7,7
"83365/1002",NA,83365,255,"15-19 years","male",20,921,"Education",431.189636230469,431.189636230469,"walking",0.333333333333333,1.64,"weekday",2,"15 to 19","1-2km","walking",1.64,0.333333333333333,2.33333333333333,2.33333333333333
"83367/1000",NA,83367,256,"35-39 years","female",20,922,"Other",320.457489013672,320.457489013672,"car",0.0333333333333333,0.34,"weekday",1,"20 to 39","<1km","bicycle",0.34,0.0309090909090909,0.233333333333333,0.216363636363636
"83367/1000",NA,83367,256,"35-39 years","female",20,923,"Work",320.457489013672,320.457489013672,"car",0.5,19.11,"weekday",2,"20 to 39",">10km","car",19.11,0.5,3.5,3.5
"83367/1000",NA,83367,256,"35-39 years","female",20,924,"Other",320.457489013672,320.457489013672,"car",0.333333333333333,19.04,"weekday",3,"20 to 39",">10km","car",19.04,0.333333333333333,2.33333333333333,2.33333333333333
"83367/1000",NA,83367,256,"35-39 years","female",20,925,"Other",320.457489013672,320.457489013672,"car",0.0166666666666667,0.34,"weekday",4,"20 to 39","<1km","bicycle",0.34,0.0309090909090909,0.116666666666667,0.216363636363636
"83367/1001",NA,83367,257,"35-39 years","male",20,926,"Work",347.083160400391,347.083160400391,"car",0.5,21.65,"weekday",1,"20 to 39",">10km","car",21.65,0.5,3.5,3.5
"83367/1001",NA,83367,257,"35-39 years","male",20,927,"Work",347.083160400391,347.083160400391,"car",0.416666666666667,22.06,"weekday",2,"20 to 39",">10km","car",22.06,0.416666666666667,2.91666666666667,2.91666666666667
"83368/1000",NA,83368,258,"85-89 years","male",20,928,"Leisure",244.913619995117,244.913619995117,"other",0.333333333333333,3.05,"weekday",1,"65 plus","3-5km","other",3.05,0.333333333333333,2.33333333333333,2.33333333333333
"83368/1000",NA,83368,258,"85-89 years","male",20,930,"Leisure",244.913619995117,244.913619995117,"other",0.25,3.05,"weekday",3,"65 plus","3-5km","other",3.05,0.25,1.75,1.75
"83368/1001",NA,83368,259,"75-79 years","female",20,931,"Work",181.604446411133,181.604446411133,"car",0.25,3.1,"weekday",1,"65 plus","3-5km","bicycle",3.1,0.281818181818182,1.75,1.97272727272727
"83368/1001",NA,83368,259,"75-79 years","female",20,932,"Work",181.604446411133,181.604446411133,"car",0.25,3.25,"weekday",2,"65 plus","3-5km","bicycle",3.25,0.295454545454545,1.75,2.06818181818182
"83375/1000",NA,83375,262,"70-74 years","female",20,937,"Leisure",171.396911621094,171.396911621094,"car",0.333333333333333,9.27,"weekday",1,"65 plus","6-10km","car",9.27,0.333333333333333,2.33333333333333,2.33333333333333
"83375/1000",NA,83375,262,"70-74 years","female",20,938,"Leisure",171.396911621094,171.396911621094,"car",0.333333333333333,9.24,"weekday",2,"65 plus","6-10km","car",9.24,0.333333333333333,2.33333333333333,2.33333333333333
"83375/1001",NA,83375,263,"70-74 years","female",20,939,"Leisure",171.396911621094,171.396911621094,"car",0.333333333333333,9.27,"weekday",1,"65 plus","6-10km","car",9.27,0.333333333333333,2.33333333333333,2.33333333333333
"83375/1001",NA,83375,263,"70-74 years","female",20,940,"Leisure",171.396911621094,171.396911621094,"car",0.333333333333333,9.24,"weekday",2,"65 plus","6-10km","car",9.24,0.333333333333333,2.33333333333333,2.33333333333333
"83376/1000",NA,83376,264,"55-59 years","male",20,941,"Other",568.874450683594,568.874450683594,"car",0.166666666666667,3.73,"weekday",1,"40 to 64","3-5km","bicycle",3.73,0.339090909090909,1.16666666666667,2.37363636363636
"83376/1000",NA,83376,264,"55-59 years","male",20,942,"Other",568.874450683594,568.874450683594,"car",0.25,3.32,"weekday",2,"40 to 64","3-5km","bicycle",3.32,0.301818181818182,1.75,2.11272727272727
"83376/1000",NA,83376,264,"55-59 years","male",20,943,"Other",568.874450683594,568.874450683594,"car",0.166666666666667,2.71,"weekday",3,"40 to 64","3-5km","bicycle",2.71,0.246363636363636,1.16666666666667,1.72454545454545
"83376/1000",NA,83376,264,"55-59 years","male",20,944,"Other",568.874450683594,568.874450683594,"car",0.166666666666667,2.62,"weekday",4,"40 to 64","3-5km","bicycle",2.62,0.238181818181818,1.16666666666667,1.66727272727273
"83376/1002",NA,83376,265,"15-19 years","female",20,945,"Education",424.069610595703,424.069610595703,"car",0.416666666666667,12.58,"weekday",1,"15 to 19",">10km","car",12.58,0.416666666666667,2.91666666666667,2.91666666666667
"83376/1002",NA,83376,265,"15-19 years","female",20,946,"Education",424.069610595703,424.069610595703,"car",0.5,12.84,"weekday",2,"15 to 19",">10km","car",12.84,0.5,3.5,3.5
"83376/1003",NA,83376,266,"15-19 years","male",20,947,"Education",333.733825683594,333.733825683594,"car",0.166666666666667,3.46,"weekday",1,"15 to 19","3-5km","bicycle",3.46,0.314545454545455,1.16666666666667,2.20181818181818
"83376/1003",NA,83376,266,"15-19 years","male",20,948,"Education",333.733825683594,333.733825683594,"public.transport",0.516666666666667,15.15,"weekday",1,"15 to 19",">10km","public.transport",15.15,0.516666666666667,3.61666666666667,3.61666666666667
"83376/1003",NA,83376,266,"15-19 years","male",20,949,"Education",333.733825683594,333.733825683594,"walking",0.0666666666666667,0.46,"weekday",1,"15 to 19","<1km","walking",0.46,0.0666666666666667,0.466666666666667,0.466666666666667
"83376/1003",NA,83376,266,"15-19 years","male",20,950,"Shopping",333.733825683594,333.733825683594,"walking",0.0666666666666667,0.46,"weekday",2,"15 to 19","<1km","walking",0.46,0.0666666666666667,0.466666666666667,0.466666666666667
"83376/1003",NA,83376,266,"15-19 years","male",20,951,"Shopping",333.733825683594,333.733825683594,"public.transport",0.366666666666667,15.3,"weekday",2,"15 to 19",">10km","public.transport",15.3,0.366666666666667,2.56666666666667,2.56666666666667
"83376/1003",NA,83376,266,"15-19 years","male",20,952,"Shopping",333.733825683594,333.733825683594,"walking",0.0833333333333333,0.19,"weekday",2,"15 to 19","<1km","walking",0.19,0.0833333333333333,0.583333333333333,0.583333333333333
"83376/1003",NA,83376,266,"15-19 years","male",20,953,"Shopping",333.733825683594,333.733825683594,"car",0.183333333333333,2.62,"weekday",3,"15 to 19","3-5km","bicycle",2.62,0.238181818181818,1.28333333333333,1.66727272727273
"83377/1000",NA,83377,267,"70-74 years","male",20,954,"Shopping",152.162673950195,152.162673950195,"car",0.0833333333333333,3.35,"weekday",1,"65 plus","3-5km","bicycle",3.35,0.304545454545455,0.583333333333333,2.13181818181818
"83377/1000",NA,83377,267,"70-74 years","male",20,955,"Shopping",152.162673950195,152.162673950195,"car",0.0833333333333333,3.54,"weekday",2,"65 plus","3-5km","bicycle",3.54,0.321818181818182,0.583333333333333,2.25272727272727
"83377/1001",NA,83377,268,"70-74 years","female",20,956,"Shopping",171.396911621094,171.396911621094,"car",0.0833333333333333,3.35,"weekday",1,"65 plus","3-5km","bicycle",3.35,0.304545454545455,0.583333333333333,2.13181818181818
"83377/1001",NA,83377,268,"70-74 years","female",20,957,"Shopping",171.396911621094,171.396911621094,"car",0.0833333333333333,3.54,"weekday",2,"65 plus","3-5km","bicycle",3.54,0.321818181818182,0.583333333333333,2.25272727272727
"83379/1000",NA,83379,269,"70-74 years","male",20,958,"Shopping",152.162673950195,152.162673950195,"car",0.333333333333333,11.02,"weekday",1,"65 plus",">10km","car",11.02,0.333333333333333,2.33333333333333,2.33333333333333
"83379/1000",NA,83379,269,"70-74 years","male",20,959,"Shopping",152.162673950195,152.162673950195,"car",0.333333333333333,10.99,"weekday",2,"65 plus",">10km","car",10.99,0.333333333333333,2.33333333333333,2.33333333333333
"83379/1001",NA,83379,270,"75-79 years","female",20,960,"Shopping",181.604446411133,181.604446411133,"car",0.333333333333333,11.02,"weekday",1,"65 plus",">10km","car",11.02,0.333333333333333,2.33333333333333,2.33333333333333
"83379/1001",NA,83379,270,"75-79 years","female",20,961,"Shopping",181.604446411133,181.604446411133,"car",0.333333333333333,10.99,"weekday",2,"65 plus",">10km","car",10.99,0.333333333333333,2.33333333333333,2.33333333333333
"83383/1000",NA,83383,271,"75-79 years","female",20,962,"Shopping",445.019683837891,445.019683837891,"car",0.333333333333333,14.48,"weekday",1,"65 plus",">10km","car",14.48,0.333333333333333,2.33333333333333,2.33333333333333
"83383/1000",NA,83383,271,"75-79 years","female",20,963,"Shopping",445.019683837891,445.019683837891,"car",0.333333333333333,14.56,"weekday",2,"65 plus",">10km","car",14.56,0.333333333333333,2.33333333333333,2.33333333333333
"83385/1000",NA,83385,272,"55-59 years","female",20,964,"Work",568.320922851562,568.320922851562,"car",0.4,8.66,"weekday",1,"40 to 64","6-10km","car",8.66,0.4,2.8,2.8
"83385/1000",NA,83385,272,"55-59 years","female",20,965,"Shopping",568.320922851562,568.320922851562,"car",0.5,11.15,"weekday",2,"40 to 64",">10km","car",11.15,0.5,3.5,3.5
"83385/1000",NA,83385,272,"55-59 years","female",20,966,"Shopping",568.320922851562,568.320922851562,"car",0.333333333333333,4.66,"weekday",3,"40 to 64","3-5km","bicycle",4.66,0.423636363636364,2.33333333333333,2.96545454545455
"83385/1001",NA,83385,273,"50-54 years","male",20,967,"Other",549.466125488281,549.466125488281,"car",0.75,20.26,"weekday",1,"40 to 64",">10km","car",20.26,0.75,5.25,5.25
"83385/1001",NA,83385,273,"50-54 years","male",20,968,"Work",549.466125488281,549.466125488281,"car",0.333333333333333,8.16,"weekday",2,"40 to 64","6-10km","car",8.16,0.333333333333333,2.33333333333333,2.33333333333333
"83385/1001",NA,83385,273,"50-54 years","male",20,969,"Work",549.466125488281,549.466125488281,"car",0.25,3.05,"weekday",3,"40 to 64","3-5km","bicycle",3.05,0.277272727272727,1.75,1.94090909090909
"83385/1001",NA,83385,273,"50-54 years","male",20,970,"Work",549.466125488281,549.466125488281,"car",0.25,3.22,"weekday",4,"40 to 64","3-5km","bicycle",3.22,0.292727272727273,1.75,2.04909090909091
"83385/1001",NA,83385,273,"50-54 years","male",20,971,"Other",549.466125488281,549.466125488281,"car",0.5,8.16,"weekday",5,"40 to 64","6-10km","car",8.16,0.5,3.5,3.5
"83385/1001",NA,83385,273,"50-54 years","male",20,972,"Other",549.466125488281,549.466125488281,"car",0.75,20.05,"weekday",6,"40 to 64",">10km","car",20.05,0.75,5.25,5.25
"83385/1001",NA,83385,273,"50-54 years","male",20,973,"Leisure",549.466125488281,549.466125488281,"bicycle",0.0666666666666667,1.11,"weekday",7,"40 to 64","1-2km","bicycle",1.11,0.0666666666666667,0.466666666666667,0.466666666666667
"83385/1001",NA,83385,273,"50-54 years","male",20,974,"Leisure",549.466125488281,549.466125488281,"bicycle",0.0833333333333333,1.11,"weekday",8,"40 to 64","1-2km","bicycle",1.11,0.0833333333333333,0.583333333333333,0.583333333333333
"83385/1002",NA,83385,274,"15-19 years","male",20,975,"Education",609.817321777344,609.817321777344,"car",0.75,20.26,"weekday",1,"15 to 19",">10km","car",20.26,0.75,5.25,5.25
"83385/1002",NA,83385,274,"15-19 years","male",20,976,"Education",609.817321777344,609.817321777344,"car",0.75,20.05,"weekday",2,"15 to 19",">10km","car",20.05,0.75,5.25,5.25
"83389/1000",NA,83389,275,"40-44 years","female",20,977,"Other",575.516906738281,575.516906738281,"car",0.166666666666667,2.43,"weekday",1,"40 to 64","3-5km","bicycle",2.43,0.220909090909091,1.16666666666667,1.54636363636364
"83389/1000",NA,83389,275,"40-44 years","female",20,978,"Other",575.516906738281,575.516906738281,"walking",0.166666666666667,1.04,"weekday",2,"40 to 64","1-2km","walking",1.04,0.166666666666667,1.16666666666667,1.16666666666667
"83389/1000",NA,83389,275,"40-44 years","female",20,979,"Shopping",575.516906738281,575.516906738281,"walking",0.166666666666667,1.04,"weekday",3,"40 to 64","1-2km","walking",1.04,0.166666666666667,1.16666666666667,1.16666666666667
"83389/1000",NA,83389,275,"40-44 years","female",20,980,"Shopping",575.516906738281,575.516906738281,"car",0.166666666666667,2.58,"weekday",3,"40 to 64","3-5km","bicycle",2.58,0.234545454545455,1.16666666666667,1.64181818181818
"83389/1000",NA,83389,275,"40-44 years","female",20,981,"Shopping",575.516906738281,575.516906738281,"car",0.166666666666667,1.06,"weekday",4,"40 to 64","1-2km","bicycle",1.06,0.0963636363636364,1.16666666666667,0.674545454545455
"83389/1000",NA,83389,275,"40-44 years","female",20,982,"Other",575.516906738281,575.516906738281,"car",0.166666666666667,2.43,"weekday",5,"40 to 64","3-5km","bicycle",2.43,0.220909090909091,1.16666666666667,1.54636363636364
"83389/1000",NA,83389,275,"40-44 years","female",20,983,"Other",575.516906738281,575.516906738281,"walking",0.0833333333333333,1.04,"weekday",6,"40 to 64","1-2km","walking",1.04,0.0833333333333333,0.583333333333333,0.583333333333333
"83389/1000",NA,83389,275,"40-44 years","female",20,984,"Other",575.516906738281,575.516906738281,"walking",0.166666666666667,1.04,"weekday",7,"40 to 64","1-2km","walking",1.04,0.166666666666667,1.16666666666667,1.16666666666667
"83389/1000",NA,83389,275,"40-44 years","female",20,985,"Other",575.516906738281,575.516906738281,"car",0.25,2.48,"weekday",7,"40 to 64","3-5km","bicycle",2.48,0.225454545454545,1.75,1.57818181818182
"83389/1003",NA,83389,276,"40-44 years","male",20,986,"Work",554.12841796875,554.12841796875,"car",0.333333333333333,3.83,"weekday",1,"40 to 64","3-5km","bicycle",3.83,0.348181818181818,2.33333333333333,2.43727272727273
"83389/1003",NA,83389,276,"40-44 years","male",20,987,"Work",554.12841796875,554.12841796875,"car",0.166666666666667,3.49,"weekday",2,"40 to 64","3-5km","bicycle",3.49,0.317272727272727,1.16666666666667,2.22090909090909
"83391/1000",NA,83391,277,"65-69 years","male",20,988,"Shopping",351.451293945312,351.451293945312,"walking",0.1,0.47,"weekday",1,"65 plus","<1km","walking",0.47,0.1,0.7,0.7
"83391/1000",NA,83391,277,"65-69 years","male",20,989,"Shopping",351.451293945312,351.451293945312,"public.transport",0.483333333333333,17.32,"weekday",1,"65 plus",">10km","public.transport",17.32,0.483333333333333,3.38333333333333,3.38333333333333
"83391/1000",NA,83391,277,"65-69 years","male",20,990,"Shopping",351.451293945312,351.451293945312,"walking",0.0833333333333333,0.16,"weekday",1,"65 plus","<1km","walking",0.16,0.0833333333333333,0.583333333333333,0.583333333333333
"83391/1000",NA,83391,277,"65-69 years","male",20,991,"Shopping",351.451293945312,351.451293945312,"walking",0.0833333333333333,0.16,"weekday",2,"65 plus","<1km","walking",0.16,0.0833333333333333,0.583333333333333,0.583333333333333
"83391/1000",NA,83391,277,"65-69 years","male",20,992,"Shopping",351.451293945312,351.451293945312,"public.transport",0.566666666666667,17.66,"weekday",2,"65 plus",">10km","public.transport",17.66,0.566666666666667,3.96666666666667,3.96666666666667
"83391/1000",NA,83391,277,"65-69 years","male",20,993,"Shopping",351.451293945312,351.451293945312,"walking",0.1,0.47,"weekday",2,"65 plus","<1km","walking",0.47,0.1,0.7,0.7
"83391/1001",NA,83391,278,"65-69 years","female",20,994,"Shopping",304.822784423828,304.822784423828,"walking",0.1,0.47,"weekday",1,"65 plus","<1km","walking",0.47,0.1,0.7,0.7
"83391/1001",NA,83391,278,"65-69 years","female",20,995,"Shopping",304.822784423828,304.822784423828,"public.transport",0.483333333333333,17.32,"weekday",1,"65 plus",">10km","public.transport",17.32,0.483333333333333,3.38333333333333,3.38333333333333
"83391/1001",NA,83391,278,"65-69 years","female",20,996,"Shopping",304.822784423828,304.822784423828,"walking",0.0833333333333333,0.16,"weekday",1,"65 plus","<1km","walking",0.16,0.0833333333333333,0.583333333333333,0.583333333333333
"83391/1001",NA,83391,278,"65-69 years","female",20,997,"Shopping",304.822784423828,304.822784423828,"walking",0.0833333333333333,0.16,"weekday",2,"65 plus","<1km","walking",0.16,0.0833333333333333,0.583333333333333,0.583333333333333
"83391/1001",NA,83391,278,"65-69 years","female",20,998,"Shopping",304.822784423828,304.822784423828,"public.transport",0.566666666666667,17.66,"weekday",2,"65 plus",">10km","public.transport",17.66,0.566666666666667,3.96666666666667,3.96666666666667
"83391/1001",NA,83391,278,"65-69 years","female",20,999,"Shopping",304.822784423828,304.822784423828,"walking",0.1,0.47,"weekday",2,"65 plus","<1km","walking",0.47,0.1,0.7,0.7
"83395/1000",NA,83395,279,"50-54 years","female",20,1000,"Other",545.808776855469,545.808776855469,"car",0.333333333333333,18.43,"weekday",1,"40 to 64",">10km","car",18.43,0.333333333333333,2.33333333333333,2.33333333333333
"83395/1000",NA,83395,279,"50-54 years","female",20,1001,"Other",545.808776855469,545.808776855469,"car",0.0833333333333333,1.29,"weekday",2,"40 to 64","1-2km","bicycle",1.29,0.117272727272727,0.583333333333333,0.820909090909091
"83395/1000",NA,83395,279,"50-54 years","female",20,1002,"Other",545.808776855469,545.808776855469,"car",0.45,18.97,"weekday",3,"40 to 64",">10km","car",18.97,0.45,3.15,3.15
"83395/1000",NA,83395,279,"50-54 years","female",20,1003,"Other",545.808776855469,545.808776855469,"car",0.466666666666667,18.91,"weekday",4,"40 to 64",">10km","car",18.91,0.466666666666667,3.26666666666667,3.26666666666667
"83395/1000",NA,83395,279,"50-54 years","female",20,1004,"Other",545.808776855469,545.808776855469,"car",0.166666666666667,1.52,"weekday",5,"40 to 64","1-2km","bicycle",1.52,0.138181818181818,1.16666666666667,0.967272727272727
"83395/1000",NA,83395,279,"50-54 years","female",20,1005,"Leisure",545.808776855469,545.808776855469,"car",0.333333333333333,5.37,"weekday",6,"40 to 64","6-10km","car",5.37,0.333333333333333,2.33333333333333,2.33333333333333
"83395/1000",NA,83395,279,"50-54 years","female",20,1006,"Leisure",545.808776855469,545.808776855469,"car",0.55,18.19,"weekday",7,"40 to 64",">10km","car",18.19,0.55,3.85,3.85
"83395/1001",NA,83395,280,"15-19 years","female",20,1007,"Education",514.0546875,514.0546875,"car",0.333333333333333,18.43,"weekday",1,"15 to 19",">10km","car",18.43,0.333333333333333,2.33333333333333,2.33333333333333
"83395/1001",NA,83395,280,"15-19 years","female",20,1008,"Leisure",514.0546875,514.0546875,"car",0.333333333333333,5.37,"weekday",2,"15 to 19","6-10km","car",5.37,0.333333333333333,2.33333333333333,2.33333333333333
"83395/1001",NA,83395,280,"15-19 years","female",20,1009,"Leisure",514.0546875,514.0546875,"car",0.55,18.19,"weekday",3,"15 to 19",">10km","car",18.19,0.55,3.85,3.85
"83396/1000",NA,83396,281,"75-79 years","female",20,1010,"Other",410.973388671875,410.973388671875,"car",0.0833333333333333,1.48,"weekday",1,"65 plus","1-2km","bicycle",1.48,0.134545454545455,0.583333333333333,0.941818181818182
"83396/1000",NA,83396,281,"75-79 years","female",20,1011,"Shopping",410.973388671875,410.973388671875,"car",0.0833333333333333,1.85,"weekday",2,"65 plus","1-2km","bicycle",1.85,0.168181818181818,0.583333333333333,1.17727272727273
"83396/1000",NA,83396,281,"75-79 years","female",20,1012,"Shopping",410.973388671875,410.973388671875,"car",0.0833333333333333,1.15,"weekday",3,"65 plus","1-2km","bicycle",1.15,0.104545454545455,0.583333333333333,0.731818181818182
"83396/1001",NA,83396,282,"80-84 years","male",20,1013,"Other",491.522796630859,491.522796630859,"car",0.0833333333333333,1.48,"weekday",1,"65 plus","1-2km","bicycle",1.48,0.134545454545455,0.583333333333333,0.941818181818182
"83396/1001",NA,83396,282,"80-84 years","male",20,1014,"Shopping",491.522796630859,491.522796630859,"car",0.0833333333333333,1.85,"weekday",2,"65 plus","1-2km","bicycle",1.85,0.168181818181818,0.583333333333333,1.17727272727273
"83396/1001",NA,83396,282,"80-84 years","male",20,1015,"Shopping",491.522796630859,491.522796630859,"car",0.0833333333333333,1.15,"weekday",3,"65 plus","1-2km","bicycle",1.15,0.104545454545455,0.583333333333333,0.731818181818182
"83398/1000",NA,83398,283,"55-59 years","female",20,1016,"Work",507.188659667969,507.188659667969,"car",0.166666666666667,2.79,"weekday",1,"40 to 64","3-5km","bicycle",2.79,0.253636363636364,1.16666666666667,1.77545454545455
"83398/1000",NA,83398,283,"55-59 years","female",20,1017,"Shopping",507.188659667969,507.188659667969,"car",0.166666666666667,2.45,"weekday",2,"40 to 64","3-5km","bicycle",2.45,0.222727272727273,1.16666666666667,1.55909090909091
"83398/1000",NA,83398,283,"55-59 years","female",20,1018,"Shopping",507.188659667969,507.188659667969,"car",0.0833333333333333,2.53,"weekday",3,"40 to 64","3-5km","bicycle",2.53,0.23,0.583333333333333,1.61
"83403/1000",NA,83403,284,"35-39 years","female",20,1019,"Work",563.662841796875,563.662841796875,"walking",0.1,0.54,"weekday",1,"20 to 39","<1km","walking",0.54,0.1,0.7,0.7
"83403/1000",NA,83403,284,"35-39 years","female",20,1020,"Work",563.662841796875,563.662841796875,"public.transport",0.583333333333333,17.32,"weekday",1,"20 to 39",">10km","public.transport",17.32,0.583333333333333,4.08333333333333,4.08333333333333
"83403/1000",NA,83403,284,"35-39 years","female",20,1021,"Work",563.662841796875,563.662841796875,"walking",0.166666666666667,0.16,"weekday",1,"20 to 39","<1km","walking",0.16,0.166666666666667,1.16666666666667,1.16666666666667
"83403/1000",NA,83403,284,"35-39 years","female",20,1022,"Work",563.662841796875,563.662841796875,"walking",0.166666666666667,0.16,"weekday",2,"20 to 39","<1km","walking",0.16,0.166666666666667,1.16666666666667,1.16666666666667
"83403/1000",NA,83403,284,"35-39 years","female",20,1023,"Work",563.662841796875,563.662841796875,"public.transport",0.9,17.66,"weekday",2,"20 to 39",">10km","public.transport",17.66,0.9,6.3,6.3
"83403/1000",NA,83403,284,"35-39 years","female",20,1024,"Work",563.662841796875,563.662841796875,"walking",0.1,0.54,"weekday",2,"20 to 39","<1km","walking",0.54,0.1,0.7,0.7
"83403/1001",NA,83403,285,"40-44 years","male",20,1025,"Other",554.12841796875,554.12841796875,"car",0.166666666666667,2.14,"weekday",1,"40 to 64","3-5km","bicycle",2.14,0.194545454545455,1.16666666666667,1.36181818181818
"83403/1001",NA,83403,285,"40-44 years","male",20,1026,"Other",554.12841796875,554.12841796875,"car",0.0833333333333333,2.17,"weekday",2,"40 to 64","3-5km","bicycle",2.17,0.197272727272727,0.583333333333333,1.38090909090909
"83403/1001",NA,83403,285,"40-44 years","male",20,1027,"Other",554.12841796875,554.12841796875,"car",0.166666666666667,2.14,"weekday",3,"40 to 64","3-5km","bicycle",2.14,0.194545454545455,1.16666666666667,1.36181818181818
"83403/1001",NA,83403,285,"40-44 years","male",20,1028,"Other",554.12841796875,554.12841796875,"car",0.166666666666667,2.17,"weekday",4,"40 to 64","3-5km","bicycle",2.17,0.197272727272727,1.16666666666667,1.38090909090909
"83403/1001",NA,83403,285,"40-44 years","male",20,1029,"Leisure",554.12841796875,554.12841796875,"walking",0.166666666666667,0.73,"weekday",5,"40 to 64","<1km","walking",0.73,0.166666666666667,1.16666666666667,1.16666666666667
"83403/1001",NA,83403,285,"40-44 years","male",20,1030,"Leisure",554.12841796875,554.12841796875,"walking",0.166666666666667,0.73,"weekday",6,"40 to 64","<1km","walking",0.73,0.166666666666667,1.16666666666667,1.16666666666667
"83405/1000",NA,83405,286,"50-54 years","female",20,1031,"Other",449.832550048828,449.832550048828,"car",0.166666666666667,4.74,"weekday",1,"40 to 64","3-5km","bicycle",4.74,0.430909090909091,1.16666666666667,3.01636363636364
"83405/1000",NA,83405,286,"50-54 years","female",20,1032,"Other",449.832550048828,449.832550048828,"car",0.333333333333333,4.98,"weekday",2,"40 to 64","3-5km","bicycle",4.98,0.452727272727273,2.33333333333333,3.16909090909091
"83405/1001",NA,83405,287,"55-59 years","male",20,1033,"Work",493.582550048828,493.582550048828,"car",0.416666666666667,13.6,"weekday",1,"40 to 64",">10km","car",13.6,0.416666666666667,2.91666666666667,2.91666666666667
"83405/1001",NA,83405,287,"55-59 years","male",20,1034,"Work",493.582550048828,493.582550048828,"car",0.416666666666667,13.46,"weekday",2,"40 to 64",">10km","car",13.46,0.416666666666667,2.91666666666667,2.91666666666667
"83410/1000",NA,83410,288,"45-49 years","female",20,1035,"Shopping",848.014831542969,848.014831542969,"car",0.166666666666667,2.07,"weekday",1,"40 to 64","3-5km","bicycle",2.07,0.188181818181818,1.16666666666667,1.31727272727273
"83410/1000",NA,83410,288,"45-49 years","female",20,1036,"Shopping",848.014831542969,848.014831542969,"car",0.25,2.15,"weekday",2,"40 to 64","3-5km","bicycle",2.15,0.195454545454545,1.75,1.36818181818182
"83410/1000",NA,83410,288,"45-49 years","female",20,1037,"Other",848.014831542969,848.014831542969,"walking",0.166666666666667,0.49,"weekday",3,"40 to 64","<1km","walking",0.49,0.166666666666667,1.16666666666667,1.16666666666667
"83410/1000",NA,83410,288,"45-49 years","female",20,1038,"Other",848.014831542969,848.014831542969,"walking",0.166666666666667,0.49,"weekday",4,"40 to 64","<1km","walking",0.49,0.166666666666667,1.16666666666667,1.16666666666667
"83410/1002",NA,83410,289,"40-44 years","male",20,1039,"Other",800.032165527344,800.032165527344,"walking",0.166666666666667,0.49,"weekday",1,"40 to 64","<1km","walking",0.49,0.166666666666667,1.16666666666667,1.16666666666667
"83410/1002",NA,83410,289,"40-44 years","male",20,1040,"Other",800.032165527344,800.032165527344,"walking",0.166666666666667,0.49,"weekday",2,"40 to 64","<1km","walking",0.49,0.166666666666667,1.16666666666667,1.16666666666667
"83410/1002",NA,83410,289,"40-44 years","male",20,1041,"Work",800.032165527344,800.032165527344,"car",0.5,22.07,"weekday",3,"40 to 64",">10km","car",22.07,0.5,3.5,3.5
"83410/1002",NA,83410,289,"40-44 years","male",20,1042,"Work",800.032165527344,800.032165527344,"car",0.75,22.09,"weekday",4,"40 to 64",">10km","car",22.09,0.75,5.25,5.25
"83411/1000",NA,83411,290,"35-39 years","female",20,1043,"Work",522.818908691406,522.818908691406,"car",0.5,23.51,"weekday",1,"20 to 39",">10km","car",23.51,0.5,3.5,3.5
"83411/1000",NA,83411,290,"35-39 years","female",20,1044,"Work",522.818908691406,522.818908691406,"car",0.75,23.96,"weekday",2,"20 to 39",">10km","car",23.96,0.75,5.25,5.25
"83414/1000",NA,83414,291,"45-49 years","male",20,1045,"Leisure",493.00732421875,493.00732421875,"walking",0.416666666666667,2.07,"weekday",1,"40 to 64","3-5km","walking",2.07,0.416666666666667,2.91666666666667,2.91666666666667
"83414/1000",NA,83414,291,"45-49 years","male",20,1046,"Leisure",493.00732421875,493.00732421875,"walking",0.5,2.07,"weekday",2,"40 to 64","3-5km","walking",2.07,0.5,3.5,3.5
"83415/1000",NA,83415,292,"75-79 years","male",20,1047,"Shopping",346.467559814453,346.467559814453,"car",0.166666666666667,2.12,"weekday",1,"65 plus","3-5km","bicycle",2.12,0.192727272727273,1.16666666666667,1.34909090909091
"83415/1000",NA,83415,292,"75-79 years","male",20,1048,"Shopping",346.467559814453,346.467559814453,"car",0.266666666666667,9.3,"weekday",2,"65 plus","6-10km","car",9.3,0.266666666666667,1.86666666666667,1.86666666666667
"83415/1000",NA,83415,292,"75-79 years","male",20,1049,"Shopping",346.467559814453,346.467559814453,"car",0.333333333333333,9.69,"weekday",3,"65 plus","6-10km","car",9.69,0.333333333333333,2.33333333333333,2.33333333333333
"83417/1000",NA,83417,293,"50-54 years","female",20,1050,"Other",484.974609375,484.974609375,"car",0.25,8.96,"weekday",1,"40 to 64","6-10km","car",8.96,0.25,1.75,1.75
"83417/1000",NA,83417,293,"50-54 years","female",20,1051,"Other",484.974609375,484.974609375,"car",0.416666666666667,9.56,"weekday",2,"40 to 64","6-10km","car",9.56,0.416666666666667,2.91666666666667,2.91666666666667
"83417/1000",NA,83417,293,"50-54 years","female",20,1052,"Shopping",484.974609375,484.974609375,"car",0.166666666666667,2.01,"weekday",3,"40 to 64","3-5km","bicycle",2.01,0.182727272727273,1.16666666666667,1.27909090909091
"83417/1000",NA,83417,293,"50-54 years","female",20,1053,"Shopping",484.974609375,484.974609375,"car",0.166666666666667,2.06,"weekday",4,"40 to 64","3-5km","bicycle",2.06,0.187272727272727,1.16666666666667,1.31090909090909
"83417/1002",NA,83417,294,"20-24 years","female",20,1054,"Work",856.685302734375,856.685302734375,"car",0.583333333333333,18.67,"weekday",1,"20 to 39",">10km","car",18.67,0.583333333333333,4.08333333333333,4.08333333333333
"83417/1002",NA,83417,294,"20-24 years","female",20,1055,"Shopping",856.685302734375,856.685302734375,"car",0.75,17.81,"weekday",2,"20 to 39",">10km","car",17.81,0.75,5.25,5.25
"83417/1002",NA,83417,294,"20-24 years","female",20,1056,"Shopping",856.685302734375,856.685302734375,"car",0.0833333333333333,2.06,"weekday",3,"20 to 39","3-5km","bicycle",2.06,0.187272727272727,0.583333333333333,1.31090909090909
"83417/1003",NA,83417,295,"15-19 years","female",20,1057,"Other",456.759735107422,456.759735107422,"car",0.25,8.96,"weekday",1,"15 to 19","6-10km","car",8.96,0.25,1.75,1.75
"83417/1003",NA,83417,295,"15-19 years","female",20,1058,"Other",456.759735107422,456.759735107422,"car",0.416666666666667,9.56,"weekday",2,"15 to 19","6-10km","car",9.56,0.416666666666667,2.91666666666667,2.91666666666667
"83425/1000",NA,83425,296,"65-69 years","female",20,1060,"Other",304.822784423828,304.822784423828,"car",0.0833333333333333,2.08,"weekday",1,"65 plus","3-5km","bicycle",2.08,0.189090909090909,0.583333333333333,1.32363636363636
"83425/1000",NA,83425,296,"65-69 years","female",20,1061,"Other",304.822784423828,304.822784423828,"car",0.0833333333333333,2.03,"weekday",2,"65 plus","3-5km","bicycle",2.03,0.184545454545455,0.583333333333333,1.29181818181818
"83425/1001",NA,83425,297,"55-59 years","male",20,1062,"Work",493.582550048828,493.582550048828,"car",1,60.34,"weekday",1,"40 to 64",">10km","car",60.34,1,7,7
"83425/1001",NA,83425,297,"55-59 years","male",20,1063,"Work",493.582550048828,493.582550048828,"car",1.5,60.22,"weekday",2,"40 to 64",">10km","car",60.22,1.5,10.5,10.5
"83426/1000",NA,83426,298,"45-49 years","female",20,1064,"Work",587.36279296875,587.36279296875,"car",0.25,11.43,"weekday",1,"40 to 64",">10km","car",11.43,0.25,1.75,1.75
"83426/1000",NA,83426,298,"45-49 years","female",20,1065,"Work",587.36279296875,587.36279296875,"car",0.5,7.52,"weekday",2,"40 to 64","6-10km","car",7.52,0.5,3.5,3.5
"83426/1000",NA,83426,298,"45-49 years","female",20,1066,"Work",587.36279296875,587.36279296875,"car",0.5,16.95,"weekday",3,"40 to 64",">10km","car",16.95,0.5,3.5,3.5
"83426/1001",NA,83426,299,"45-49 years","male",20,1067,"Leisure",490.858123779297,490.858123779297,"car",0.166666666666667,2.91,"weekday",1,"40 to 64","3-5km","bicycle",2.91,0.264545454545455,1.16666666666667,1.85181818181818
"83426/1001",NA,83426,299,"45-49 years","male",20,1068,"Leisure",490.858123779297,490.858123779297,"car",0.25,2.91,"weekday",2,"40 to 64","3-5km","bicycle",2.91,0.264545454545455,1.75,1.85181818181818
"83426/1002",NA,83426,300,"20-24 years","male",20,1069,"Other",967.1748046875,967.1748046875,"car",0.5,26.07,"weekday",1,"20 to 39",">10km","car",26.07,0.5,3.5,3.5
"83426/1002",NA,83426,300,"20-24 years","male",20,1070,"Other",967.1748046875,967.1748046875,"car",0.5,26.18,"weekday",2,"20 to 39",">10km","car",26.18,0.5,3.5,3.5
"83426/1003",NA,83426,301,"15-19 years","male",20,1071,"Education",541.848937988281,541.848937988281,"walking",0.166666666666667,0.85,"weekday",1,"15 to 19","<1km","walking",0.85,0.166666666666667,1.16666666666667,1.16666666666667
"83426/1003",NA,83426,301,"15-19 years","male",20,1072,"Education",541.848937988281,541.848937988281,"public.transport",0.566666666666667,18.96,"weekday",1,"15 to 19",">10km","public.transport",18.96,0.566666666666667,3.96666666666667,3.96666666666667
"83426/1003",NA,83426,301,"15-19 years","male",20,1073,"Education",541.848937988281,541.848937988281,"walking",0.0666666666666667,0.18,"weekday",1,"15 to 19","<1km","walking",0.18,0.0666666666666667,0.466666666666667,0.466666666666667
"83426/1003",NA,83426,301,"15-19 years","male",20,1074,"Education",541.848937988281,541.848937988281,"public.transport",0.266666666666667,4.34,"weekday",1,"15 to 19","3-5km","public.transport",4.34,0.266666666666667,1.86666666666667,1.86666666666667
"83426/1003",NA,83426,301,"15-19 years","male",20,1075,"Education",541.848937988281,541.848937988281,"walking",0.1,0.37,"weekday",1,"15 to 19","<1km","walking",0.37,0.1,0.7,0.7
"83426/1003",NA,83426,301,"15-19 years","male",20,1076,"Leisure",541.848937988281,541.848937988281,"walking",0.116666666666667,0.17,"weekday",2,"15 to 19","<1km","walking",0.17,0.116666666666667,0.816666666666667,0.816666666666667
"83426/1003",NA,83426,301,"15-19 years","male",20,1077,"Leisure",541.848937988281,541.848937988281,"public.transport",0.2,4.1,"weekday",2,"15 to 19","3-5km","public.transport",4.1,0.2,1.4,1.4
"83426/1003",NA,83426,301,"15-19 years","male",20,1078,"Leisure",541.848937988281,541.848937988281,"walking",0.0833333333333333,0.37,"weekday",2,"15 to 19","<1km","walking",0.37,0.0833333333333333,0.583333333333333,0.583333333333333
"83426/1003",NA,83426,301,"15-19 years","male",20,1079,"Leisure",541.848937988281,541.848937988281,"walking",0.0833333333333333,0.56,"weekday",3,"15 to 19","<1km","walking",0.56,0.0833333333333333,0.583333333333333,0.583333333333333
"83426/1003",NA,83426,301,"15-19 years","male",20,1080,"Leisure",541.848937988281,541.848937988281,"public.transport",0.65,19.28,"weekday",3,"15 to 19",">10km","public.transport",19.28,0.65,4.55,4.55
"83426/1003",NA,83426,301,"15-19 years","male",20,1081,"Leisure",541.848937988281,541.848937988281,"walking",0.166666666666667,0.85,"weekday",3,"15 to 19","<1km","walking",0.85,0.166666666666667,1.16666666666667,1.16666666666667
"83427/1000",NA,83427,302,"65-69 years","female",20,1082,"Leisure",330.075256347656,330.075256347656,"walking",0.25,0.32,"weekday",1,"65 plus","<1km","walking",0.32,0.25,1.75,1.75
"83427/1000",NA,83427,302,"65-69 years","female",20,1083,"Leisure",330.075256347656,330.075256347656,"walking",0.25,0.32,"weekday",2,"65 plus","<1km","walking",0.32,0.25,1.75,1.75
"83427/1000",NA,83427,302,"65-69 years","female",20,1084,"Shopping",330.075256347656,330.075256347656,"car",0.05,1.91,"weekday",3,"65 plus","1-2km","bicycle",1.91,0.173636363636364,0.35,1.21545454545455
"83427/1000",NA,83427,302,"65-69 years","female",20,1085,"Shopping",330.075256347656,330.075256347656,"car",0.0833333333333333,2,"weekday",4,"65 plus","1-2km","bicycle",2,0.181818181818182,0.583333333333333,1.27272727272727
"83429/1000",NA,83429,303,"50-54 years","female",20,1086,"Work",487.098052978516,487.098052978516,"car",0.416666666666667,14.71,"weekday",1,"40 to 64",">10km","car",14.71,0.416666666666667,2.91666666666667,2.91666666666667
"83429/1000",NA,83429,303,"50-54 years","female",20,1087,"Shopping",487.098052978516,487.098052978516,"car",0.233333333333333,6.95,"weekday",2,"40 to 64","6-10km","car",6.95,0.233333333333333,1.63333333333333,1.63333333333333
"83429/1000",NA,83429,303,"50-54 years","female",20,1088,"Shopping",487.098052978516,487.098052978516,"car",0.516666666666667,14.46,"weekday",3,"40 to 64",">10km","car",14.46,0.516666666666667,3.61666666666667,3.61666666666667
"83431/1000",NA,83431,304,"45-49 years","female",20,1089,"Other",544.801513671875,544.801513671875,"car",0.266666666666667,3.2,"weekday",1,"40 to 64","3-5km","bicycle",3.2,0.290909090909091,1.86666666666667,2.03636363636364
"83431/1000",NA,83431,304,"45-49 years","female",20,1090,"Work",544.801513671875,544.801513671875,"car",0.516666666666667,23.31,"weekday",2,"40 to 64",">10km","car",23.31,0.516666666666667,3.61666666666667,3.61666666666667
"83431/1000",NA,83431,304,"45-49 years","female",20,1091,"Other",544.801513671875,544.801513671875,"car",0.633333333333333,23.25,"weekday",3,"40 to 64",">10km","car",23.25,0.633333333333333,4.43333333333333,4.43333333333333
"83431/1000",NA,83431,304,"45-49 years","female",20,1092,"Other",544.801513671875,544.801513671875,"car",0.1,3.15,"weekday",4,"40 to 64","3-5km","bicycle",3.15,0.286363636363636,0.7,2.00454545454545
"83434/1000",NA,83434,305,"65-69 years","male",20,1093,"Shopping",351.451293945312,351.451293945312,"car",0.133333333333333,1.97,"weekday",1,"65 plus","1-2km","bicycle",1.97,0.179090909090909,0.933333333333333,1.25363636363636
"83434/1000",NA,83434,305,"65-69 years","male",20,1094,"Shopping",351.451293945312,351.451293945312,"car",0.166666666666667,2.02,"weekday",2,"65 plus","3-5km","bicycle",2.02,0.183636363636364,1.16666666666667,1.28545454545455
"83434/1001",NA,83434,306,"65-69 years","female",20,1095,"Shopping",304.822784423828,304.822784423828,"car",0.133333333333333,1.97,"weekday",1,"65 plus","1-2km","bicycle",1.97,0.179090909090909,0.933333333333333,1.25363636363636
"83434/1001",NA,83434,306,"65-69 years","female",20,1096,"Shopping",304.822784423828,304.822784423828,"car",0.166666666666667,2.02,"weekday",2,"65 plus","3-5km","bicycle",2.02,0.183636363636364,1.16666666666667,1.28545454545455
"83438/1000",NA,83438,307,"50-54 years","male",20,1097,"Work",452.846740722656,452.846740722656,"car",0.2,8.18,"weekday",1,"40 to 64","6-10km","car",8.18,0.2,1.4,1.4
"83438/1001",NA,83438,308,"50-54 years","female",20,1098,"Work",449.832550048828,449.832550048828,"car",0.7,16.89,"weekday",1,"40 to 64",">10km","car",16.89,0.7,4.9,4.9
"83438/1001",NA,83438,308,"50-54 years","female",20,1099,"Work",449.832550048828,449.832550048828,"car",0.85,16.91,"weekday",2,"40 to 64",">10km","car",16.91,0.85,5.95,5.95
"83439/1000",NA,83439,309,"75-79 years","female",20,1100,"Work",445.019683837891,445.019683837891,"car",0.416666666666667,17.03,"weekday",1,"65 plus",">10km","car",17.03,0.416666666666667,2.91666666666667,2.91666666666667
"83439/1000",NA,83439,309,"75-79 years","female",20,1101,"Work",445.019683837891,445.019683837891,"car",0.5,16.57,"weekday",2,"65 plus",">10km","car",16.57,0.5,3.5,3.5
"83442/1000",NA,83442,310,"55-59 years","female",20,1102,"Shopping",151.029312133789,151.029312133789,"car",0.2,6.29,"weekday",1,"40 to 64","6-10km","car",6.29,0.2,1.4,1.4
"83442/1000",NA,83442,310,"55-59 years","female",20,1103,"Shopping",151.029312133789,151.029312133789,"car",0.0833333333333333,3.71,"weekday",2,"40 to 64","3-5km","bicycle",3.71,0.337272727272727,0.583333333333333,2.36090909090909
"83442/1000",NA,83442,310,"55-59 years","female",20,1104,"Shopping",151.029312133789,151.029312133789,"car",0.233333333333333,4.68,"weekday",3,"40 to 64","3-5km","bicycle",4.68,0.425454545454545,1.63333333333333,2.97818181818182
"83442/1001",NA,83442,311,"60-64 years","male",20,1105,"Shopping",126.624420166016,126.624420166016,"car",0.2,6.29,"weekday",1,"40 to 64","6-10km","car",6.29,0.2,1.4,1.4
"83442/1001",NA,83442,311,"60-64 years","male",20,1106,"Shopping",126.624420166016,126.624420166016,"car",0.0833333333333333,3.71,"weekday",2,"40 to 64","3-5km","bicycle",3.71,0.337272727272727,0.583333333333333,2.36090909090909
"83442/1001",NA,83442,311,"60-64 years","male",20,1107,"Shopping",126.624420166016,126.624420166016,"car",0.233333333333333,4.68,"weekday",3,"40 to 64","3-5km","bicycle",4.68,0.425454545454545,1.63333333333333,2.97818181818182
"83444/1000",NA,83444,312,"75-79 years","female",20,1108,"Shopping",115.106437683105,115.106437683105,"car",0.25,1.49,"weekday",1,"65 plus","1-2km","bicycle",1.49,0.135454545454545,1.75,0.948181818181818
"83444/1000",NA,83444,312,"75-79 years","female",20,1109,"Shopping",115.106437683105,115.106437683105,"car",0.0833333333333333,1.47,"weekday",2,"65 plus","1-2km","bicycle",1.47,0.133636363636364,0.583333333333333,0.935454545454545
"83444/1001",NA,83444,313,"55-59 years","male",20,1110,"Work",185.705001831055,185.705001831055,"car",0.25,14.89,"weekday",1,"40 to 64",">10km","car",14.89,0.25,1.75,1.75
"83444/1001",NA,83444,313,"55-59 years","male",20,1111,"Work",185.705001831055,185.705001831055,"car",0.5,15.18,"weekday",2,"40 to 64",">10km","car",15.18,0.5,3.5,3.5
"83444/1002",NA,83444,314,"20-24 years","male",20,1112,"Work",233.046676635742,233.046676635742,"car",0.333333333333333,12.66,"weekday",1,"20 to 39",">10km","car",12.66,0.333333333333333,2.33333333333333,2.33333333333333
"83444/1002",NA,83444,314,"20-24 years","male",20,1113,"Work",233.046676635742,233.046676635742,"car",0.5,12.26,"weekday",2,"20 to 39",">10km","car",12.26,0.5,3.5,3.5
"83444/1002",NA,83444,314,"20-24 years","male",20,1114,"Other",233.046676635742,233.046676635742,"car",0.25,1.49,"weekday",3,"20 to 39","1-2km","bicycle",1.49,0.135454545454545,1.75,0.948181818181818
"83444/1002",NA,83444,314,"20-24 years","male",20,1115,"Other",233.046676635742,233.046676635742,"car",0.0833333333333333,1.47,"weekday",4,"20 to 39","1-2km","bicycle",1.47,0.133636363636364,0.583333333333333,0.935454545454545
"83444/1002",NA,83444,314,"20-24 years","male",20,1116,"Shopping",233.046676635742,233.046676635742,"car",0.0833333333333333,1.49,"weekday",5,"20 to 39","1-2km","bicycle",1.49,0.135454545454545,0.583333333333333,0.948181818181818
"83444/1002",NA,83444,314,"20-24 years","male",20,1117,"Shopping",233.046676635742,233.046676635742,"car",0.0833333333333333,1.47,"weekday",6,"20 to 39","1-2km","bicycle",1.47,0.133636363636364,0.583333333333333,0.935454545454545
"83444/1002",NA,83444,314,"20-24 years","male",20,1118,"Work",233.046676635742,233.046676635742,"car",0.416666666666667,12.66,"weekday",7,"20 to 39",">10km","car",12.66,0.416666666666667,2.91666666666667,2.91666666666667
"83452/1001",NA,83452,315,"40-44 years","female",20,1119,"Work",175.531768798828,175.531768798828,"car",0.333333333333333,18.67,"weekday",1,"40 to 64",">10km","car",18.67,0.333333333333333,2.33333333333333,2.33333333333333
"83452/1001",NA,83452,315,"40-44 years","female",20,1120,"Work",175.531768798828,175.531768798828,"car",0.5,19,"weekday",2,"40 to 64",">10km","car",19,0.5,3.5,3.5
"83452/1001",NA,83452,315,"40-44 years","female",20,1121,"Other",175.531768798828,175.531768798828,"car",0.166666666666667,2.12,"weekday",3,"40 to 64","3-5km","bicycle",2.12,0.192727272727273,1.16666666666667,1.34909090909091
"83452/1001",NA,83452,315,"40-44 years","female",20,1122,"Other",175.531768798828,175.531768798828,"car",0.166666666666667,2.09,"weekday",4,"40 to 64","3-5km","bicycle",2.09,0.19,1.16666666666667,1.33
"83452/1002",NA,83452,316,"65-69 years","female",20,1123,"Work",125.686531066895,125.686531066895,"car",0.25,11.44,"weekday",1,"65 plus",">10km","car",11.44,0.25,1.75,1.75
"83452/1002",NA,83452,316,"65-69 years","female",20,1124,"Work",125.686531066895,125.686531066895,"car",0.333333333333333,11.65,"weekday",2,"65 plus",">10km","car",11.65,0.333333333333333,2.33333333333333,2.33333333333333
"83454/1000",NA,83454,317,"40-44 years","male",20,1125,"Work",129.676559448242,129.676559448242,"car",0.25,10.91,"weekday",1,"40 to 64",">10km","car",10.91,0.25,1.75,1.75
"83454/1000",NA,83454,317,"40-44 years","male",20,1126,"Work",129.676559448242,129.676559448242,"car",0.25,11.12,"weekday",2,"40 to 64",">10km","car",11.12,0.25,1.75,1.75
"83454/1001",NA,83454,318,"40-44 years","female",20,1127,"Work",175.531768798828,175.531768798828,"car",0.25,18.14,"weekday",1,"40 to 64",">10km","car",18.14,0.25,1.75,1.75
"83454/1001",NA,83454,318,"40-44 years","female",20,1128,"Work",175.531768798828,175.531768798828,"car",0.416666666666667,17.96,"weekday",2,"40 to 64",">10km","car",17.96,0.416666666666667,2.91666666666667,2.91666666666667
"83455/1000",NA,83455,319,"55-59 years","female",20,1129,"Work",134.014312744141,134.014312744141,"car",0.583333333333333,15.73,"weekday",1,"40 to 64",">10km","car",15.73,0.583333333333333,4.08333333333333,4.08333333333333
"83455/1000",NA,83455,319,"55-59 years","female",20,1130,"Work",134.014312744141,134.014312744141,"car",0.416666666666667,16.02,"weekday",2,"40 to 64",">10km","car",16.02,0.416666666666667,2.91666666666667,2.91666666666667
"83455/1000",NA,83455,319,"55-59 years","female",20,1131,"Shopping",134.014312744141,134.014312744141,"car",0.0833333333333333,2.34,"weekday",3,"40 to 64","3-5km","bicycle",2.34,0.212727272727273,0.583333333333333,1.48909090909091
"83455/1000",NA,83455,319,"55-59 years","female",20,1132,"Shopping",134.014312744141,134.014312744141,"car",0.25,2.31,"weekday",4,"40 to 64","3-5km","bicycle",2.31,0.21,1.75,1.47
"83459/1000",NA,83459,320,"55-59 years","male",20,1133,"Other",159.136917114258,159.136917114258,"car",0.75,28.58,"weekday",1,"40 to 64",">10km","car",28.58,0.75,5.25,5.25
"83459/1000",NA,83459,320,"55-59 years","male",20,1134,"Other",159.136917114258,159.136917114258,"car",0.833333333333333,28.66,"weekday",2,"40 to 64",">10km","car",28.66,0.833333333333333,5.83333333333333,5.83333333333333
"83459/1001",NA,83459,321,"40-44 years","female",20,1135,"Shopping",141.607559204102,141.607559204102,"car",0.25,6.43,"weekday",1,"40 to 64","6-10km","car",6.43,0.25,1.75,1.75
"83459/1001",NA,83459,321,"40-44 years","female",20,1136,"Shopping",141.607559204102,141.607559204102,"car",0.25,6.47,"weekday",2,"40 to 64","6-10km","car",6.47,0.25,1.75,1.75
"83461/1000",NA,83461,322,"50-54 years","male",20,1137,"Leisure",184.723663330078,184.723663330078,"car",0.5,31.27,"weekday",1,"40 to 64",">10km","car",31.27,0.5,3.5,3.5
"83461/1000",NA,83461,322,"50-54 years","male",20,1138,"Shopping",184.723663330078,184.723663330078,"car",0.416666666666667,31.91,"weekday",2,"40 to 64",">10km","car",31.91,0.416666666666667,2.91666666666667,2.91666666666667
"83461/1000",NA,83461,322,"50-54 years","male",20,1139,"Shopping",184.723663330078,184.723663330078,"car",0.0833333333333333,2.52,"weekday",3,"40 to 64","3-5km","bicycle",2.52,0.229090909090909,0.583333333333333,1.60363636363636
"83461/1001",NA,83461,323,"50-54 years","female",20,1140,"Work",146.526428222656,146.526428222656,"car",0.583333333333333,24.87,"weekday",1,"40 to 64",">10km","car",24.87,0.583333333333333,4.08333333333333,4.08333333333333
"83461/1001",NA,83461,323,"50-54 years","female",20,1141,"Work",146.526428222656,146.526428222656,"car",0.666666666666667,24.85,"weekday",2,"40 to 64",">10km","car",24.85,0.666666666666667,4.66666666666667,4.66666666666667
"83464/1000",NA,83464,324,"45-49 years","female",20,1142,"Other",185.58512878418,185.58512878418,"car",0.0833333333333333,1.76,"weekday",1,"40 to 64","1-2km","bicycle",1.76,0.16,0.583333333333333,1.12
"83464/1000",NA,83464,324,"45-49 years","female",20,1143,"Work",185.58512878418,185.58512878418,"car",0.333333333333333,11.61,"weekday",2,"40 to 64",">10km","car",11.61,0.333333333333333,2.33333333333333,2.33333333333333
"83464/1000",NA,83464,324,"45-49 years","female",20,1144,"Work",185.58512878418,185.58512878418,"car",0.333333333333333,10.56,"weekday",3,"40 to 64",">10km","car",10.56,0.333333333333333,2.33333333333333,2.33333333333333
"83464/1000",NA,83464,324,"45-49 years","female",20,1145,"Work",185.58512878418,185.58512878418,"car",0.316666666666667,10.53,"weekday",4,"40 to 64",">10km","car",10.53,0.316666666666667,2.21666666666667,2.21666666666667
"83464/1000",NA,83464,324,"45-49 years","female",20,1146,"Other",185.58512878418,185.58512878418,"car",0.25,11.59,"weekday",5,"40 to 64",">10km","car",11.59,0.25,1.75,1.75
"83464/1000",NA,83464,324,"45-49 years","female",20,1147,"Other",185.58512878418,185.58512878418,"car",0.0833333333333333,1.82,"weekday",6,"40 to 64","1-2km","bicycle",1.82,0.165454545454545,0.583333333333333,1.15818181818182
"83464/1000",NA,83464,324,"45-49 years","female",20,1148,"Shopping",185.58512878418,185.58512878418,"car",0.416666666666667,6.56,"weekday",7,"40 to 64","6-10km","car",6.56,0.416666666666667,2.91666666666667,2.91666666666667
"83464/1000",NA,83464,324,"45-49 years","female",20,1149,"Shopping",185.58512878418,185.58512878418,"car",0.25,6.22,"weekday",8,"40 to 64","6-10km","car",6.22,0.25,1.75,1.75
"83464/1000",NA,83464,324,"45-49 years","female",20,1150,"Shopping",185.58512878418,185.58512878418,"car",0.166666666666667,2.09,"weekday",9,"40 to 64","3-5km","bicycle",2.09,0.19,1.16666666666667,1.33
"83464/1001",NA,83464,325,"45-49 years","male",20,1151,"Shopping",171.093643188477,171.093643188477,"car",0.583333333333333,29.39,"weekday",1,"40 to 64",">10km","car",29.39,0.583333333333333,4.08333333333333,4.08333333333333
"83464/1001",NA,83464,325,"45-49 years","male",20,1152,"Work",171.093643188477,171.093643188477,"car",0.416666666666667,12.55,"weekday",2,"40 to 64",">10km","car",12.55,0.416666666666667,2.91666666666667,2.91666666666667
"83464/1001",NA,83464,325,"45-49 years","male",20,1153,"Other",171.093643188477,171.093643188477,"car",1,30.75,"weekday",3,"40 to 64",">10km","car",30.75,1,7,7
"83464/1001",NA,83464,325,"45-49 years","male",20,1154,"Other",171.093643188477,171.093643188477,"car",0.25,7.11,"weekday",4,"40 to 64","6-10km","car",7.11,0.25,1.75,1.75
"83464/1001",NA,83464,325,"45-49 years","male",20,1155,"Shopping",171.093643188477,171.093643188477,"car",0.416666666666667,6.56,"weekday",5,"40 to 64","6-10km","car",6.56,0.416666666666667,2.91666666666667,2.91666666666667
"83464/1001",NA,83464,325,"45-49 years","male",20,1156,"Shopping",171.093643188477,171.093643188477,"car",0.25,6.22,"weekday",6,"40 to 64","6-10km","car",6.22,0.25,1.75,1.75
"83464/1001",NA,83464,325,"45-49 years","male",20,1157,"Shopping",171.093643188477,171.093643188477,"car",0.166666666666667,2.09,"weekday",7,"40 to 64","3-5km","bicycle",2.09,0.19,1.16666666666667,1.33
"83467/1000",NA,83467,326,"60-64 years","male",20,1158,"Work",126.624420166016,126.624420166016,"car",0.333333333333333,8.35,"weekday",1,"40 to 64","6-10km","car",8.35,0.333333333333333,2.33333333333333,2.33333333333333
"83467/1000",NA,83467,326,"60-64 years","male",20,1159,"Work",126.624420166016,126.624420166016,"car",0.233333333333333,8.39,"weekday",2,"40 to 64","6-10km","car",8.39,0.233333333333333,1.63333333333333,1.63333333333333
"83471/1001",NA,83471,327,"30-34 years","male",20,1160,"Work",295.600555419922,295.600555419922,"car",0.583333333333333,24.48,"weekday",1,"20 to 39",">10km","car",24.48,0.583333333333333,4.08333333333333,4.08333333333333
"83471/1001",NA,83471,327,"30-34 years","male",20,1161,"Work",295.600555419922,295.600555419922,"car",0.666666666666667,24.45,"weekday",2,"20 to 39",">10km","car",24.45,0.666666666666667,4.66666666666667,4.66666666666667
"83478/1000",NA,83478,328,"50-54 years","female",20,1162,"Work",120.97093963623,120.97093963623,"car",0.333333333333333,16.79,"weekday",1,"40 to 64",">10km","car",16.79,0.333333333333333,2.33333333333333,2.33333333333333
"83478/1000",NA,83478,328,"50-54 years","female",20,1163,"Work",120.97093963623,120.97093963623,"car",0.333333333333333,16.8,"weekday",2,"40 to 64",">10km","car",16.8,0.333333333333333,2.33333333333333,2.33333333333333
"83478/1001",NA,83478,329,"55-59 years","male",20,1164,"Work",136.198272705078,136.198272705078,"car",0.666666666666667,22.76,"weekday",1,"40 to 64",">10km","car",22.76,0.666666666666667,4.66666666666667,4.66666666666667
"83478/1001",NA,83478,329,"55-59 years","male",20,1165,"Work",136.198272705078,136.198272705078,"car",0.666666666666667,22.7,"weekday",2,"40 to 64",">10km","car",22.7,0.666666666666667,4.66666666666667,4.66666666666667
"83479/1001",NA,83479,330,"60-64 years","male",20,1166,"Work",252.12272644043,252.12272644043,"car",0.5,20.22,"weekday",1,"40 to 64",">10km","car",20.22,0.5,3.5,3.5
"83479/1001",NA,83479,330,"60-64 years","male",20,1167,"Work",252.12272644043,252.12272644043,"car",0.666666666666667,20.31,"weekday",2,"40 to 64",">10km","car",20.31,0.666666666666667,4.66666666666667,4.66666666666667
"83480/1000",NA,83480,331,"35-39 years","male",20,1168,"Work",259.737060546875,259.737060546875,"car",0.583333333333333,26.21,"weekday",1,"20 to 39",">10km","car",26.21,0.583333333333333,4.08333333333333,4.08333333333333
"83480/1000",NA,83480,331,"35-39 years","male",20,1169,"Other",259.737060546875,259.737060546875,"car",0.583333333333333,20.54,"weekday",2,"20 to 39",">10km","car",20.54,0.583333333333333,4.08333333333333,4.08333333333333
"83480/1000",NA,83480,331,"35-39 years","male",20,1170,"Other",259.737060546875,259.737060546875,"car",0.116666666666667,5.73,"weekday",3,"20 to 39","6-10km","car",5.73,0.116666666666667,0.816666666666667,0.816666666666667
"83480/1001",NA,83480,332,"35-39 years","female",20,1171,"Other",245.514633178711,245.514633178711,"car",0.416666666666667,5.72,"weekday",1,"20 to 39","6-10km","car",5.72,0.416666666666667,2.91666666666667,2.91666666666667
"83480/1001",NA,83480,332,"35-39 years","female",20,1172,"Work",245.514633178711,245.514633178711,"car",0.0833333333333333,3.7,"weekday",2,"20 to 39","3-5km","bicycle",3.7,0.336363636363636,0.583333333333333,2.35454545454545
"83480/1001",NA,83480,332,"35-39 years","female",20,1173,"Work",245.514633178711,245.514633178711,"car",0.333333333333333,8.24,"weekday",3,"20 to 39","6-10km","car",8.24,0.333333333333333,2.33333333333333,2.33333333333333
"83484/1000",NA,83484,333,"60-64 years","female",20,1174,"Other",204.986328125,204.986328125,"car",0.283333333333333,10.32,"weekday",1,"40 to 64",">10km","car",10.32,0.283333333333333,1.98333333333333,1.98333333333333
"83484/1000",NA,83484,333,"60-64 years","female",20,1175,"Shopping",204.986328125,204.986328125,"car",0.166666666666667,11.81,"weekday",2,"40 to 64",">10km","car",11.81,0.166666666666667,1.16666666666667,1.16666666666667
"83484/1000",NA,83484,333,"60-64 years","female",20,1176,"Shopping",204.986328125,204.986328125,"car",0.05,0.46,"weekday",3,"40 to 64","<1km","bicycle",0.46,0.0418181818181818,0.35,0.292727272727273
"83484/1000",NA,83484,333,"60-64 years","female",20,1177,"Shopping",204.986328125,204.986328125,"car",0.5,17.29,"weekday",4,"40 to 64",">10km","car",17.29,0.5,3.5,3.5
"83484/1000",NA,83484,333,"60-64 years","female",20,1178,"Other",204.986328125,204.986328125,"car",0.25,10.32,"weekday",5,"40 to 64",">10km","car",10.32,0.25,1.75,1.75
"83484/1000",NA,83484,333,"60-64 years","female",20,1179,"Leisure",204.986328125,204.986328125,"car",0.5,13.96,"weekday",6,"40 to 64",">10km","car",13.96,0.5,3.5,3.5
"83484/1000",NA,83484,333,"60-64 years","female",20,1180,"Shopping",204.986328125,204.986328125,"car",0.0833333333333333,2.22,"weekday",7,"40 to 64","3-5km","bicycle",2.22,0.201818181818182,0.583333333333333,1.41272727272727
"83484/1000",NA,83484,333,"60-64 years","female",20,1181,"Shopping",204.986328125,204.986328125,"car",0.0333333333333333,0.41,"weekday",8,"40 to 64","<1km","bicycle",0.41,0.0372727272727273,0.233333333333333,0.260909090909091
"83484/1000",NA,83484,333,"60-64 years","female",20,1182,"Shopping",204.986328125,204.986328125,"car",0.0333333333333333,0.44,"weekday",9,"40 to 64","<1km","bicycle",0.44,0.04,0.233333333333333,0.28
"83484/1000",NA,83484,333,"60-64 years","female",20,1183,"Shopping",204.986328125,204.986328125,"car",0.366666666666667,12.62,"weekday",10,"40 to 64",">10km","car",12.62,0.366666666666667,2.56666666666667,2.56666666666667
"83487/1000",NA,83487,334,"40-44 years","male",20,1184,"Work",260.673889160156,260.673889160156,"other",0.466666666666667,20.38,"weekday",1,"40 to 64",">10km","other",20.38,0.466666666666667,3.26666666666667,3.26666666666667
"83487/1000",NA,83487,334,"40-44 years","male",20,1185,"Work",260.673889160156,260.673889160156,"other",0.333333333333333,8.48,"weekday",2,"40 to 64","6-10km","other",8.48,0.333333333333333,2.33333333333333,2.33333333333333
"83487/1000",NA,83487,334,"40-44 years","male",20,1186,"Other",260.673889160156,260.673889160156,"other",0.333333333333333,1.96,"weekday",3,"40 to 64","1-2km","other",1.96,0.333333333333333,2.33333333333333,2.33333333333333
"83487/1000",NA,83487,334,"40-44 years","male",20,1187,"Shopping",260.673889160156,260.673889160156,"other",0.166666666666667,5.69,"weekday",4,"40 to 64","6-10km","other",5.69,0.166666666666667,1.16666666666667,1.16666666666667
"83487/1000",NA,83487,334,"40-44 years","male",20,1188,"Shopping",260.673889160156,260.673889160156,"other",0.25,12.36,"weekday",5,"40 to 64",">10km","other",12.36,0.25,1.75,1.75
"83489/1001",NA,83489,335,"60-64 years","male",20,1190,"Work",210.90705871582,210.90705871582,"car",2.5,86.58,"weekday",1,"40 to 64",">10km","car",86.58,2.5,17.5,17.5
"83489/1001",NA,83489,335,"60-64 years","male",20,1191,"Work",210.90705871582,210.90705871582,"car",1.5,83.42,"weekday",2,"40 to 64",">10km","car",83.42,1.5,10.5,10.5
"83489/1001",NA,83489,335,"60-64 years","male",20,1192,"Work",210.90705871582,210.90705871582,"car",0.833333333333333,29.63,"weekday",3,"40 to 64",">10km","car",29.63,0.833333333333333,5.83333333333333,5.83333333333333
"83489/1002",NA,83489,336,"20-24 years","male",20,1193,"Work",198.558609008789,198.558609008789,"car",0.833333333333333,46.16,"weekday",1,"20 to 39",">10km","car",46.16,0.833333333333333,5.83333333333333,5.83333333333333
"83489/1002",NA,83489,336,"20-24 years","male",20,1194,"Work",198.558609008789,198.558609008789,"car",1.08333333333333,45.86,"weekday",2,"20 to 39",">10km","car",45.86,1.08333333333333,7.58333333333333,7.58333333333333
"83493/1000",NA,83493,337,"30-34 years","female",20,1195,"Other",333.578796386719,333.578796386719,"car",0.333333333333333,15.37,"weekday",1,"20 to 39",">10km","car",15.37,0.333333333333333,2.33333333333333,2.33333333333333
"83493/1000",NA,83493,337,"30-34 years","female",20,1196,"Work",333.578796386719,333.578796386719,"car",0.366666666666667,16.24,"weekday",2,"20 to 39",">10km","car",16.24,0.366666666666667,2.56666666666667,2.56666666666667
"83493/1000",NA,83493,337,"30-34 years","female",20,1197,"Other",333.578796386719,333.578796386719,"car",0.5,16.25,"weekday",3,"20 to 39",">10km","car",16.25,0.5,3.5,3.5
"83493/1000",NA,83493,337,"30-34 years","female",20,1198,"Other",333.578796386719,333.578796386719,"car",0.5,15.31,"weekday",4,"20 to 39",">10km","car",15.31,0.5,3.5,3.5
"83493/1001",NA,83493,338,"30-34 years","male",20,1199,"Work",243.462539672852,243.462539672852,"car",0.5,31.7,"weekday",1,"20 to 39",">10km","car",31.7,0.5,3.5,3.5
"83493/1001",NA,83493,338,"30-34 years","male",20,1200,"Work",243.462539672852,243.462539672852,"car",0.583333333333333,31.67,"weekday",2,"20 to 39",">10km","car",31.67,0.583333333333333,4.08333333333333,4.08333333333333
"83497/1000",NA,83497,339,"55-59 years","female",20,1201,"Shopping",124.50057220459,124.50057220459,"car",0.25,11.22,"weekday",1,"40 to 64",">10km","car",11.22,0.25,1.75,1.75
"83497/1000",NA,83497,339,"55-59 years","female",20,1202,"Shopping",124.50057220459,124.50057220459,"car",0.35,11.29,"weekday",2,"40 to 64",">10km","car",11.29,0.35,2.45,2.45
"83497/1001",NA,83497,340,"65-69 years","male",20,1203,"Other",136.799423217773,136.799423217773,"car",0.116666666666667,2.23,"weekday",1,"65 plus","3-5km","bicycle",2.23,0.202727272727273,0.816666666666667,1.41909090909091
"83497/1001",NA,83497,340,"65-69 years","male",20,1204,"Other",136.799423217773,136.799423217773,"car",0.15,2.23,"weekday",2,"65 plus","3-5km","bicycle",2.23,0.202727272727273,1.05,1.41909090909091
"83499/1000",NA,83499,341,"45-49 years","male",20,1205,"Work",156.624847412109,156.624847412109,"car",0.75,32.75,"weekday",1,"40 to 64",">10km","car",32.75,0.75,5.25,5.25
"83499/1000",NA,83499,341,"45-49 years","male",20,1206,"Work",156.624847412109,156.624847412109,"car",0.25,4.14,"weekday",2,"40 to 64","3-5km","bicycle",4.14,0.376363636363636,1.75,2.63454545454545
"83499/1000",NA,83499,341,"45-49 years","male",20,1207,"Work",156.624847412109,156.624847412109,"car",0.75,29.9,"weekday",3,"40 to 64",">10km","car",29.9,0.75,5.25,5.25
"83560/1000",NA,83560,342,"35-39 years","female",20,1208,"Leisure",173.152923583984,173.152923583984,"walking",0.5,1.75,"weekday",1,"20 to 39","1-2km","walking",1.75,0.5,3.5,3.5
"83560/1000",NA,83560,342,"35-39 years","female",20,1209,"Leisure",173.152923583984,173.152923583984,"walking",0.5,1.75,"weekday",2,"20 to 39","1-2km","walking",1.75,0.5,3.5,3.5
"83560/1000",NA,83560,342,"35-39 years","female",20,1210,"Work",173.152923583984,173.152923583984,"car",0.0833333333333333,1.86,"weekday",3,"20 to 39","1-2km","bicycle",1.86,0.169090909090909,0.583333333333333,1.18363636363636
"83560/1000",NA,83560,342,"35-39 years","female",20,1211,"Work",173.152923583984,173.152923583984,"public.transport",0.583333333333333,24.95,"weekday",3,"20 to 39",">10km","public.transport",24.95,0.583333333333333,4.08333333333333,4.08333333333333
"83560/1000",NA,83560,342,"35-39 years","female",20,1212,"Work",173.152923583984,173.152923583984,"walking",0.166666666666667,0.32,"weekday",3,"20 to 39","<1km","walking",0.32,0.166666666666667,1.16666666666667,1.16666666666667
"83560/1000",NA,83560,342,"35-39 years","female",20,1213,"Work",173.152923583984,173.152923583984,"walking",0.166666666666667,0.42,"weekday",4,"20 to 39","<1km","walking",0.42,0.166666666666667,1.16666666666667,1.16666666666667
"83560/1000",NA,83560,342,"35-39 years","female",20,1214,"Work",173.152923583984,173.152923583984,"public.transport",0.583333333333333,24.65,"weekday",4,"20 to 39",">10km","public.transport",24.65,0.583333333333333,4.08333333333333,4.08333333333333
"83560/1000",NA,83560,342,"35-39 years","female",20,1215,"Work",173.152923583984,173.152923583984,"car",0.0833333333333333,1.94,"weekday",4,"20 to 39","1-2km","bicycle",1.94,0.176363636363636,0.583333333333333,1.23454545454545
"83560/1000",NA,83560,342,"35-39 years","female",20,1216,"Shopping",173.152923583984,173.152923583984,"car",0.5,22.05,"weekday",5,"20 to 39",">10km","car",22.05,0.5,3.5,3.5
"83560/1000",NA,83560,342,"35-39 years","female",20,1217,"Leisure",173.152923583984,173.152923583984,"car",0.5,24.57,"weekday",6,"20 to 39",">10km","car",24.57,0.5,3.5,3.5
"83560/1000",NA,83560,342,"35-39 years","female",20,1218,"Leisure",173.152923583984,173.152923583984,"car",0.25,4.53,"weekday",7,"20 to 39","3-5km","bicycle",4.53,0.411818181818182,1.75,2.88272727272727
"83592/1001",NA,83592,343,"45-49 years","male",20,1219,"Work",189.435119628906,189.435119628906,"car",0.25,5.19,"weekday",1,"40 to 64","6-10km","car",5.19,0.25,1.75,1.75
"83592/1001",NA,83592,343,"45-49 years","male",20,1220,"Work",189.435119628906,189.435119628906,"public.transport",0.5,33.03,"weekday",1,"40 to 64",">10km","public.transport",33.03,0.5,3.5,3.5
"83592/1001",NA,83592,343,"45-49 years","male",20,1221,"Work",189.435119628906,189.435119628906,"walking",0.166666666666667,0.66,"weekday",1,"40 to 64","<1km","walking",0.66,0.166666666666667,1.16666666666667,1.16666666666667
"83592/1001",NA,83592,343,"45-49 years","male",20,1222,"Work",189.435119628906,189.435119628906,"walking",0.25,0.66,"weekday",2,"40 to 64","<1km","walking",0.66,0.25,1.75,1.75
"83592/1001",NA,83592,343,"45-49 years","male",20,1223,"Work",189.435119628906,189.435119628906,"public.transport",0.75,33.03,"weekday",2,"40 to 64",">10km","public.transport",33.03,0.75,5.25,5.25
"83592/1001",NA,83592,343,"45-49 years","male",20,1224,"Work",189.435119628906,189.435119628906,"car",0.25,5.22,"weekday",2,"40 to 64","6-10km","car",5.22,0.25,1.75,1.75
"83594/1001",NA,83594,344,"25-29 years","male",20,1225,"Leisure",964.048278808594,964.048278808594,"car",0.166666666666667,3.85,"weekday",1,"20 to 39","3-5km","bicycle",3.85,0.35,1.16666666666667,2.45
"83594/1001",NA,83594,344,"25-29 years","male",20,1226,"Leisure",964.048278808594,964.048278808594,"car",0.166666666666667,3.59,"weekday",2,"20 to 39","3-5km","bicycle",3.59,0.326363636363636,1.16666666666667,2.28454545454545
"83594/1001",NA,83594,344,"25-29 years","male",20,1227,"Leisure",964.048278808594,964.048278808594,"car",1.5,112.72,"weekday",3,"20 to 39",">10km","car",112.72,1.5,10.5,10.5
"83595/1000",NA,83595,345,"50-54 years","male",20,1228,"Work",294.340179443359,294.340179443359,"car",0.75,21.12,"weekday",1,"40 to 64",">10km","car",21.12,0.75,5.25,5.25
"83595/1000",NA,83595,345,"50-54 years","male",20,1229,"Work",294.340179443359,294.340179443359,"car",0.916666666666667,21.44,"weekday",2,"40 to 64",">10km","car",21.44,0.916666666666667,6.41666666666667,6.41666666666667
"83595/1001",NA,83595,346,"50-54 years","female",20,1230,"Other",308.720367431641,308.720367431641,"car",0.5,21.03,"weekday",1,"40 to 64",">10km","car",21.03,0.5,3.5,3.5
"83595/1001",NA,83595,346,"50-54 years","female",20,1231,"Other",308.720367431641,308.720367431641,"car",0.416666666666667,21.1,"weekday",2,"40 to 64",">10km","car",21.1,0.416666666666667,2.91666666666667,2.91666666666667
"83595/1002",NA,83595,347,"15-19 years","male",20,1232,"Other",243.971801757812,243.971801757812,"car",0.5,21.03,"weekday",1,"15 to 19",">10km","car",21.03,0.5,3.5,3.5
"83595/1002",NA,83595,347,"15-19 years","male",20,1233,"Other",243.971801757812,243.971801757812,"car",0.416666666666667,21.1,"weekday",2,"15 to 19",">10km","car",21.1,0.416666666666667,2.91666666666667,2.91666666666667
"83600/1000",NA,83600,348,"40-44 years","female",20,1234,"Other",336.650360107422,336.650360107422,"car",0.333333333333333,14.53,"weekday",1,"40 to 64",">10km","car",14.53,0.333333333333333,2.33333333333333,2.33333333333333
"83600/1000",NA,83600,348,"40-44 years","female",20,1235,"Other",336.650360107422,336.650360107422,"car",0.25,14.9,"weekday",2,"40 to 64",">10km","car",14.9,0.25,1.75,1.75
"83600/1000",NA,83600,348,"40-44 years","female",20,1236,"Other",336.650360107422,336.650360107422,"car",0.333333333333333,14.53,"weekday",3,"40 to 64",">10km","car",14.53,0.333333333333333,2.33333333333333,2.33333333333333
"83600/1000",NA,83600,348,"40-44 years","female",20,1237,"Other",336.650360107422,336.650360107422,"car",0.333333333333333,14.9,"weekday",4,"40 to 64",">10km","car",14.9,0.333333333333333,2.33333333333333,2.33333333333333
"83600/1001",NA,83600,349,"50-54 years","male",20,1238,"Work",294.340179443359,294.340179443359,"car",0.5,12.49,"weekday",1,"40 to 64",">10km","car",12.49,0.5,3.5,3.5
"83600/1001",NA,83600,349,"50-54 years","male",20,1239,"Work",294.340179443359,294.340179443359,"car",0.583333333333333,12.53,"weekday",2,"40 to 64",">10km","car",12.53,0.583333333333333,4.08333333333333,4.08333333333333
"83600/1002",NA,83600,350,"15-19 years","male",20,1240,"Education",243.971801757812,243.971801757812,"car",0.333333333333333,14.53,"weekday",1,"15 to 19",">10km","car",14.53,0.333333333333333,2.33333333333333,2.33333333333333
"83600/1002",NA,83600,350,"15-19 years","male",20,1241,"Education",243.971801757812,243.971801757812,"car",0.333333333333333,14.9,"weekday",2,"15 to 19",">10km","car",14.9,0.333333333333333,2.33333333333333,2.33333333333333
"83602/1000",NA,83602,351,"45-49 years","male",20,1242,"Work",241.737762451172,241.737762451172,"car",0.333333333333333,18.43,"weekday",1,"40 to 64",">10km","car",18.43,0.333333333333333,2.33333333333333,2.33333333333333
"83602/1000",NA,83602,351,"45-49 years","male",20,1243,"Work",241.737762451172,241.737762451172,"car",0.333333333333333,18.6,"weekday",2,"40 to 64",">10km","car",18.6,0.333333333333333,2.33333333333333,2.33333333333333
"83603/1001",NA,83603,352,"35-39 years","female",20,1244,"Other",234.266296386719,234.266296386719,"car",0.0833333333333333,1.37,"weekday",1,"20 to 39","1-2km","bicycle",1.37,0.124545454545455,0.583333333333333,0.871818181818182
"83603/1001",NA,83603,352,"35-39 years","female",20,1245,"Shopping",234.266296386719,234.266296386719,"car",0.166666666666667,3.47,"weekday",2,"20 to 39","3-5km","bicycle",3.47,0.315454545454545,1.16666666666667,2.20818181818182
"83603/1001",NA,83603,352,"35-39 years","female",20,1246,"Shopping",234.266296386719,234.266296386719,"car",0.133333333333333,4.84,"weekday",3,"20 to 39","3-5km","bicycle",4.84,0.44,0.933333333333333,3.08
"83603/1001",NA,83603,352,"35-39 years","female",20,1247,"Other",234.266296386719,234.266296386719,"car",0.0833333333333333,1.37,"weekday",4,"20 to 39","1-2km","bicycle",1.37,0.124545454545455,0.583333333333333,0.871818181818182
"83603/1001",NA,83603,352,"35-39 years","female",20,1248,"Other",234.266296386719,234.266296386719,"car",0.0833333333333333,1.65,"weekday",5,"20 to 39","1-2km","bicycle",1.65,0.15,0.583333333333333,1.05
"83605/1000",NA,83605,353,"75-79 years","male",20,1249,"Leisure",146.185394287109,146.185394287109,"car",0.166666666666667,3.22,"weekday",1,"65 plus","3-5km","bicycle",3.22,0.292727272727273,1.16666666666667,2.04909090909091
"83605/1000",NA,83605,353,"75-79 years","male",20,1250,"Leisure",146.185394287109,146.185394287109,"car",0.166666666666667,3.26,"weekday",2,"65 plus","3-5km","bicycle",3.26,0.296363636363636,1.16666666666667,2.07454545454545
"83605/1001",NA,83605,354,"75-79 years","female",20,1252,"Leisure",181.604446411133,181.604446411133,"car",0.166666666666667,3.22,"weekday",1,"65 plus","3-5km","bicycle",3.22,0.292727272727273,1.16666666666667,2.04909090909091
"83605/1001",NA,83605,354,"75-79 years","female",20,1253,"Leisure",181.604446411133,181.604446411133,"car",0.166666666666667,3.26,"weekday",2,"65 plus","3-5km","bicycle",3.26,0.296363636363636,1.16666666666667,2.07454545454545
"83608/1000",NA,83608,355,"60-64 years","male",20,1255,"Work",182.576873779297,182.576873779297,"car",0.583333333333333,31.36,"weekday",1,"40 to 64",">10km","car",31.36,0.583333333333333,4.08333333333333,4.08333333333333
"83608/1000",NA,83608,355,"60-64 years","male",20,1256,"Work",182.576873779297,182.576873779297,"car",0.666666666666667,30.5,"weekday",2,"40 to 64",">10km","car",30.5,0.666666666666667,4.66666666666667,4.66666666666667
"83609/1000",NA,83609,356,"35-39 years","female",20,1258,"Leisure",234.266296386719,234.266296386719,"car",0.333333333333333,4.62,"weekday",2,"20 to 39","3-5km","bicycle",4.62,0.42,2.33333333333333,2.94
"83609/1000",NA,83609,356,"35-39 years","female",20,1259,"Leisure",234.266296386719,234.266296386719,"car",0.333333333333333,4.58,"weekday",3,"20 to 39","3-5km","bicycle",4.58,0.416363636363636,2.33333333333333,2.91454545454545
"83609/1001",NA,83609,357,"35-39 years","male",20,1260,"Work",253.730651855469,253.730651855469,"car",0.25,3.07,"weekday",1,"20 to 39","3-5km","bicycle",3.07,0.279090909090909,1.75,1.95363636363636
"83609/1001",NA,83609,357,"35-39 years","male",20,1261,"Work",253.730651855469,253.730651855469,"car",0.25,3.13,"weekday",2,"20 to 39","3-5km","bicycle",3.13,0.284545454545455,1.75,1.99181818181818
"83611/1000",NA,83611,358,"60-64 years","female",20,1262,"Work",156.893493652344,156.893493652344,"car",0.5,21.9,"weekday",1,"40 to 64",">10km","car",21.9,0.5,3.5,3.5
"83611/1000",NA,83611,358,"60-64 years","female",20,1263,"Work",156.893493652344,156.893493652344,"car",0.666666666666667,22.34,"weekday",2,"40 to 64",">10km","car",22.34,0.666666666666667,4.66666666666667,4.66666666666667
"83611/1001",NA,83611,359,"60-64 years","female",20,1264,"Work",156.893493652344,156.893493652344,"car",0.166666666666667,2.95,"weekday",1,"40 to 64","3-5km","bicycle",2.95,0.268181818181818,1.16666666666667,1.87727272727273
"83611/1001",NA,83611,359,"60-64 years","female",20,1265,"Work",156.893493652344,156.893493652344,"car",0.166666666666667,3.02,"weekday",2,"40 to 64","3-5km","bicycle",3.02,0.274545454545455,1.16666666666667,1.92181818181818
"83612/1000",NA,83612,360,"20-24 years","male",20,1266,"Work",589.546936035156,589.546936035156,"car",0.25,2.89,"weekday",1,"20 to 39","3-5km","bicycle",2.89,0.262727272727273,1.75,1.83909090909091
"83612/1000",NA,83612,360,"20-24 years","male",20,1267,"Work",589.546936035156,589.546936035156,"car",0.25,2.84,"weekday",2,"20 to 39","3-5km","bicycle",2.84,0.258181818181818,1.75,1.80727272727273
"83614/1000",NA,83614,361,"45-49 years","female",20,1268,"Leisure",235.698928833008,235.698928833008,"car",0.75,29.71,"weekday",1,"40 to 64",">10km","car",29.71,0.75,5.25,5.25
"83614/1000",NA,83614,361,"45-49 years","female",20,1269,"Leisure",235.698928833008,235.698928833008,"car",1,29.81,"weekday",2,"40 to 64",">10km","car",29.81,1,7,7
"83615/1000",NA,83615,362,"25-29 years","female",20,1270,"Work",358.802307128906,358.802307128906,"car",0.333333333333333,10.52,"weekday",1,"20 to 39",">10km","car",10.52,0.333333333333333,2.33333333333333,2.33333333333333
"83615/1000",NA,83615,362,"25-29 years","female",20,1271,"Work",358.802307128906,358.802307128906,"car",0.466666666666667,15.84,"weekday",2,"20 to 39",">10km","car",15.84,0.466666666666667,3.26666666666667,3.26666666666667
"83615/1000",NA,83615,362,"25-29 years","female",20,1272,"Work",358.802307128906,358.802307128906,"car",0.166666666666667,12.25,"weekday",3,"20 to 39",">10km","car",12.25,0.166666666666667,1.16666666666667,1.16666666666667
"83615/1000",NA,83615,362,"25-29 years","female",20,1273,"Work",358.802307128906,358.802307128906,"car",0.166666666666667,5.96,"weekday",4,"20 to 39","6-10km","car",5.96,0.166666666666667,1.16666666666667,1.16666666666667
"83615/1001",NA,83615,363,"30-34 years","male",20,1274,"Work",286.1357421875,286.1357421875,"car",0.833333333333333,29.27,"weekday",1,"20 to 39",">10km","car",29.27,0.833333333333333,5.83333333333333,5.83333333333333
"83615/1001",NA,83615,363,"30-34 years","male",20,1275,"Work",286.1357421875,286.1357421875,"car",1,29.58,"weekday",2,"20 to 39",">10km","car",29.58,1,7,7
"83616/1000",NA,83616,364,"55-59 years","male",20,1276,"Work",415.868316650391,415.868316650391,"car",1,70.78,"weekday",1,"40 to 64",">10km","car",70.78,1,7,7
"83616/1000",NA,83616,364,"55-59 years","male",20,1277,"Work",415.868316650391,415.868316650391,"car",1,69.26,"weekday",2,"40 to 64",">10km","car",69.26,1,7,7
"83616/1001",NA,83616,365,"50-54 years","female",20,1278,"Work",308.720367431641,308.720367431641,"car",0.5,17.11,"weekday",1,"40 to 64",">10km","car",17.11,0.5,3.5,3.5
"83616/1001",NA,83616,365,"50-54 years","female",20,1279,"Work",308.720367431641,308.720367431641,"car",0.5,17.81,"weekday",2,"40 to 64",">10km","car",17.81,0.5,3.5,3.5
"83616/1002",NA,83616,366,"25-29 years","female",20,1280,"Education",571.256774902344,571.256774902344,"public.transport",0.5,14.61,"weekday",1,"20 to 39",">10km","public.transport",14.61,0.5,3.5,3.5
"83616/1002",NA,83616,366,"25-29 years","female",20,1281,"Education",571.256774902344,571.256774902344,"public.transport",0.5,14.84,"weekday",2,"20 to 39",">10km","public.transport",14.84,0.5,3.5,3.5
"83617/1000",NA,83617,367,"80-84 years","female",20,1282,"Shopping",242.680282592773,242.680282592773,"car",0.166666666666667,5.43,"weekday",1,"65 plus","6-10km","car",5.43,0.166666666666667,1.16666666666667,1.16666666666667
"83617/1000",NA,83617,367,"80-84 years","female",20,1283,"Shopping",242.680282592773,242.680282592773,"car",0.166666666666667,5.36,"weekday",2,"65 plus","6-10km","car",5.36,0.166666666666667,1.16666666666667,1.16666666666667
"83619/1000",NA,83619,368,"45-49 years","male",20,1284,"Work",412.569610595703,412.569610595703,"car",0.433333333333333,16.88,"weekday",1,"40 to 64",">10km","car",16.88,0.433333333333333,3.03333333333333,3.03333333333333
"83619/1000",NA,83619,368,"45-49 years","male",20,1285,"Work",412.569610595703,412.569610595703,"car",0.55,16.97,"weekday",2,"40 to 64",">10km","car",16.97,0.55,3.85,3.85
"83619/1001",NA,83619,369,"40-44 years","female",20,1286,"Other",460.510681152344,460.510681152344,"car",0.25,5.56,"weekday",1,"40 to 64","6-10km","car",5.56,0.25,1.75,1.75
"83619/1001",NA,83619,369,"40-44 years","female",20,1287,"Other",460.510681152344,460.510681152344,"car",0.416666666666667,5.12,"weekday",2,"40 to 64","6-10km","car",5.12,0.416666666666667,2.91666666666667,2.91666666666667
"83620/1000",NA,83620,370,"55-59 years","female",20,1288,"Work",285.437072753906,285.437072753906,"car",0.416666666666667,11.96,"weekday",1,"40 to 64",">10km","car",11.96,0.416666666666667,2.91666666666667,2.91666666666667
"83620/1000",NA,83620,370,"55-59 years","female",20,1289,"Work",285.437072753906,285.437072753906,"car",0.5,12.63,"weekday",2,"40 to 64",">10km","car",12.63,0.5,3.5,3.5
"83620/1001",NA,83620,371,"60-64 years","male",20,1290,"Work",227.791702270508,227.791702270508,"car",1,37.88,"weekday",1,"40 to 64",">10km","car",37.88,1,7,7
"83620/1001",NA,83620,371,"60-64 years","male",20,1291,"Work",227.791702270508,227.791702270508,"car",0.7,37.9,"weekday",2,"40 to 64",">10km","car",37.9,0.7,4.9,4.9
"83620/1002",NA,83620,372,"35-39 years","female",20,1292,"Work",234.266296386719,234.266296386719,"car",0.333333333333333,2.79,"weekday",1,"20 to 39","3-5km","bicycle",2.79,0.253636363636364,2.33333333333333,1.77545454545455
"83620/1002",NA,83620,372,"35-39 years","female",20,1293,"Work",234.266296386719,234.266296386719,"car",0.333333333333333,2.85,"weekday",2,"20 to 39","3-5km","bicycle",2.85,0.259090909090909,2.33333333333333,1.81363636363636
"83621/1000",NA,83621,373,"50-54 years","female",20,1294,"Shopping",449.832550048828,449.832550048828,"car",0.05,3.57,"weekday",1,"40 to 64","3-5km","bicycle",3.57,0.324545454545455,0.35,2.27181818181818
"83621/1000",NA,83621,373,"50-54 years","female",20,1295,"Shopping",449.832550048828,449.832550048828,"car",0.0833333333333333,3.58,"weekday",2,"40 to 64","3-5km","bicycle",3.58,0.325454545454545,0.583333333333333,2.27818181818182
"83621/1001",NA,83621,374,"15-19 years","male",20,1296,"Education",502.585662841797,502.585662841797,"walking",0.0833333333333333,0.95,"weekday",1,"15 to 19","<1km","walking",0.95,0.0833333333333333,0.583333333333333,0.583333333333333
"83621/1001",NA,83621,374,"15-19 years","male",20,1297,"Education",502.585662841797,502.585662841797,"walking",0.0833333333333333,0.95,"weekday",2,"15 to 19","<1km","walking",0.95,0.0833333333333333,0.583333333333333,0.583333333333333
"83623/1000",NA,83623,375,"60-64 years","male",20,1298,"Work",441.761657714844,441.761657714844,"car",0.666666666666667,25,"weekday",1,"40 to 64",">10km","car",25,0.666666666666667,4.66666666666667,4.66666666666667
"83623/1000",NA,83623,375,"60-64 years","male",20,1299,"Work",441.761657714844,441.761657714844,"car",0.833333333333333,25.58,"weekday",2,"40 to 64",">10km","car",25.58,0.833333333333333,5.83333333333333,5.83333333333333
"83626/1000",NA,83626,376,"30-34 years","male",20,1300,"Work",825.542541503906,825.542541503906,"car",0.416666666666667,10.53,"weekday",1,"20 to 39",">10km","car",10.53,0.416666666666667,2.91666666666667,2.91666666666667
"83626/1000",NA,83626,376,"30-34 years","male",20,1301,"Leisure",825.542541503906,825.542541503906,"car",0.5,12.76,"weekday",2,"20 to 39",">10km","car",12.76,0.5,3.5,3.5
"83626/1000",NA,83626,376,"30-34 years","male",20,1302,"Leisure",825.542541503906,825.542541503906,"car",0.166666666666667,3.55,"weekday",3,"20 to 39","3-5km","bicycle",3.55,0.322727272727273,1.16666666666667,2.25909090909091
"83626/1001",NA,83626,377,"35-39 years","female",20,1303,"Work",522.818908691406,522.818908691406,"car",0.5,15.65,"weekday",1,"20 to 39",">10km","car",15.65,0.5,3.5,3.5
"83626/1001",NA,83626,377,"35-39 years","female",20,1304,"Work",522.818908691406,522.818908691406,"car",0.5,15.48,"weekday",2,"20 to 39",">10km","car",15.48,0.5,3.5,3.5
"83630/1000",NA,83630,378,"75-79 years","male",20,1305,"Shopping",319.961029052734,319.961029052734,"car",1.08333333333333,23.87,"weekday",1,"65 plus",">10km","car",23.87,1.08333333333333,7.58333333333333,7.58333333333333
"83630/1000",NA,83630,378,"75-79 years","male",20,1306,"Shopping",319.961029052734,319.961029052734,"car",0.166666666666667,0.84,"weekday",2,"65 plus","<1km","bicycle",0.84,0.0763636363636364,1.16666666666667,0.534545454545454
"83630/1000",NA,83630,378,"75-79 years","male",20,1307,"Leisure",319.961029052734,319.961029052734,"car",0.333333333333333,3.94,"weekday",3,"65 plus","3-5km","bicycle",3.94,0.358181818181818,2.33333333333333,2.50727272727273
"83630/1000",NA,83630,378,"75-79 years","male",20,1308,"Shopping",319.961029052734,319.961029052734,"car",0.5,15.66,"weekday",4,"65 plus",">10km","car",15.66,0.5,3.5,3.5
"83630/1000",NA,83630,378,"75-79 years","male",20,1309,"Shopping",319.961029052734,319.961029052734,"car",0.416666666666667,10.99,"weekday",5,"65 plus",">10km","car",10.99,0.416666666666667,2.91666666666667,2.91666666666667
"83630/1001",NA,83630,379,"70-74 years","female",20,1310,"Shopping",410.921569824219,410.921569824219,"car",1.08333333333333,23.87,"weekday",1,"65 plus",">10km","car",23.87,1.08333333333333,7.58333333333333,7.58333333333333
"83630/1001",NA,83630,379,"70-74 years","female",20,1311,"Other",410.921569824219,410.921569824219,"car",0.166666666666667,0.84,"weekday",2,"65 plus","<1km","bicycle",0.84,0.0763636363636364,1.16666666666667,0.534545454545454
"83630/1001",NA,83630,379,"70-74 years","female",20,1312,"Leisure",410.921569824219,410.921569824219,"car",0.333333333333333,3.94,"weekday",3,"65 plus","3-5km","bicycle",3.94,0.358181818181818,2.33333333333333,2.50727272727273
"83630/1001",NA,83630,379,"70-74 years","female",20,1313,"Shopping",410.921569824219,410.921569824219,"car",0.5,15.66,"weekday",4,"65 plus",">10km","car",15.66,0.5,3.5,3.5
"83630/1001",NA,83630,379,"70-74 years","female",20,1314,"Shopping",410.921569824219,410.921569824219,"car",0.416666666666667,10.99,"weekday",5,"65 plus",">10km","car",10.99,0.416666666666667,2.91666666666667,2.91666666666667
"83634/1000",NA,83634,380,"30-34 years","male",20,1315,"Work",825.542541503906,825.542541503906,"car",0.333333333333333,9.52,"weekday",1,"20 to 39","6-10km","car",9.52,0.333333333333333,2.33333333333333,2.33333333333333
"83634/1000",NA,83634,380,"30-34 years","male",20,1316,"Work",825.542541503906,825.542541503906,"car",0.333333333333333,9.41,"weekday",2,"20 to 39","6-10km","car",9.41,0.333333333333333,2.33333333333333,2.33333333333333
"83641/1000",NA,83641,381,"25-29 years","female",20,1317,"Other",1106.93493652344,1106.93493652344,"car",0.25,9.04,"weekday",1,"20 to 39","6-10km","car",9.04,0.25,1.75,1.75
"83641/1000",NA,83641,381,"25-29 years","female",20,1318,"Other",1106.93493652344,1106.93493652344,"car",0.25,8.97,"weekday",2,"20 to 39","6-10km","car",8.97,0.25,1.75,1.75
"83641/1000",NA,83641,381,"25-29 years","female",20,1319,"Other",1106.93493652344,1106.93493652344,"car",0.25,9.04,"weekday",3,"20 to 39","6-10km","car",9.04,0.25,1.75,1.75
"83641/1000",NA,83641,381,"25-29 years","female",20,1320,"Other",1106.93493652344,1106.93493652344,"car",0.333333333333333,8.97,"weekday",4,"20 to 39","6-10km","car",8.97,0.333333333333333,2.33333333333333,2.33333333333333
"83646/1000",NA,83646,382,"25-29 years","female",20,1321,"Other",1240.35559082031,1240.35559082031,"car",0.05,0.85,"weekday",1,"20 to 39","<1km","bicycle",0.85,0.0772727272727273,0.35,0.540909090909091
"83646/1000",NA,83646,382,"25-29 years","female",20,1322,"Other",1240.35559082031,1240.35559082031,"car",0.05,1.53,"weekday",2,"20 to 39","1-2km","bicycle",1.53,0.139090909090909,0.35,0.973636363636364
"83646/1000",NA,83646,382,"25-29 years","female",20,1323,"Work",1240.35559082031,1240.35559082031,"car",0.5,10.56,"weekday",3,"20 to 39",">10km","car",10.56,0.5,3.5,3.5
"83646/1000",NA,83646,382,"25-29 years","female",20,1324,"Work",1240.35559082031,1240.35559082031,"car",0.5,10.88,"weekday",4,"20 to 39",">10km","car",10.88,0.5,3.5,3.5
"83648/1000",NA,83648,383,"55-59 years","female",20,1325,"Work",568.320922851562,568.320922851562,"car",0.666666666666667,15.82,"weekday",1,"40 to 64",">10km","car",15.82,0.666666666666667,4.66666666666667,4.66666666666667
"83648/1000",NA,83648,383,"55-59 years","female",20,1326,"Work",568.320922851562,568.320922851562,"car",0.5,16.09,"weekday",2,"40 to 64",">10km","car",16.09,0.5,3.5,3.5
"83648/1001",NA,83648,384,"20-24 years","male",20,1327,"Work",1088.4951171875,1088.4951171875,"car",0.666666666666667,15.66,"weekday",1,"20 to 39",">10km","car",15.66,0.666666666666667,4.66666666666667,4.66666666666667
"83648/1001",NA,83648,384,"20-24 years","male",20,1328,"Work",1088.4951171875,1088.4951171875,"walking",0.116666666666667,0.51,"weekday",2,"20 to 39","<1km","walking",0.51,0.116666666666667,0.816666666666667,0.816666666666667
"83648/1001",NA,83648,384,"20-24 years","male",20,1329,"Work",1088.4951171875,1088.4951171875,"public.transport",0.75,15.73,"weekday",2,"20 to 39",">10km","public.transport",15.73,0.75,5.25,5.25
"83648/1001",NA,83648,384,"20-24 years","male",20,1330,"Work",1088.4951171875,1088.4951171875,"walking",0.0833333333333333,0.6,"weekday",2,"20 to 39","<1km","walking",0.6,0.0833333333333333,0.583333333333333,0.583333333333333
"83648/1002",NA,83648,385,"20-24 years","female",20,1331,"Work",964.146118164062,964.146118164062,"car",0.5,18.77,"weekday",1,"20 to 39",">10km","car",18.77,0.5,3.5,3.5
"83648/1002",NA,83648,385,"20-24 years","female",20,1332,"Work",964.146118164062,964.146118164062,"car",0.583333333333333,18.96,"weekday",2,"20 to 39",">10km","car",18.96,0.583333333333333,4.08333333333333,4.08333333333333
"83650/1000",NA,83650,386,"60-64 years","male",20,1333,"Shopping",441.761657714844,441.761657714844,"other",0.166666666666667,3.22,"weekday",1,"40 to 64","3-5km","other",3.22,0.166666666666667,1.16666666666667,1.16666666666667
"83650/1000",NA,83650,386,"60-64 years","male",20,1334,"Shopping",441.761657714844,441.761657714844,"other",0.0833333333333333,3.28,"weekday",2,"40 to 64","3-5km","other",3.28,0.0833333333333333,0.583333333333333,0.583333333333333
"83651/1000",NA,83651,387,"85-89 years","male",20,1335,"Shopping",364.267669677734,364.267669677734,"car",0.166666666666667,5.12,"weekday",1,"65 plus","6-10km","car",5.12,0.166666666666667,1.16666666666667,1.16666666666667
"83651/1000",NA,83651,387,"85-89 years","male",20,1336,"Shopping",364.267669677734,364.267669677734,"car",0.166666666666667,4.38,"weekday",2,"65 plus","3-5km","bicycle",4.38,0.398181818181818,1.16666666666667,2.78727272727273
"83652/1000",NA,83652,388,"35-39 years","male",20,1337,"Work",754.537231445312,754.537231445312,"car",0.5,13.18,"weekday",1,"20 to 39",">10km","car",13.18,0.5,3.5,3.5
"83652/1000",NA,83652,388,"35-39 years","male",20,1338,"Work",754.537231445312,754.537231445312,"car",0.5,13.1,"weekday",2,"20 to 39",">10km","car",13.1,0.5,3.5,3.5
"83652/1001",NA,83652,389,"35-39 years","female",20,1339,"Leisure",634.367553710938,634.367553710938,"car",0.333333333333333,11.29,"weekday",1,"20 to 39",">10km","car",11.29,0.333333333333333,2.33333333333333,2.33333333333333
"83652/1001",NA,83652,389,"35-39 years","female",20,1340,"Leisure",634.367553710938,634.367553710938,"car",0.333333333333333,11.5,"weekday",2,"20 to 39",">10km","car",11.5,0.333333333333333,2.33333333333333,2.33333333333333
"83652/1001",NA,83652,389,"35-39 years","female",20,1341,"Other",634.367553710938,634.367553710938,"car",0.5,13.18,"weekday",3,"20 to 39",">10km","car",13.18,0.5,3.5,3.5
"83652/1001",NA,83652,389,"35-39 years","female",20,1342,"Other",634.367553710938,634.367553710938,"car",0.5,13.1,"weekday",4,"20 to 39",">10km","car",13.1,0.5,3.5,3.5
"83654/1000",NA,83654,390,"35-39 years","female",20,1343,"Other",563.662841796875,563.662841796875,"car",0.25,3.48,"weekday",1,"20 to 39","3-5km","bicycle",3.48,0.316363636363636,1.75,2.21454545454545
"83654/1000",NA,83654,390,"35-39 years","female",20,1344,"Other",563.662841796875,563.662841796875,"car",0.166666666666667,3.49,"weekday",2,"20 to 39","3-5km","bicycle",3.49,0.317272727272727,1.16666666666667,2.22090909090909
"83654/1000",NA,83654,390,"35-39 years","female",20,1345,"Other",563.662841796875,563.662841796875,"car",0.25,3.48,"weekday",3,"20 to 39","3-5km","bicycle",3.48,0.316363636363636,1.75,2.21454545454545
"83654/1000",NA,83654,390,"35-39 years","female",20,1346,"Other",563.662841796875,563.662841796875,"car",0.25,3.49,"weekday",4,"20 to 39","3-5km","bicycle",3.49,0.317272727272727,1.75,2.22090909090909
"83654/1001",NA,83654,391,"35-39 years","male",20,1347,"Work",670.438781738281,670.438781738281,"car",0.5,7.27,"weekday",1,"20 to 39","6-10km","car",7.27,0.5,3.5,3.5
"83654/1001",NA,83654,391,"35-39 years","male",20,1348,"Work",670.438781738281,670.438781738281,"car",0.5,7.33,"weekday",2,"20 to 39","6-10km","car",7.33,0.5,3.5,3.5
"83655/1002",NA,83655,392,"55-59 years","male",20,1349,"Work",598.893310546875,598.893310546875,"car",0.25,3.37,"weekday",1,"40 to 64","3-5km","bicycle",3.37,0.306363636363636,1.75,2.14454545454545
"83655/1002",NA,83655,392,"55-59 years","male",20,1350,"Work",598.893310546875,598.893310546875,"car",0.25,3.58,"weekday",2,"40 to 64","3-5km","bicycle",3.58,0.325454545454545,1.75,2.27818181818182
"83657/1000",NA,83657,393,"60-64 years","male",20,1351,"Work",407.964630126953,407.964630126953,"car",0.5,11.9,"weekday",1,"40 to 64",">10km","car",11.9,0.5,3.5,3.5
"83657/1000",NA,83657,393,"60-64 years","male",20,1352,"Work",407.964630126953,407.964630126953,"car",0.5,17.62,"weekday",2,"40 to 64",">10km","car",17.62,0.5,3.5,3.5
"83657/1000",NA,83657,393,"60-64 years","male",20,1353,"Shopping",407.964630126953,407.964630126953,"walking",0.5,1.76,"weekday",3,"40 to 64","1-2km","walking",1.76,0.5,3.5,3.5
"83657/1000",NA,83657,393,"60-64 years","male",20,1354,"Shopping",407.964630126953,407.964630126953,"walking",0.333333333333333,1.76,"weekday",4,"40 to 64","1-2km","walking",1.76,0.333333333333333,2.33333333333333,2.33333333333333
"83657/1000",NA,83657,393,"60-64 years","male",20,1355,"Work",407.964630126953,407.964630126953,"car",0.5,11.55,"weekday",5,"40 to 64",">10km","car",11.55,0.5,3.5,3.5
"83657/1000",NA,83657,393,"60-64 years","male",20,1356,"Work",407.964630126953,407.964630126953,"car",0.5,11.59,"weekday",6,"40 to 64",">10km","car",11.59,0.5,3.5,3.5
"83657/1000",NA,83657,393,"60-64 years","male",20,1357,"Work",407.964630126953,407.964630126953,"car",0.5,12.05,"weekday",7,"40 to 64",">10km","car",12.05,0.5,3.5,3.5
"83657/1000",NA,83657,393,"60-64 years","male",20,1358,"Work",407.964630126953,407.964630126953,"car",0.333333333333333,11.98,"weekday",8,"40 to 64",">10km","car",11.98,0.333333333333333,2.33333333333333,2.33333333333333
"83660/1000",NA,83660,394,"60-64 years","female",20,1359,"Work",437.736572265625,437.736572265625,"car",0.5,21.4,"weekday",1,"40 to 64",">10km","car",21.4,0.5,3.5,3.5
"83660/1000",NA,83660,394,"60-64 years","female",20,1360,"Work",437.736572265625,437.736572265625,"car",0.5,21.76,"weekday",2,"40 to 64",">10km","car",21.76,0.5,3.5,3.5
"83660/1001",NA,83660,395,"65-69 years","male",20,1361,"Leisure",351.451293945312,351.451293945312,"walking",0.25,0.59,"weekday",1,"65 plus","<1km","walking",0.59,0.25,1.75,1.75
"83660/1001",NA,83660,395,"65-69 years","male",20,1362,"Leisure",351.451293945312,351.451293945312,"walking",0.25,0.59,"weekday",2,"65 plus","<1km","walking",0.59,0.25,1.75,1.75
"83660/1001",NA,83660,395,"65-69 years","male",20,1363,"Work",351.451293945312,351.451293945312,"car",0.5,21.4,"weekday",3,"65 plus",">10km","car",21.4,0.5,3.5,3.5
"83660/1001",NA,83660,395,"65-69 years","male",20,1364,"Work",351.451293945312,351.451293945312,"car",0.5,21.76,"weekday",4,"65 plus",">10km","car",21.76,0.5,3.5,3.5
"83662/1000",NA,83662,396,"80-84 years","male",20,1365,"Shopping",491.522796630859,491.522796630859,"car",0.166666666666667,2.14,"weekday",1,"65 plus","3-5km","bicycle",2.14,0.194545454545455,1.16666666666667,1.36181818181818
"83662/1000",NA,83662,396,"80-84 years","male",20,1366,"Shopping",491.522796630859,491.522796630859,"public.transport",0.583333333333333,13.03,"weekday",1,"65 plus",">10km","public.transport",13.03,0.583333333333333,4.08333333333333,4.08333333333333
"83662/1000",NA,83662,396,"80-84 years","male",20,1367,"Shopping",491.522796630859,491.522796630859,"walking",0.166666666666667,0.5,"weekday",1,"65 plus","<1km","walking",0.5,0.166666666666667,1.16666666666667,1.16666666666667
"83662/1000",NA,83662,396,"80-84 years","male",20,1368,"Leisure",491.522796630859,491.522796630859,"walking",0.25,1.19,"weekday",2,"65 plus","1-2km","walking",1.19,0.25,1.75,1.75
"83662/1000",NA,83662,396,"80-84 years","male",20,1369,"Leisure",491.522796630859,491.522796630859,"public.transport",1,14.56,"weekday",2,"65 plus",">10km","public.transport",14.56,1,7,7
"83662/1000",NA,83662,396,"80-84 years","male",20,1370,"Leisure",491.522796630859,491.522796630859,"public.transport",1.75,14.53,"weekday",3,"65 plus",">10km","public.transport",14.53,1.75,12.25,12.25
"83662/1000",NA,83662,396,"80-84 years","male",20,1371,"Leisure",491.522796630859,491.522796630859,"walking",0.133333333333333,0.56,"weekday",3,"65 plus","<1km","walking",0.56,0.133333333333333,0.933333333333333,0.933333333333333
"83662/1000",NA,83662,396,"80-84 years","male",20,1372,"Leisure",491.522796630859,491.522796630859,"public.transport",0.666666666666667,14.11,"weekday",3,"65 plus",">10km","public.transport",14.11,0.666666666666667,4.66666666666667,4.66666666666667
"83662/1000",NA,83662,396,"80-84 years","male",20,1373,"Leisure",491.522796630859,491.522796630859,"car",0.166666666666667,2.05,"weekday",3,"65 plus","3-5km","bicycle",2.05,0.186363636363636,1.16666666666667,1.30454545454545
"83662/1001",NA,83662,397,"80-84 years","female",20,1374,"Shopping",551.077331542969,551.077331542969,"car",0.166666666666667,2.14,"weekday",1,"65 plus","3-5km","bicycle",2.14,0.194545454545455,1.16666666666667,1.36181818181818
"83662/1001",NA,83662,397,"80-84 years","female",20,1375,"Shopping",551.077331542969,551.077331542969,"public.transport",0.583333333333333,13.03,"weekday",1,"65 plus",">10km","public.transport",13.03,0.583333333333333,4.08333333333333,4.08333333333333
"83662/1001",NA,83662,397,"80-84 years","female",20,1376,"Shopping",551.077331542969,551.077331542969,"walking",0.166666666666667,0.5,"weekday",1,"65 plus","<1km","walking",0.5,0.166666666666667,1.16666666666667,1.16666666666667
"83662/1001",NA,83662,397,"80-84 years","female",20,1377,"Leisure",551.077331542969,551.077331542969,"walking",0.25,1.19,"weekday",2,"65 plus","1-2km","walking",1.19,0.25,1.75,1.75
"83662/1001",NA,83662,397,"80-84 years","female",20,1378,"Leisure",551.077331542969,551.077331542969,"public.transport",1,14.56,"weekday",2,"65 plus",">10km","public.transport",14.56,1,7,7
"83662/1001",NA,83662,397,"80-84 years","female",20,1379,"Leisure",551.077331542969,551.077331542969,"public.transport",1.75,14.53,"weekday",3,"65 plus",">10km","public.transport",14.53,1.75,12.25,12.25
"83662/1001",NA,83662,397,"80-84 years","female",20,1380,"Leisure",551.077331542969,551.077331542969,"walking",0.133333333333333,0.56,"weekday",3,"65 plus","<1km","walking",0.56,0.133333333333333,0.933333333333333,0.933333333333333
"83662/1001",NA,83662,397,"80-84 years","female",20,1381,"Leisure",551.077331542969,551.077331542969,"public.transport",0.666666666666667,14.11,"weekday",3,"65 plus",">10km","public.transport",14.11,0.666666666666667,4.66666666666667,4.66666666666667
"83662/1001",NA,83662,397,"80-84 years","female",20,1382,"Leisure",551.077331542969,551.077331542969,"car",0.166666666666667,2.05,"weekday",3,"65 plus","3-5km","bicycle",2.05,0.186363636363636,1.16666666666667,1.30454545454545
"83666/1000",NA,83666,398,"70-74 years","female",20,1383,"Other",443.023803710938,443.023803710938,"car",0.333333333333333,6.51,"weekday",1,"65 plus","6-10km","car",6.51,0.333333333333333,2.33333333333333,2.33333333333333
"83666/1000",NA,83666,398,"70-74 years","female",20,1384,"Other",443.023803710938,443.023803710938,"car",0.333333333333333,6.11,"weekday",2,"65 plus","6-10km","car",6.11,0.333333333333333,2.33333333333333,2.33333333333333
"83666/1000",NA,83666,398,"70-74 years","female",20,1385,"Other",443.023803710938,443.023803710938,"car",0.5,9.77,"weekday",3,"65 plus","6-10km","car",9.77,0.5,3.5,3.5
"83666/1000",NA,83666,398,"70-74 years","female",20,1386,"Other",443.023803710938,443.023803710938,"car",0.5,9.6,"weekday",4,"65 plus","6-10km","car",9.6,0.5,3.5,3.5
"83666/1000",NA,83666,398,"70-74 years","female",20,1387,"Leisure",443.023803710938,443.023803710938,"car",0.333333333333333,4.56,"weekday",5,"65 plus","3-5km","bicycle",4.56,0.414545454545454,2.33333333333333,2.90181818181818
"83666/1000",NA,83666,398,"70-74 years","female",20,1388,"Leisure",443.023803710938,443.023803710938,"car",0.25,4.39,"weekday",6,"65 plus","3-5km","bicycle",4.39,0.399090909090909,1.75,2.79363636363636
"83666/1001",NA,83666,399,"35-39 years","male",20,1389,"Work",670.438781738281,670.438781738281,"car",0.25,4.06,"weekday",1,"20 to 39","3-5km","bicycle",4.06,0.369090909090909,1.75,2.58363636363636
"83666/1001",NA,83666,399,"35-39 years","male",20,1390,"Work",670.438781738281,670.438781738281,"car",0.25,3.98,"weekday",2,"20 to 39","3-5km","bicycle",3.98,0.361818181818182,1.75,2.53272727272727
"83666/1001",NA,83666,399,"35-39 years","male",20,1391,"Leisure",670.438781738281,670.438781738281,"car",0.166666666666667,5.87,"weekday",3,"20 to 39","6-10km","car",5.87,0.166666666666667,1.16666666666667,1.16666666666667
"83666/1001",NA,83666,399,"35-39 years","male",20,1392,"Leisure",670.438781738281,670.438781738281,"car",0.333333333333333,6.01,"weekday",4,"20 to 39","6-10km","car",6.01,0.333333333333333,2.33333333333333,2.33333333333333
"83666/1002",NA,83666,400,"30-34 years","female",20,1393,"Work",718.065612792969,718.065612792969,"car",0.5,10.01,"weekday",1,"20 to 39",">10km","car",10.01,0.5,3.5,3.5
"83666/1002",NA,83666,400,"30-34 years","female",20,1394,"Education",718.065612792969,718.065612792969,"car",0.25,6.27,"weekday",2,"20 to 39","6-10km","car",6.27,0.25,1.75,1.75
"83666/1002",NA,83666,400,"30-34 years","female",20,1395,"Education",718.065612792969,718.065612792969,"car",0.5,11.19,"weekday",3,"20 to 39",">10km","car",11.19,0.5,3.5,3.5
"83666/1003",NA,83666,401,"70-74 years","male",20,1396,"Leisure",396.788726806641,396.788726806641,"car",0.416666666666667,8.97,"weekday",1,"65 plus","6-10km","car",8.97,0.416666666666667,2.91666666666667,2.91666666666667
"83666/1003",NA,83666,401,"70-74 years","male",20,1397,"Leisure",396.788726806641,396.788726806641,"car",0.333333333333333,8.99,"weekday",2,"65 plus","6-10km","car",8.99,0.333333333333333,2.33333333333333,2.33333333333333
"83666/1003",NA,83666,401,"70-74 years","male",20,1398,"Other",396.788726806641,396.788726806641,"car",0.5,9.77,"weekday",3,"65 plus","6-10km","car",9.77,0.5,3.5,3.5
"83666/1003",NA,83666,401,"70-74 years","male",20,1399,"Other",396.788726806641,396.788726806641,"car",0.5,9.6,"weekday",4,"65 plus","6-10km","car",9.6,0.5,3.5,3.5
"83667/1000",NA,83667,402,"70-74 years","male",20,1400,"Leisure",368.036743164062,368.036743164062,"car",0.416666666666667,8.24,"weekday",1,"65 plus","6-10km","car",8.24,0.416666666666667,2.91666666666667,2.91666666666667
"83667/1000",NA,83667,402,"70-74 years","male",20,1401,"Other",368.036743164062,368.036743164062,"car",0.166666666666667,3.7,"weekday",2,"65 plus","3-5km","bicycle",3.7,0.336363636363636,1.16666666666667,2.35454545454545
"83667/1000",NA,83667,402,"70-74 years","male",20,1402,"Other",368.036743164062,368.036743164062,"car",0.25,7.42,"weekday",3,"65 plus","6-10km","car",7.42,0.25,1.75,1.75
"83667/1001",NA,83667,403,"65-69 years","female",20,1403,"Shopping",304.822784423828,304.822784423828,"car",0.25,1.93,"weekday",1,"65 plus","1-2km","bicycle",1.93,0.175454545454545,1.75,1.22818181818182
"83667/1001",NA,83667,403,"65-69 years","female",20,1404,"Shopping",304.822784423828,304.822784423828,"car",0.166666666666667,2,"weekday",2,"65 plus","1-2km","bicycle",2,0.181818181818182,1.16666666666667,1.27272727272727
"83671/1000",NA,83671,404,"50-54 years","male",20,1405,"Other",549.466125488281,549.466125488281,"car",0.166666666666667,2.35,"weekday",1,"40 to 64","3-5km","bicycle",2.35,0.213636363636364,1.16666666666667,1.49545454545455
"83671/1000",NA,83671,404,"50-54 years","male",20,1406,"Other",549.466125488281,549.466125488281,"car",0.166666666666667,2.31,"weekday",2,"40 to 64","3-5km","bicycle",2.31,0.21,1.16666666666667,1.47
"83671/1000",NA,83671,404,"50-54 years","male",20,1407,"Work",549.466125488281,549.466125488281,"car",0.233333333333333,5.17,"weekday",3,"40 to 64","6-10km","car",5.17,0.233333333333333,1.63333333333333,1.63333333333333
"83671/1000",NA,83671,404,"50-54 years","male",20,1408,"Work",549.466125488281,549.466125488281,"car",0.416666666666667,10.04,"weekday",4,"40 to 64",">10km","car",10.04,0.416666666666667,2.91666666666667,2.91666666666667
"83671/1000",NA,83671,404,"50-54 years","male",20,1409,"Work",549.466125488281,549.466125488281,"car",0.433333333333333,12.79,"weekday",5,"40 to 64",">10km","car",12.79,0.433333333333333,3.03333333333333,3.03333333333333
"83671/1000",NA,83671,404,"50-54 years","male",20,1410,"Other",549.466125488281,549.466125488281,"car",0.0666666666666667,2.36,"weekday",6,"40 to 64","3-5km","bicycle",2.36,0.214545454545455,0.466666666666667,1.50181818181818
"83671/1000",NA,83671,404,"50-54 years","male",20,1411,"Other",549.466125488281,549.466125488281,"car",0.05,2.26,"weekday",7,"40 to 64","3-5km","bicycle",2.26,0.205454545454545,0.35,1.43818181818182
"83671/1000",NA,83671,404,"50-54 years","male",20,1412,"Shopping",549.466125488281,549.466125488281,"car",0.2,6.01,"weekday",8,"40 to 64","6-10km","car",6.01,0.2,1.4,1.4
"83671/1000",NA,83671,404,"50-54 years","male",20,1413,"Shopping",549.466125488281,549.466125488281,"car",0.25,6.43,"weekday",9,"40 to 64","6-10km","car",6.43,0.25,1.75,1.75
"83671/1001",NA,83671,405,"45-49 years","female",20,1414,"Work",661.040344238281,661.040344238281,"car",0.166666666666667,3.01,"weekday",1,"40 to 64","3-5km","bicycle",3.01,0.273636363636364,1.16666666666667,1.91545454545455
"83671/1001",NA,83671,405,"45-49 years","female",20,1415,"Work",661.040344238281,661.040344238281,"car",0.333333333333333,3,"weekday",2,"40 to 64","3-5km","bicycle",3,0.272727272727273,2.33333333333333,1.90909090909091
"83671/1002",NA,83671,406,"15-19 years","female",20,1416,"Leisure",514.0546875,514.0546875,"car",0.25,4.85,"weekday",1,"15 to 19","3-5km","bicycle",4.85,0.440909090909091,1.75,3.08636363636364
"83671/1002",NA,83671,406,"15-19 years","female",20,1417,"Leisure",514.0546875,514.0546875,"car",0.25,4.91,"weekday",2,"15 to 19","3-5km","bicycle",4.91,0.446363636363636,1.75,3.12454545454545
"83673/1000",NA,83673,407,"35-39 years","male",20,1418,"Work",670.438781738281,670.438781738281,"car",0.416666666666667,16.35,"weekday",1,"20 to 39",">10km","car",16.35,0.416666666666667,2.91666666666667,2.91666666666667
"83673/1000",NA,83673,407,"35-39 years","male",20,1419,"Work",670.438781738281,670.438781738281,"car",0.333333333333333,16.29,"weekday",2,"20 to 39",">10km","car",16.29,0.333333333333333,2.33333333333333,2.33333333333333
"83673/1001",NA,83673,408,"35-39 years","female",20,1420,"Other",563.662841796875,563.662841796875,"car",0.166666666666667,1.8,"weekday",1,"20 to 39","1-2km","bicycle",1.8,0.163636363636364,1.16666666666667,1.14545454545455
"83673/1001",NA,83673,408,"35-39 years","female",20,1421,"Work",563.662841796875,563.662841796875,"car",0.416666666666667,9.52,"weekday",2,"20 to 39","6-10km","car",9.52,0.416666666666667,2.91666666666667,2.91666666666667
"83673/1001",NA,83673,408,"35-39 years","female",20,1422,"Other",563.662841796875,563.662841796875,"car",0.5,9.56,"weekday",3,"20 to 39","6-10km","car",9.56,0.5,3.5,3.5
"83673/1001",NA,83673,408,"35-39 years","female",20,1423,"Other",563.662841796875,563.662841796875,"car",0.25,1.79,"weekday",4,"20 to 39","1-2km","bicycle",1.79,0.162727272727273,1.75,1.13909090909091
"83674/1000",NA,83674,409,"65-69 years","male",20,1424,"Work",351.451293945312,351.451293945312,"car",0.5,29.37,"weekday",1,"65 plus",">10km","car",29.37,0.5,3.5,3.5
"83674/1000",NA,83674,409,"65-69 years","male",20,1425,"Work",351.451293945312,351.451293945312,"car",0.666666666666667,29.86,"weekday",2,"65 plus",">10km","car",29.86,0.666666666666667,4.66666666666667,4.66666666666667
"83674/1000",NA,83674,409,"65-69 years","male",20,1426,"Other",351.451293945312,351.451293945312,"car",0.166666666666667,5.09,"weekday",3,"65 plus","6-10km","car",5.09,0.166666666666667,1.16666666666667,1.16666666666667
"83674/1000",NA,83674,409,"65-69 years","male",20,1427,"Shopping",351.451293945312,351.451293945312,"car",0.3,7.77,"weekday",4,"65 plus","6-10km","car",7.77,0.3,2.1,2.1
"83674/1000",NA,83674,409,"65-69 years","male",20,1428,"Leisure",351.451293945312,351.451293945312,"car",0.25,4.69,"weekday",5,"65 plus","3-5km","bicycle",4.69,0.426363636363636,1.75,2.98454545454545
"83674/1000",NA,83674,409,"65-69 years","male",20,1429,"Leisure",351.451293945312,351.451293945312,"car",0.333333333333333,5,"weekday",6,"65 plus","3-5km","bicycle",5,0.454545454545455,2.33333333333333,3.18181818181818
"83674/1001",NA,83674,410,"65-69 years","female",20,1430,"Leisure",304.822784423828,304.822784423828,"car",0.5,9.84,"weekday",1,"65 plus","6-10km","car",9.84,0.5,3.5,3.5
"83674/1001",NA,83674,410,"65-69 years","female",20,1431,"Shopping",304.822784423828,304.822784423828,"walking",0.166666666666667,0.57,"weekday",2,"65 plus","<1km","walking",0.57,0.166666666666667,1.16666666666667,1.16666666666667
"83674/1001",NA,83674,410,"65-69 years","female",20,1432,"Shopping",304.822784423828,304.822784423828,"car",0.35,9.61,"weekday",3,"65 plus","6-10km","car",9.61,0.35,2.45,2.45
"83674/1001",NA,83674,410,"65-69 years","female",20,1433,"Shopping",304.822784423828,304.822784423828,"car",0.166666666666667,2.22,"weekday",4,"65 plus","3-5km","bicycle",2.22,0.201818181818182,1.16666666666667,1.41272727272727
"83674/1001",NA,83674,410,"65-69 years","female",20,1434,"Shopping",304.822784423828,304.822784423828,"car",0.05,0.49,"weekday",5,"65 plus","<1km","bicycle",0.49,0.0445454545454545,0.35,0.311818181818182
"83674/1001",NA,83674,410,"65-69 years","female",20,1435,"Shopping",304.822784423828,304.822784423828,"car",0.25,2.34,"weekday",6,"65 plus","3-5km","bicycle",2.34,0.212727272727273,1.75,1.48909090909091
"83674/1001",NA,83674,410,"65-69 years","female",20,1436,"Other",304.822784423828,304.822784423828,"car",0.166666666666667,5.09,"weekday",7,"65 plus","6-10km","car",5.09,0.166666666666667,1.16666666666667,1.16666666666667
"83674/1001",NA,83674,410,"65-69 years","female",20,1437,"Other",304.822784423828,304.822784423828,"car",0.3,7.77,"weekday",8,"65 plus","6-10km","car",7.77,0.3,2.1,2.1
"83674/1001",NA,83674,410,"65-69 years","female",20,1438,"Leisure",304.822784423828,304.822784423828,"car",0.25,4.69,"weekday",9,"65 plus","3-5km","bicycle",4.69,0.426363636363636,1.75,2.98454545454545
"83674/1001",NA,83674,410,"65-69 years","female",20,1439,"Leisure",304.822784423828,304.822784423828,"car",0.333333333333333,5,"weekday",10,"65 plus","3-5km","bicycle",5,0.454545454545455,2.33333333333333,3.18181818181818
"83677/1000",NA,83677,411,"75-79 years","male",20,1440,"Shopping",319.961029052734,319.961029052734,"car",0.483333333333333,18.58,"weekday",1,"65 plus",">10km","car",18.58,0.483333333333333,3.38333333333333,3.38333333333333
"83677/1000",NA,83677,411,"75-79 years","male",20,1441,"Shopping",319.961029052734,319.961029052734,"car",0.25,5.4,"weekday",2,"65 plus","6-10km","car",5.4,0.25,1.75,1.75
"83677/1000",NA,83677,411,"75-79 years","male",20,1442,"Shopping",319.961029052734,319.961029052734,"car",0.25,21.22,"weekday",3,"65 plus",">10km","car",21.22,0.25,1.75,1.75
"83677/1000",NA,83677,411,"75-79 years","male",20,1443,"Shopping",319.961029052734,319.961029052734,"car",0.5,12.32,"weekday",4,"65 plus",">10km","car",12.32,0.5,3.5,3.5
"83677/1000",NA,83677,411,"75-79 years","male",20,1444,"Leisure",319.961029052734,319.961029052734,"walking",0.333333333333333,1.44,"weekday",5,"65 plus","1-2km","walking",1.44,0.333333333333333,2.33333333333333,2.33333333333333
"83677/1000",NA,83677,411,"75-79 years","male",20,1445,"Leisure",319.961029052734,319.961029052734,"walking",0.333333333333333,1.44,"weekday",6,"65 plus","1-2km","walking",1.44,0.333333333333333,2.33333333333333,2.33333333333333
"83677/1001",NA,83677,412,"75-79 years","female",20,1446,"Shopping",410.973388671875,410.973388671875,"car",0.483333333333333,18.58,"weekday",1,"65 plus",">10km","car",18.58,0.483333333333333,3.38333333333333,3.38333333333333
"83677/1001",NA,83677,412,"75-79 years","female",20,1447,"Shopping",410.973388671875,410.973388671875,"car",0.25,5.4,"weekday",2,"65 plus","6-10km","car",5.4,0.25,1.75,1.75
"83677/1001",NA,83677,412,"75-79 years","female",20,1448,"Shopping",410.973388671875,410.973388671875,"car",0.25,21.22,"weekday",3,"65 plus",">10km","car",21.22,0.25,1.75,1.75
"83677/1001",NA,83677,412,"75-79 years","female",20,1449,"Shopping",410.973388671875,410.973388671875,"car",0.5,12.32,"weekday",4,"65 plus",">10km","car",12.32,0.5,3.5,3.5
"83678/1000",NA,83678,413,"65-69 years","female",20,1450,"Shopping",330.075256347656,330.075256347656,"car",0.166666666666667,3.18,"weekday",1,"65 plus","3-5km","bicycle",3.18,0.289090909090909,1.16666666666667,2.02363636363636
"83678/1000",NA,83678,413,"65-69 years","female",20,1451,"Leisure",330.075256347656,330.075256347656,"car",0.5,15.59,"weekday",2,"65 plus",">10km","car",15.59,0.5,3.5,3.5
"83678/1000",NA,83678,413,"65-69 years","female",20,1452,"Leisure",330.075256347656,330.075256347656,"car",0.5,14.63,"weekday",3,"65 plus",">10km","car",14.63,0.5,3.5,3.5
"83678/1000",NA,83678,413,"65-69 years","female",20,1453,"Leisure",330.075256347656,330.075256347656,"car",0.366666666666667,11.48,"weekday",4,"65 plus",">10km","car",11.48,0.366666666666667,2.56666666666667,2.56666666666667
"83678/1000",NA,83678,413,"65-69 years","female",20,1454,"Leisure",330.075256347656,330.075256347656,"walking",0.533333333333333,0.72,"weekday",5,"65 plus","<1km","walking",0.72,0.533333333333333,3.73333333333333,3.73333333333333
"83678/1000",NA,83678,413,"65-69 years","female",20,1455,"Leisure",330.075256347656,330.075256347656,"car",0.4,11.52,"weekday",6,"65 plus",">10km","car",11.52,0.4,2.8,2.8
"83680/1000",NA,83680,414,"45-49 years","female",20,1456,"Shopping",587.36279296875,587.36279296875,"walking",0.333333333333333,1.52,"weekday",1,"40 to 64","1-2km","walking",1.52,0.333333333333333,2.33333333333333,2.33333333333333
"83680/1000",NA,83680,414,"45-49 years","female",20,1457,"Shopping",587.36279296875,587.36279296875,"public.transport",0.416666666666667,9.27,"weekday",1,"40 to 64","6-10km","public.transport",9.27,0.416666666666667,2.91666666666667,2.91666666666667
"83680/1000",NA,83680,414,"45-49 years","female",20,1458,"Shopping",587.36279296875,587.36279296875,"walking",0.05,0.24,"weekday",1,"40 to 64","<1km","walking",0.24,0.05,0.35,0.35
"83680/1000",NA,83680,414,"45-49 years","female",20,1459,"Work",587.36279296875,587.36279296875,"walking",0.05,0.15,"weekday",2,"40 to 64","<1km","walking",0.15,0.05,0.35,0.35
"83680/1000",NA,83680,414,"45-49 years","female",20,1460,"Work",587.36279296875,587.36279296875,"walking",0.05,0.33,"weekday",3,"40 to 64","<1km","walking",0.33,0.05,0.35,0.35
"83680/1000",NA,83680,414,"45-49 years","female",20,1461,"Work",587.36279296875,587.36279296875,"public.transport",0.5,10.48,"weekday",3,"40 to 64",">10km","public.transport",10.48,0.5,3.5,3.5
"83680/1000",NA,83680,414,"45-49 years","female",20,1462,"Work",587.36279296875,587.36279296875,"walking",0.333333333333333,1.88,"weekday",3,"40 to 64","1-2km","walking",1.88,0.333333333333333,2.33333333333333,2.33333333333333
"83680/1002",NA,83680,415,"15-19 years","female",20,1463,"Education",456.759735107422,456.759735107422,"walking",0.0833333333333333,0.72,"weekday",1,"15 to 19","<1km","walking",0.72,0.0833333333333333,0.583333333333333,0.583333333333333
"83680/1002",NA,83680,415,"15-19 years","female",20,1464,"Education",456.759735107422,456.759735107422,"public.transport",0.15,1.42,"weekday",1,"15 to 19","1-2km","public.transport",1.42,0.15,1.05,1.05
"83680/1002",NA,83680,415,"15-19 years","female",20,1465,"Education",456.759735107422,456.759735107422,"walking",0.0833333333333333,0.44,"weekday",1,"15 to 19","<1km","walking",0.44,0.0833333333333333,0.583333333333333,0.583333333333333
"83680/1002",NA,83680,415,"15-19 years","female",20,1466,"Education",456.759735107422,456.759735107422,"walking",0.0833333333333333,0.44,"weekday",2,"15 to 19","<1km","walking",0.44,0.0833333333333333,0.583333333333333,0.583333333333333
"83680/1002",NA,83680,415,"15-19 years","female",20,1467,"Education",456.759735107422,456.759735107422,"public.transport",0.166666666666667,1.42,"weekday",2,"15 to 19","1-2km","public.transport",1.42,0.166666666666667,1.16666666666667,1.16666666666667
"83680/1002",NA,83680,415,"15-19 years","female",20,1468,"Education",456.759735107422,456.759735107422,"walking",0.0833333333333333,0.72,"weekday",2,"15 to 19","<1km","walking",0.72,0.0833333333333333,0.583333333333333,0.583333333333333
"83681/1000",NA,83681,416,"80-84 years","female",20,1469,"Leisure",129.762084960938,129.762084960938,"car",0.05,2.1,"weekday",1,"65 plus","3-5km","bicycle",2.1,0.190909090909091,0.35,1.33636363636364
"83681/1000",NA,83681,416,"80-84 years","female",20,1470,"Leisure",129.762084960938,129.762084960938,"car",0.0833333333333333,2.1,"weekday",2,"65 plus","3-5km","bicycle",2.1,0.190909090909091,0.583333333333333,1.33636363636364
"83681/1000",NA,83681,416,"80-84 years","female",20,1471,"Other",129.762084960938,129.762084960938,"car",0.166666666666667,4.4,"weekday",3,"65 plus","3-5km","bicycle",4.4,0.4,1.16666666666667,2.8
"83681/1000",NA,83681,416,"80-84 years","female",20,1472,"Other",129.762084960938,129.762084960938,"car",0.25,4.4,"weekday",4,"65 plus","3-5km","bicycle",4.4,0.4,1.75,2.8
"83681/1002",NA,83681,417,"45-49 years","male",20,1473,"Leisure",146.615966796875,146.615966796875,"car",0.05,2.1,"weekday",1,"40 to 64","3-5km","bicycle",2.1,0.190909090909091,0.35,1.33636363636364
"83681/1002",NA,83681,417,"45-49 years","male",20,1474,"Leisure",146.615966796875,146.615966796875,"car",0.0833333333333333,2.1,"weekday",2,"40 to 64","3-5km","bicycle",2.1,0.190909090909091,0.583333333333333,1.33636363636364
"83681/1002",NA,83681,417,"45-49 years","male",20,1475,"Other",146.615966796875,146.615966796875,"car",0.166666666666667,4.4,"weekday",3,"40 to 64","3-5km","bicycle",4.4,0.4,1.16666666666667,2.8
"83681/1002",NA,83681,417,"45-49 years","male",20,1476,"Other",146.615966796875,146.615966796875,"car",0.25,4.4,"weekday",4,"40 to 64","3-5km","bicycle",4.4,0.4,1.75,2.8
"83687/1000",NA,83687,418,"40-44 years","male",20,1477,"Other",129.676559448242,129.676559448242,"car",0.166666666666667,1.89,"weekday",1,"40 to 64","1-2km","bicycle",1.89,0.171818181818182,1.16666666666667,1.20272727272727
"83687/1000",NA,83687,418,"40-44 years","male",20,1478,"Other",129.676559448242,129.676559448242,"car",0.166666666666667,1.89,"weekday",2,"40 to 64","1-2km","bicycle",1.89,0.171818181818182,1.16666666666667,1.20272727272727
"83687/1001",NA,83687,419,"35-39 years","female",20,1479,"Work",134.685974121094,134.685974121094,"car",0.25,10.49,"weekday",1,"20 to 39",">10km","car",10.49,0.25,1.75,1.75
"83687/1001",NA,83687,419,"35-39 years","female",20,1480,"Other",134.685974121094,134.685974121094,"car",0.25,8.54,"weekday",2,"20 to 39","6-10km","car",8.54,0.25,1.75,1.75
"83687/1001",NA,83687,419,"35-39 years","female",20,1481,"Other",134.685974121094,134.685974121094,"car",0.25,1.89,"weekday",3,"20 to 39","1-2km","bicycle",1.89,0.171818181818182,1.75,1.20272727272727
"83687/1003",NA,83687,420,"15-19 years","male",20,1482,"Education",203.738250732422,203.738250732422,"walking",0.0833333333333333,0.44,"weekday",1,"15 to 19","<1km","walking",0.44,0.0833333333333333,0.583333333333333,0.583333333333333
"83687/1003",NA,83687,420,"15-19 years","male",20,1483,"Education",203.738250732422,203.738250732422,"public.transport",0.333333333333333,4.91,"weekday",1,"15 to 19","3-5km","public.transport",4.91,0.333333333333333,2.33333333333333,2.33333333333333
"83687/1003",NA,83687,420,"15-19 years","male",20,1484,"Education",203.738250732422,203.738250732422,"walking",0.0333333333333333,0.1,"weekday",1,"15 to 19","<1km","walking",0.1,0.0333333333333333,0.233333333333333,0.233333333333333
"83687/1003",NA,83687,420,"15-19 years","male",20,1485,"Education",203.738250732422,203.738250732422,"public.transport",0.75,27.19,"weekday",1,"15 to 19",">10km","public.transport",27.19,0.75,5.25,5.25
"83687/1003",NA,83687,420,"15-19 years","male",20,1486,"Education",203.738250732422,203.738250732422,"walking",0.25,0.87,"weekday",1,"15 to 19","<1km","walking",0.87,0.25,1.75,1.75
"83687/1003",NA,83687,420,"15-19 years","male",20,1487,"Education",203.738250732422,203.738250732422,"walking",0.166666666666667,0.87,"weekday",2,"15 to 19","<1km","walking",0.87,0.166666666666667,1.16666666666667,1.16666666666667
"83687/1003",NA,83687,420,"15-19 years","male",20,1488,"Education",203.738250732422,203.738250732422,"public.transport",0.616666666666667,27.19,"weekday",2,"15 to 19",">10km","public.transport",27.19,0.616666666666667,4.31666666666667,4.31666666666667
"83687/1003",NA,83687,420,"15-19 years","male",20,1489,"Education",203.738250732422,203.738250732422,"walking",0.0333333333333333,0.1,"weekday",2,"15 to 19","<1km","walking",0.1,0.0333333333333333,0.233333333333333,0.233333333333333
"83687/1003",NA,83687,420,"15-19 years","male",20,1490,"Education",203.738250732422,203.738250732422,"public.transport",0.216666666666667,4.9,"weekday",2,"15 to 19","3-5km","public.transport",4.9,0.216666666666667,1.51666666666667,1.51666666666667
"83687/1003",NA,83687,420,"15-19 years","male",20,1491,"Education",203.738250732422,203.738250732422,"walking",0.116666666666667,0.44,"weekday",2,"15 to 19","<1km","walking",0.44,0.116666666666667,0.816666666666667,0.816666666666667
"83690/1000",NA,83690,421,"40-44 years","female",20,1492,"Work",165.249099731445,165.249099731445,"car",0.5,19.53,"weekday",1,"40 to 64",">10km","car",19.53,0.5,3.5,3.5
"83690/1000",NA,83690,421,"40-44 years","female",20,1493,"Work",165.249099731445,165.249099731445,"car",0.5,19.58,"weekday",2,"40 to 64",">10km","car",19.58,0.5,3.5,3.5
"83690/1000",NA,83690,421,"40-44 years","female",20,1494,"Other",165.249099731445,165.249099731445,"car",0.166666666666667,1.96,"weekday",3,"40 to 64","1-2km","bicycle",1.96,0.178181818181818,1.16666666666667,1.24727272727273
"83690/1000",NA,83690,421,"40-44 years","female",20,1495,"Other",165.249099731445,165.249099731445,"car",0.133333333333333,1.99,"weekday",4,"40 to 64","1-2km","bicycle",1.99,0.180909090909091,0.933333333333333,1.26636363636364
"83690/1000",NA,83690,421,"40-44 years","female",20,1496,"Work",165.249099731445,165.249099731445,"car",0.25,4.98,"weekday",5,"40 to 64","3-5km","bicycle",4.98,0.452727272727273,1.75,3.16909090909091
"83690/1000",NA,83690,421,"40-44 years","female",20,1497,"Work",165.249099731445,165.249099731445,"car",0.333333333333333,4.95,"weekday",6,"40 to 64","3-5km","bicycle",4.95,0.45,2.33333333333333,3.15
"83690/1001",NA,83690,422,"70-74 years","female",20,1498,"Other",138.934127807617,138.934127807617,"car",0.166666666666667,3.51,"weekday",1,"65 plus","3-5km","bicycle",3.51,0.319090909090909,1.16666666666667,2.23363636363636
"83690/1001",NA,83690,422,"70-74 years","female",20,1499,"Other",138.934127807617,138.934127807617,"car",0.166666666666667,4.01,"weekday",2,"65 plus","3-5km","bicycle",4.01,0.364545454545455,1.16666666666667,2.55181818181818
"83690/1001",NA,83690,422,"70-74 years","female",20,1500,"Other",138.934127807617,138.934127807617,"car",0.5,5.66,"weekday",3,"65 plus","6-10km","car",5.66,0.5,3.5,3.5
"83690/1001",NA,83690,422,"70-74 years","female",20,1501,"Other",138.934127807617,138.934127807617,"car",0.25,2.6,"weekday",4,"65 plus","3-5km","bicycle",2.6,0.236363636363636,1.75,1.65454545454545
"83691/1001",NA,83691,423,"70-74 years","female",20,1502,"Other",119.05738067627,119.05738067627,"walking",0.05,0.11,"weekday",1,"65 plus","<1km","walking",0.11,0.05,0.35,0.35
"83691/1001",NA,83691,423,"70-74 years","female",20,1503,"Other",119.05738067627,119.05738067627,"public.transport",0.2,4.1,"weekday",1,"65 plus","3-5km","public.transport",4.1,0.2,1.4,1.4
"83691/1001",NA,83691,423,"70-74 years","female",20,1504,"Other",119.05738067627,119.05738067627,"walking",0.166666666666667,0.08,"weekday",1,"65 plus","<1km","walking",0.08,0.166666666666667,1.16666666666667,1.16666666666667
"83691/1001",NA,83691,423,"70-74 years","female",20,1505,"Other",119.05738067627,119.05738067627,"walking",0.0833333333333333,0.08,"weekday",2,"65 plus","<1km","walking",0.08,0.0833333333333333,0.583333333333333,0.583333333333333
"83691/1001",NA,83691,423,"70-74 years","female",20,1506,"Other",119.05738067627,119.05738067627,"public.transport",0.333333333333333,4.12,"weekday",2,"65 plus","3-5km","public.transport",4.12,0.333333333333333,2.33333333333333,2.33333333333333
"83691/1001",NA,83691,423,"70-74 years","female",20,1507,"Other",119.05738067627,119.05738067627,"walking",0.05,0.11,"weekday",2,"65 plus","<1km","walking",0.11,0.05,0.35,0.35
"83694/1000",NA,83694,424,"40-44 years","male",20,1508,"Work",129.676559448242,129.676559448242,"car",1.16666666666667,39.89,"weekday",1,"40 to 64",">10km","car",39.89,1.16666666666667,8.16666666666667,8.16666666666667
"83694/1000",NA,83694,424,"40-44 years","male",20,1509,"Work",129.676559448242,129.676559448242,"car",1,40.25,"weekday",2,"40 to 64",">10km","car",40.25,1,7,7
"83694/1001",NA,83694,425,"35-39 years","female",20,1510,"Other",134.685974121094,134.685974121094,"car",0.166666666666667,3.8,"weekday",1,"20 to 39","3-5km","bicycle",3.8,0.345454545454545,1.16666666666667,2.41818181818182
"83694/1001",NA,83694,425,"35-39 years","female",20,1511,"Other",134.685974121094,134.685974121094,"car",0.166666666666667,4.09,"weekday",2,"20 to 39","3-5km","bicycle",4.09,0.371818181818182,1.16666666666667,2.60272727272727
"83694/1001",NA,83694,425,"35-39 years","female",20,1512,"Other",134.685974121094,134.685974121094,"car",0.0833333333333333,1.91,"weekday",3,"20 to 39","1-2km","bicycle",1.91,0.173636363636364,0.583333333333333,1.21545454545455
"83694/1001",NA,83694,425,"35-39 years","female",20,1513,"Other",134.685974121094,134.685974121094,"car",0.0833333333333333,1.91,"weekday",4,"20 to 39","1-2km","bicycle",1.91,0.173636363636364,0.583333333333333,1.21545454545455
"83694/1001",NA,83694,425,"35-39 years","female",20,1514,"Other",134.685974121094,134.685974121094,"car",0.25,1.91,"weekday",5,"20 to 39","1-2km","bicycle",1.91,0.173636363636364,1.75,1.21545454545455
"83696/1000",NA,83696,426,"75-79 years","male",20,1515,"Other",94.0405426025391,94.0405426025391,"car",0.416666666666667,15.07,"weekday",1,"65 plus",">10km","car",15.07,0.416666666666667,2.91666666666667,2.91666666666667
"83696/1000",NA,83696,426,"75-79 years","male",20,1516,"Other",94.0405426025391,94.0405426025391,"public.transport",0.333333333333333,15.14,"weekday",2,"65 plus",">10km","public.transport",15.14,0.333333333333333,2.33333333333333,2.33333333333333
"83696/1000",NA,83696,426,"75-79 years","male",20,1517,"Other",94.0405426025391,94.0405426025391,"car",0.416666666666667,15.07,"weekday",3,"65 plus",">10km","car",15.07,0.416666666666667,2.91666666666667,2.91666666666667
"83696/1000",NA,83696,426,"75-79 years","male",20,1518,"Other",94.0405426025391,94.0405426025391,"car",0.416666666666667,15.15,"weekday",4,"65 plus",">10km","car",15.15,0.416666666666667,2.91666666666667,2.91666666666667
"83696/1001",NA,83696,427,"50-54 years","female",20,1519,"Work",146.526428222656,146.526428222656,"car",0.416666666666667,15.07,"weekday",1,"40 to 64",">10km","car",15.07,0.416666666666667,2.91666666666667,2.91666666666667
"83696/1001",NA,83696,427,"50-54 years","female",20,1520,"Work",146.526428222656,146.526428222656,"car",0.416666666666667,15.15,"weekday",2,"40 to 64",">10km","car",15.15,0.416666666666667,2.91666666666667,2.91666666666667
"83699/1000",NA,83699,428,"35-39 years","female",20,1521,"Other",212.434097290039,212.434097290039,"walking",0.25,0.9,"weekday",1,"20 to 39","<1km","walking",0.9,0.25,1.75,1.75
"83699/1000",NA,83699,428,"35-39 years","female",20,1522,"Other",212.434097290039,212.434097290039,"walking",0.333333333333333,0.9,"weekday",2,"20 to 39","<1km","walking",0.9,0.333333333333333,2.33333333333333,2.33333333333333
"83699/1000",NA,83699,428,"35-39 years","female",20,1523,"Shopping",212.434097290039,212.434097290039,"car",0.333333333333333,5.62,"weekday",3,"20 to 39","6-10km","car",5.62,0.333333333333333,2.33333333333333,2.33333333333333
"83699/1000",NA,83699,428,"35-39 years","female",20,1524,"Shopping",212.434097290039,212.434097290039,"car",0.333333333333333,5.47,"weekday",4,"20 to 39","6-10km","car",5.47,0.333333333333333,2.33333333333333,2.33333333333333
"83699/1001",NA,83699,429,"35-39 years","male",20,1525,"Work",274.485229492188,274.485229492188,"car",0.916666666666667,44.15,"weekday",1,"20 to 39",">10km","car",44.15,0.916666666666667,6.41666666666667,6.41666666666667
"83699/1001",NA,83699,429,"35-39 years","male",20,1526,"Work",274.485229492188,274.485229492188,"car",1.75,44.35,"weekday",2,"20 to 39",">10km","car",44.35,1.75,12.25,12.25
"83700/1000",NA,83700,430,"60-64 years","male",20,1527,"Work",126.624420166016,126.624420166016,"car",0.25,11.03,"weekday",1,"40 to 64",">10km","car",11.03,0.25,1.75,1.75
"83700/1000",NA,83700,430,"60-64 years","male",20,1528,"Work",126.624420166016,126.624420166016,"car",0.25,11.08,"weekday",2,"40 to 64",">10km","car",11.08,0.25,1.75,1.75
"83701/1000",NA,83701,431,"45-49 years","male",20,1529,"Other",171.093643188477,171.093643188477,"car",0.166666666666667,1.53,"weekday",1,"40 to 64","1-2km","bicycle",1.53,0.139090909090909,1.16666666666667,0.973636363636364
"83701/1000",NA,83701,431,"45-49 years","male",20,1530,"Other",171.093643188477,171.093643188477,"car",0.916666666666667,32.93,"weekday",2,"40 to 64",">10km","car",32.93,0.916666666666667,6.41666666666667,6.41666666666667
"83701/1000",NA,83701,431,"45-49 years","male",20,1531,"Shopping",171.093643188477,171.093643188477,"car",0.25,7.15,"weekday",3,"40 to 64","6-10km","car",7.15,0.25,1.75,1.75
"83701/1000",NA,83701,431,"45-49 years","male",20,1532,"Shopping",171.093643188477,171.093643188477,"car",0.416666666666667,26.13,"weekday",4,"40 to 64",">10km","car",26.13,0.416666666666667,2.91666666666667,2.91666666666667
"83701/1000",NA,83701,431,"45-49 years","male",20,1533,"Leisure",171.093643188477,171.093643188477,"car",0.75,14.37,"weekday",5,"40 to 64",">10km","car",14.37,0.75,5.25,5.25
"83701/1000",NA,83701,431,"45-49 years","male",20,1534,"Leisure",171.093643188477,171.093643188477,"car",0.5,14.44,"weekday",6,"40 to 64",">10km","car",14.44,0.5,3.5,3.5
"83701/1001",NA,83701,432,"45-49 years","female",20,1536,"Other",185.58512878418,185.58512878418,"car",0.166666666666667,1.53,"weekday",1,"40 to 64","1-2km","bicycle",1.53,0.139090909090909,1.16666666666667,0.973636363636364
"83701/1001",NA,83701,432,"45-49 years","female",20,1537,"Shopping",185.58512878418,185.58512878418,"car",0.916666666666667,32.93,"weekday",2,"40 to 64",">10km","car",32.93,0.916666666666667,6.41666666666667,6.41666666666667
"83701/1001",NA,83701,432,"45-49 years","female",20,1538,"Shopping",185.58512878418,185.58512878418,"car",0.25,7.15,"weekday",3,"40 to 64","6-10km","car",7.15,0.25,1.75,1.75
"83701/1001",NA,83701,432,"45-49 years","female",20,1539,"Shopping",185.58512878418,185.58512878418,"car",0.416666666666667,26.13,"weekday",4,"40 to 64",">10km","car",26.13,0.416666666666667,2.91666666666667,2.91666666666667
"83701/1001",NA,83701,432,"45-49 years","female",20,1540,"Leisure",185.58512878418,185.58512878418,"car",0.75,14.37,"weekday",5,"40 to 64",">10km","car",14.37,0.75,5.25,5.25
"83701/1001",NA,83701,432,"45-49 years","female",20,1541,"Leisure",185.58512878418,185.58512878418,"car",0.5,14.44,"weekday",6,"40 to 64",">10km","car",14.44,0.5,3.5,3.5
"83702/1000",NA,83702,433,"70-74 years","female",20,1542,"Leisure",119.05738067627,119.05738067627,"car",0.833333333333333,50.31,"weekday",1,"65 plus",">10km","car",50.31,0.833333333333333,5.83333333333333,5.83333333333333
"83702/1000",NA,83702,433,"70-74 years","female",20,1543,"Shopping",119.05738067627,119.05738067627,"car",0.583333333333333,50.71,"weekday",2,"65 plus",">10km","car",50.71,0.583333333333333,4.08333333333333,4.08333333333333
"83702/1000",NA,83702,433,"70-74 years","female",20,1544,"Shopping",119.05738067627,119.05738067627,"car",0.0833333333333333,1.71,"weekday",3,"65 plus","1-2km","bicycle",1.71,0.155454545454545,0.583333333333333,1.08818181818182
"83702/1001",NA,83702,434,"70-74 years","male",20,1545,"Leisure",103.645225524902,103.645225524902,"car",0.833333333333333,50.31,"weekday",1,"65 plus",">10km","car",50.31,0.833333333333333,5.83333333333333,5.83333333333333
"83702/1001",NA,83702,434,"70-74 years","male",20,1546,"Shopping",103.645225524902,103.645225524902,"car",0.583333333333333,50.71,"weekday",2,"65 plus",">10km","car",50.71,0.583333333333333,4.08333333333333,4.08333333333333
"83702/1001",NA,83702,434,"70-74 years","male",20,1547,"Shopping",103.645225524902,103.645225524902,"car",0.0833333333333333,1.71,"weekday",3,"65 plus","1-2km","bicycle",1.71,0.155454545454545,0.583333333333333,1.08818181818182
"83703/1001",NA,83703,435,"25-29 years","male",20,1548,"Work",195.456893920898,195.456893920898,"car",0.5,22.48,"weekday",1,"20 to 39",">10km","car",22.48,0.5,3.5,3.5
"83703/1001",NA,83703,435,"25-29 years","male",20,1549,"Work",195.456893920898,195.456893920898,"car",0.5,22.59,"weekday",2,"20 to 39",">10km","car",22.59,0.5,3.5,3.5
"83703/1001",NA,83703,435,"25-29 years","male",20,1550,"Leisure",195.456893920898,195.456893920898,"car",0.166666666666667,6.19,"weekday",3,"20 to 39","6-10km","car",6.19,0.166666666666667,1.16666666666667,1.16666666666667
"83703/1001",NA,83703,435,"25-29 years","male",20,1551,"Leisure",195.456893920898,195.456893920898,"car",0.166666666666667,6.2,"weekday",4,"20 to 39","6-10km","car",6.2,0.166666666666667,1.16666666666667,1.16666666666667
"83703/1001",NA,83703,435,"25-29 years","male",20,1552,"Leisure",195.456893920898,195.456893920898,"car",1,55.37,"weekday",5,"20 to 39",">10km","car",55.37,1,7,7
"83706/1000",NA,83706,436,"20-24 years","male",20,1553,"Work",199.705612182617,199.705612182617,"car",0.25,2.5,"weekday",1,"20 to 39","3-5km","bicycle",2.5,0.227272727272727,1.75,1.59090909090909
"83706/1000",NA,83706,436,"20-24 years","male",20,1554,"Work",199.705612182617,199.705612182617,"car",0.25,2.5,"weekday",2,"20 to 39","3-5km","bicycle",2.5,0.227272727272727,1.75,1.59090909090909
"83706/1001",NA,83706,437,"20-24 years","female",20,1555,"Work",232.704406738281,232.704406738281,"car",0.25,5.29,"weekday",1,"20 to 39","6-10km","car",5.29,0.25,1.75,1.75
"83706/1001",NA,83706,437,"20-24 years","female",20,1556,"Work",232.704406738281,232.704406738281,"car",0.25,5.25,"weekday",2,"20 to 39","6-10km","car",5.25,0.25,1.75,1.75
"83714/1000",NA,83714,438,"45-49 years","male",20,1557,"Other",222.079360961914,222.079360961914,"car",0.333333333333333,9.85,"weekday",1,"40 to 64","6-10km","car",9.85,0.333333333333333,2.33333333333333,2.33333333333333
"83714/1000",NA,83714,438,"45-49 years","male",20,1558,"Other",222.079360961914,222.079360961914,"car",0.2,10.06,"weekday",2,"40 to 64",">10km","car",10.06,0.2,1.4,1.4
"83714/1000",NA,83714,438,"45-49 years","male",20,1559,"Leisure",222.079360961914,222.079360961914,"car",0.65,14.19,"weekday",3,"40 to 64",">10km","car",14.19,0.65,4.55,4.55
"83714/1000",NA,83714,438,"45-49 years","male",20,1560,"Leisure",222.079360961914,222.079360961914,"car",0.416666666666667,17.51,"weekday",4,"40 to 64",">10km","car",17.51,0.416666666666667,2.91666666666667,2.91666666666667
"83714/1000",NA,83714,438,"45-49 years","male",20,1561,"Leisure",222.079360961914,222.079360961914,"car",0.516666666666667,25.7,"weekday",5,"40 to 64",">10km","car",25.7,0.516666666666667,3.61666666666667,3.61666666666667
"83714/1001",NA,83714,439,"45-49 years","female",20,1562,"Shopping",303.152160644531,303.152160644531,"car",0.1,3.39,"weekday",1,"40 to 64","3-5km","bicycle",3.39,0.308181818181818,0.7,2.15727272727273
"83714/1001",NA,83714,439,"45-49 years","female",20,1563,"Shopping",303.152160644531,303.152160644531,"car",0.2,3.38,"weekday",2,"40 to 64","3-5km","bicycle",3.38,0.307272727272727,1.4,2.15090909090909
"83714/1001",NA,83714,439,"45-49 years","female",20,1564,"Leisure",303.152160644531,303.152160644531,"car",0.333333333333333,14.19,"weekday",3,"40 to 64",">10km","car",14.19,0.333333333333333,2.33333333333333,2.33333333333333
"83714/1001",NA,83714,439,"45-49 years","female",20,1565,"Leisure",303.152160644531,303.152160644531,"car",0.45,14.08,"weekday",4,"40 to 64",">10km","car",14.08,0.45,3.15,3.15
"83714/1002",NA,83714,440,"20-24 years","female",20,1566,"Shopping",251.227233886719,251.227233886719,"car",0.5,16.68,"weekday",1,"20 to 39",">10km","car",16.68,0.5,3.5,3.5
"83714/1002",NA,83714,440,"20-24 years","female",20,1567,"Shopping",251.227233886719,251.227233886719,"car",0.5,16.43,"weekday",2,"20 to 39",">10km","car",16.43,0.5,3.5,3.5
"83717/1001",NA,83717,441,"60-64 years","female",20,1568,"Work",166.379119873047,166.379119873047,"car",0.5,25.23,"weekday",1,"40 to 64",">10km","car",25.23,0.5,3.5,3.5
"83717/1001",NA,83717,441,"60-64 years","female",20,1569,"Work",166.379119873047,166.379119873047,"car",0.5,25.48,"weekday",2,"40 to 64",">10km","car",25.48,0.5,3.5,3.5
"83719/1000",NA,83719,442,"20-24 years","female",20,1570,"Work",143.811325073242,143.811325073242,"car",0.333333333333333,10.4,"weekday",1,"20 to 39",">10km","car",10.4,0.333333333333333,2.33333333333333,2.33333333333333
"83719/1000",NA,83719,442,"20-24 years","female",20,1571,"Work",143.811325073242,143.811325073242,"car",0.333333333333333,10.5,"weekday",2,"20 to 39",">10km","car",10.5,0.333333333333333,2.33333333333333,2.33333333333333
"83719/1001",NA,83719,443,"20-24 years","male",20,1572,"Work",135.873886108398,135.873886108398,"car",0.25,7.19,"weekday",1,"20 to 39","6-10km","car",7.19,0.25,1.75,1.75
"83719/1001",NA,83719,443,"20-24 years","male",20,1573,"Work",135.873886108398,135.873886108398,"car",0.25,7.3,"weekday",2,"20 to 39","6-10km","car",7.3,0.25,1.75,1.75
"83719/1001",NA,83719,443,"20-24 years","male",20,1574,"Shopping",135.873886108398,135.873886108398,"car",0.166666666666667,3.7,"weekday",3,"20 to 39","3-5km","bicycle",3.7,0.336363636363636,1.16666666666667,2.35454545454545
"83719/1001",NA,83719,443,"20-24 years","male",20,1575,"Shopping",135.873886108398,135.873886108398,"car",0.25,3.69,"weekday",4,"20 to 39","3-5km","bicycle",3.69,0.335454545454545,1.75,2.34818181818182
"83722/1000",NA,83722,444,"60-64 years","male",20,1576,"Work",144.323944091797,144.323944091797,"car",0.5,18.48,"weekday",1,"40 to 64",">10km","car",18.48,0.5,3.5,3.5
"83722/1000",NA,83722,444,"60-64 years","male",20,1577,"Work",144.323944091797,144.323944091797,"car",0.5,18.66,"weekday",2,"40 to 64",">10km","car",18.66,0.5,3.5,3.5
"83722/1001",NA,83722,445,"55-59 years","female",20,1578,"Work",124.50057220459,124.50057220459,"car",0.333333333333333,11.91,"weekday",1,"40 to 64",">10km","car",11.91,0.333333333333333,2.33333333333333,2.33333333333333
"83722/1001",NA,83722,445,"55-59 years","female",20,1579,"Other",124.50057220459,124.50057220459,"car",0.333333333333333,10.68,"weekday",2,"40 to 64",">10km","car",10.68,0.333333333333333,2.33333333333333,2.33333333333333
"83722/1001",NA,83722,445,"55-59 years","female",20,1580,"Other",124.50057220459,124.50057220459,"car",0.0833333333333333,2.9,"weekday",3,"40 to 64","3-5km","bicycle",2.9,0.263636363636364,0.583333333333333,1.84545454545455
"83723/1000",NA,83723,446,"35-39 years","female",20,1581,"Other",245.514633178711,245.514633178711,"car",0.166666666666667,4.91,"weekday",1,"20 to 39","3-5km","bicycle",4.91,0.446363636363636,1.16666666666667,3.12454545454545
"83723/1000",NA,83723,446,"35-39 years","female",20,1582,"Other",245.514633178711,245.514633178711,"car",0.166666666666667,3.96,"weekday",2,"20 to 39","3-5km","bicycle",3.96,0.36,1.16666666666667,2.52
"83723/1000",NA,83723,446,"35-39 years","female",20,1583,"Other",245.514633178711,245.514633178711,"car",0.166666666666667,4.91,"weekday",3,"20 to 39","3-5km","bicycle",4.91,0.446363636363636,1.16666666666667,3.12454545454545
"83723/1000",NA,83723,446,"35-39 years","female",20,1584,"Other",245.514633178711,245.514633178711,"car",0.166666666666667,3.96,"weekday",4,"20 to 39","3-5km","bicycle",3.96,0.36,1.16666666666667,2.52
"83724/1000",NA,83724,447,"35-39 years","male",20,1585,"Work",148.682647705078,148.682647705078,"car",0.366666666666667,14.57,"weekday",1,"20 to 39",">10km","car",14.57,0.366666666666667,2.56666666666667,2.56666666666667
"83724/1000",NA,83724,447,"35-39 years","male",20,1586,"Work",148.682647705078,148.682647705078,"car",0.333333333333333,14.62,"weekday",2,"20 to 39",">10km","car",14.62,0.333333333333333,2.33333333333333,2.33333333333333
"83724/1001",NA,83724,448,"35-39 years","male",20,1587,"Work",148.682647705078,148.682647705078,"car",0.733333333333333,26.43,"weekday",1,"20 to 39",">10km","car",26.43,0.733333333333333,5.13333333333333,5.13333333333333
"83724/1001",NA,83724,448,"35-39 years","male",20,1588,"Work",148.682647705078,148.682647705078,"car",0.933333333333333,25.79,"weekday",2,"20 to 39",">10km","car",25.79,0.933333333333333,6.53333333333333,6.53333333333333
"83725/1000",NA,83725,449,"65-69 years","female",20,1589,"Work",159.702407836914,159.702407836914,"car",1.16666666666667,40.35,"weekday",1,"65 plus",">10km","car",40.35,1.16666666666667,8.16666666666667,8.16666666666667
"83725/1000",NA,83725,449,"65-69 years","female",20,1590,"Work",159.702407836914,159.702407836914,"car",1,40.27,"weekday",2,"65 plus",">10km","car",40.27,1,7,7
"83726/1000",NA,83726,450,"60-64 years","male",20,1591,"Shopping",144.323944091797,144.323944091797,"car",0.25,4.2,"weekday",1,"40 to 64","3-5km","bicycle",4.2,0.381818181818182,1.75,2.67272727272727
"83726/1000",NA,83726,450,"60-64 years","male",20,1592,"Shopping",144.323944091797,144.323944091797,"car",0.0833333333333333,0.83,"weekday",2,"40 to 64","<1km","bicycle",0.83,0.0754545454545455,0.583333333333333,0.528181818181818
"83726/1000",NA,83726,450,"60-64 years","male",20,1593,"Shopping",144.323944091797,144.323944091797,"car",0.0833333333333333,0.53,"weekday",3,"40 to 64","<1km","bicycle",0.53,0.0481818181818182,0.583333333333333,0.337272727272727
"83726/1000",NA,83726,450,"60-64 years","male",20,1594,"Shopping",144.323944091797,144.323944091797,"car",0.133333333333333,4.03,"weekday",4,"40 to 64","3-5km","bicycle",4.03,0.366363636363636,0.933333333333333,2.56454545454545
"83726/1001",NA,83726,451,"80-84 years","female",20,1595,"Shopping",194.481582641602,194.481582641602,"car",0.25,4.2,"weekday",1,"65 plus","3-5km","bicycle",4.2,0.381818181818182,1.75,2.67272727272727
"83726/1001",NA,83726,451,"80-84 years","female",20,1596,"Shopping",194.481582641602,194.481582641602,"car",0.0833333333333333,0.83,"weekday",2,"65 plus","<1km","bicycle",0.83,0.0754545454545455,0.583333333333333,0.528181818181818
"83726/1001",NA,83726,451,"80-84 years","female",20,1597,"Shopping",194.481582641602,194.481582641602,"car",0.0833333333333333,0.53,"weekday",3,"65 plus","<1km","bicycle",0.53,0.0481818181818182,0.583333333333333,0.337272727272727
"83726/1001",NA,83726,451,"80-84 years","female",20,1598,"Shopping",194.481582641602,194.481582641602,"car",0.133333333333333,4.03,"weekday",4,"65 plus","3-5km","bicycle",4.03,0.366363636363636,0.933333333333333,2.56454545454545
"83727/1000",NA,83727,452,"25-29 years","male",20,1599,"Work",262.777618408203,262.777618408203,"car",0.25,3.49,"weekday",1,"20 to 39","3-5km","bicycle",3.49,0.317272727272727,1.75,2.22090909090909
"83727/1000",NA,83727,452,"25-29 years","male",20,1600,"Work",262.777618408203,262.777618408203,"car",0.25,3.54,"weekday",2,"20 to 39","3-5km","bicycle",3.54,0.321818181818182,1.75,2.25272727272727
"83728/1000",NA,83728,453,"35-39 years","female",20,1601,"Education",140.541229248047,140.541229248047,"car",0.5,17.41,"weekday",1,"20 to 39",">10km","car",17.41,0.5,3.5,3.5
"83728/1000",NA,83728,453,"35-39 years","female",20,1602,"Education",140.541229248047,140.541229248047,"car",0.5,17.68,"weekday",2,"20 to 39",">10km","car",17.68,0.5,3.5,3.5
"83728/1001",NA,83728,454,"50-54 years","male",20,1603,"Other",117.728157043457,117.728157043457,"car",0.416666666666667,8.57,"weekday",1,"40 to 64","6-10km","car",8.57,0.416666666666667,2.91666666666667,2.91666666666667
"83728/1001",NA,83728,454,"50-54 years","male",20,1604,"Other",117.728157043457,117.728157043457,"car",0.316666666666667,8.49,"weekday",2,"40 to 64","6-10km","car",8.49,0.316666666666667,2.21666666666667,2.21666666666667
"83728/1001",NA,83728,454,"50-54 years","male",20,1605,"Other",117.728157043457,117.728157043457,"car",0.333333333333333,8.57,"weekday",3,"40 to 64","6-10km","car",8.57,0.333333333333333,2.33333333333333,2.33333333333333
"83728/1001",NA,83728,454,"50-54 years","male",20,1606,"Other",117.728157043457,117.728157043457,"car",0.25,8.49,"weekday",4,"40 to 64","6-10km","car",8.49,0.25,1.75,1.75
"83729/1000",NA,83729,455,"75-79 years","male",20,1607,"Shopping",121.247848510742,121.247848510742,"car",0.333333333333333,3.37,"weekday",1,"65 plus","3-5km","bicycle",3.37,0.306363636363636,2.33333333333333,2.14454545454545
"83729/1000",NA,83729,455,"75-79 years","male",20,1608,"Shopping",121.247848510742,121.247848510742,"car",0.166666666666667,2.43,"weekday",2,"65 plus","3-5km","bicycle",2.43,0.220909090909091,1.16666666666667,1.54636363636364
"83729/1000",NA,83729,455,"75-79 years","male",20,1609,"Shopping",121.247848510742,121.247848510742,"car",0.166666666666667,3.27,"weekday",3,"65 plus","3-5km","bicycle",3.27,0.297272727272727,1.16666666666667,2.08090909090909
"83729/1000",NA,83729,455,"75-79 years","male",20,1610,"Shopping",121.247848510742,121.247848510742,"car",0.116666666666667,3.26,"weekday",4,"65 plus","3-5km","bicycle",3.26,0.296363636363636,0.816666666666667,2.07454545454545
"83729/1000",NA,83729,455,"75-79 years","male",20,1611,"Other",121.247848510742,121.247848510742,"car",0.166666666666667,3.37,"weekday",5,"65 plus","3-5km","bicycle",3.37,0.306363636363636,1.16666666666667,2.14454545454545
"83729/1000",NA,83729,455,"75-79 years","male",20,1612,"Other",121.247848510742,121.247848510742,"car",0.15,3.34,"weekday",6,"65 plus","3-5km","bicycle",3.34,0.303636363636364,1.05,2.12545454545455
"83731/1000",NA,83731,456,"55-59 years","female",20,1613,"Other",124.50057220459,124.50057220459,"car",0.5,17.56,"weekday",1,"40 to 64",">10km","car",17.56,0.5,3.5,3.5
"83731/1000",NA,83731,456,"55-59 years","female",20,1614,"Other",124.50057220459,124.50057220459,"car",0.483333333333333,17.8,"weekday",2,"40 to 64",">10km","car",17.8,0.483333333333333,3.38333333333333,3.38333333333333
"83731/1000",NA,83731,456,"55-59 years","female",20,1615,"Other",124.50057220459,124.50057220459,"car",0.166666666666667,2.19,"weekday",3,"40 to 64","3-5km","bicycle",2.19,0.199090909090909,1.16666666666667,1.39363636363636
"83731/1000",NA,83731,456,"55-59 years","female",20,1616,"Other",124.50057220459,124.50057220459,"car",0.166666666666667,2.28,"weekday",4,"40 to 64","3-5km","bicycle",2.28,0.207272727272727,1.16666666666667,1.45090909090909
"83731/1001",NA,83731,457,"55-59 years","male",20,1617,"Work",136.198272705078,136.198272705078,"walking",0.416666666666667,2.03,"weekday",1,"40 to 64","3-5km","walking",2.03,0.416666666666667,2.91666666666667,2.91666666666667
"83731/1001",NA,83731,457,"55-59 years","male",20,1618,"Work",136.198272705078,136.198272705078,"public.transport",0.833333333333333,24.71,"weekday",1,"40 to 64",">10km","public.transport",24.71,0.833333333333333,5.83333333333333,5.83333333333333
"83731/1001",NA,83731,457,"55-59 years","male",20,1619,"Work",136.198272705078,136.198272705078,"walking",0.0833333333333333,0.16,"weekday",1,"40 to 64","<1km","walking",0.16,0.0833333333333333,0.583333333333333,0.583333333333333
"83731/1001",NA,83731,457,"55-59 years","male",20,1620,"Work",136.198272705078,136.198272705078,"walking",0.0833333333333333,0.16,"weekday",2,"40 to 64","<1km","walking",0.16,0.0833333333333333,0.583333333333333,0.583333333333333
"83731/1001",NA,83731,457,"55-59 years","male",20,1621,"Work",136.198272705078,136.198272705078,"public.transport",0.833333333333333,24.93,"weekday",2,"40 to 64",">10km","public.transport",24.93,0.833333333333333,5.83333333333333,5.83333333333333
"83731/1001",NA,83731,457,"55-59 years","male",20,1622,"Work",136.198272705078,136.198272705078,"car",0.166666666666667,2.28,"weekday",2,"40 to 64","3-5km","bicycle",2.28,0.207272727272727,1.16666666666667,1.45090909090909
"83732/1000",NA,83732,458,"35-39 years","male",20,1623,"Shopping",148.682647705078,148.682647705078,"car",0.5,19.67,"weekday",1,"20 to 39",">10km","car",19.67,0.5,3.5,3.5
"83732/1000",NA,83732,458,"35-39 years","male",20,1624,"Shopping",148.682647705078,148.682647705078,"car",0.5,19.54,"weekday",2,"20 to 39",">10km","car",19.54,0.5,3.5,3.5
"83732/1000",NA,83732,458,"35-39 years","male",20,1625,"Other",148.682647705078,148.682647705078,"car",0.25,4.51,"weekday",3,"20 to 39","3-5km","bicycle",4.51,0.41,1.75,2.87
"83732/1000",NA,83732,458,"35-39 years","male",20,1626,"Other",148.682647705078,148.682647705078,"car",0.333333333333333,4.45,"weekday",4,"20 to 39","3-5km","bicycle",4.45,0.404545454545455,2.33333333333333,2.83181818181818
"83732/1001",NA,83732,459,"75-79 years","male",20,1627,"Shopping",121.247848510742,121.247848510742,"car",0.5,19.67,"weekday",1,"65 plus",">10km","car",19.67,0.5,3.5,3.5
"83732/1001",NA,83732,459,"75-79 years","male",20,1628,"Shopping",121.247848510742,121.247848510742,"car",0.5,19.54,"weekday",2,"65 plus",">10km","car",19.54,0.5,3.5,3.5
"83732/1001",NA,83732,459,"75-79 years","male",20,1629,"Other",121.247848510742,121.247848510742,"car",0.25,4.51,"weekday",3,"65 plus","3-5km","bicycle",4.51,0.41,1.75,2.87
"83732/1001",NA,83732,459,"75-79 years","male",20,1630,"Other",121.247848510742,121.247848510742,"car",0.333333333333333,4.45,"weekday",4,"65 plus","3-5km","bicycle",4.45,0.404545454545455,2.33333333333333,2.83181818181818
"83735/1000",NA,83735,460,"70-74 years","male",20,1631,"Other",123.979629516602,123.979629516602,"car",0.4,8.19,"weekday",1,"65 plus","6-10km","car",8.19,0.4,2.8,2.8
"83735/1000",NA,83735,460,"70-74 years","male",20,1632,"Other",123.979629516602,123.979629516602,"car",0.166666666666667,8.32,"weekday",2,"65 plus","6-10km","car",8.32,0.166666666666667,1.16666666666667,1.16666666666667
"83735/1000",NA,83735,460,"70-74 years","male",20,1633,"Shopping",123.979629516602,123.979629516602,"car",0.166666666666667,3.56,"weekday",3,"65 plus","3-5km","bicycle",3.56,0.323636363636364,1.16666666666667,2.26545454545455
"83735/1000",NA,83735,460,"70-74 years","male",20,1634,"Shopping",123.979629516602,123.979629516602,"car",0.25,3.61,"weekday",4,"65 plus","3-5km","bicycle",3.61,0.328181818181818,1.75,2.29727272727273
"83736/1001",NA,83736,461,"25-29 years","female",20,1635,"Work",261.276580810547,261.276580810547,"car",1.08333333333333,20.78,"weekday",1,"20 to 39",">10km","car",20.78,1.08333333333333,7.58333333333333,7.58333333333333
"83736/1001",NA,83736,461,"25-29 years","female",20,1636,"Work",261.276580810547,261.276580810547,"car",0.666666666666667,20.94,"weekday",2,"20 to 39",">10km","car",20.94,0.666666666666667,4.66666666666667,4.66666666666667
"83833/1000",NA,83833,462,"30-34 years","male",20,1637,"Other",286.1357421875,286.1357421875,"car",0.5,10.47,"weekday",1,"20 to 39",">10km","car",10.47,0.5,3.5,3.5
"83833/1000",NA,83833,462,"30-34 years","male",20,1638,"Other",286.1357421875,286.1357421875,"car",0.5,10.52,"weekday",2,"20 to 39",">10km","car",10.52,0.5,3.5,3.5
"83833/1001",NA,83833,463,"25-29 years","female",20,1639,"Other",358.802307128906,358.802307128906,"car",0.5,10.47,"weekday",1,"20 to 39",">10km","car",10.47,0.5,3.5,3.5
"83833/1001",NA,83833,463,"25-29 years","female",20,1640,"Other",358.802307128906,358.802307128906,"car",0.5,10.52,"weekday",2,"20 to 39",">10km","car",10.52,0.5,3.5,3.5
"83833/1001",NA,83833,463,"25-29 years","female",20,1641,"Shopping",358.802307128906,358.802307128906,"car",0.0833333333333333,1.86,"weekday",3,"20 to 39","1-2km","bicycle",1.86,0.169090909090909,0.583333333333333,1.18363636363636
"83833/1001",NA,83833,463,"25-29 years","female",20,1642,"Shopping",358.802307128906,358.802307128906,"car",0.0833333333333333,1.88,"weekday",4,"20 to 39","1-2km","bicycle",1.88,0.170909090909091,0.583333333333333,1.19636363636364
"83835/1000",NA,83835,464,"50-54 years","male",20,1643,"Work",184.872970581055,184.872970581055,"car",0.166666666666667,4.61,"weekday",1,"40 to 64","3-5km","bicycle",4.61,0.419090909090909,1.16666666666667,2.93363636363636
"83835/1000",NA,83835,464,"50-54 years","male",20,1644,"Work",184.872970581055,184.872970581055,"public.transport",0.416666666666667,9.62,"weekday",1,"40 to 64","6-10km","public.transport",9.62,0.416666666666667,2.91666666666667,2.91666666666667
"83835/1000",NA,83835,464,"50-54 years","male",20,1645,"Work",184.872970581055,184.872970581055,"walking",0.25,1.44,"weekday",1,"40 to 64","1-2km","walking",1.44,0.25,1.75,1.75
"83835/1000",NA,83835,464,"50-54 years","male",20,1646,"Work",184.872970581055,184.872970581055,"walking",0.25,1.44,"weekday",2,"40 to 64","1-2km","walking",1.44,0.25,1.75,1.75
"83835/1000",NA,83835,464,"50-54 years","male",20,1647,"Work",184.872970581055,184.872970581055,"public.transport",0.333333333333333,9.62,"weekday",2,"40 to 64","6-10km","public.transport",9.62,0.333333333333333,2.33333333333333,2.33333333333333
"83835/1000",NA,83835,464,"50-54 years","male",20,1648,"Work",184.872970581055,184.872970581055,"car",0.166666666666667,4.59,"weekday",2,"40 to 64","3-5km","bicycle",4.59,0.417272727272727,1.16666666666667,2.92090909090909
"83835/1001",NA,83835,465,"50-54 years","female",20,1649,"Other",193.905059814453,193.905059814453,"car",0.166666666666667,4.61,"weekday",1,"40 to 64","3-5km","bicycle",4.61,0.419090909090909,1.16666666666667,2.93363636363636
"83835/1001",NA,83835,465,"50-54 years","female",20,1650,"Shopping",193.905059814453,193.905059814453,"car",0.05,0.89,"weekday",2,"40 to 64","<1km","bicycle",0.89,0.0809090909090909,0.35,0.566363636363636
"83835/1001",NA,83835,465,"50-54 years","female",20,1651,"Shopping",193.905059814453,193.905059814453,"car",0.25,3.87,"weekday",3,"40 to 64","3-5km","bicycle",3.87,0.351818181818182,1.75,2.46272727272727
"83835/1001",NA,83835,465,"50-54 years","female",20,1652,"Other",193.905059814453,193.905059814453,"car",0.166666666666667,4.61,"weekday",4,"40 to 64","3-5km","bicycle",4.61,0.419090909090909,1.16666666666667,2.93363636363636
"83835/1001",NA,83835,465,"50-54 years","female",20,1653,"Other",193.905059814453,193.905059814453,"car",0.166666666666667,4.59,"weekday",5,"40 to 64","3-5km","bicycle",4.59,0.417272727272727,1.16666666666667,2.92090909090909
"83839/1000",NA,83839,466,"40-44 years","male",20,1654,"Shopping",177.851913452148,177.851913452148,"car",0.166666666666667,2.26,"weekday",1,"40 to 64","3-5km","bicycle",2.26,0.205454545454545,1.16666666666667,1.43818181818182
"83839/1000",NA,83839,466,"40-44 years","male",20,1655,"Shopping",177.851913452148,177.851913452148,"car",0.166666666666667,2.3,"weekday",2,"40 to 64","3-5km","bicycle",2.3,0.209090909090909,1.16666666666667,1.46363636363636
"83839/1000",NA,83839,466,"40-44 years","male",20,1656,"Shopping",177.851913452148,177.851913452148,"car",0.05,2.09,"weekday",3,"40 to 64","3-5km","bicycle",2.09,0.19,0.35,1.33
"83839/1000",NA,83839,466,"40-44 years","male",20,1657,"Shopping",177.851913452148,177.851913452148,"car",0.166666666666667,3.56,"weekday",4,"40 to 64","3-5km","bicycle",3.56,0.323636363636364,1.16666666666667,2.26545454545455
"83839/1000",NA,83839,466,"40-44 years","male",20,1658,"Shopping",177.851913452148,177.851913452148,"car",0.166666666666667,3.55,"weekday",5,"40 to 64","3-5km","bicycle",3.55,0.322727272727273,1.16666666666667,2.25909090909091
"83839/1001",NA,83839,467,"30-34 years","female",20,1659,"Shopping",248.344512939453,248.344512939453,"car",0.133333333333333,1.37,"weekday",1,"20 to 39","1-2km","bicycle",1.37,0.124545454545455,0.933333333333333,0.871818181818182
"83839/1001",NA,83839,467,"30-34 years","female",20,1660,"Shopping",248.344512939453,248.344512939453,"car",0.15,2.09,"weekday",2,"20 to 39","3-5km","bicycle",2.09,0.19,1.05,1.33
"83839/1001",NA,83839,467,"30-34 years","female",20,1661,"Shopping",248.344512939453,248.344512939453,"car",0.166666666666667,3.56,"weekday",3,"20 to 39","3-5km","bicycle",3.56,0.323636363636364,1.16666666666667,2.26545454545455
"83839/1001",NA,83839,467,"30-34 years","female",20,1662,"Shopping",248.344512939453,248.344512939453,"car",0.166666666666667,3.55,"weekday",4,"20 to 39","3-5km","bicycle",3.55,0.322727272727273,1.16666666666667,2.25909090909091
"83843/1000",NA,83843,468,"40-44 years","male",20,1663,"Work",387.342620849609,387.342620849609,"car",0.0833333333333333,4.44,"weekday",1,"40 to 64","3-5km","bicycle",4.44,0.403636363636364,0.583333333333333,2.82545454545455
"83843/1000",NA,83843,468,"40-44 years","male",20,1664,"Work",387.342620849609,387.342620849609,"public.transport",0.55,9.62,"weekday",1,"40 to 64","6-10km","public.transport",9.62,0.55,3.85,3.85
"83843/1000",NA,83843,468,"40-44 years","male",20,1665,"Work",387.342620849609,387.342620849609,"walking",0.166666666666667,0.3,"weekday",1,"40 to 64","<1km","walking",0.3,0.166666666666667,1.16666666666667,1.16666666666667
"83843/1000",NA,83843,468,"40-44 years","male",20,1666,"Work",387.342620849609,387.342620849609,"walking",0.166666666666667,0.3,"weekday",2,"40 to 64","<1km","walking",0.3,0.166666666666667,1.16666666666667,1.16666666666667
"83843/1000",NA,83843,468,"40-44 years","male",20,1667,"Work",387.342620849609,387.342620849609,"public.transport",0.583333333333333,9.62,"weekday",2,"40 to 64","6-10km","public.transport",9.62,0.583333333333333,4.08333333333333,4.08333333333333
"83843/1000",NA,83843,468,"40-44 years","male",20,1668,"Work",387.342620849609,387.342620849609,"car",0.25,4.34,"weekday",2,"40 to 64","3-5km","bicycle",4.34,0.394545454545455,1.75,2.76181818181818
"83843/1001",NA,83843,469,"35-39 years","female",20,1669,"Other",320.457489013672,320.457489013672,"car",0.25,4.66,"weekday",1,"20 to 39","3-5km","bicycle",4.66,0.423636363636364,1.75,2.96545454545455
"83843/1001",NA,83843,469,"35-39 years","female",20,1670,"Other",320.457489013672,320.457489013672,"car",0.25,5.68,"weekday",2,"20 to 39","6-10km","car",5.68,0.25,1.75,1.75
"83843/1001",NA,83843,469,"35-39 years","female",20,1671,"Other",320.457489013672,320.457489013672,"car",0.166666666666667,4.28,"weekday",3,"20 to 39","3-5km","bicycle",4.28,0.389090909090909,1.16666666666667,2.72363636363636
"83843/1001",NA,83843,469,"35-39 years","female",20,1672,"Leisure",320.457489013672,320.457489013672,"walking",0.333333333333333,1.32,"weekday",4,"20 to 39","1-2km","walking",1.32,0.333333333333333,2.33333333333333,2.33333333333333
"83843/1001",NA,83843,469,"35-39 years","female",20,1673,"Leisure",320.457489013672,320.457489013672,"walking",0.333333333333333,1.32,"weekday",5,"20 to 39","1-2km","walking",1.32,0.333333333333333,2.33333333333333,2.33333333333333
"83843/1001",NA,83843,469,"35-39 years","female",20,1674,"Other",320.457489013672,320.457489013672,"car",0.166666666666667,4.66,"weekday",6,"20 to 39","3-5km","bicycle",4.66,0.423636363636364,1.16666666666667,2.96545454545455
"83843/1001",NA,83843,469,"35-39 years","female",20,1675,"Other",320.457489013672,320.457489013672,"car",0.25,5.68,"weekday",7,"20 to 39","6-10km","car",5.68,0.25,1.75,1.75
"83843/1001",NA,83843,469,"35-39 years","female",20,1676,"Other",320.457489013672,320.457489013672,"car",0.166666666666667,4.28,"weekday",8,"20 to 39","3-5km","bicycle",4.28,0.389090909090909,1.16666666666667,2.72363636363636
"83844/1000",NA,83844,470,"35-39 years","female",20,1677,"Other",147.140991210938,147.140991210938,"car",0.0833333333333333,1.62,"weekday",1,"20 to 39","1-2km","bicycle",1.62,0.147272727272727,0.583333333333333,1.03090909090909
"83844/1000",NA,83844,470,"35-39 years","female",20,1678,"Work",147.140991210938,147.140991210938,"car",0.583333333333333,12.01,"weekday",2,"20 to 39",">10km","car",12.01,0.583333333333333,4.08333333333333,4.08333333333333
"83844/1000",NA,83844,470,"35-39 years","female",20,1679,"Shopping",147.140991210938,147.140991210938,"walking",0.25,0.89,"weekday",3,"20 to 39","<1km","walking",0.89,0.25,1.75,1.75
"83844/1000",NA,83844,470,"35-39 years","female",20,1680,"Shopping",147.140991210938,147.140991210938,"walking",0.25,0.85,"weekday",4,"20 to 39","<1km","walking",0.85,0.25,1.75,1.75
"83844/1000",NA,83844,470,"35-39 years","female",20,1681,"Shopping",147.140991210938,147.140991210938,"walking",0.0833333333333333,0.15,"weekday",5,"20 to 39","<1km","walking",0.15,0.0833333333333333,0.583333333333333,0.583333333333333
"83844/1000",NA,83844,470,"35-39 years","female",20,1682,"Shopping",147.140991210938,147.140991210938,"car",0.5,12.81,"weekday",5,"20 to 39",">10km","car",12.81,0.5,3.5,3.5
"83844/1000",NA,83844,470,"35-39 years","female",20,1683,"Other",147.140991210938,147.140991210938,"car",0.0833333333333333,1.62,"weekday",6,"20 to 39","1-2km","bicycle",1.62,0.147272727272727,0.583333333333333,1.03090909090909
"83844/1000",NA,83844,470,"35-39 years","female",20,1684,"Other",147.140991210938,147.140991210938,"car",0.0833333333333333,1.62,"weekday",7,"20 to 39","1-2km","bicycle",1.62,0.147272727272727,0.583333333333333,1.03090909090909
"83844/1001",NA,83844,471,"35-39 years","male",20,1685,"Work",159.366409301758,159.366409301758,"car",0.583333333333333,12.3,"weekday",1,"20 to 39",">10km","car",12.3,0.583333333333333,4.08333333333333,4.08333333333333
"83844/1001",NA,83844,471,"35-39 years","male",20,1686,"Shopping",159.366409301758,159.366409301758,"walking",0.0833333333333333,0.5,"weekday",2,"20 to 39","<1km","walking",0.5,0.0833333333333333,0.583333333333333,0.583333333333333
"83844/1001",NA,83844,471,"35-39 years","male",20,1687,"Work",159.366409301758,159.366409301758,"walking",0.0833333333333333,0.5,"weekday",3,"20 to 39","<1km","walking",0.5,0.0833333333333333,0.583333333333333,0.583333333333333
"83844/1001",NA,83844,471,"35-39 years","male",20,1688,"Work",159.366409301758,159.366409301758,"car",0.5,11.91,"weekday",4,"20 to 39",">10km","car",11.91,0.5,3.5,3.5
"83844/1001",NA,83844,471,"35-39 years","male",20,1689,"Shopping",159.366409301758,159.366409301758,"car",0.0833333333333333,3.08,"weekday",5,"20 to 39","3-5km","bicycle",3.08,0.28,0.583333333333333,1.96
"83844/1001",NA,83844,471,"35-39 years","male",20,1690,"Shopping",159.366409301758,159.366409301758,"car",0.0833333333333333,3.08,"weekday",6,"20 to 39","3-5km","bicycle",3.08,0.28,0.583333333333333,1.96
"83852/1000",NA,83852,472,"45-49 years","female",20,1691,"Other",402.263244628906,402.263244628906,"car",0.0833333333333333,4.18,"weekday",1,"40 to 64","3-5km","bicycle",4.18,0.38,0.583333333333333,2.66
"83852/1000",NA,83852,472,"45-49 years","female",20,1692,"Other",402.263244628906,402.263244628906,"car",0.0833333333333333,4.16,"weekday",2,"40 to 64","3-5km","bicycle",4.16,0.378181818181818,0.583333333333333,2.64727272727273
"83852/1000",NA,83852,472,"45-49 years","female",20,1693,"Shopping",402.263244628906,402.263244628906,"car",0.0833333333333333,2.08,"weekday",3,"40 to 64","3-5km","bicycle",2.08,0.189090909090909,0.583333333333333,1.32363636363636
"83852/1000",NA,83852,472,"45-49 years","female",20,1694,"Shopping",402.263244628906,402.263244628906,"car",0.0833333333333333,2.26,"weekday",4,"40 to 64","3-5km","bicycle",2.26,0.205454545454545,0.583333333333333,1.43818181818182
"83852/1000",NA,83852,472,"45-49 years","female",20,1695,"Other",402.263244628906,402.263244628906,"car",0.0833333333333333,4.18,"weekday",5,"40 to 64","3-5km","bicycle",4.18,0.38,0.583333333333333,2.66
"83852/1000",NA,83852,472,"45-49 years","female",20,1696,"Other",402.263244628906,402.263244628906,"car",0.0833333333333333,4.16,"weekday",6,"40 to 64","3-5km","bicycle",4.16,0.378181818181818,0.583333333333333,2.64727272727273
"83852/1000",NA,83852,472,"45-49 years","female",20,1697,"Leisure",402.263244628906,402.263244628906,"car",0.5,27.82,"weekday",7,"40 to 64",">10km","car",27.82,0.5,3.5,3.5
"83852/1000",NA,83852,472,"45-49 years","female",20,1698,"Leisure",402.263244628906,402.263244628906,"car",0.5,27.73,"weekday",8,"40 to 64",">10km","car",27.73,0.5,3.5,3.5
"83852/1001",NA,83852,473,"50-54 years","male",20,1699,"Work",402.633728027344,402.633728027344,"car",0.5,25.18,"weekday",1,"40 to 64",">10km","car",25.18,0.5,3.5,3.5
"83852/1001",NA,83852,473,"50-54 years","male",20,1700,"Work",402.633728027344,402.633728027344,"car",0.75,24.97,"weekday",2,"40 to 64",">10km","car",24.97,0.75,5.25,5.25
"83852/1001",NA,83852,473,"50-54 years","male",20,1701,"Leisure",402.633728027344,402.633728027344,"car",0.5,27.82,"weekday",3,"40 to 64",">10km","car",27.82,0.5,3.5,3.5
"83852/1001",NA,83852,473,"50-54 years","male",20,1702,"Leisure",402.633728027344,402.633728027344,"car",0.5,27.73,"weekday",4,"40 to 64",">10km","car",27.73,0.5,3.5,3.5
"83852/1002",NA,83852,474,"15-19 years","female",20,1703,"Education",424.069610595703,424.069610595703,"car",0.0833333333333333,4.18,"weekday",1,"15 to 19","3-5km","bicycle",4.18,0.38,0.583333333333333,2.66
"83852/1002",NA,83852,474,"15-19 years","female",20,1704,"Education",424.069610595703,424.069610595703,"car",0.0833333333333333,4.16,"weekday",2,"15 to 19","3-5km","bicycle",4.16,0.378181818181818,0.583333333333333,2.64727272727273
"83852/1002",NA,83852,474,"15-19 years","female",20,1705,"Education",424.069610595703,424.069610595703,"car",0.5,27.82,"weekday",3,"15 to 19",">10km","car",27.82,0.5,3.5,3.5
"83852/1002",NA,83852,474,"15-19 years","female",20,1706,"Education",424.069610595703,424.069610595703,"car",0.5,27.73,"weekday",4,"15 to 19",">10km","car",27.73,0.5,3.5,3.5
"83855/1000",NA,83855,475,"55-59 years","female",20,1707,"Work",179.280990600586,179.280990600586,"car",0.1,4.11,"weekday",1,"40 to 64","3-5km","bicycle",4.11,0.373636363636364,0.7,2.61545454545455
"83855/1000",NA,83855,475,"55-59 years","female",20,1708,"Leisure",179.280990600586,179.280990600586,"car",0.05,0.69,"weekday",2,"40 to 64","<1km","bicycle",0.69,0.0627272727272727,0.35,0.439090909090909
"83855/1000",NA,83855,475,"55-59 years","female",20,1709,"Leisure",179.280990600586,179.280990600586,"car",0.133333333333333,3.94,"weekday",3,"40 to 64","3-5km","bicycle",3.94,0.358181818181818,0.933333333333333,2.50727272727273
"83857/1000",NA,83857,476,"55-59 years","female",20,1710,"Work",504.474334716797,504.474334716797,"car",0.5,12.08,"weekday",1,"40 to 64",">10km","car",12.08,0.5,3.5,3.5
"83857/1000",NA,83857,476,"55-59 years","female",20,1711,"Work",504.474334716797,504.474334716797,"car",0.116666666666667,0.64,"weekday",2,"40 to 64","<1km","bicycle",0.64,0.0581818181818182,0.816666666666667,0.407272727272727
"83857/1000",NA,83857,476,"55-59 years","female",20,1712,"Leisure",504.474334716797,504.474334716797,"car",0.5,11.12,"weekday",3,"40 to 64",">10km","car",11.12,0.5,3.5,3.5
"83857/1000",NA,83857,476,"55-59 years","female",20,1713,"Leisure",504.474334716797,504.474334716797,"car",0.666666666666667,22.12,"weekday",4,"40 to 64",">10km","car",22.12,0.666666666666667,4.66666666666667,4.66666666666667
"83857/1001",NA,83857,477,"60-64 years","male",20,1714,"Work",402.593353271484,402.593353271484,"car",0.5,12.08,"weekday",1,"40 to 64",">10km","car",12.08,0.5,3.5,3.5
"83857/1001",NA,83857,477,"60-64 years","male",20,1715,"Work",402.593353271484,402.593353271484,"car",0.116666666666667,0.64,"weekday",2,"40 to 64","<1km","bicycle",0.64,0.0581818181818182,0.816666666666667,0.407272727272727
"83857/1001",NA,83857,477,"60-64 years","male",20,1716,"Other",402.593353271484,402.593353271484,"car",0.5,11.12,"weekday",3,"40 to 64",">10km","car",11.12,0.5,3.5,3.5
"83857/1001",NA,83857,477,"60-64 years","male",20,1717,"Other",402.593353271484,402.593353271484,"car",1,22.12,"weekday",4,"40 to 64",">10km","car",22.12,1,7,7
"83857/1002",NA,83857,478,"20-24 years","female",20,1718,"Work",869.577453613281,869.577453613281,"car",0.283333333333333,3.53,"weekday",1,"20 to 39","3-5km","bicycle",3.53,0.320909090909091,1.98333333333333,2.24636363636364
"83857/1002",NA,83857,478,"20-24 years","female",20,1719,"Work",869.577453613281,869.577453613281,"car",0.166666666666667,3.53,"weekday",2,"20 to 39","3-5km","bicycle",3.53,0.320909090909091,1.16666666666667,2.24636363636364
"83857/1002",NA,83857,478,"20-24 years","female",20,1720,"Shopping",869.577453613281,869.577453613281,"car",0.116666666666667,3.44,"weekday",3,"20 to 39","3-5km","bicycle",3.44,0.312727272727273,0.816666666666667,2.18909090909091
"83857/1002",NA,83857,478,"20-24 years","female",20,1721,"Shopping",869.577453613281,869.577453613281,"car",0.116666666666667,3.43,"weekday",4,"20 to 39","3-5km","bicycle",3.43,0.311818181818182,0.816666666666667,2.18272727272727
"83857/1003",NA,83857,479,"25-29 years","male",20,1722,"Shopping",1245.56640625,1245.56640625,"car",0.116666666666667,3.44,"weekday",1,"20 to 39","3-5km","bicycle",3.44,0.312727272727273,0.816666666666667,2.18909090909091
"83857/1003",NA,83857,479,"25-29 years","male",20,1723,"Shopping",1245.56640625,1245.56640625,"car",0.116666666666667,3.43,"weekday",2,"20 to 39","3-5km","bicycle",3.43,0.311818181818182,0.816666666666667,2.18272727272727
"83857/1004",NA,83857,480,"25-29 years","male",20,1724,"Work",1245.56640625,1245.56640625,"other",0.5,12.66,"weekday",1,"20 to 39",">10km","other",12.66,0.5,3.5,3.5
"83857/1004",NA,83857,480,"25-29 years","male",20,1725,"Leisure",1245.56640625,1245.56640625,"other",0.5,16.71,"weekday",2,"20 to 39",">10km","other",16.71,0.5,3.5,3.5
"83857/1004",NA,83857,480,"25-29 years","male",20,1726,"Leisure",1245.56640625,1245.56640625,"other",0.166666666666667,7.22,"weekday",3,"20 to 39","6-10km","other",7.22,0.166666666666667,1.16666666666667,1.16666666666667
"83860/1002",NA,83860,481,"60-64 years","female",20,1727,"Shopping",531.132019042969,531.132019042969,"car",0.0833333333333333,1.41,"weekday",1,"40 to 64","1-2km","bicycle",1.41,0.128181818181818,0.583333333333333,0.897272727272727
"83860/1002",NA,83860,481,"60-64 years","female",20,1728,"Shopping",531.132019042969,531.132019042969,"car",0.05,0.34,"weekday",2,"40 to 64","<1km","bicycle",0.34,0.0309090909090909,0.35,0.216363636363636
"83860/1002",NA,83860,481,"60-64 years","female",20,1729,"Shopping",531.132019042969,531.132019042969,"car",0.0833333333333333,1.22,"weekday",3,"40 to 64","1-2km","bicycle",1.22,0.110909090909091,0.583333333333333,0.776363636363636
"83864/1000",NA,83864,482,"80-84 years","male",20,1730,"Shopping",491.522796630859,491.522796630859,"car",0.333333333333333,12.66,"weekday",1,"65 plus",">10km","car",12.66,0.333333333333333,2.33333333333333,2.33333333333333
"83864/1000",NA,83864,482,"80-84 years","male",20,1731,"Shopping",491.522796630859,491.522796630859,"car",0.333333333333333,12.6,"weekday",2,"65 plus",">10km","car",12.6,0.333333333333333,2.33333333333333,2.33333333333333
"83864/1001",NA,83864,483,"75-79 years","female",20,1733,"Shopping",410.973388671875,410.973388671875,"car",0.333333333333333,12.66,"weekday",1,"65 plus",">10km","car",12.66,0.333333333333333,2.33333333333333,2.33333333333333
"83864/1001",NA,83864,483,"75-79 years","female",20,1734,"Shopping",410.973388671875,410.973388671875,"car",0.333333333333333,12.6,"weekday",2,"65 plus",">10km","car",12.6,0.333333333333333,2.33333333333333,2.33333333333333
"83866/1005",NA,83866,484,"55-59 years","female",20,1736,"Other",468.386108398438,468.386108398438,"walking",0.333333333333333,1.36,"weekday",1,"40 to 64","1-2km","walking",1.36,0.333333333333333,2.33333333333333,2.33333333333333
"83866/1005",NA,83866,484,"55-59 years","female",20,1737,"Other",468.386108398438,468.386108398438,"public.transport",0.783333333333333,22.95,"weekday",1,"40 to 64",">10km","public.transport",22.95,0.783333333333333,5.48333333333333,5.48333333333333
"83866/1005",NA,83866,484,"55-59 years","female",20,1738,"Other",468.386108398438,468.386108398438,"walking",0.116666666666667,0.47,"weekday",1,"40 to 64","<1km","walking",0.47,0.116666666666667,0.816666666666667,0.816666666666667
"83866/1005",NA,83866,484,"55-59 years","female",20,1739,"Other",468.386108398438,468.386108398438,"walking",0.116666666666667,0.47,"weekday",2,"40 to 64","<1km","walking",0.47,0.116666666666667,0.816666666666667,0.816666666666667
"83866/1005",NA,83866,484,"55-59 years","female",20,1740,"Other",468.386108398438,468.386108398438,"public.transport",0.766666666666667,22.95,"weekday",2,"40 to 64",">10km","public.transport",22.95,0.766666666666667,5.36666666666667,5.36666666666667
"83866/1005",NA,83866,484,"55-59 years","female",20,1741,"Other",468.386108398438,468.386108398438,"walking",0.0166666666666667,0.06,"weekday",2,"40 to 64","<1km","walking",0.06,0.0166666666666667,0.116666666666667,0.116666666666667
"83866/1005",NA,83866,484,"55-59 years","female",20,1742,"Other",468.386108398438,468.386108398438,"public.transport",0.7,11.17,"weekday",2,"40 to 64",">10km","public.transport",11.17,0.7,4.9,4.9
"83866/1005",NA,83866,484,"55-59 years","female",20,1743,"Other",468.386108398438,468.386108398438,"walking",0.166666666666667,0.89,"weekday",2,"40 to 64","<1km","walking",0.89,0.166666666666667,1.16666666666667,1.16666666666667
"83866/1005",NA,83866,484,"55-59 years","female",20,1744,"Other",468.386108398438,468.386108398438,"walking",0.166666666666667,0.89,"weekday",3,"40 to 64","<1km","walking",0.89,0.166666666666667,1.16666666666667,1.16666666666667
"83866/1005",NA,83866,484,"55-59 years","female",20,1745,"Other",468.386108398438,468.386108398438,"public.transport",0.7,10.81,"weekday",3,"40 to 64",">10km","public.transport",10.81,0.7,4.9,4.9
"83866/1005",NA,83866,484,"55-59 years","female",20,1746,"Other",468.386108398438,468.386108398438,"walking",0.316666666666667,1.31,"weekday",3,"40 to 64","1-2km","walking",1.31,0.316666666666667,2.21666666666667,2.21666666666667
"83867/1000",NA,83867,485,"40-44 years","female",20,1747,"Work",578.036804199219,578.036804199219,"car",0.616666666666667,14.72,"weekday",1,"40 to 64",">10km","car",14.72,0.616666666666667,4.31666666666667,4.31666666666667
"83867/1000",NA,83867,485,"40-44 years","female",20,1748,"Other",578.036804199219,578.036804199219,"car",0.333333333333333,9.38,"weekday",2,"40 to 64","6-10km","car",9.38,0.333333333333333,2.33333333333333,2.33333333333333
"83867/1000",NA,83867,485,"40-44 years","female",20,1749,"Other",578.036804199219,578.036804199219,"public.transport",0.216666666666667,2.97,"weekday",3,"40 to 64","3-5km","public.transport",2.97,0.216666666666667,1.51666666666667,1.51666666666667
"83867/1000",NA,83867,485,"40-44 years","female",20,1751,"Other",578.036804199219,578.036804199219,"car",0.183333333333333,2.97,"weekday",5,"40 to 64","3-5km","bicycle",2.97,0.27,1.28333333333333,1.89
"83867/1000",NA,83867,485,"40-44 years","female",20,1752,"Other",578.036804199219,578.036804199219,"car",0.25,6.95,"weekday",6,"40 to 64","6-10km","car",6.95,0.25,1.75,1.75
"83867/1000",NA,83867,485,"40-44 years","female",20,1753,"Leisure",578.036804199219,578.036804199219,"car",0.25,2.62,"weekday",7,"40 to 64","3-5km","bicycle",2.62,0.238181818181818,1.75,1.66727272727273
"83867/1000",NA,83867,485,"40-44 years","female",20,1754,"Leisure",578.036804199219,578.036804199219,"car",0.216666666666667,2.68,"weekday",8,"40 to 64","3-5km","bicycle",2.68,0.243636363636364,1.51666666666667,1.70545454545455
"83869/1000",NA,83869,486,"65-69 years","female",20,1756,"Shopping",304.822784423828,304.822784423828,"car",0.0833333333333333,2.26,"weekday",2,"65 plus","3-5km","bicycle",2.26,0.205454545454545,0.583333333333333,1.43818181818182
"83869/1000",NA,83869,486,"65-69 years","female",20,1757,"Shopping",304.822784423828,304.822784423828,"car",0.0833333333333333,2.31,"weekday",3,"65 plus","3-5km","bicycle",2.31,0.21,0.583333333333333,1.47
"83872/1000",NA,83872,488,"45-49 years","male",20,1759,"Work",490.858123779297,490.858123779297,"car",0.666666666666667,48.32,"weekday",1,"40 to 64",">10km","car",48.32,0.666666666666667,4.66666666666667,4.66666666666667
"83872/1000",NA,83872,488,"45-49 years","male",20,1760,"Work",490.858123779297,490.858123779297,"car",0.666666666666667,47.67,"weekday",2,"40 to 64",">10km","car",47.67,0.666666666666667,4.66666666666667,4.66666666666667
"83872/1003",NA,83872,489,"45-49 years","female",20,1761,"Other",587.36279296875,587.36279296875,"car",0.166666666666667,1.88,"weekday",1,"40 to 64","1-2km","bicycle",1.88,0.170909090909091,1.16666666666667,1.19636363636364
"83872/1003",NA,83872,489,"45-49 years","female",20,1762,"Other",587.36279296875,587.36279296875,"car",0.166666666666667,1.92,"weekday",2,"40 to 64","1-2km","bicycle",1.92,0.174545454545455,1.16666666666667,1.22181818181818
"83872/1003",NA,83872,489,"45-49 years","female",20,1763,"Shopping",587.36279296875,587.36279296875,"car",0.25,1.81,"weekday",3,"40 to 64","1-2km","bicycle",1.81,0.164545454545455,1.75,1.15181818181818
"83872/1003",NA,83872,489,"45-49 years","female",20,1764,"Shopping",587.36279296875,587.36279296875,"car",0.25,1.87,"weekday",4,"40 to 64","1-2km","bicycle",1.87,0.17,1.75,1.19
"83872/1003",NA,83872,489,"45-49 years","female",20,1765,"Other",587.36279296875,587.36279296875,"car",0.166666666666667,1.88,"weekday",5,"40 to 64","1-2km","bicycle",1.88,0.170909090909091,1.16666666666667,1.19636363636364
"83872/1003",NA,83872,489,"45-49 years","female",20,1766,"Other",587.36279296875,587.36279296875,"car",0.166666666666667,1.92,"weekday",6,"40 to 64","1-2km","bicycle",1.92,0.174545454545455,1.16666666666667,1.22181818181818
"83873/1000",NA,83873,490,"50-54 years","male",20,1767,"Other",488.224273681641,488.224273681641,"car",0.0833333333333333,1.56,"weekday",1,"40 to 64","1-2km","bicycle",1.56,0.141818181818182,0.583333333333333,0.992727272727273
"83873/1000",NA,83873,490,"50-54 years","male",20,1768,"Other",488.224273681641,488.224273681641,"car",0.0833333333333333,1.6,"weekday",2,"40 to 64","1-2km","bicycle",1.6,0.145454545454545,0.583333333333333,1.01818181818182
"83873/1000",NA,83873,490,"50-54 years","male",20,1769,"Other",488.224273681641,488.224273681641,"car",0.0833333333333333,1.56,"weekday",3,"40 to 64","1-2km","bicycle",1.56,0.141818181818182,0.583333333333333,0.992727272727273
"83873/1000",NA,83873,490,"50-54 years","male",20,1770,"Other",488.224273681641,488.224273681641,"car",0.1,1.6,"weekday",4,"40 to 64","1-2km","bicycle",1.6,0.145454545454545,0.7,1.01818181818182
"83873/1000",NA,83873,490,"50-54 years","male",20,1771,"Other",488.224273681641,488.224273681641,"car",0.0833333333333333,1.45,"weekday",5,"40 to 64","1-2km","bicycle",1.45,0.131818181818182,0.583333333333333,0.922727272727273
"83873/1000",NA,83873,490,"50-54 years","male",20,1772,"Other",488.224273681641,488.224273681641,"car",0.0833333333333333,1.44,"weekday",6,"40 to 64","1-2km","bicycle",1.44,0.130909090909091,0.583333333333333,0.916363636363636
"83873/1002",NA,83873,491,"50-54 years","female",20,1773,"Work",484.974609375,484.974609375,"car",0.0833333333333333,1.56,"weekday",1,"40 to 64","1-2km","bicycle",1.56,0.141818181818182,0.583333333333333,0.992727272727273
"83873/1002",NA,83873,491,"50-54 years","female",20,1774,"Work",484.974609375,484.974609375,"car",0.0833333333333333,1.6,"weekday",2,"40 to 64","1-2km","bicycle",1.6,0.145454545454545,0.583333333333333,1.01818181818182
"83873/1003",NA,83873,492,"30-34 years","female",20,1775,"Work",718.065612792969,718.065612792969,"car",1,84.46,"weekday",1,"20 to 39",">10km","car",84.46,1,7,7
"83873/1003",NA,83873,492,"30-34 years","female",20,1776,"Work",718.065612792969,718.065612792969,"car",1,84.59,"weekday",2,"20 to 39",">10km","car",84.59,1,7,7
"83874/1001",NA,83874,494,"65-69 years","female",20,1778,"Shopping",304.822784423828,304.822784423828,"car",0.416666666666667,10.15,"weekday",1,"65 plus",">10km","car",10.15,0.416666666666667,2.91666666666667,2.91666666666667
"83874/1001",NA,83874,494,"65-69 years","female",20,1779,"Shopping",304.822784423828,304.822784423828,"car",0.333333333333333,10.13,"weekday",2,"65 plus",">10km","car",10.13,0.333333333333333,2.33333333333333,2.33333333333333
"83876/1002",NA,83876,495,"20-24 years","female",20,1780,"Work",964.146118164062,964.146118164062,"car",0.666666666666667,35.02,"weekday",1,"20 to 39",">10km","car",35.02,0.666666666666667,4.66666666666667,4.66666666666667
"83876/1002",NA,83876,495,"20-24 years","female",20,1781,"Work",964.146118164062,964.146118164062,"car",0.666666666666667,35.16,"weekday",2,"20 to 39",">10km","car",35.16,0.666666666666667,4.66666666666667,4.66666666666667
"83876/1003",NA,83876,496,"55-59 years","male",20,1782,"Leisure",598.893310546875,598.893310546875,"walking",0.5,1.32,"weekday",1,"40 to 64","1-2km","walking",1.32,0.5,3.5,3.5
"83876/1003",NA,83876,496,"55-59 years","male",20,1783,"Leisure",598.893310546875,598.893310546875,"walking",0.5,1.32,"weekday",2,"40 to 64","1-2km","walking",1.32,0.5,3.5,3.5
"83876/1003",NA,83876,496,"55-59 years","male",20,1784,"Shopping",598.893310546875,598.893310546875,"car",0.0833333333333333,1.33,"weekday",3,"40 to 64","1-2km","bicycle",1.33,0.120909090909091,0.583333333333333,0.846363636363636
"83876/1003",NA,83876,496,"55-59 years","male",20,1785,"Shopping",598.893310546875,598.893310546875,"car",0.0833333333333333,1.32,"weekday",4,"40 to 64","1-2km","bicycle",1.32,0.12,0.583333333333333,0.84
"83877/1002",NA,83877,497,"15-19 years","female",20,1786,"Work",514.0546875,514.0546875,"car",0.0833333333333333,0.89,"weekday",1,"15 to 19","<1km","bicycle",0.89,0.0809090909090909,0.583333333333333,0.566363636363636
"83877/1002",NA,83877,497,"15-19 years","female",20,1787,"Work",514.0546875,514.0546875,"car",0.0833333333333333,0.89,"weekday",2,"15 to 19","<1km","bicycle",0.89,0.0809090909090909,0.583333333333333,0.566363636363636
"83877/1002",NA,83877,497,"15-19 years","female",20,1788,"Work",514.0546875,514.0546875,"car",0.0833333333333333,0.89,"weekday",3,"15 to 19","<1km","bicycle",0.89,0.0809090909090909,0.583333333333333,0.566363636363636
"83877/1002",NA,83877,497,"15-19 years","female",20,1789,"Work",514.0546875,514.0546875,"car",0.0833333333333333,0.89,"weekday",4,"15 to 19","<1km","bicycle",0.89,0.0809090909090909,0.583333333333333,0.566363636363636
"83878/1000",NA,83878,498,"55-59 years","female",20,1790,"Work",468.386108398438,468.386108398438,"car",0.333333333333333,9.94,"weekday",1,"40 to 64","6-10km","car",9.94,0.333333333333333,2.33333333333333,2.33333333333333
"83878/1000",NA,83878,498,"55-59 years","female",20,1791,"Work",468.386108398438,468.386108398438,"public.transport",0.266666666666667,9.87,"weekday",1,"40 to 64","6-10km","public.transport",9.87,0.266666666666667,1.86666666666667,1.86666666666667
"83878/1000",NA,83878,498,"55-59 years","female",20,1792,"Work",468.386108398438,468.386108398438,"walking",0.483333333333333,1.17,"weekday",1,"40 to 64","1-2km","walking",1.17,0.483333333333333,3.38333333333333,3.38333333333333
"83878/1000",NA,83878,498,"55-59 years","female",20,1793,"Work",468.386108398438,468.386108398438,"walking",0.333333333333333,1.17,"weekday",2,"40 to 64","1-2km","walking",1.17,0.333333333333333,2.33333333333333,2.33333333333333
"83878/1000",NA,83878,498,"55-59 years","female",20,1794,"Work",468.386108398438,468.386108398438,"public.transport",0.416666666666667,19.47,"weekday",2,"40 to 64",">10km","public.transport",19.47,0.416666666666667,2.91666666666667,2.91666666666667
"83878/1000",NA,83878,498,"55-59 years","female",20,1795,"Work",468.386108398438,468.386108398438,"car",0.133333333333333,1.46,"weekday",2,"40 to 64","1-2km","bicycle",1.46,0.132727272727273,0.933333333333333,0.929090909090909
"83878/1001",NA,83878,499,"60-64 years","male",20,1796,"Work",407.964630126953,407.964630126953,"car",0.333333333333333,9.57,"weekday",1,"40 to 64","6-10km","car",9.57,0.333333333333333,2.33333333333333,2.33333333333333
"83878/1001",NA,83878,499,"60-64 years","male",20,1797,"Work",407.964630126953,407.964630126953,"car",0.166666666666667,9.6,"weekday",2,"40 to 64","6-10km","car",9.6,0.166666666666667,1.16666666666667,1.16666666666667
"83878/1001",NA,83878,499,"60-64 years","male",20,1798,"Work",407.964630126953,407.964630126953,"car",0.25,9.57,"weekday",3,"40 to 64","6-10km","car",9.57,0.25,1.75,1.75
"83878/1001",NA,83878,499,"60-64 years","male",20,1799,"Other",407.964630126953,407.964630126953,"car",0.333333333333333,11.04,"weekday",4,"40 to 64",">10km","car",11.04,0.333333333333333,2.33333333333333,2.33333333333333
"83878/1001",NA,83878,499,"60-64 years","male",20,1800,"Other",407.964630126953,407.964630126953,"car",0.133333333333333,1.46,"weekday",5,"40 to 64","1-2km","bicycle",1.46,0.132727272727273,0.933333333333333,0.929090909090909
"83881/1000",NA,83881,500,"45-49 years","female",20,1801,"Other",587.36279296875,587.36279296875,"car",0.0833333333333333,2.57,"weekday",1,"40 to 64","3-5km","bicycle",2.57,0.233636363636364,0.583333333333333,1.63545454545455
"83881/1000",NA,83881,500,"45-49 years","female",20,1802,"Work",587.36279296875,587.36279296875,"car",0.333333333333333,8.15,"weekday",2,"40 to 64","6-10km","car",8.15,0.333333333333333,2.33333333333333,2.33333333333333
"83881/1000",NA,83881,500,"45-49 years","female",20,1803,"Work",587.36279296875,587.36279296875,"car",0.416666666666667,5.87,"weekday",3,"40 to 64","6-10km","car",5.87,0.416666666666667,2.91666666666667,2.91666666666667
"83881/1001",NA,83881,501,"40-44 years","male",20,1804,"Work",554.12841796875,554.12841796875,"bicycle",0.166666666666667,1.64,"weekday",1,"40 to 64","1-2km","bicycle",1.64,0.166666666666667,1.16666666666667,1.16666666666667
"83881/1001",NA,83881,501,"40-44 years","male",20,1805,"Work",554.12841796875,554.12841796875,"bicycle",0.166666666666667,1.64,"weekday",2,"40 to 64","1-2km","bicycle",1.64,0.166666666666667,1.16666666666667,1.16666666666667
"83882/1000",NA,83882,502,"80-84 years","female",20,1806,"Shopping",551.077331542969,551.077331542969,"car",0.416666666666667,14.05,"weekday",1,"65 plus",">10km","car",14.05,0.416666666666667,2.91666666666667,2.91666666666667
"83882/1000",NA,83882,502,"80-84 years","female",20,1807,"Shopping",551.077331542969,551.077331542969,"car",0.416666666666667,14.05,"weekday",2,"65 plus",">10km","car",14.05,0.416666666666667,2.91666666666667,2.91666666666667
"83882/1001",NA,83882,503,"80-84 years","male",20,1808,"Shopping",491.522796630859,491.522796630859,"car",0.416666666666667,14.05,"weekday",1,"65 plus",">10km","car",14.05,0.416666666666667,2.91666666666667,2.91666666666667
"83882/1001",NA,83882,503,"80-84 years","male",20,1809,"Shopping",491.522796630859,491.522796630859,"car",0.416666666666667,14.05,"weekday",2,"65 plus",">10km","car",14.05,0.416666666666667,2.91666666666667,2.91666666666667
"83883/1000",NA,83883,504,"50-54 years","female",20,1810,"Other",700.190185546875,700.190185546875,"car",0.0833333333333333,1.74,"weekday",1,"40 to 64","1-2km","bicycle",1.74,0.158181818181818,0.583333333333333,1.10727272727273
"83883/1000",NA,83883,504,"50-54 years","female",20,1811,"Other",700.190185546875,700.190185546875,"car",0.116666666666667,1.69,"weekday",2,"40 to 64","1-2km","bicycle",1.69,0.153636363636364,0.816666666666667,1.07545454545455
"83883/1000",NA,83883,504,"50-54 years","female",20,1812,"Leisure",700.190185546875,700.190185546875,"car",1.33333333333333,78.47,"weekday",3,"40 to 64",">10km","car",78.47,1.33333333333333,9.33333333333333,9.33333333333333
"83883/1001",NA,83883,505,"50-54 years","male",20,1813,"Leisure",704.881958007812,704.881958007812,"car",1.33333333333333,78.47,"weekday",1,"40 to 64",">10km","car",78.47,1.33333333333333,9.33333333333333,9.33333333333333
"83883/1002",NA,83883,506,"20-24 years","male",20,1814,"Work",1396.37475585938,1396.37475585938,"car",0.766666666666667,26.42,"weekday",1,"20 to 39",">10km","car",26.42,0.766666666666667,5.36666666666667,5.36666666666667
"83883/1002",NA,83883,506,"20-24 years","male",20,1815,"Work",1396.37475585938,1396.37475585938,"car",0.75,27.29,"weekday",2,"20 to 39",">10km","car",27.29,0.75,5.25,5.25
"83883/1003",NA,83883,507,"15-19 years","male",20,1816,"Education",782.303466796875,782.303466796875,"walking",0.5,2.84,"weekday",1,"15 to 19","3-5km","walking",2.84,0.5,3.5,3.5
"83883/1004",NA,83883,508,"15-19 years","female",20,1817,"Other",659.454467773438,659.454467773438,"car",0.0833333333333333,1.74,"weekday",1,"15 to 19","1-2km","bicycle",1.74,0.158181818181818,0.583333333333333,1.10727272727273
"83883/1004",NA,83883,508,"15-19 years","female",20,1818,"Other",659.454467773438,659.454467773438,"car",0.116666666666667,1.69,"weekday",2,"15 to 19","1-2km","bicycle",1.69,0.153636363636364,0.816666666666667,1.07545454545455
"83883/1004",NA,83883,508,"15-19 years","female",20,1819,"Leisure",659.454467773438,659.454467773438,"car",1.33333333333333,78.47,"weekday",3,"15 to 19",">10km","car",78.47,1.33333333333333,9.33333333333333,9.33333333333333
"83887/1000",NA,83887,509,"25-29 years","male",20,1820,"Work",980.261657714844,980.261657714844,"car",0.5,19.83,"weekday",1,"20 to 39",">10km","car",19.83,0.5,3.5,3.5
"83887/1000",NA,83887,509,"25-29 years","male",20,1821,"Work",980.261657714844,980.261657714844,"car",0.75,19.83,"weekday",2,"20 to 39",">10km","car",19.83,0.75,5.25,5.25
"83887/1001",NA,83887,510,"30-34 years","female",20,1822,"Work",666.033386230469,666.033386230469,"car",0.25,18.72,"weekday",1,"20 to 39",">10km","car",18.72,0.25,1.75,1.75
"83887/1001",NA,83887,510,"30-34 years","female",20,1823,"Shopping",666.033386230469,666.033386230469,"car",0.5,17.78,"weekday",2,"20 to 39",">10km","car",17.78,0.5,3.5,3.5
"83887/1001",NA,83887,510,"30-34 years","female",20,1824,"Shopping",666.033386230469,666.033386230469,"car",0.166666666666667,1.14,"weekday",3,"20 to 39","1-2km","bicycle",1.14,0.103636363636364,1.16666666666667,0.725454545454545
"83888/1001",NA,83888,511,"30-34 years","male",20,1825,"Work",825.542541503906,825.542541503906,"car",0.266666666666667,10.18,"weekday",1,"20 to 39",">10km","car",10.18,0.266666666666667,1.86666666666667,1.86666666666667
"83888/1001",NA,83888,511,"30-34 years","male",20,1826,"Work",825.542541503906,825.542541503906,"car",0.333333333333333,9.92,"weekday",2,"20 to 39","6-10km","car",9.92,0.333333333333333,2.33333333333333,2.33333333333333
"83889/1000",NA,83889,512,"65-69 years","female",20,1827,"Leisure",304.822784423828,304.822784423828,"walking",0.166666666666667,0.57,"weekday",1,"65 plus","<1km","walking",0.57,0.166666666666667,1.16666666666667,1.16666666666667
"83889/1000",NA,83889,512,"65-69 years","female",20,1828,"Leisure",304.822784423828,304.822784423828,"walking",0.166666666666667,0.57,"weekday",2,"65 plus","<1km","walking",0.57,0.166666666666667,1.16666666666667,1.16666666666667
"83889/1000",NA,83889,512,"65-69 years","female",20,1829,"Shopping",304.822784423828,304.822784423828,"car",0.25,5.43,"weekday",3,"65 plus","6-10km","car",5.43,0.25,1.75,1.75
"83889/1000",NA,83889,512,"65-69 years","female",20,1830,"Shopping",304.822784423828,304.822784423828,"car",0.333333333333333,5.37,"weekday",4,"65 plus","6-10km","car",5.37,0.333333333333333,2.33333333333333,2.33333333333333
"83889/1001",NA,83889,513,"70-74 years","male",20,1831,"Shopping",368.036743164062,368.036743164062,"car",0.25,5.43,"weekday",1,"65 plus","6-10km","car",5.43,0.25,1.75,1.75
"83889/1001",NA,83889,513,"70-74 years","male",20,1832,"Shopping",368.036743164062,368.036743164062,"car",0.333333333333333,5.37,"weekday",2,"65 plus","6-10km","car",5.37,0.333333333333333,2.33333333333333,2.33333333333333
"83890/1000",NA,83890,514,"45-49 years","male",20,1833,"Work",708.6845703125,708.6845703125,"car",0.333333333333333,11.99,"weekday",1,"40 to 64",">10km","car",11.99,0.333333333333333,2.33333333333333,2.33333333333333
"83890/1000",NA,83890,514,"45-49 years","male",20,1834,"Leisure",708.6845703125,708.6845703125,"car",0.5,21.09,"weekday",2,"40 to 64",">10km","car",21.09,0.5,3.5,3.5
"83890/1000",NA,83890,514,"45-49 years","male",20,1835,"Leisure",708.6845703125,708.6845703125,"car",0.5,28.06,"weekday",3,"40 to 64",">10km","car",28.06,0.5,3.5,3.5
"83890/1001",NA,83890,515,"45-49 years","female",20,1836,"Other",848.014831542969,848.014831542969,"car",0.166666666666667,3.73,"weekday",1,"40 to 64","3-5km","bicycle",3.73,0.339090909090909,1.16666666666667,2.37363636363636
"83890/1001",NA,83890,515,"45-49 years","female",20,1837,"Other",848.014831542969,848.014831542969,"car",0.166666666666667,3.5,"weekday",2,"40 to 64","3-5km","bicycle",3.5,0.318181818181818,1.16666666666667,2.22727272727273
"83890/1001",NA,83890,515,"45-49 years","female",20,1838,"Other",848.014831542969,848.014831542969,"car",0.166666666666667,3.73,"weekday",3,"40 to 64","3-5km","bicycle",3.73,0.339090909090909,1.16666666666667,2.37363636363636
"83890/1001",NA,83890,515,"45-49 years","female",20,1839,"Other",848.014831542969,848.014831542969,"car",0.25,3.5,"weekday",4,"40 to 64","3-5km","bicycle",3.5,0.318181818181818,1.75,2.22727272727273
"83890/1001",NA,83890,515,"45-49 years","female",20,1840,"Other",848.014831542969,848.014831542969,"car",0.0833333333333333,3.73,"weekday",5,"40 to 64","3-5km","bicycle",3.73,0.339090909090909,0.583333333333333,2.37363636363636
"83890/1001",NA,83890,515,"45-49 years","female",20,1841,"Other",848.014831542969,848.014831542969,"car",0.0833333333333333,3.5,"weekday",6,"40 to 64","3-5km","bicycle",3.5,0.318181818181818,0.583333333333333,2.22727272727273
"83890/1002",NA,83890,516,"15-19 years","female",20,1842,"Education",659.454467773438,659.454467773438,"car",0.166666666666667,3.73,"weekday",1,"15 to 19","3-5km","bicycle",3.73,0.339090909090909,1.16666666666667,2.37363636363636
"83890/1002",NA,83890,516,"15-19 years","female",20,1843,"Education",659.454467773438,659.454467773438,"car",0.25,3.5,"weekday",2,"15 to 19","3-5km","bicycle",3.5,0.318181818181818,1.75,2.22727272727273
"83891/1001",NA,83891,517,"50-54 years","male",20,1844,"Work",549.466125488281,549.466125488281,"car",0.166666666666667,4.77,"weekday",1,"40 to 64","3-5km","bicycle",4.77,0.433636363636364,1.16666666666667,3.03545454545455
"83891/1001",NA,83891,517,"50-54 years","male",20,1845,"Work",549.466125488281,549.466125488281,"car",0.166666666666667,4.78,"weekday",2,"40 to 64","3-5km","bicycle",4.78,0.434545454545455,1.16666666666667,3.04181818181818
"83891/1002",NA,83891,518,"25-29 years","female",20,1846,"Work",1240.35559082031,1240.35559082031,"car",0.5,9.88,"weekday",1,"20 to 39","6-10km","car",9.88,0.5,3.5,3.5
"83891/1002",NA,83891,518,"25-29 years","female",20,1847,"Work",1240.35559082031,1240.35559082031,"car",0.5,9.45,"weekday",2,"20 to 39","6-10km","car",9.45,0.5,3.5,3.5
"83892/1000",NA,83892,519,"30-34 years","female",20,1848,"Other",1036.71923828125,1036.71923828125,"car",0.75,42.79,"weekday",1,"20 to 39",">10km","car",42.79,0.75,5.25,5.25
"83892/1000",NA,83892,519,"30-34 years","female",20,1849,"Work",1036.71923828125,1036.71923828125,"car",0.2,3.82,"weekday",2,"20 to 39","3-5km","bicycle",3.82,0.347272727272727,1.4,2.43090909090909
"83892/1000",NA,83892,519,"30-34 years","female",20,1850,"Other",1036.71923828125,1036.71923828125,"car",0.166666666666667,4.42,"weekday",3,"20 to 39","3-5km","bicycle",4.42,0.401818181818182,1.16666666666667,2.81272727272727
"83892/1000",NA,83892,519,"30-34 years","female",20,1851,"Other",1036.71923828125,1036.71923828125,"car",0.666666666666667,43.44,"weekday",4,"20 to 39",">10km","car",43.44,0.666666666666667,4.66666666666667,4.66666666666667
"83892/1001",NA,83892,520,"30-34 years","male",20,1852,"Work",1285.00427246094,1285.00427246094,"car",0.333333333333333,6.84,"weekday",1,"20 to 39","6-10km","car",6.84,0.333333333333333,2.33333333333333,2.33333333333333
"83892/1001",NA,83892,520,"30-34 years","male",20,1853,"Work",1285.00427246094,1285.00427246094,"car",0.333333333333333,6.92,"weekday",2,"20 to 39","6-10km","car",6.92,0.333333333333333,2.33333333333333,2.33333333333333
"83892/1002",NA,83892,521,"60-64 years","male",20,1854,"Work",635.020324707031,635.020324707031,"car",0.25,7.32,"weekday",1,"40 to 64","6-10km","car",7.32,0.25,1.75,1.75
"83892/1002",NA,83892,521,"60-64 years","male",20,1855,"Work",635.020324707031,635.020324707031,"car",0.333333333333333,7.29,"weekday",2,"40 to 64","6-10km","car",7.29,0.333333333333333,2.33333333333333,2.33333333333333
"83892/1003",NA,83892,522,"60-64 years","female",20,1856,"Work",681.362121582031,681.362121582031,"car",0.25,7.32,"weekday",1,"40 to 64","6-10km","car",7.32,0.25,1.75,1.75
"83892/1003",NA,83892,522,"60-64 years","female",20,1857,"Work",681.362121582031,681.362121582031,"car",0.333333333333333,7.29,"weekday",2,"40 to 64","6-10km","car",7.29,0.333333333333333,2.33333333333333,2.33333333333333
"83893/1000",NA,83893,523,"50-54 years","female",20,1858,"Leisure",449.832550048828,449.832550048828,"car",0.166666666666667,4.14,"weekday",1,"40 to 64","3-5km","bicycle",4.14,0.376363636363636,1.16666666666667,2.63454545454545
"83893/1000",NA,83893,523,"50-54 years","female",20,1859,"Leisure",449.832550048828,449.832550048828,"car",0.166666666666667,4.37,"weekday",2,"40 to 64","3-5km","bicycle",4.37,0.397272727272727,1.16666666666667,2.78090909090909
"83893/1000",NA,83893,523,"50-54 years","female",20,1860,"Leisure",449.832550048828,449.832550048828,"walking",0.0833333333333333,0.38,"weekday",3,"40 to 64","<1km","walking",0.38,0.0833333333333333,0.583333333333333,0.583333333333333
"83893/1000",NA,83893,523,"50-54 years","female",20,1861,"Leisure",449.832550048828,449.832550048828,"walking",0.333333333333333,0.38,"weekday",4,"40 to 64","<1km","walking",0.38,0.333333333333333,2.33333333333333,2.33333333333333
"83893/1000",NA,83893,523,"50-54 years","female",20,1862,"Shopping",449.832550048828,449.832550048828,"car",0.0833333333333333,2.27,"weekday",5,"40 to 64","3-5km","bicycle",2.27,0.206363636363636,0.583333333333333,1.44454545454545
"83893/1000",NA,83893,523,"50-54 years","female",20,1863,"Shopping",449.832550048828,449.832550048828,"car",0.0833333333333333,2.32,"weekday",6,"40 to 64","3-5km","bicycle",2.32,0.210909090909091,0.583333333333333,1.47636363636364
"83893/1001",NA,83893,524,"55-59 years","male",20,1864,"Work",493.582550048828,493.582550048828,"car",0.5,17.56,"weekday",1,"40 to 64",">10km","car",17.56,0.5,3.5,3.5
"83893/1001",NA,83893,524,"55-59 years","male",20,1865,"Work",493.582550048828,493.582550048828,"car",0.5,17.46,"weekday",2,"40 to 64",">10km","car",17.46,0.5,3.5,3.5
"83894/1000",NA,83894,525,"55-59 years","female",20,1866,"Other",504.977630615234,504.977630615234,"car",0.333333333333333,11.94,"weekday",1,"40 to 64",">10km","car",11.94,0.333333333333333,2.33333333333333,2.33333333333333
"83894/1000",NA,83894,525,"55-59 years","female",20,1867,"Other",504.977630615234,504.977630615234,"car",0.333333333333333,11.86,"weekday",2,"40 to 64",">10km","car",11.86,0.333333333333333,2.33333333333333,2.33333333333333
"83894/1000",NA,83894,525,"55-59 years","female",20,1868,"Other",504.977630615234,504.977630615234,"car",0.416666666666667,11.63,"weekday",3,"40 to 64",">10km","car",11.63,0.416666666666667,2.91666666666667,2.91666666666667
"83894/1000",NA,83894,525,"55-59 years","female",20,1869,"Other",504.977630615234,504.977630615234,"car",0.416666666666667,12.15,"weekday",4,"40 to 64",">10km","car",12.15,0.416666666666667,2.91666666666667,2.91666666666667
"83894/1001",NA,83894,526,"55-59 years","male",20,1870,"Other",532.142456054688,532.142456054688,"car",0.583333333333333,11.2,"weekday",1,"40 to 64",">10km","car",11.2,0.583333333333333,4.08333333333333,4.08333333333333
"83894/1001",NA,83894,526,"55-59 years","male",20,1871,"Work",532.142456054688,532.142456054688,"car",0.25,4.64,"weekday",2,"40 to 64","3-5km","bicycle",4.64,0.421818181818182,1.75,2.95272727272727
"83894/1001",NA,83894,526,"55-59 years","male",20,1872,"Work",532.142456054688,532.142456054688,"car",0.75,25.01,"weekday",3,"40 to 64",">10km","car",25.01,0.75,5.25,5.25
"83894/1001",NA,83894,526,"55-59 years","male",20,1873,"Work",532.142456054688,532.142456054688,"car",0.5,12.61,"weekday",4,"40 to 64",">10km","car",12.61,0.5,3.5,3.5
"83894/1002",NA,83894,527,"15-19 years","female",20,1874,"Education",456.759735107422,456.759735107422,"car",0.583333333333333,11.2,"weekday",1,"15 to 19",">10km","car",11.2,0.583333333333333,4.08333333333333,4.08333333333333
"83894/1002",NA,83894,527,"15-19 years","female",20,1875,"Education",456.759735107422,456.759735107422,"walking",0.166666666666667,0.64,"weekday",2,"15 to 19","<1km","walking",0.64,0.166666666666667,1.16666666666667,1.16666666666667
"83894/1002",NA,83894,527,"15-19 years","female",20,1876,"Education",456.759735107422,456.759735107422,"public.transport",0.666666666666667,11.68,"weekday",2,"15 to 19",">10km","public.transport",11.68,0.666666666666667,4.66666666666667,4.66666666666667
"83894/1002",NA,83894,527,"15-19 years","female",20,1877,"Education",456.759735107422,456.759735107422,"walking",0.05,0.28,"weekday",2,"15 to 19","<1km","walking",0.28,0.05,0.35,0.35
"83894/1003",NA,83894,528,"20-24 years","male",20,1878,"Work",967.1748046875,967.1748046875,"car",0.416666666666667,12.66,"weekday",1,"20 to 39",">10km","car",12.66,0.416666666666667,2.91666666666667,2.91666666666667
"83894/1003",NA,83894,528,"20-24 years","male",20,1879,"Work",967.1748046875,967.1748046875,"car",0.333333333333333,12.61,"weekday",2,"20 to 39",">10km","car",12.61,0.333333333333333,2.33333333333333,2.33333333333333
"83895/1000",NA,83895,529,"55-59 years","male",20,1880,"Work",598.893310546875,598.893310546875,"car",0.416666666666667,11.71,"weekday",1,"40 to 64",">10km","car",11.71,0.416666666666667,2.91666666666667,2.91666666666667
"83895/1000",NA,83895,529,"55-59 years","male",20,1881,"Work",598.893310546875,598.893310546875,"car",0.5,15.21,"weekday",2,"40 to 64",">10km","car",15.21,0.5,3.5,3.5
"83895/1000",NA,83895,529,"55-59 years","male",20,1882,"Work",598.893310546875,598.893310546875,"car",0.416666666666667,5.93,"weekday",3,"40 to 64","6-10km","car",5.93,0.416666666666667,2.91666666666667,2.91666666666667
"83895/1001",NA,83895,530,"55-59 years","female",20,1883,"Work",568.320922851562,568.320922851562,"walking",0.0666666666666667,0.2,"weekday",1,"40 to 64","<1km","walking",0.2,0.0666666666666667,0.466666666666667,0.466666666666667
"83895/1001",NA,83895,530,"55-59 years","female",20,1884,"Work",568.320922851562,568.320922851562,"public.transport",0.566666666666667,12.18,"weekday",1,"40 to 64",">10km","public.transport",12.18,0.566666666666667,3.96666666666667,3.96666666666667
"83895/1001",NA,83895,530,"55-59 years","female",20,1885,"Work",568.320922851562,568.320922851562,"walking",0.166666666666667,0.16,"weekday",1,"40 to 64","<1km","walking",0.16,0.166666666666667,1.16666666666667,1.16666666666667
"83895/1001",NA,83895,530,"55-59 years","female",20,1886,"Work",568.320922851562,568.320922851562,"walking",0.0833333333333333,0.16,"weekday",2,"40 to 64","<1km","walking",0.16,0.0833333333333333,0.583333333333333,0.583333333333333
"83895/1001",NA,83895,530,"55-59 years","female",20,1887,"Work",568.320922851562,568.320922851562,"public.transport",0.75,12.22,"weekday",2,"40 to 64",">10km","public.transport",12.22,0.75,5.25,5.25
"83895/1001",NA,83895,530,"55-59 years","female",20,1888,"Work",568.320922851562,568.320922851562,"walking",0.0666666666666667,0.2,"weekday",2,"40 to 64","<1km","walking",0.2,0.0666666666666667,0.466666666666667,0.466666666666667
"83895/1002",NA,83895,531,"25-29 years","female",20,1889,"Shopping",1240.35559082031,1240.35559082031,"walking",0.0666666666666667,0.2,"weekday",1,"20 to 39","<1km","walking",0.2,0.0666666666666667,0.466666666666667,0.466666666666667
"83895/1002",NA,83895,531,"25-29 years","female",20,1890,"Shopping",1240.35559082031,1240.35559082031,"public.transport",0.75,12.18,"weekday",1,"20 to 39",">10km","public.transport",12.18,0.75,5.25,5.25
"83895/1002",NA,83895,531,"25-29 years","female",20,1891,"Shopping",1240.35559082031,1240.35559082031,"walking",0.0833333333333333,0.16,"weekday",1,"20 to 39","<1km","walking",0.16,0.0833333333333333,0.583333333333333,0.583333333333333
"83895/1002",NA,83895,531,"25-29 years","female",20,1892,"Shopping",1240.35559082031,1240.35559082031,"walking",0.0833333333333333,0.16,"weekday",2,"20 to 39","<1km","walking",0.16,0.0833333333333333,0.583333333333333,0.583333333333333
"83895/1002",NA,83895,531,"25-29 years","female",20,1893,"Shopping",1240.35559082031,1240.35559082031,"public.transport",0.583333333333333,12.22,"weekday",2,"20 to 39",">10km","public.transport",12.22,0.583333333333333,4.08333333333333,4.08333333333333
"83895/1002",NA,83895,531,"25-29 years","female",20,1894,"Shopping",1240.35559082031,1240.35559082031,"walking",0.0666666666666667,0.2,"weekday",2,"20 to 39","<1km","walking",0.2,0.0666666666666667,0.466666666666667,0.466666666666667
"83895/1002",NA,83895,531,"25-29 years","female",20,1895,"Leisure",1240.35559082031,1240.35559082031,"car",0.416666666666667,8.92,"weekday",3,"20 to 39","6-10km","car",8.92,0.416666666666667,2.91666666666667,2.91666666666667
"83895/1002",NA,83895,531,"25-29 years","female",20,1896,"Leisure",1240.35559082031,1240.35559082031,"car",0.333333333333333,9.27,"weekday",4,"20 to 39","6-10km","car",9.27,0.333333333333333,2.33333333333333,2.33333333333333
"83896/1002",NA,83896,532,"65-69 years","female",20,1897,"Leisure",304.822784423828,304.822784423828,"car",0.333333333333333,10.33,"weekday",1,"65 plus",">10km","car",10.33,0.333333333333333,2.33333333333333,2.33333333333333
"83896/1002",NA,83896,532,"65-69 years","female",20,1898,"Leisure",304.822784423828,304.822784423828,"car",0.333333333333333,10.38,"weekday",2,"65 plus",">10km","car",10.38,0.333333333333333,2.33333333333333,2.33333333333333
"83899/1000",NA,83899,534,"55-59 years","female",20,1900,"Leisure",468.386108398438,468.386108398438,"bicycle",0.5,2.83,"weekday",1,"40 to 64","3-5km","bicycle",2.83,0.5,3.5,3.5
"83899/1000",NA,83899,534,"55-59 years","female",20,1901,"Leisure",468.386108398438,468.386108398438,"bicycle",0.5,2.83,"weekday",2,"40 to 64","3-5km","bicycle",2.83,0.5,3.5,3.5
"83899/1000",NA,83899,534,"55-59 years","female",20,1902,"Shopping",468.386108398438,468.386108398438,"car",0.416666666666667,12.05,"weekday",3,"40 to 64",">10km","car",12.05,0.416666666666667,2.91666666666667,2.91666666666667
"83899/1000",NA,83899,534,"55-59 years","female",20,1903,"Shopping",468.386108398438,468.386108398438,"car",0.5,10.57,"weekday",4,"40 to 64",">10km","car",10.57,0.5,3.5,3.5
"83899/1000",NA,83899,534,"55-59 years","female",20,1904,"Shopping",468.386108398438,468.386108398438,"car",0.0833333333333333,2.21,"weekday",5,"40 to 64","3-5km","bicycle",2.21,0.200909090909091,0.583333333333333,1.40636363636364
"83899/1000",NA,83899,534,"55-59 years","female",20,1905,"Leisure",468.386108398438,468.386108398438,"car",0.333333333333333,17.01,"weekday",6,"40 to 64",">10km","car",17.01,0.333333333333333,2.33333333333333,2.33333333333333
"83899/1000",NA,83899,534,"55-59 years","female",20,1906,"Leisure",468.386108398438,468.386108398438,"car",0.5,17.41,"weekday",7,"40 to 64",">10km","car",17.41,0.5,3.5,3.5
"83899/1001",NA,83899,535,"65-69 years","male",20,1907,"Leisure",351.451293945312,351.451293945312,"bicycle",0.5,2.83,"weekday",1,"65 plus","3-5km","bicycle",2.83,0.5,3.5,3.5
"83899/1001",NA,83899,535,"65-69 years","male",20,1908,"Leisure",351.451293945312,351.451293945312,"bicycle",0.5,2.83,"weekday",2,"65 plus","3-5km","bicycle",2.83,0.5,3.5,3.5
"83899/1001",NA,83899,535,"65-69 years","male",20,1909,"Shopping",351.451293945312,351.451293945312,"car",0.416666666666667,12.05,"weekday",3,"65 plus",">10km","car",12.05,0.416666666666667,2.91666666666667,2.91666666666667
"83899/1001",NA,83899,535,"65-69 years","male",20,1910,"Shopping",351.451293945312,351.451293945312,"car",0.5,10.57,"weekday",4,"65 plus",">10km","car",10.57,0.5,3.5,3.5
"83899/1001",NA,83899,535,"65-69 years","male",20,1911,"Shopping",351.451293945312,351.451293945312,"car",0.0833333333333333,2.21,"weekday",5,"65 plus","3-5km","bicycle",2.21,0.200909090909091,0.583333333333333,1.40636363636364
"83899/1001",NA,83899,535,"65-69 years","male",20,1912,"Leisure",351.451293945312,351.451293945312,"car",0.333333333333333,17.01,"weekday",6,"65 plus",">10km","car",17.01,0.333333333333333,2.33333333333333,2.33333333333333
"83899/1001",NA,83899,535,"65-69 years","male",20,1913,"Leisure",351.451293945312,351.451293945312,"car",0.5,17.41,"weekday",7,"65 plus",">10km","car",17.41,0.5,3.5,3.5
"83902/1000",NA,83902,536,"65-69 years","male",20,1914,"Shopping",351.451293945312,351.451293945312,"car",0.25,9.88,"weekday",1,"65 plus","6-10km","car",9.88,0.25,1.75,1.75
"83902/1000",NA,83902,536,"65-69 years","male",20,1915,"Shopping",351.451293945312,351.451293945312,"car",0.25,9.85,"weekday",2,"65 plus","6-10km","car",9.85,0.25,1.75,1.75
"83902/1001",NA,83902,537,"65-69 years","female",20,1916,"Shopping",304.822784423828,304.822784423828,"car",0.25,9.88,"weekday",1,"65 plus","6-10km","car",9.88,0.25,1.75,1.75
"83902/1001",NA,83902,537,"65-69 years","female",20,1917,"Shopping",304.822784423828,304.822784423828,"car",0.25,9.85,"weekday",2,"65 plus","6-10km","car",9.85,0.25,1.75,1.75
"83905/1000",NA,83905,538,"65-69 years","female",20,1918,"Leisure",304.822784423828,304.822784423828,"car",0.166666666666667,3.83,"weekday",1,"65 plus","3-5km","bicycle",3.83,0.348181818181818,1.16666666666667,2.43727272727273
"83905/1000",NA,83905,538,"65-69 years","female",20,1919,"Leisure",304.822784423828,304.822784423828,"car",0.166666666666667,3.83,"weekday",2,"65 plus","3-5km","bicycle",3.83,0.348181818181818,1.16666666666667,2.43727272727273
"83905/1000",NA,83905,538,"65-69 years","female",20,1920,"Shopping",304.822784423828,304.822784423828,"car",0.166666666666667,2.15,"weekday",3,"65 plus","3-5km","bicycle",2.15,0.195454545454545,1.16666666666667,1.36818181818182
"83905/1000",NA,83905,538,"65-69 years","female",20,1921,"Shopping",304.822784423828,304.822784423828,"car",0.166666666666667,2.2,"weekday",4,"65 plus","3-5km","bicycle",2.2,0.2,1.16666666666667,1.4
"83905/1001",NA,83905,539,"65-69 years","male",20,1922,"Leisure",351.451293945312,351.451293945312,"walking",0.25,2.22,"weekday",1,"65 plus","3-5km","walking",2.22,0.25,1.75,1.75
"83905/1001",NA,83905,539,"65-69 years","male",20,1923,"Leisure",351.451293945312,351.451293945312,"walking",0.25,2.22,"weekday",2,"65 plus","3-5km","walking",2.22,0.25,1.75,1.75
"83906/1000",NA,83906,540,"65-69 years","male",20,1924,"Shopping",351.451293945312,351.451293945312,"car",0.0833333333333333,2.2,"weekday",1,"65 plus","3-5km","bicycle",2.2,0.2,0.583333333333333,1.4
"83906/1000",NA,83906,540,"65-69 years","male",20,1925,"Shopping",351.451293945312,351.451293945312,"car",0.166666666666667,2.25,"weekday",2,"65 plus","3-5km","bicycle",2.25,0.204545454545455,1.16666666666667,1.43181818181818
"83906/1001",NA,83906,541,"60-64 years","female",20,1926,"Shopping",437.736572265625,437.736572265625,"car",0.0833333333333333,2.2,"weekday",1,"40 to 64","3-5km","bicycle",2.2,0.2,0.583333333333333,1.4
"83906/1001",NA,83906,541,"60-64 years","female",20,1927,"Shopping",437.736572265625,437.736572265625,"car",0.166666666666667,2.25,"weekday",2,"40 to 64","3-5km","bicycle",2.25,0.204545454545455,1.16666666666667,1.43181818181818
"83906/1001",NA,83906,541,"60-64 years","female",20,1928,"Leisure",437.736572265625,437.736572265625,"car",0.0833333333333333,2.49,"weekday",3,"40 to 64","3-5km","bicycle",2.49,0.226363636363636,0.583333333333333,1.58454545454545
"83906/1001",NA,83906,541,"60-64 years","female",20,1929,"Leisure",437.736572265625,437.736572265625,"car",0.166666666666667,2.6,"weekday",4,"40 to 64","3-5km","bicycle",2.6,0.236363636363636,1.16666666666667,1.65454545454545
"83906/1001",NA,83906,541,"60-64 years","female",20,1930,"Other",437.736572265625,437.736572265625,"car",0.25,4.44,"weekday",5,"40 to 64","3-5km","bicycle",4.44,0.403636363636364,1.75,2.82545454545455
"83906/1001",NA,83906,541,"60-64 years","female",20,1931,"Other",437.736572265625,437.736572265625,"car",0.25,4.42,"weekday",6,"40 to 64","3-5km","bicycle",4.42,0.401818181818182,1.75,2.81272727272727
"83907/1000",NA,83907,542,"55-59 years","female",20,1932,"Shopping",504.977630615234,504.977630615234,"car",0.166666666666667,2.09,"weekday",1,"40 to 64","3-5km","bicycle",2.09,0.19,1.16666666666667,1.33
"83907/1000",NA,83907,542,"55-59 years","female",20,1933,"Shopping",504.977630615234,504.977630615234,"car",0.0833333333333333,2.14,"weekday",2,"40 to 64","3-5km","bicycle",2.14,0.194545454545455,0.583333333333333,1.36181818181818
"83907/1001",NA,83907,543,"55-59 years","male",20,1934,"Other",532.142456054688,532.142456054688,"car",0.5,7.56,"weekday",1,"40 to 64","6-10km","car",7.56,0.5,3.5,3.5
"83907/1001",NA,83907,543,"55-59 years","male",20,1935,"Work",532.142456054688,532.142456054688,"car",0.75,18.56,"weekday",2,"40 to 64",">10km","car",18.56,0.75,5.25,5.25
"83907/1001",NA,83907,543,"55-59 years","male",20,1936,"Other",532.142456054688,532.142456054688,"car",0.5,17.13,"weekday",3,"40 to 64",">10km","car",17.13,0.5,3.5,3.5
"83907/1001",NA,83907,543,"55-59 years","male",20,1937,"Other",532.142456054688,532.142456054688,"car",0.5,7.59,"weekday",4,"40 to 64","6-10km","car",7.59,0.5,3.5,3.5
"83907/1001",NA,83907,543,"55-59 years","male",20,1938,"Shopping",532.142456054688,532.142456054688,"car",0.166666666666667,2.09,"weekday",5,"40 to 64","3-5km","bicycle",2.09,0.19,1.16666666666667,1.33
"83907/1001",NA,83907,543,"55-59 years","male",20,1939,"Shopping",532.142456054688,532.142456054688,"car",0.0833333333333333,2.14,"weekday",6,"40 to 64","3-5km","bicycle",2.14,0.194545454545455,0.583333333333333,1.36181818181818
"83907/1003",NA,83907,544,"15-19 years","male",20,1940,"Education",541.848937988281,541.848937988281,"car",0.5,7.56,"weekday",1,"15 to 19","6-10km","car",7.56,0.5,3.5,3.5
"83907/1003",NA,83907,544,"15-19 years","male",20,1941,"Education",541.848937988281,541.848937988281,"car",0.5,7.59,"weekday",2,"15 to 19","6-10km","car",7.59,0.5,3.5,3.5
"83908/1000",NA,83908,545,"25-29 years","male",20,1942,"Work",1189.41027832031,1189.41027832031,"car",0.333333333333333,14.99,"weekday",1,"20 to 39",">10km","car",14.99,0.333333333333333,2.33333333333333,2.33333333333333
"83908/1000",NA,83908,545,"25-29 years","male",20,1943,"Work",1189.41027832031,1189.41027832031,"car",0.5,15.07,"weekday",2,"20 to 39",">10km","car",15.07,0.5,3.5,3.5
"83908/1001",NA,83908,546,"55-59 years","female",20,1944,"Work",568.320922851562,568.320922851562,"car",0.333333333333333,7.11,"weekday",1,"40 to 64","6-10km","car",7.11,0.333333333333333,2.33333333333333,2.33333333333333
"83908/1001",NA,83908,546,"55-59 years","female",20,1945,"Work",568.320922851562,568.320922851562,"car",0.5,7.2,"weekday",2,"40 to 64","6-10km","car",7.2,0.5,3.5,3.5
"83909/1000",NA,83909,547,"65-69 years","male",20,1946,"Work",351.451293945312,351.451293945312,"car",0.333333333333333,6.96,"weekday",1,"65 plus","6-10km","car",6.96,0.333333333333333,2.33333333333333,2.33333333333333
"83909/1000",NA,83909,547,"65-69 years","male",20,1947,"Work",351.451293945312,351.451293945312,"car",0.333333333333333,7.04,"weekday",2,"65 plus","6-10km","car",7.04,0.333333333333333,2.33333333333333,2.33333333333333
"83910/1000",NA,83910,548,"35-39 years","male",20,1948,"Work",621.857666015625,621.857666015625,"car",0.383333333333333,15.1,"weekday",1,"20 to 39",">10km","car",15.1,0.383333333333333,2.68333333333333,2.68333333333333
"83910/1000",NA,83910,548,"35-39 years","male",20,1949,"Work",621.857666015625,621.857666015625,"car",0.0833333333333333,2.72,"weekday",2,"20 to 39","3-5km","bicycle",2.72,0.247272727272727,0.583333333333333,1.73090909090909
"83910/1000",NA,83910,548,"35-39 years","male",20,1950,"Work",621.857666015625,621.857666015625,"car",0.0833333333333333,2.74,"weekday",3,"20 to 39","3-5km","bicycle",2.74,0.249090909090909,0.583333333333333,1.74363636363636
"83910/1000",NA,83910,548,"35-39 years","male",20,1951,"Work",621.857666015625,621.857666015625,"car",0.5,14.83,"weekday",4,"20 to 39",">10km","car",14.83,0.5,3.5,3.5
"83910/1001",NA,83910,549,"35-39 years","female",20,1952,"Leisure",522.818908691406,522.818908691406,"car",0.0833333333333333,1.71,"weekday",1,"20 to 39","1-2km","bicycle",1.71,0.155454545454545,0.583333333333333,1.08818181818182
"83910/1001",NA,83910,549,"35-39 years","female",20,1953,"Leisure",522.818908691406,522.818908691406,"car",0.0833333333333333,1.98,"weekday",2,"20 to 39","1-2km","bicycle",1.98,0.18,0.583333333333333,1.26
"83911/1000",NA,83911,550,"60-64 years","female",20,1954,"Leisure",437.736572265625,437.736572265625,"car",0.1,2.34,"weekday",1,"40 to 64","3-5km","bicycle",2.34,0.212727272727273,0.7,1.48909090909091
"83911/1000",NA,83911,550,"60-64 years","female",20,1955,"Leisure",437.736572265625,437.736572265625,"car",0.116666666666667,2.39,"weekday",2,"40 to 64","3-5km","bicycle",2.39,0.217272727272727,0.816666666666667,1.52090909090909
"83911/1001",NA,83911,551,"65-69 years","male",20,1956,"Work",351.451293945312,351.451293945312,"car",0.25,12.5,"weekday",1,"65 plus",">10km","car",12.5,0.25,1.75,1.75
"83911/1001",NA,83911,551,"65-69 years","male",20,1957,"Work",351.451293945312,351.451293945312,"car",0.333333333333333,12.64,"weekday",2,"65 plus",">10km","car",12.64,0.333333333333333,2.33333333333333,2.33333333333333
"83912/1000",NA,83912,552,"50-54 years","male",20,1958,"Work",488.224273681641,488.224273681641,"car",0.166666666666667,10.91,"weekday",1,"40 to 64",">10km","car",10.91,0.166666666666667,1.16666666666667,1.16666666666667
"83912/1000",NA,83912,552,"50-54 years","male",20,1959,"Work",488.224273681641,488.224273681641,"car",0.3,10.4,"weekday",2,"40 to 64",">10km","car",10.4,0.3,2.1,2.1
"83912/1001",NA,83912,553,"45-49 years","female",20,1960,"Work",587.36279296875,587.36279296875,"car",0.283333333333333,10.91,"weekday",1,"40 to 64",">10km","car",10.91,0.283333333333333,1.98333333333333,1.98333333333333
"83912/1001",NA,83912,553,"45-49 years","female",20,1961,"Work",587.36279296875,587.36279296875,"car",0.25,10.4,"weekday",2,"40 to 64",">10km","car",10.4,0.25,1.75,1.75
"83913/1000",NA,83913,554,"70-74 years","male",20,1962,"Shopping",368.036743164062,368.036743164062,"car",0.166666666666667,2.22,"weekday",1,"65 plus","3-5km","bicycle",2.22,0.201818181818182,1.16666666666667,1.41272727272727
"83913/1000",NA,83913,554,"70-74 years","male",20,1963,"Shopping",368.036743164062,368.036743164062,"car",0.166666666666667,2.27,"weekday",2,"65 plus","3-5km","bicycle",2.27,0.206363636363636,1.16666666666667,1.44454545454545
"83913/1001",NA,83913,555,"70-74 years","female",20,1964,"Shopping",410.921569824219,410.921569824219,"car",0.166666666666667,2.22,"weekday",1,"65 plus","3-5km","bicycle",2.22,0.201818181818182,1.16666666666667,1.41272727272727
"83913/1001",NA,83913,555,"70-74 years","female",20,1965,"Shopping",410.921569824219,410.921569824219,"car",0.166666666666667,2.27,"weekday",2,"65 plus","3-5km","bicycle",2.27,0.206363636363636,1.16666666666667,1.44454545454545
"83914/1000",NA,83914,556,"65-69 years","male",20,1966,"Other",351.451293945312,351.451293945312,"car",0.583333333333333,24.83,"weekday",1,"65 plus",">10km","car",24.83,0.583333333333333,4.08333333333333,4.08333333333333
"83914/1000",NA,83914,556,"65-69 years","male",20,1967,"Other",351.451293945312,351.451293945312,"car",0.5,29.7,"weekday",2,"65 plus",">10km","car",29.7,0.5,3.5,3.5
"83914/1000",NA,83914,556,"65-69 years","male",20,1968,"Other",351.451293945312,351.451293945312,"car",0.166666666666667,2.72,"weekday",3,"65 plus","3-5km","bicycle",2.72,0.247272727272727,1.16666666666667,1.73090909090909
"83914/1000",NA,83914,556,"65-69 years","male",20,1969,"Other",351.451293945312,351.451293945312,"car",0.416666666666667,15.16,"weekday",4,"65 plus",">10km","car",15.16,0.416666666666667,2.91666666666667,2.91666666666667
"83915/1000",NA,83915,557,"55-59 years","female",20,1970,"Other",568.320922851562,568.320922851562,"car",0.116666666666667,1.98,"weekday",1,"40 to 64","1-2km","bicycle",1.98,0.18,0.816666666666667,1.26
"83915/1000",NA,83915,557,"55-59 years","female",20,1971,"Other",568.320922851562,568.320922851562,"car",0.133333333333333,2.25,"weekday",2,"40 to 64","3-5km","bicycle",2.25,0.204545454545455,0.933333333333333,1.43181818181818
"83915/1000",NA,83915,557,"55-59 years","female",20,1972,"Work",568.320922851562,568.320922851562,"car",0.5,15.52,"weekday",3,"40 to 64",">10km","car",15.52,0.5,3.5,3.5
"83915/1000",NA,83915,557,"55-59 years","female",20,1973,"Work",568.320922851562,568.320922851562,"car",0.5,15.5,"weekday",4,"40 to 64",">10km","car",15.5,0.5,3.5,3.5
"83915/1001",NA,83915,558,"15-19 years","male",20,1974,"Education",609.817321777344,609.817321777344,"car",0.116666666666667,1.98,"weekday",1,"15 to 19","1-2km","bicycle",1.98,0.18,0.816666666666667,1.26
"83915/1001",NA,83915,558,"15-19 years","male",20,1975,"Education",609.817321777344,609.817321777344,"public.transport",0.5,7.44,"weekday",1,"15 to 19","6-10km","public.transport",7.44,0.5,3.5,3.5
"83915/1001",NA,83915,558,"15-19 years","male",20,1976,"Education",609.817321777344,609.817321777344,"walking",0.0333333333333333,0.15,"weekday",1,"15 to 19","<1km","walking",0.15,0.0333333333333333,0.233333333333333,0.233333333333333
"83915/1001",NA,83915,558,"15-19 years","male",20,1977,"Leisure",609.817321777344,609.817321777344,"public.transport",0.5,5.28,"weekday",2,"15 to 19","6-10km","public.transport",5.28,0.5,3.5,3.5
"83915/1001",NA,83915,558,"15-19 years","male",20,1978,"Leisure",609.817321777344,609.817321777344,"car",0.5,13.78,"weekday",3,"15 to 19",">10km","car",13.78,0.5,3.5,3.5
"83915/1002",NA,83915,559,"50-54 years","male",20,1979,"Other",549.466125488281,549.466125488281,"car",0.416666666666667,13.51,"weekday",1,"40 to 64",">10km","car",13.51,0.416666666666667,2.91666666666667,2.91666666666667
"83915/1002",NA,83915,559,"50-54 years","male",20,1980,"Other",549.466125488281,549.466125488281,"car",0.5,13.78,"weekday",2,"40 to 64",">10km","car",13.78,0.5,3.5,3.5
"83917/1000",NA,83917,560,"45-49 years","male",20,1981,"Work",490.858123779297,490.858123779297,"car",0.133333333333333,4.74,"weekday",1,"40 to 64","3-5km","bicycle",4.74,0.430909090909091,0.933333333333333,3.01636363636364
"83917/1000",NA,83917,560,"45-49 years","male",20,1982,"Work",490.858123779297,490.858123779297,"car",3,125.71,"weekday",2,"40 to 64",">10km","car",125.71,3,21,21
"83917/1000",NA,83917,560,"45-49 years","male",20,1983,"Work",490.858123779297,490.858123779297,"car",1.58333333333333,122.34,"weekday",3,"40 to 64",">10km","car",122.34,1.58333333333333,11.0833333333333,11.0833333333333
"83917/1000",NA,83917,560,"45-49 years","male",20,1984,"Work",490.858123779297,490.858123779297,"public.transport",0.35,6.97,"weekday",4,"40 to 64","6-10km","public.transport",6.97,0.35,2.45,2.45
"83917/1001",NA,83917,561,"45-49 years","female",20,1985,"Work",587.36279296875,587.36279296875,"car",0.5,6.86,"weekday",1,"40 to 64","6-10km","car",6.86,0.5,3.5,3.5
"83917/1001",NA,83917,561,"45-49 years","female",20,1986,"Work",587.36279296875,587.36279296875,"car",0.25,6.95,"weekday",2,"40 to 64","6-10km","car",6.95,0.25,1.75,1.75
"83917/1002",NA,83917,562,"15-19 years","female",20,1987,"Education",456.759735107422,456.759735107422,"walking",0.5,1.76,"weekday",1,"15 to 19","1-2km","walking",1.76,0.5,3.5,3.5
"83917/1002",NA,83917,562,"15-19 years","female",20,1988,"Education",456.759735107422,456.759735107422,"public.transport",0.633333333333333,10.46,"weekday",1,"15 to 19",">10km","public.transport",10.46,0.633333333333333,4.43333333333333,4.43333333333333
"83917/1002",NA,83917,562,"15-19 years","female",20,1989,"Education",456.759735107422,456.759735107422,"walking",0.0333333333333333,0.22,"weekday",1,"15 to 19","<1km","walking",0.22,0.0333333333333333,0.233333333333333,0.233333333333333
"83917/1002",NA,83917,562,"15-19 years","female",20,1990,"Education",456.759735107422,456.759735107422,"walking",0.05,0.22,"weekday",2,"15 to 19","<1km","walking",0.22,0.05,0.35,0.35
"83917/1002",NA,83917,562,"15-19 years","female",20,1991,"Education",456.759735107422,456.759735107422,"public.transport",0.5,10.77,"weekday",2,"15 to 19",">10km","public.transport",10.77,0.5,3.5,3.5
"83917/1002",NA,83917,562,"15-19 years","female",20,1992,"Education",456.759735107422,456.759735107422,"walking",0.316666666666667,1.83,"weekday",2,"15 to 19","1-2km","walking",1.83,0.316666666666667,2.21666666666667,2.21666666666667
"83919/1000",NA,83919,563,"45-49 years","female",20,1993,"Other",848.014831542969,848.014831542969,"car",0.333333333333333,10.66,"weekday",1,"40 to 64",">10km","car",10.66,0.333333333333333,2.33333333333333,2.33333333333333
"83919/1000",NA,83919,563,"45-49 years","female",20,1994,"Work",848.014831542969,848.014831542969,"car",0.333333333333333,9.19,"weekday",2,"40 to 64","6-10km","car",9.19,0.333333333333333,2.33333333333333,2.33333333333333
"83919/1000",NA,83919,563,"45-49 years","female",20,1995,"Work",848.014831542969,848.014831542969,"car",0.25,7.17,"weekday",3,"40 to 64","6-10km","car",7.17,0.25,1.75,1.75
"83919/1000",NA,83919,563,"45-49 years","female",20,1996,"Other",848.014831542969,848.014831542969,"car",0.5,10.3,"weekday",4,"40 to 64",">10km","car",10.3,0.5,3.5,3.5
"83919/1000",NA,83919,563,"45-49 years","female",20,1997,"Other",848.014831542969,848.014831542969,"car",0.166666666666667,6.81,"weekday",5,"40 to 64","6-10km","car",6.81,0.166666666666667,1.16666666666667,1.16666666666667
"83919/1001",NA,83919,564,"45-49 years","male",20,1998,"Other",708.6845703125,708.6845703125,"car",0.5,10.66,"weekday",1,"40 to 64",">10km","car",10.66,0.5,3.5,3.5
"83919/1001",NA,83919,564,"45-49 years","male",20,1999,"Other",708.6845703125,708.6845703125,"car",0.166666666666667,3.1,"weekday",2,"40 to 64","3-5km","bicycle",3.1,0.281818181818182,1.16666666666667,1.97272727272727
"83919/1001",NA,83919,564,"45-49 years","male",20,2000,"Other",708.6845703125,708.6845703125,"car",0.416666666666667,8.92,"weekday",3,"40 to 64","6-10km","car",8.92,0.416666666666667,2.91666666666667,2.91666666666667
"83919/1001",NA,83919,564,"45-49 years","male",20,2001,"Work",708.6845703125,708.6845703125,"car",0.333333333333333,9.19,"weekday",4,"40 to 64","6-10km","car",9.19,0.333333333333333,2.33333333333333,2.33333333333333
"83919/1001",NA,83919,564,"45-49 years","male",20,2002,"Work",708.6845703125,708.6845703125,"car",0.333333333333333,9.45,"weekday",5,"40 to 64","6-10km","car",9.45,0.333333333333333,2.33333333333333,2.33333333333333
"83920/1000",NA,83920,565,"50-54 years","female",20,2003,"Other",286.475250244141,286.475250244141,"car",0.166666666666667,4.86,"weekday",1,"40 to 64","3-5km","bicycle",4.86,0.441818181818182,1.16666666666667,3.09272727272727
"83920/1000",NA,83920,565,"50-54 years","female",20,2004,"Other",286.475250244141,286.475250244141,"car",0.133333333333333,4.7,"weekday",2,"40 to 64","3-5km","bicycle",4.7,0.427272727272727,0.933333333333333,2.99090909090909
"83920/1000",NA,83920,565,"50-54 years","female",20,2005,"Other",286.475250244141,286.475250244141,"car",0.166666666666667,4.86,"weekday",3,"40 to 64","3-5km","bicycle",4.86,0.441818181818182,1.16666666666667,3.09272727272727
"83920/1000",NA,83920,565,"50-54 years","female",20,2006,"Other",286.475250244141,286.475250244141,"car",0.166666666666667,4.7,"weekday",4,"40 to 64","3-5km","bicycle",4.7,0.427272727272727,1.16666666666667,2.99090909090909
"83920/1003",NA,83920,566,"15-19 years","female",20,2007,"Education",340.53564453125,340.53564453125,"car",0.166666666666667,4.86,"weekday",1,"15 to 19","3-5km","bicycle",4.86,0.441818181818182,1.16666666666667,3.09272727272727
"83920/1003",NA,83920,566,"15-19 years","female",20,2008,"Education",340.53564453125,340.53564453125,"car",0.166666666666667,4.7,"weekday",2,"15 to 19","3-5km","bicycle",4.7,0.427272727272727,1.16666666666667,2.99090909090909
"83920/1004",NA,83920,567,"15-19 years","male",20,2009,"Education",321.347106933594,321.347106933594,"car",0.166666666666667,4.86,"weekday",1,"15 to 19","3-5km","bicycle",4.86,0.441818181818182,1.16666666666667,3.09272727272727
"83920/1004",NA,83920,567,"15-19 years","male",20,2010,"Education",321.347106933594,321.347106933594,"car",0.166666666666667,4.7,"weekday",2,"15 to 19","3-5km","bicycle",4.7,0.427272727272727,1.16666666666667,2.99090909090909
"83921/1001",NA,83921,568,"30-34 years","female",20,2011,"Work",166.980453491211,166.980453491211,"car",0.833333333333333,19.77,"weekday",1,"20 to 39",">10km","car",19.77,0.833333333333333,5.83333333333333,5.83333333333333
"83921/1001",NA,83921,568,"30-34 years","female",20,2012,"Work",166.980453491211,166.980453491211,"car",0.5,19.2,"weekday",2,"20 to 39",">10km","car",19.2,0.5,3.5,3.5
"83922/1000",NA,83922,569,"45-49 years","male",20,2013,"Work",130.098175048828,130.098175048828,"bicycle",0.166666666666667,1.6,"weekday",1,"40 to 64","1-2km","bicycle",1.6,0.166666666666667,1.16666666666667,1.16666666666667
"83922/1000",NA,83922,569,"45-49 years","male",20,2014,"Work",130.098175048828,130.098175048828,"public.transport",0.166666666666667,11.51,"weekday",1,"40 to 64",">10km","public.transport",11.51,0.166666666666667,1.16666666666667,1.16666666666667
"83922/1000",NA,83922,569,"45-49 years","male",20,2015,"Work",130.098175048828,130.098175048828,"bicycle",0.0833333333333333,0.92,"weekday",1,"40 to 64","<1km","bicycle",0.92,0.0833333333333333,0.583333333333333,0.583333333333333
"83922/1000",NA,83922,569,"45-49 years","male",20,2016,"Work",130.098175048828,130.098175048828,"bicycle",0.0833333333333333,0.92,"weekday",2,"40 to 64","<1km","bicycle",0.92,0.0833333333333333,0.583333333333333,0.583333333333333
"83922/1000",NA,83922,569,"45-49 years","male",20,2017,"Work",130.098175048828,130.098175048828,"public.transport",0.166666666666667,11.51,"weekday",2,"40 to 64",">10km","public.transport",11.51,0.166666666666667,1.16666666666667,1.16666666666667
"83922/1000",NA,83922,569,"45-49 years","male",20,2018,"Work",130.098175048828,130.098175048828,"bicycle",0.116666666666667,1.6,"weekday",2,"40 to 64","1-2km","bicycle",1.6,0.116666666666667,0.816666666666667,0.816666666666667
"83923/1000",NA,83923,570,"40-44 years","male",20,2019,"Work",122.080093383789,122.080093383789,"car",0.166666666666667,3.01,"weekday",1,"40 to 64","3-5km","bicycle",3.01,0.273636363636364,1.16666666666667,1.91545454545455
"83923/1000",NA,83923,570,"40-44 years","male",20,2020,"Work",122.080093383789,122.080093383789,"car",0.166666666666667,3.05,"weekday",2,"40 to 64","3-5km","bicycle",3.05,0.277272727272727,1.16666666666667,1.94090909090909
"83923/1001",NA,83923,571,"40-44 years","female",20,2021,"Other",165.249099731445,165.249099731445,"car",0.25,3.52,"weekday",1,"40 to 64","3-5km","bicycle",3.52,0.32,1.75,2.24
"83923/1001",NA,83923,571,"40-44 years","female",20,2022,"Other",165.249099731445,165.249099731445,"car",0.35,3.52,"weekday",2,"40 to 64","3-5km","bicycle",3.52,0.32,2.45,2.24
"83923/1001",NA,83923,571,"40-44 years","female",20,2023,"Other",165.249099731445,165.249099731445,"car",0.166666666666667,3.52,"weekday",3,"40 to 64","3-5km","bicycle",3.52,0.32,1.16666666666667,2.24
"83923/1001",NA,83923,571,"40-44 years","female",20,2024,"Other",165.249099731445,165.249099731445,"car",0.25,3.52,"weekday",4,"40 to 64","3-5km","bicycle",3.52,0.32,1.75,2.24
"83925/1001",NA,83925,572,"40-44 years","female",20,2025,"Other",175.531768798828,175.531768798828,"bicycle",0.05,0.84,"weekday",1,"40 to 64","<1km","bicycle",0.84,0.05,0.35,0.35
"83925/1001",NA,83925,572,"40-44 years","female",20,2026,"Work",175.531768798828,175.531768798828,"bicycle",0.15,2.43,"weekday",2,"40 to 64","3-5km","bicycle",2.43,0.15,1.05,1.05
"83925/1001",NA,83925,572,"40-44 years","female",20,2027,"Leisure",175.531768798828,175.531768798828,"bicycle",0.0833333333333333,1.08,"weekday",3,"40 to 64","1-2km","bicycle",1.08,0.0833333333333333,0.583333333333333,0.583333333333333
"83925/1001",NA,83925,572,"40-44 years","female",20,2028,"Other",175.531768798828,175.531768798828,"bicycle",0.166666666666667,2.61,"weekday",4,"40 to 64","3-5km","bicycle",2.61,0.166666666666667,1.16666666666667,1.16666666666667
"83925/1001",NA,83925,572,"40-44 years","female",20,2029,"Other",175.531768798828,175.531768798828,"bicycle",0.0666666666666667,0.98,"weekday",5,"40 to 64","<1km","bicycle",0.98,0.0666666666666667,0.466666666666667,0.466666666666667
"83925/1001",NA,83925,572,"40-44 years","female",20,2030,"Other",175.531768798828,175.531768798828,"walking",0.116666666666667,0.84,"weekday",6,"40 to 64","<1km","walking",0.84,0.116666666666667,0.816666666666667,0.816666666666667
"83925/1001",NA,83925,572,"40-44 years","female",20,2031,"Other",175.531768798828,175.531768798828,"walking",0.1,0.84,"weekday",7,"40 to 64","<1km","walking",0.84,0.1,0.7,0.7
"83927/1001",NA,83927,573,"30-34 years","male",20,2032,"Work",187.17204284668,187.17204284668,"car",0.5,25.77,"weekday",1,"20 to 39",">10km","car",25.77,0.5,3.5,3.5
"83927/1001",NA,83927,573,"30-34 years","male",20,2033,"Work",187.17204284668,187.17204284668,"car",0.5,25.18,"weekday",2,"20 to 39",">10km","car",25.18,0.5,3.5,3.5
"83928/1000",NA,83928,574,"35-39 years","female",20,2034,"Other",134.685974121094,134.685974121094,"car",0.166666666666667,2.16,"weekday",1,"20 to 39","3-5km","bicycle",2.16,0.196363636363636,1.16666666666667,1.37454545454545
"83928/1000",NA,83928,574,"35-39 years","female",20,2035,"Other",134.685974121094,134.685974121094,"car",0.383333333333333,24.03,"weekday",2,"20 to 39",">10km","car",24.03,0.383333333333333,2.68333333333333,2.68333333333333
"83928/1000",NA,83928,574,"35-39 years","female",20,2036,"Other",134.685974121094,134.685974121094,"car",0.266666666666667,26.23,"weekday",3,"20 to 39",">10km","car",26.23,0.266666666666667,1.86666666666667,1.86666666666667
"83928/1000",NA,83928,574,"35-39 years","female",20,2037,"Other",134.685974121094,134.685974121094,"car",0.166666666666667,2.16,"weekday",4,"20 to 39","3-5km","bicycle",2.16,0.196363636363636,1.16666666666667,1.37454545454545
"83928/1000",NA,83928,574,"35-39 years","female",20,2038,"Other",134.685974121094,134.685974121094,"car",0.166666666666667,2.29,"weekday",5,"20 to 39","3-5km","bicycle",2.29,0.208181818181818,1.16666666666667,1.45727272727273
"83928/1001",NA,83928,575,"30-34 years","male",20,2039,"Work",198.818878173828,198.818878173828,"car",0.333333333333333,14.24,"weekday",1,"20 to 39",">10km","car",14.24,0.333333333333333,2.33333333333333,2.33333333333333
"83928/1001",NA,83928,575,"30-34 years","male",20,2040,"Work",198.818878173828,198.818878173828,"car",0.333333333333333,13.82,"weekday",2,"20 to 39",">10km","car",13.82,0.333333333333333,2.33333333333333,2.33333333333333
"83930/1000",NA,83930,576,"55-59 years","female",20,2041,"Shopping",151.029312133789,151.029312133789,"car",0.166666666666667,3.92,"weekday",1,"40 to 64","3-5km","bicycle",3.92,0.356363636363636,1.16666666666667,2.49454545454545
"83930/1000",NA,83930,576,"55-59 years","female",20,2042,"Shopping",151.029312133789,151.029312133789,"car",0.416666666666667,3.87,"weekday",2,"40 to 64","3-5km","bicycle",3.87,0.351818181818182,2.91666666666667,2.46272727272727
"83931/1000",NA,83931,577,"40-44 years","female",20,2043,"Other",165.249099731445,165.249099731445,"car",0.166666666666667,4.74,"weekday",1,"40 to 64","3-5km","bicycle",4.74,0.430909090909091,1.16666666666667,3.01636363636364
"83931/1000",NA,83931,577,"40-44 years","female",20,2044,"Work",165.249099731445,165.249099731445,"car",0.583333333333333,30.71,"weekday",2,"40 to 64",">10km","car",30.71,0.583333333333333,4.08333333333333,4.08333333333333
"83931/1000",NA,83931,577,"40-44 years","female",20,2045,"Work",165.249099731445,165.249099731445,"car",0.5,27.76,"weekday",3,"40 to 64",">10km","car",27.76,0.5,3.5,3.5
"83931/1001",NA,83931,578,"35-39 years","male",20,2046,"Work",163.832672119141,163.832672119141,"car",0.5,29.88,"weekday",1,"20 to 39",">10km","car",29.88,0.5,3.5,3.5
"83931/1001",NA,83931,578,"35-39 years","male",20,2047,"Other",163.832672119141,163.832672119141,"car",0.75,28.16,"weekday",2,"20 to 39",">10km","car",28.16,0.75,5.25,5.25
"83931/1001",NA,83931,578,"35-39 years","male",20,2048,"Other",163.832672119141,163.832672119141,"car",0.166666666666667,4.85,"weekday",3,"20 to 39","3-5km","bicycle",4.85,0.440909090909091,1.16666666666667,3.08636363636364
"83932/1000",NA,83932,579,"35-39 years","female",20,2049,"Other",108.65584564209,108.65584564209,"car",0.183333333333333,4.08,"weekday",1,"20 to 39","3-5km","bicycle",4.08,0.370909090909091,1.28333333333333,2.59636363636364
"83932/1000",NA,83932,579,"35-39 years","female",20,2050,"Work",108.65584564209,108.65584564209,"car",0.716666666666667,27.65,"weekday",2,"20 to 39",">10km","car",27.65,0.716666666666667,5.01666666666667,5.01666666666667
"83932/1000",NA,83932,579,"35-39 years","female",20,2051,"Shopping",108.65584564209,108.65584564209,"car",0.1,3.49,"weekday",3,"20 to 39","3-5km","bicycle",3.49,0.317272727272727,0.7,2.22090909090909
"83932/1000",NA,83932,579,"35-39 years","female",20,2052,"Shopping",108.65584564209,108.65584564209,"public.transport",0.35,26.75,"weekday",4,"20 to 39",">10km","public.transport",26.75,0.35,2.45,2.45
"83933/1000",NA,83933,580,"40-44 years","male",20,2053,"Work",129.676559448242,129.676559448242,"car",0.583333333333333,23.8,"weekday",1,"40 to 64",">10km","car",23.8,0.583333333333333,4.08333333333333,4.08333333333333
"83933/1000",NA,83933,580,"40-44 years","male",20,2054,"Work",129.676559448242,129.676559448242,"car",0.5,23.49,"weekday",2,"40 to 64",">10km","car",23.49,0.5,3.5,3.5
"83933/1001",NA,83933,581,"40-44 years","female",20,2055,"Other",175.531768798828,175.531768798828,"car",0.0833333333333333,1.16,"weekday",1,"40 to 64","1-2km","bicycle",1.16,0.105454545454545,0.583333333333333,0.738181818181818
"83933/1001",NA,83933,581,"40-44 years","female",20,2056,"Other",175.531768798828,175.531768798828,"car",0.0833333333333333,1.16,"weekday",2,"40 to 64","1-2km","bicycle",1.16,0.105454545454545,0.583333333333333,0.738181818181818
"83933/1001",NA,83933,581,"40-44 years","female",20,2057,"Other",175.531768798828,175.531768798828,"car",0.0833333333333333,1.16,"weekday",3,"40 to 64","1-2km","bicycle",1.16,0.105454545454545,0.583333333333333,0.738181818181818
"83933/1001",NA,83933,581,"40-44 years","female",20,2058,"Other",175.531768798828,175.531768798828,"car",0.0833333333333333,1.16,"weekday",4,"40 to 64","1-2km","bicycle",1.16,0.105454545454545,0.583333333333333,0.738181818181818
"83933/1001",NA,83933,581,"40-44 years","female",20,2059,"Leisure",175.531768798828,175.531768798828,"car",0.166666666666667,4.81,"weekday",5,"40 to 64","3-5km","bicycle",4.81,0.437272727272727,1.16666666666667,3.06090909090909
"83933/1001",NA,83933,581,"40-44 years","female",20,2060,"Shopping",175.531768798828,175.531768798828,"car",0.0333333333333333,0.94,"weekday",6,"40 to 64","<1km","bicycle",0.94,0.0854545454545454,0.233333333333333,0.598181818181818
"83933/1001",NA,83933,581,"40-44 years","female",20,2061,"Shopping",175.531768798828,175.531768798828,"car",0.166666666666667,4.67,"weekday",7,"40 to 64","3-5km","bicycle",4.67,0.424545454545455,1.16666666666667,2.97181818181818
"83937/1000",NA,83937,582,"65-69 years","female",20,2062,"Shopping",89.9724197387695,89.9724197387695,"car",0.333333333333333,17.76,"weekday",1,"65 plus",">10km","car",17.76,0.333333333333333,2.33333333333333,2.33333333333333
"83937/1000",NA,83937,582,"65-69 years","female",20,2063,"Shopping",89.9724197387695,89.9724197387695,"car",0.333333333333333,16.98,"weekday",2,"65 plus",">10km","car",16.98,0.333333333333333,2.33333333333333,2.33333333333333
"83937/1000",NA,83937,582,"65-69 years","female",20,2064,"Leisure",89.9724197387695,89.9724197387695,"walking",0.333333333333333,0.6,"weekday",3,"65 plus","<1km","walking",0.6,0.333333333333333,2.33333333333333,2.33333333333333
"83937/1000",NA,83937,582,"65-69 years","female",20,2065,"Leisure",89.9724197387695,89.9724197387695,"walking",0.333333333333333,0.6,"weekday",4,"65 plus","<1km","walking",0.6,0.333333333333333,2.33333333333333,2.33333333333333
"83938/1000",NA,83938,583,"55-59 years","male",20,2066,"Work",185.705001831055,185.705001831055,"car",1,41.51,"weekday",1,"40 to 64",">10km","car",41.51,1,7,7
"83938/1000",NA,83938,583,"55-59 years","male",20,2067,"Work",185.705001831055,185.705001831055,"car",0.583333333333333,8.7,"weekday",2,"40 to 64","6-10km","car",8.7,0.583333333333333,4.08333333333333,4.08333333333333
"83938/1000",NA,83938,583,"55-59 years","male",20,2068,"Work",185.705001831055,185.705001831055,"car",0.5,23.61,"weekday",3,"40 to 64",">10km","car",23.61,0.5,3.5,3.5
"83938/1000",NA,83938,583,"55-59 years","male",20,2069,"Work",185.705001831055,185.705001831055,"car",0.5,37.5,"weekday",4,"40 to 64",">10km","car",37.5,0.5,3.5,3.5
"83938/1000",NA,83938,583,"55-59 years","male",20,2070,"Work",185.705001831055,185.705001831055,"car",0.25,6.4,"weekday",5,"40 to 64","6-10km","car",6.4,0.25,1.75,1.75
"83938/1000",NA,83938,583,"55-59 years","male",20,2071,"Work",185.705001831055,185.705001831055,"car",0.333333333333333,16.44,"weekday",6,"40 to 64",">10km","car",16.44,0.333333333333333,2.33333333333333,2.33333333333333
"83938/1000",NA,83938,583,"55-59 years","male",20,2072,"Work",185.705001831055,185.705001831055,"car",0.166666666666667,3.07,"weekday",7,"40 to 64","3-5km","bicycle",3.07,0.279090909090909,1.16666666666667,1.95363636363636
"83938/1001",NA,83938,584,"50-54 years","female",20,2073,"Other",170.989166259766,170.989166259766,"car",0.75,35.75,"weekday",1,"40 to 64",">10km","car",35.75,0.75,5.25,5.25
"83938/1001",NA,83938,584,"50-54 years","female",20,2074,"Other",170.989166259766,170.989166259766,"car",1.08333333333333,35.13,"weekday",2,"40 to 64",">10km","car",35.13,1.08333333333333,7.58333333333333,7.58333333333333
"83938/1001",NA,83938,584,"50-54 years","female",20,2075,"Other",170.989166259766,170.989166259766,"car",0.583333333333333,35.75,"weekday",3,"40 to 64",">10km","car",35.75,0.583333333333333,4.08333333333333,4.08333333333333
"83938/1001",NA,83938,584,"50-54 years","female",20,2076,"Other",170.989166259766,170.989166259766,"car",0.583333333333333,35.13,"weekday",4,"40 to 64",">10km","car",35.13,0.583333333333333,4.08333333333333,4.08333333333333
"83939/1000",NA,83939,585,"35-39 years","female",20,2077,"Other",134.685974121094,134.685974121094,"car",0.0833333333333333,1.04,"weekday",1,"20 to 39","1-2km","bicycle",1.04,0.0945454545454545,0.583333333333333,0.661818181818182
"83939/1000",NA,83939,585,"35-39 years","female",20,2078,"Work",134.685974121094,134.685974121094,"car",0.5,26.38,"weekday",2,"20 to 39",">10km","car",26.38,0.5,3.5,3.5
"83939/1000",NA,83939,585,"35-39 years","female",20,2079,"Other",134.685974121094,134.685974121094,"car",0.5,27.33,"weekday",3,"20 to 39",">10km","car",27.33,0.5,3.5,3.5
"83939/1000",NA,83939,585,"35-39 years","female",20,2080,"Other",134.685974121094,134.685974121094,"car",0.0833333333333333,1.39,"weekday",4,"20 to 39","1-2km","bicycle",1.39,0.126363636363636,0.583333333333333,0.884545454545454
"83939/1001",NA,83939,586,"45-49 years","male",20,2081,"Work",181.739990234375,181.739990234375,"car",0.166666666666667,3.66,"weekday",1,"40 to 64","3-5km","bicycle",3.66,0.332727272727273,1.16666666666667,2.32909090909091
"83939/1001",NA,83939,586,"45-49 years","male",20,2082,"Work",181.739990234375,181.739990234375,"public.transport",0.583333333333333,29.55,"weekday",1,"40 to 64",">10km","public.transport",29.55,0.583333333333333,4.08333333333333,4.08333333333333
"83939/1001",NA,83939,586,"45-49 years","male",20,2083,"Work",181.739990234375,181.739990234375,"walking",0.166666666666667,0.29,"weekday",1,"40 to 64","<1km","walking",0.29,0.166666666666667,1.16666666666667,1.16666666666667
"83939/1001",NA,83939,586,"45-49 years","male",20,2084,"Work",181.739990234375,181.739990234375,"walking",0.166666666666667,0.29,"weekday",2,"40 to 64","<1km","walking",0.29,0.166666666666667,1.16666666666667,1.16666666666667
"83939/1001",NA,83939,586,"45-49 years","male",20,2085,"Work",181.739990234375,181.739990234375,"public.transport",0.5,29.55,"weekday",2,"40 to 64",">10km","public.transport",29.55,0.5,3.5,3.5
"83939/1001",NA,83939,586,"45-49 years","male",20,2086,"Work",181.739990234375,181.739990234375,"car",0.166666666666667,3.49,"weekday",2,"40 to 64","3-5km","bicycle",3.49,0.317272727272727,1.16666666666667,2.22090909090909
"83941/1000",NA,83941,587,"75-79 years","female",20,2087,"Other",87.5259704589844,87.5259704589844,"car",0.25,4.03,"weekday",1,"65 plus","3-5km","bicycle",4.03,0.366363636363636,1.75,2.56454545454545
"83941/1000",NA,83941,587,"75-79 years","female",20,2088,"Other",87.5259704589844,87.5259704589844,"car",0.416666666666667,3.98,"weekday",2,"65 plus","3-5km","bicycle",3.98,0.361818181818182,2.91666666666667,2.53272727272727
"83941/1000",NA,83941,587,"75-79 years","female",20,2089,"Shopping",87.5259704589844,87.5259704589844,"car",0.166666666666667,3.44,"weekday",3,"65 plus","3-5km","bicycle",3.44,0.312727272727273,1.16666666666667,2.18909090909091
"83941/1000",NA,83941,587,"75-79 years","female",20,2090,"Shopping",87.5259704589844,87.5259704589844,"car",0.25,3.44,"weekday",4,"65 plus","3-5km","bicycle",3.44,0.312727272727273,1.75,2.18909090909091
"83941/1000",NA,83941,587,"75-79 years","female",20,2091,"Other",87.5259704589844,87.5259704589844,"car",0.333333333333333,14.66,"weekday",5,"65 plus",">10km","car",14.66,0.333333333333333,2.33333333333333,2.33333333333333
"83941/1000",NA,83941,587,"75-79 years","female",20,2092,"Other",87.5259704589844,87.5259704589844,"car",0.583333333333333,14.72,"weekday",6,"65 plus",">10km","car",14.72,0.583333333333333,4.08333333333333,4.08333333333333
"83942/1000",NA,83942,588,"25-29 years","male",20,2093,"Work",195.456893920898,195.456893920898,"car",0.416666666666667,10.19,"weekday",1,"20 to 39",">10km","car",10.19,0.416666666666667,2.91666666666667,2.91666666666667
"83942/1000",NA,83942,588,"25-29 years","male",20,2094,"Work",195.456893920898,195.456893920898,"car",0.5,9.83,"weekday",2,"20 to 39","6-10km","car",9.83,0.5,3.5,3.5
"83942/1000",NA,83942,588,"25-29 years","male",20,2095,"Work",195.456893920898,195.456893920898,"car",0.0833333333333333,0.82,"weekday",3,"20 to 39","<1km","bicycle",0.82,0.0745454545454545,0.583333333333333,0.521818181818182
"83942/1000",NA,83942,588,"25-29 years","male",20,2096,"Work",195.456893920898,195.456893920898,"car",1,91.4,"weekday",4,"20 to 39",">10km","car",91.4,1,7,7
"83942/1000",NA,83942,588,"25-29 years","male",20,2097,"Work",195.456893920898,195.456893920898,"car",1,91.85,"weekday",5,"20 to 39",">10km","car",91.85,1,7,7
"83943/1000",NA,83943,589,"50-54 years","female",20,2098,"Shopping",170.989166259766,170.989166259766,"car",0.0833333333333333,3.43,"weekday",1,"40 to 64","3-5km","bicycle",3.43,0.311818181818182,0.583333333333333,2.18272727272727
"83943/1000",NA,83943,589,"50-54 years","female",20,2099,"Shopping",170.989166259766,170.989166259766,"car",0.0833333333333333,3.43,"weekday",2,"40 to 64","3-5km","bicycle",3.43,0.311818181818182,0.583333333333333,2.18272727272727
"83943/1001",NA,83943,590,"20-24 years","male",20,2100,"Shopping",233.046676635742,233.046676635742,"car",0.0833333333333333,3.43,"weekday",1,"20 to 39","3-5km","bicycle",3.43,0.311818181818182,0.583333333333333,2.18272727272727
"83943/1001",NA,83943,590,"20-24 years","male",20,2101,"Shopping",233.046676635742,233.046676635742,"car",0.0833333333333333,3.43,"weekday",2,"20 to 39","3-5km","bicycle",3.43,0.311818181818182,0.583333333333333,2.18272727272727
"83943/1001",NA,83943,590,"20-24 years","male",20,2102,"Shopping",233.046676635742,233.046676635742,"car",0.0333333333333333,1.46,"weekday",3,"20 to 39","1-2km","bicycle",1.46,0.132727272727273,0.233333333333333,0.929090909090909
"83943/1001",NA,83943,590,"20-24 years","male",20,2103,"Shopping",233.046676635742,233.046676635742,"car",0.0833333333333333,1.93,"weekday",4,"20 to 39","1-2km","bicycle",1.93,0.175454545454545,0.583333333333333,1.22818181818182
"83943/1002",NA,83943,591,"20-24 years","male",20,2104,"Other",233.046676635742,233.046676635742,"car",0.0833333333333333,3.43,"weekday",1,"20 to 39","3-5km","bicycle",3.43,0.311818181818182,0.583333333333333,2.18272727272727
"83943/1002",NA,83943,591,"20-24 years","male",20,2105,"Other",233.046676635742,233.046676635742,"car",0.0833333333333333,3.43,"weekday",2,"20 to 39","3-5km","bicycle",3.43,0.311818181818182,0.583333333333333,2.18272727272727
"83944/1000",NA,83944,592,"55-59 years","male",20,2106,"Shopping",159.136917114258,159.136917114258,"car",0.166666666666667,2.84,"weekday",1,"40 to 64","3-5km","bicycle",2.84,0.258181818181818,1.16666666666667,1.80727272727273
"83944/1000",NA,83944,592,"55-59 years","male",20,2108,"Shopping",159.136917114258,159.136917114258,"car",0.133333333333333,2.88,"weekday",3,"40 to 64","3-5km","bicycle",2.88,0.261818181818182,0.933333333333333,1.83272727272727
"83944/1001",NA,83944,593,"60-64 years","female",20,2109,"Other",170.002777099609,170.002777099609,"car",0.0833333333333333,1.4,"weekday",1,"40 to 64","1-2km","bicycle",1.4,0.127272727272727,0.583333333333333,0.890909090909091
"83944/1001",NA,83944,593,"60-64 years","female",20,2110,"Work",170.002777099609,170.002777099609,"car",0.333333333333333,11.48,"weekday",2,"40 to 64",">10km","car",11.48,0.333333333333333,2.33333333333333,2.33333333333333
"83944/1001",NA,83944,593,"60-64 years","female",20,2111,"Work",170.002777099609,170.002777099609,"car",0.333333333333333,12.3,"weekday",3,"40 to 64",">10km","car",12.3,0.333333333333333,2.33333333333333,2.33333333333333
"83946/1000",NA,83946,594,"45-49 years","male",20,2112,"Other",181.739990234375,181.739990234375,"car",0.166666666666667,4.8,"weekday",1,"40 to 64","3-5km","bicycle",4.8,0.436363636363636,1.16666666666667,3.05454545454545
"83946/1000",NA,83946,594,"45-49 years","male",20,2113,"Other",181.739990234375,181.739990234375,"car",0.166666666666667,4.75,"weekday",2,"40 to 64","3-5km","bicycle",4.75,0.431818181818182,1.16666666666667,3.02272727272727
"83947/1000",NA,83947,595,"45-49 years","female",20,2114,"Other",159.034194946289,159.034194946289,"car",0.05,1.09,"weekday",1,"40 to 64","1-2km","bicycle",1.09,0.0990909090909091,0.35,0.693636363636364
"83947/1000",NA,83947,595,"45-49 years","female",20,2115,"Work",159.034194946289,159.034194946289,"car",0.35,12.54,"weekday",2,"40 to 64",">10km","car",12.54,0.35,2.45,2.45
"83947/1000",NA,83947,595,"45-49 years","female",20,2116,"Other",159.034194946289,159.034194946289,"car",0.216666666666667,12.78,"weekday",3,"40 to 64",">10km","car",12.78,0.216666666666667,1.51666666666667,1.51666666666667
"83947/1000",NA,83947,595,"45-49 years","female",20,2117,"Other",159.034194946289,159.034194946289,"car",0.05,1.44,"weekday",4,"40 to 64","1-2km","bicycle",1.44,0.130909090909091,0.35,0.916363636363636
"83948/1000",NA,83948,596,"30-34 years","female",20,2118,"Other",166.980453491211,166.980453491211,"car",0.333333333333333,7.79,"weekday",1,"20 to 39","6-10km","car",7.79,0.333333333333333,2.33333333333333,2.33333333333333
"83948/1000",NA,83948,596,"30-34 years","female",20,2119,"Other",166.980453491211,166.980453491211,"car",0.25,7.78,"weekday",2,"20 to 39","6-10km","car",7.78,0.25,1.75,1.75
"83948/1000",NA,83948,596,"30-34 years","female",20,2120,"Other",166.980453491211,166.980453491211,"car",0.25,7.79,"weekday",3,"20 to 39","6-10km","car",7.79,0.25,1.75,1.75
"83948/1000",NA,83948,596,"30-34 years","female",20,2121,"Other",166.980453491211,166.980453491211,"car",0.266666666666667,7.78,"weekday",4,"20 to 39","6-10km","car",7.78,0.266666666666667,1.86666666666667,1.86666666666667
"83948/1001",NA,83948,597,"25-29 years","male",20,2122,"Work",242.281494140625,242.281494140625,"car",0.583333333333333,22.13,"weekday",1,"20 to 39",">10km","car",22.13,0.583333333333333,4.08333333333333,4.08333333333333
"83948/1001",NA,83948,597,"25-29 years","male",20,2123,"Work",242.281494140625,242.281494140625,"car",0.566666666666667,22.15,"weekday",2,"20 to 39",">10km","car",22.15,0.566666666666667,3.96666666666667,3.96666666666667
"83949/1000",NA,83949,598,"35-39 years","male",20,2124,"Other",174.027191162109,174.027191162109,"car",0.166666666666667,4.59,"weekday",1,"20 to 39","3-5km","bicycle",4.59,0.417272727272727,1.16666666666667,2.92090909090909
"83949/1000",NA,83949,598,"35-39 years","male",20,2125,"Education",174.027191162109,174.027191162109,"car",0.0833333333333333,1.9,"weekday",2,"20 to 39","1-2km","bicycle",1.9,0.172727272727273,0.583333333333333,1.20909090909091
"83949/1000",NA,83949,598,"35-39 years","male",20,2126,"Education",174.027191162109,174.027191162109,"car",0.166666666666667,3.99,"weekday",3,"20 to 39","3-5km","bicycle",3.99,0.362727272727273,1.16666666666667,2.53909090909091
"83949/1000",NA,83949,598,"35-39 years","male",20,2127,"Other",174.027191162109,174.027191162109,"car",0.166666666666667,4.63,"weekday",4,"20 to 39","3-5km","bicycle",4.63,0.420909090909091,1.16666666666667,2.94636363636364
"83949/1000",NA,83949,598,"35-39 years","male",20,2128,"Other",174.027191162109,174.027191162109,"car",0.166666666666667,4.7,"weekday",5,"20 to 39","3-5km","bicycle",4.7,0.427272727272727,1.16666666666667,2.99090909090909
"83949/1001",NA,83949,599,"35-39 years","female",20,2129,"Other",134.685974121094,134.685974121094,"car",0.166666666666667,4.63,"weekday",1,"20 to 39","3-5km","bicycle",4.63,0.420909090909091,1.16666666666667,2.94636363636364
"83949/1001",NA,83949,599,"35-39 years","female",20,2130,"Work",134.685974121094,134.685974121094,"car",0.166666666666667,2.77,"weekday",2,"20 to 39","3-5km","bicycle",2.77,0.251818181818182,1.16666666666667,1.76272727272727
"83949/1001",NA,83949,599,"35-39 years","female",20,2131,"Work",134.685974121094,134.685974121094,"car",0.133333333333333,4.11,"weekday",3,"20 to 39","3-5km","bicycle",4.11,0.373636363636364,0.933333333333333,2.61545454545455
"83951/1000",NA,83951,600,"50-54 years","male",20,2132,"Other",145.04621887207,145.04621887207,"car",0.25,18.54,"weekday",1,"40 to 64",">10km","car",18.54,0.25,1.75,1.75
"83951/1000",NA,83951,600,"50-54 years","male",20,2133,"Work",145.04621887207,145.04621887207,"car",0.55,37.31,"weekday",2,"40 to 64",">10km","car",37.31,0.55,3.85,3.85
"83951/1000",NA,83951,600,"50-54 years","male",20,2134,"Other",145.04621887207,145.04621887207,"car",0.583333333333333,36.81,"weekday",3,"40 to 64",">10km","car",36.81,0.583333333333333,4.08333333333333,4.08333333333333
"83951/1000",NA,83951,600,"50-54 years","male",20,2135,"Other",145.04621887207,145.04621887207,"car",0.5,15.72,"weekday",4,"40 to 64",">10km","car",15.72,0.5,3.5,3.5
"83951/1000",NA,83951,600,"50-54 years","male",20,2136,"Other",145.04621887207,145.04621887207,"car",0.333333333333333,6.91,"weekday",5,"40 to 64","6-10km","car",6.91,0.333333333333333,2.33333333333333,2.33333333333333
"83964/1000",NA,83964,601,"50-54 years","male",20,2137,"Work",117.728157043457,117.728157043457,"car",0.25,13.22,"weekday",1,"40 to 64",">10km","car",13.22,0.25,1.75,1.75
"83964/1000",NA,83964,601,"50-54 years","male",20,2138,"Work",117.728157043457,117.728157043457,"car",0.5,12.94,"weekday",2,"40 to 64",">10km","car",12.94,0.5,3.5,3.5
"83977/1000",NA,83977,602,"75-79 years","female",20,2139,"Shopping",126.342613220215,126.342613220215,"car",0.0333333333333333,0.58,"weekday",1,"65 plus","<1km","bicycle",0.58,0.0527272727272727,0.233333333333333,0.369090909090909
"83977/1000",NA,83977,602,"75-79 years","female",20,2140,"Shopping",126.342613220215,126.342613220215,"car",0.0333333333333333,0.58,"weekday",2,"65 plus","<1km","bicycle",0.58,0.0527272727272727,0.233333333333333,0.369090909090909
"83977/1000",NA,83977,602,"75-79 years","female",20,2141,"Other",126.342613220215,126.342613220215,"car",0.916666666666667,30,"weekday",3,"65 plus",">10km","car",30,0.916666666666667,6.41666666666667,6.41666666666667
"83977/1000",NA,83977,602,"75-79 years","female",20,2142,"Other",126.342613220215,126.342613220215,"car",1,29.35,"weekday",4,"65 plus",">10km","car",29.35,1,7,7
"83979/1000",NA,83979,603,"35-39 years","male",20,2143,"Work",315.360321044922,315.360321044922,"car",0.166666666666667,7.62,"weekday",1,"20 to 39","6-10km","car",7.62,0.166666666666667,1.16666666666667,1.16666666666667
"83979/1000",NA,83979,603,"35-39 years","male",20,2144,"Work",315.360321044922,315.360321044922,"car",0.5,7.6,"weekday",2,"20 to 39","6-10km","car",7.6,0.5,3.5,3.5
"83979/1001",NA,83979,604,"35-39 years","female",20,2145,"Work",298.092132568359,298.092132568359,"car",0.25,4.83,"weekday",1,"20 to 39","3-5km","bicycle",4.83,0.439090909090909,1.75,3.07363636363636
"83979/1001",NA,83979,604,"35-39 years","female",20,2146,"Other",298.092132568359,298.092132568359,"car",0.166666666666667,2.54,"weekday",2,"20 to 39","3-5km","bicycle",2.54,0.230909090909091,1.16666666666667,1.61636363636364
"83979/1001",NA,83979,604,"35-39 years","female",20,2147,"Other",298.092132568359,298.092132568359,"car",0.25,3.23,"weekday",3,"20 to 39","3-5km","bicycle",3.23,0.293636363636364,1.75,2.05545454545455
"83979/1004",NA,83979,605,"60-64 years","female",20,2148,"Other",352.895050048828,352.895050048828,"car",0.25,4.83,"weekday",1,"40 to 64","3-5km","bicycle",4.83,0.439090909090909,1.75,3.07363636363636
"83979/1004",NA,83979,605,"60-64 years","female",20,2149,"Other",352.895050048828,352.895050048828,"car",0.25,4.77,"weekday",2,"40 to 64","3-5km","bicycle",4.77,0.433636363636364,1.75,3.03545454545455
"83979/1004",NA,83979,605,"60-64 years","female",20,2150,"Other",352.895050048828,352.895050048828,"car",0.166666666666667,4.83,"weekday",3,"40 to 64","3-5km","bicycle",4.83,0.439090909090909,1.16666666666667,3.07363636363636
"83979/1004",NA,83979,605,"60-64 years","female",20,2151,"Other",352.895050048828,352.895050048828,"car",0.166666666666667,2.54,"weekday",4,"40 to 64","3-5km","bicycle",2.54,0.230909090909091,1.16666666666667,1.61636363636364
"83979/1004",NA,83979,605,"60-64 years","female",20,2152,"Other",352.895050048828,352.895050048828,"car",0.25,3.23,"weekday",5,"40 to 64","3-5km","bicycle",3.23,0.293636363636364,1.75,2.05545454545455
"83979/1005",NA,83979,606,"60-64 years","male",20,2153,"Other",306.115356445312,306.115356445312,"car",0.25,4.83,"weekday",1,"40 to 64","3-5km","bicycle",4.83,0.439090909090909,1.75,3.07363636363636
"83979/1005",NA,83979,606,"60-64 years","male",20,2154,"Other",306.115356445312,306.115356445312,"car",0.25,4.77,"weekday",2,"40 to 64","3-5km","bicycle",4.77,0.433636363636364,1.75,3.03545454545455
"83979/1005",NA,83979,606,"60-64 years","male",20,2155,"Other",306.115356445312,306.115356445312,"car",0.25,3.07,"weekday",3,"40 to 64","3-5km","bicycle",3.07,0.279090909090909,1.75,1.95363636363636
"83979/1005",NA,83979,606,"60-64 years","male",20,2156,"Other",306.115356445312,306.115356445312,"car",0.25,3.23,"weekday",4,"40 to 64","3-5km","bicycle",3.23,0.293636363636364,1.75,2.05545454545455
"83979/1005",NA,83979,606,"60-64 years","male",20,2157,"Other",306.115356445312,306.115356445312,"car",0.166666666666667,4.83,"weekday",5,"40 to 64","3-5km","bicycle",4.83,0.439090909090909,1.16666666666667,3.07363636363636
"83979/1005",NA,83979,606,"60-64 years","male",20,2158,"Other",306.115356445312,306.115356445312,"car",0.166666666666667,2.54,"weekday",6,"40 to 64","3-5km","bicycle",2.54,0.230909090909091,1.16666666666667,1.61636363636364
"83979/1005",NA,83979,606,"60-64 years","male",20,2159,"Other",306.115356445312,306.115356445312,"car",0.25,3.23,"weekday",7,"40 to 64","3-5km","bicycle",3.23,0.293636363636364,1.75,2.05545454545455
"83980/1000",NA,83980,607,"25-29 years","male",20,2160,"Other",124.118743896484,124.118743896484,"car",0.5,9.71,"weekday",1,"20 to 39","6-10km","car",9.71,0.5,3.5,3.5
"83980/1000",NA,83980,607,"25-29 years","male",20,2161,"Other",124.118743896484,124.118743896484,"car",0.5,9.57,"weekday",2,"20 to 39","6-10km","car",9.57,0.5,3.5,3.5
"83980/1001",NA,83980,608,"25-29 years","female",20,2162,"Other",138.642837524414,138.642837524414,"car",0.5,9.71,"weekday",1,"20 to 39","6-10km","car",9.71,0.5,3.5,3.5
"83980/1001",NA,83980,608,"25-29 years","female",20,2163,"Other",138.642837524414,138.642837524414,"car",0.5,9.57,"weekday",2,"20 to 39","6-10km","car",9.57,0.5,3.5,3.5
"83982/1000",NA,83982,609,"70-74 years","male",20,2164,"Leisure",68.7407379150391,68.7407379150391,"car",0.5,14.24,"weekday",1,"65 plus",">10km","car",14.24,0.5,3.5,3.5
"83982/1000",NA,83982,609,"70-74 years","male",20,2165,"Shopping",68.7407379150391,68.7407379150391,"car",0.5,10.67,"weekday",2,"65 plus",">10km","car",10.67,0.5,3.5,3.5
"83982/1000",NA,83982,609,"70-74 years","male",20,2166,"Shopping",68.7407379150391,68.7407379150391,"car",0.333333333333333,3.53,"weekday",3,"65 plus","3-5km","bicycle",3.53,0.320909090909091,2.33333333333333,2.24636363636364
"83982/1001",NA,83982,610,"65-69 years","female",20,2167,"Leisure",86.0002593994141,86.0002593994141,"car",0.5,14.24,"weekday",1,"65 plus",">10km","car",14.24,0.5,3.5,3.5
"83982/1001",NA,83982,610,"65-69 years","female",20,2168,"Shopping",86.0002593994141,86.0002593994141,"car",0.5,10.67,"weekday",2,"65 plus",">10km","car",10.67,0.5,3.5,3.5
"83982/1001",NA,83982,610,"65-69 years","female",20,2169,"Shopping",86.0002593994141,86.0002593994141,"car",0.333333333333333,3.53,"weekday",3,"65 plus","3-5km","bicycle",3.53,0.320909090909091,2.33333333333333,2.24636363636364
"83983/1000",NA,83983,611,"30-34 years","male",20,2170,"Shopping",94.9313201904297,94.9313201904297,"car",0.25,4.15,"weekday",1,"20 to 39","3-5km","bicycle",4.15,0.377272727272727,1.75,2.64090909090909
"83983/1000",NA,83983,611,"30-34 years","male",20,2171,"Shopping",94.9313201904297,94.9313201904297,"car",0.25,3.64,"weekday",2,"20 to 39","3-5km","bicycle",3.64,0.330909090909091,1.75,2.31636363636364
"83983/1001",NA,83983,612,"25-29 years","female",20,2172,"Work",90.3303756713867,90.3303756713867,"car",0.5,9.33,"weekday",1,"20 to 39","6-10km","car",9.33,0.5,3.5,3.5
"83983/1001",NA,83983,612,"25-29 years","female",20,2173,"Shopping",90.3303756713867,90.3303756713867,"car",0.0833333333333333,1.22,"weekday",2,"20 to 39","1-2km","bicycle",1.22,0.110909090909091,0.583333333333333,0.776363636363636
"83983/1001",NA,83983,612,"25-29 years","female",20,2174,"Shopping",90.3303756713867,90.3303756713867,"car",0.25,9.49,"weekday",3,"20 to 39","6-10km","car",9.49,0.25,1.75,1.75
"83984/1000",NA,83984,613,"65-69 years","male",20,2175,"Work",140.530120849609,140.530120849609,"car",0.416666666666667,24.87,"weekday",1,"65 plus",">10km","car",24.87,0.416666666666667,2.91666666666667,2.91666666666667
"83984/1000",NA,83984,613,"65-69 years","male",20,2176,"Work",140.530120849609,140.530120849609,"car",0.5,23.31,"weekday",2,"65 plus",">10km","car",23.31,0.5,3.5,3.5
"83984/1001",NA,83984,614,"60-64 years","male",20,2177,"Shopping",143.564193725586,143.564193725586,"car",0.25,3.98,"weekday",1,"40 to 64","3-5km","bicycle",3.98,0.361818181818182,1.75,2.53272727272727
"83984/1001",NA,83984,614,"60-64 years","male",20,2178,"Shopping",143.564193725586,143.564193725586,"car",0.25,3.67,"weekday",2,"40 to 64","3-5km","bicycle",3.67,0.333636363636364,1.75,2.33545454545455
"83988/1000",NA,83988,616,"45-49 years","female",20,2180,"Work",128.661026000977,128.661026000977,"car",0.166666666666667,3.96,"weekday",1,"40 to 64","3-5km","bicycle",3.96,0.36,1.16666666666667,2.52
"83988/1000",NA,83988,616,"45-49 years","female",20,2181,"Work",128.661026000977,128.661026000977,"car",0.25,3.46,"weekday",2,"40 to 64","3-5km","bicycle",3.46,0.314545454545455,1.75,2.20181818181818
"83988/1001",NA,83988,617,"50-54 years","male",20,2182,"Work",117.068450927734,117.068450927734,"car",0.166666666666667,2.68,"weekday",1,"40 to 64","3-5km","bicycle",2.68,0.243636363636364,1.16666666666667,1.70545454545455
"83988/1001",NA,83988,617,"50-54 years","male",20,2183,"Work",117.068450927734,117.068450927734,"car",0.166666666666667,2.94,"weekday",2,"40 to 64","3-5km","bicycle",2.94,0.267272727272727,1.16666666666667,1.87090909090909
"83988/1002",NA,83988,618,"20-24 years","male",20,2184,"Work",179.940673828125,179.940673828125,"car",0.583333333333333,32.56,"weekday",1,"20 to 39",">10km","car",32.56,0.583333333333333,4.08333333333333,4.08333333333333
"83988/1002",NA,83988,618,"20-24 years","male",20,2185,"Work",179.940673828125,179.940673828125,"car",0.5,32.77,"weekday",2,"20 to 39",">10km","car",32.77,0.5,3.5,3.5
"83989/1000",NA,83989,619,"25-29 years","female",20,2186,"Leisure",138.642837524414,138.642837524414,"car",0.166666666666667,3.45,"weekday",1,"20 to 39","3-5km","bicycle",3.45,0.313636363636364,1.16666666666667,2.19545454545455
"83989/1000",NA,83989,619,"25-29 years","female",20,2187,"Leisure",138.642837524414,138.642837524414,"car",0.25,3.39,"weekday",2,"20 to 39","3-5km","bicycle",3.39,0.308181818181818,1.75,2.15727272727273
"83989/1001",NA,83989,620,"35-39 years","male",20,2188,"Work",102.222640991211,102.222640991211,"car",0.5,16.07,"weekday",1,"20 to 39",">10km","car",16.07,0.5,3.5,3.5
"83989/1001",NA,83989,620,"35-39 years","male",20,2189,"Work",102.222640991211,102.222640991211,"car",0.5,16.3,"weekday",2,"20 to 39",">10km","car",16.3,0.5,3.5,3.5
"83989/1002",NA,83989,621,"30-34 years","female",20,2190,"Work",111.729713439941,111.729713439941,"car",0.5,20.7,"weekday",1,"20 to 39",">10km","car",20.7,0.5,3.5,3.5
"83989/1002",NA,83989,621,"30-34 years","female",20,2191,"Work",111.729713439941,111.729713439941,"car",0.75,20.49,"weekday",2,"20 to 39",">10km","car",20.49,0.75,5.25,5.25
"83989/1002",NA,83989,621,"30-34 years","female",20,2192,"Leisure",111.729713439941,111.729713439941,"car",0.416666666666667,9.39,"weekday",3,"20 to 39","6-10km","car",9.39,0.416666666666667,2.91666666666667,2.91666666666667
"83989/1002",NA,83989,621,"30-34 years","female",20,2193,"Leisure",111.729713439941,111.729713439941,"car",0.333333333333333,9.09,"weekday",4,"20 to 39","6-10km","car",9.09,0.333333333333333,2.33333333333333,2.33333333333333
"83990/1000",NA,83990,622,"35-39 years","female",20,2194,"Leisure",69.9950256347656,69.9950256347656,"car",0.5,11.26,"weekday",1,"20 to 39",">10km","car",11.26,0.5,3.5,3.5
"83990/1000",NA,83990,622,"35-39 years","female",20,2195,"Leisure",69.9950256347656,69.9950256347656,"car",0.5,11.23,"weekday",2,"20 to 39",">10km","car",11.23,0.5,3.5,3.5
"83990/1001",NA,83990,623,"65-69 years","female",20,2196,"Leisure",86.0002593994141,86.0002593994141,"car",0.5,11.26,"weekday",1,"65 plus",">10km","car",11.26,0.5,3.5,3.5
"83990/1001",NA,83990,623,"65-69 years","female",20,2197,"Leisure",86.0002593994141,86.0002593994141,"car",0.5,11.23,"weekday",2,"65 plus",">10km","car",11.23,0.5,3.5,3.5
"83991/1000",NA,83991,624,"50-54 years","male",20,2198,"Work",76.2739486694336,76.2739486694336,"car",0.5,17.68,"weekday",1,"40 to 64",">10km","car",17.68,0.5,3.5,3.5
"83991/1000",NA,83991,624,"50-54 years","male",20,2199,"Work",76.2739486694336,76.2739486694336,"car",0.666666666666667,17.77,"weekday",2,"40 to 64",">10km","car",17.77,0.666666666666667,4.66666666666667,4.66666666666667
"83991/1001",NA,83991,625,"50-54 years","female",20,2200,"Work",69.2914581298828,69.2914581298828,"car",0.416666666666667,10.52,"weekday",1,"40 to 64",">10km","car",10.52,0.416666666666667,2.91666666666667,2.91666666666667
"83991/1001",NA,83991,625,"50-54 years","female",20,2201,"Shopping",69.2914581298828,69.2914581298828,"car",0.166666666666667,0.98,"weekday",2,"40 to 64","<1km","bicycle",0.98,0.0890909090909091,1.16666666666667,0.623636363636364
"83991/1001",NA,83991,625,"50-54 years","female",20,2202,"Shopping",69.2914581298828,69.2914581298828,"car",0.5,9.59,"weekday",3,"40 to 64","6-10km","car",9.59,0.5,3.5,3.5
"83992/1000",NA,83992,626,"55-59 years","male",20,2203,"Work",125.77254486084,125.77254486084,"car",0.75,23.59,"weekday",1,"40 to 64",">10km","car",23.59,0.75,5.25,5.25
"83992/1000",NA,83992,626,"55-59 years","male",20,2204,"Shopping",125.77254486084,125.77254486084,"walking",0.0833333333333333,0.39,"weekday",2,"40 to 64","<1km","walking",0.39,0.0833333333333333,0.583333333333333,0.583333333333333
"83992/1000",NA,83992,626,"55-59 years","male",20,2205,"Work",125.77254486084,125.77254486084,"walking",0.0833333333333333,0.39,"weekday",3,"40 to 64","<1km","walking",0.39,0.0833333333333333,0.583333333333333,0.583333333333333
"83992/1000",NA,83992,626,"55-59 years","male",20,2206,"Work",125.77254486084,125.77254486084,"car",0.833333333333333,23.62,"weekday",4,"40 to 64",">10km","car",23.62,0.833333333333333,5.83333333333333,5.83333333333333
"83992/1001",NA,83992,627,"55-59 years","female",20,2207,"Work",138.399810791016,138.399810791016,"car",0.75,30.82,"weekday",1,"40 to 64",">10km","car",30.82,0.75,5.25,5.25
"83992/1001",NA,83992,627,"55-59 years","female",20,2208,"Shopping",138.399810791016,138.399810791016,"car",0.75,24.19,"weekday",2,"40 to 64",">10km","car",24.19,0.75,5.25,5.25
"83992/1001",NA,83992,627,"55-59 years","female",20,2209,"Shopping",138.399810791016,138.399810791016,"car",0.25,2.01,"weekday",3,"40 to 64","3-5km","bicycle",2.01,0.182727272727273,1.75,1.27909090909091
"83992/1002",NA,83992,628,"20-24 years","female",20,2210,"Education",133.524215698242,133.524215698242,"car",0.75,22.56,"weekday",1,"20 to 39",">10km","car",22.56,0.75,5.25,5.25
"83992/1002",NA,83992,628,"20-24 years","female",20,2211,"Education",133.524215698242,133.524215698242,"car",0.666666666666667,22.32,"weekday",2,"20 to 39",">10km","car",22.32,0.666666666666667,4.66666666666667,4.66666666666667
"83995/1000",NA,83995,630,"50-54 years","female",20,2213,"Work",100.969757080078,100.969757080078,"car",0.7,31.34,"weekday",1,"40 to 64",">10km","car",31.34,0.7,4.9,4.9
"83995/1000",NA,83995,630,"50-54 years","female",20,2214,"Work",100.969757080078,100.969757080078,"car",0.716666666666667,31.5,"weekday",2,"40 to 64",">10km","car",31.5,0.716666666666667,5.01666666666667,5.01666666666667
"83995/1001",NA,83995,631,"45-49 years","male",20,2215,"Work",125.319877624512,125.319877624512,"car",0.483333333333333,23.05,"weekday",1,"40 to 64",">10km","car",23.05,0.483333333333333,3.38333333333333,3.38333333333333
"83995/1001",NA,83995,631,"45-49 years","male",20,2216,"Work",125.319877624512,125.319877624512,"car",0.75,22.88,"weekday",2,"40 to 64",">10km","car",22.88,0.75,5.25,5.25
"83995/1001",NA,83995,631,"45-49 years","male",20,2217,"Shopping",125.319877624512,125.319877624512,"car",0.15,4.08,"weekday",3,"40 to 64","3-5km","bicycle",4.08,0.370909090909091,1.05,2.59636363636364
"83995/1001",NA,83995,631,"45-49 years","male",20,2218,"Shopping",125.319877624512,125.319877624512,"car",0.116666666666667,3.88,"weekday",4,"40 to 64","3-5km","bicycle",3.88,0.352727272727273,0.816666666666667,2.46909090909091
"83995/1002",NA,83995,632,"20-24 years","male",20,2219,"Work",170.835174560547,170.835174560547,"car",0.333333333333333,10.31,"weekday",1,"20 to 39",">10km","car",10.31,0.333333333333333,2.33333333333333,2.33333333333333
"83995/1002",NA,83995,632,"20-24 years","male",20,2220,"Work",170.835174560547,170.835174560547,"car",0.25,10.04,"weekday",2,"20 to 39",">10km","car",10.04,0.25,1.75,1.75
"83995/1003",NA,83995,633,"20-24 years","male",20,2221,"Work",170.835174560547,170.835174560547,"car",0.5,27.73,"weekday",1,"20 to 39",">10km","car",27.73,0.5,3.5,3.5
"83995/1003",NA,83995,633,"20-24 years","male",20,2222,"Work",170.835174560547,170.835174560547,"car",0.5,27.54,"weekday",2,"20 to 39",">10km","car",27.54,0.5,3.5,3.5
"84000/1000",NA,84000,634,"45-49 years","female",20,2223,"Other",163.545227050781,163.545227050781,"car",0.333333333333333,4.09,"weekday",1,"40 to 64","3-5km","bicycle",4.09,0.371818181818182,2.33333333333333,2.60272727272727
"84000/1000",NA,84000,634,"45-49 years","female",20,2224,"Other",163.545227050781,163.545227050781,"car",0.333333333333333,4.19,"weekday",2,"40 to 64","3-5km","bicycle",4.19,0.380909090909091,2.33333333333333,2.66636363636364
"84000/1001",NA,84000,635,"50-54 years","male",20,2225,"Shopping",148.809509277344,148.809509277344,"car",0.25,3.47,"weekday",1,"40 to 64","3-5km","bicycle",3.47,0.315454545454545,1.75,2.20818181818182
"84000/1001",NA,84000,635,"50-54 years","male",20,2226,"Shopping",148.809509277344,148.809509277344,"car",0.25,3.37,"weekday",2,"40 to 64","3-5km","bicycle",3.37,0.306363636363636,1.75,2.14454545454545
"84006/1000",NA,84006,636,"45-49 years","male",20,2227,"Work",125.319877624512,125.319877624512,"car",0.416666666666667,20.8,"weekday",1,"40 to 64",">10km","car",20.8,0.416666666666667,2.91666666666667,2.91666666666667
"84006/1000",NA,84006,636,"45-49 years","male",20,2228,"Work",125.319877624512,125.319877624512,"car",0.416666666666667,21.99,"weekday",2,"40 to 64",">10km","car",21.99,0.416666666666667,2.91666666666667,2.91666666666667
"84006/1001",NA,84006,637,"40-44 years","female",20,2229,"Other",113.294410705566,113.294410705566,"walking",0.25,0.41,"weekday",1,"40 to 64","<1km","walking",0.41,0.25,1.75,1.75
"84006/1001",NA,84006,637,"40-44 years","female",20,2230,"Other",113.294410705566,113.294410705566,"walking",0.25,0.41,"weekday",2,"40 to 64","<1km","walking",0.41,0.25,1.75,1.75
"84006/1001",NA,84006,637,"40-44 years","female",20,2231,"Other",113.294410705566,113.294410705566,"walking",0.25,0.41,"weekday",3,"40 to 64","<1km","walking",0.41,0.25,1.75,1.75
"84006/1001",NA,84006,637,"40-44 years","female",20,2232,"Other",113.294410705566,113.294410705566,"walking",0.25,0.41,"weekday",4,"40 to 64","<1km","walking",0.41,0.25,1.75,1.75
"84008/1000",NA,84008,638,"30-34 years","female",20,2233,"Work",72.7955856323242,72.7955856323242,"car",0.216666666666667,3.6,"weekday",1,"20 to 39","3-5km","bicycle",3.6,0.327272727272727,1.51666666666667,2.29090909090909
"84008/1000",NA,84008,638,"30-34 years","female",20,2234,"Work",72.7955856323242,72.7955856323242,"walking",0.05,0.63,"weekday",1,"20 to 39","<1km","walking",0.63,0.05,0.35,0.35
"84008/1000",NA,84008,638,"30-34 years","female",20,2235,"Work",72.7955856323242,72.7955856323242,"public.transport",0.633333333333333,9.93,"weekday",1,"20 to 39","6-10km","public.transport",9.93,0.633333333333333,4.43333333333333,4.43333333333333
"84008/1000",NA,84008,638,"30-34 years","female",20,2236,"Work",72.7955856323242,72.7955856323242,"public.transport",0.416666666666667,8.75,"weekday",1,"20 to 39","6-10km","public.transport",8.75,0.416666666666667,2.91666666666667,2.91666666666667
"84008/1000",NA,84008,638,"30-34 years","female",20,2237,"Work",72.7955856323242,72.7955856323242,"public.transport",0.5,5.05,"weekday",1,"20 to 39","6-10km","public.transport",5.05,0.5,3.5,3.5
"84008/1000",NA,84008,638,"30-34 years","female",20,2238,"Work",72.7955856323242,72.7955856323242,"walking",0.0833333333333333,0.82,"weekday",1,"20 to 39","<1km","walking",0.82,0.0833333333333333,0.583333333333333,0.583333333333333
"84008/1000",NA,84008,638,"30-34 years","female",20,2239,"Work",72.7955856323242,72.7955856323242,"car",0.75,25.05,"weekday",2,"20 to 39",">10km","car",25.05,0.75,5.25,5.25
"84008/1001",NA,84008,639,"35-39 years","male",20,2240,"Work",66.6014175415039,66.6014175415039,"car",0.75,24.8,"weekday",1,"20 to 39",">10km","car",24.8,0.75,5.25,5.25
"84008/1001",NA,84008,639,"35-39 years","male",20,2241,"Other",66.6014175415039,66.6014175415039,"car",0.0833333333333333,1.56,"weekday",2,"20 to 39","1-2km","bicycle",1.56,0.141818181818182,0.583333333333333,0.992727272727273
"84008/1001",NA,84008,639,"35-39 years","male",20,2242,"Other",66.6014175415039,66.6014175415039,"car",0.75,25.05,"weekday",3,"20 to 39",">10km","car",25.05,0.75,5.25,5.25
"84009/1001",NA,84009,640,"35-39 years","male",20,2243,"Work",97.0498886108398,97.0498886108398,"car",0.666666666666667,26.17,"weekday",1,"20 to 39",">10km","car",26.17,0.666666666666667,4.66666666666667,4.66666666666667
"84009/1001",NA,84009,640,"35-39 years","male",20,2244,"Shopping",97.0498886108398,97.0498886108398,"car",0.5,21.37,"weekday",2,"20 to 39",">10km","car",21.37,0.5,3.5,3.5
"84009/1001",NA,84009,640,"35-39 years","male",20,2245,"Shopping",97.0498886108398,97.0498886108398,"car",0.25,3.76,"weekday",3,"20 to 39","3-5km","bicycle",3.76,0.341818181818182,1.75,2.39272727272727
"84070/1000",NA,84070,641,"40-44 years","female",20,2246,"Shopping",336.650360107422,336.650360107422,"car",0.333333333333333,11.39,"weekday",1,"40 to 64",">10km","car",11.39,0.333333333333333,2.33333333333333,2.33333333333333
"84070/1000",NA,84070,641,"40-44 years","female",20,2247,"Shopping",336.650360107422,336.650360107422,"car",0.25,11.27,"weekday",2,"40 to 64",">10km","car",11.27,0.25,1.75,1.75
"84070/1001",NA,84070,642,"40-44 years","male",20,2248,"Shopping",283.161804199219,283.161804199219,"car",0.333333333333333,11.39,"weekday",1,"40 to 64",">10km","car",11.39,0.333333333333333,2.33333333333333,2.33333333333333
"84070/1001",NA,84070,642,"40-44 years","male",20,2249,"Shopping",283.161804199219,283.161804199219,"car",0.25,11.27,"weekday",2,"40 to 64",">10km","car",11.27,0.25,1.75,1.75
"84073/1000",NA,84073,645,"35-39 years","female",20,2252,"Other",320.457489013672,320.457489013672,"car",0.133333333333333,3.73,"weekday",1,"20 to 39","3-5km","bicycle",3.73,0.339090909090909,0.933333333333333,2.37363636363636
"84073/1000",NA,84073,645,"35-39 years","female",20,2253,"Shopping",320.457489013672,320.457489013672,"car",0.15,5,"weekday",2,"20 to 39","3-5km","bicycle",5,0.454545454545455,1.05,3.18181818181818
"84073/1000",NA,84073,645,"35-39 years","female",20,2254,"Shopping",320.457489013672,320.457489013672,"car",0.2,8.22,"weekday",3,"20 to 39","6-10km","car",8.22,0.2,1.4,1.4
"84073/1000",NA,84073,645,"35-39 years","female",20,2255,"Other",320.457489013672,320.457489013672,"car",0.133333333333333,3.73,"weekday",4,"20 to 39","3-5km","bicycle",3.73,0.339090909090909,0.933333333333333,2.37363636363636
"84073/1000",NA,84073,645,"35-39 years","female",20,2256,"Other",320.457489013672,320.457489013672,"car",0.133333333333333,3.65,"weekday",5,"20 to 39","3-5km","bicycle",3.65,0.331818181818182,0.933333333333333,2.32272727272727
"84073/1001",NA,84073,646,"35-39 years","male",20,2257,"Other",347.083160400391,347.083160400391,"car",0.283333333333333,8.78,"weekday",1,"20 to 39","6-10km","car",8.78,0.283333333333333,1.98333333333333,1.98333333333333
"84073/1001",NA,84073,646,"35-39 years","male",20,2258,"Work",347.083160400391,347.083160400391,"car",0.45,18.39,"weekday",2,"20 to 39",">10km","car",18.39,0.45,3.15,3.15
"84073/1001",NA,84073,646,"35-39 years","male",20,2259,"Work",347.083160400391,347.083160400391,"car",0.466666666666667,12.18,"weekday",3,"20 to 39",">10km","car",12.18,0.466666666666667,3.26666666666667,3.26666666666667
"84073/1001",NA,84073,646,"35-39 years","male",20,2260,"Work",347.083160400391,347.083160400391,"car",0.7,27.17,"weekday",4,"20 to 39",">10km","car",27.17,0.7,4.9,4.9
"84073/1001",NA,84073,646,"35-39 years","male",20,2261,"Leisure",347.083160400391,347.083160400391,"car",0.0333333333333333,0.99,"weekday",5,"20 to 39","<1km","bicycle",0.99,0.09,0.233333333333333,0.63
"84073/1001",NA,84073,646,"35-39 years","male",20,2262,"Leisure",347.083160400391,347.083160400391,"car",0.0333333333333333,0.99,"weekday",6,"20 to 39","<1km","bicycle",0.99,0.09,0.233333333333333,0.63
"84075/1000",NA,84075,647,"60-64 years","male",20,2263,"Leisure",143.074340820312,143.074340820312,"car",0.166666666666667,4.69,"weekday",1,"40 to 64","3-5km","bicycle",4.69,0.426363636363636,1.16666666666667,2.98454545454545
"84075/1000",NA,84075,647,"60-64 years","male",20,2264,"Shopping",143.074340820312,143.074340820312,"car",0.166666666666667,1.04,"weekday",2,"40 to 64","1-2km","bicycle",1.04,0.0945454545454545,1.16666666666667,0.661818181818182
"84075/1000",NA,84075,647,"60-64 years","male",20,2265,"Shopping",143.074340820312,143.074340820312,"car",0.166666666666667,3.28,"weekday",3,"40 to 64","3-5km","bicycle",3.28,0.298181818181818,1.16666666666667,2.08727272727273
"84075/1000",NA,84075,647,"60-64 years","male",20,2266,"Shopping",143.074340820312,143.074340820312,"car",0.0833333333333333,0.64,"weekday",4,"40 to 64","<1km","bicycle",0.64,0.0581818181818182,0.583333333333333,0.407272727272727
"84075/1001",NA,84075,648,"55-59 years","female",20,2267,"Work",179.280990600586,179.280990600586,"car",0.416666666666667,10.03,"weekday",1,"40 to 64",">10km","car",10.03,0.416666666666667,2.91666666666667,2.91666666666667
"84075/1001",NA,84075,648,"55-59 years","female",20,2268,"Work",179.280990600586,179.280990600586,"car",0.416666666666667,10.16,"weekday",2,"40 to 64",">10km","car",10.16,0.416666666666667,2.91666666666667,2.91666666666667
"84078/1000",NA,84078,649,"50-54 years","female",20,2270,"Work",422.304656982422,422.304656982422,"car",0.583333333333333,18.12,"weekday",1,"40 to 64",">10km","car",18.12,0.583333333333333,4.08333333333333,4.08333333333333
"84078/1000",NA,84078,649,"50-54 years","female",20,2273,"Shopping",422.304656982422,422.304656982422,"car",0.583333333333333,15.96,"weekday",2,"40 to 64",">10km","car",15.96,0.583333333333333,4.08333333333333,4.08333333333333
"84078/1000",NA,84078,649,"50-54 years","female",20,2274,"Shopping",422.304656982422,422.304656982422,"car",0.0833333333333333,1.71,"weekday",3,"40 to 64","1-2km","bicycle",1.71,0.155454545454545,0.583333333333333,1.08818181818182
"84078/1001",NA,84078,650,"50-54 years","male",20,2275,"Leisure",402.633728027344,402.633728027344,"walking",0.25,1.09,"weekday",1,"40 to 64","1-2km","walking",1.09,0.25,1.75,1.75
"84078/1001",NA,84078,650,"50-54 years","male",20,2276,"Leisure",402.633728027344,402.633728027344,"walking",0.333333333333333,1.09,"weekday",2,"40 to 64","1-2km","walking",1.09,0.333333333333333,2.33333333333333,2.33333333333333
"84078/1002",NA,84078,651,"20-24 years","female",20,2277,"Other",673.038940429688,673.038940429688,"car",0.0833333333333333,1.89,"weekday",1,"20 to 39","1-2km","bicycle",1.89,0.171818181818182,0.583333333333333,1.20272727272727
"84078/1002",NA,84078,651,"20-24 years","female",20,2278,"Work",673.038940429688,673.038940429688,"car",0.5,19.03,"weekday",2,"20 to 39",">10km","car",19.03,0.5,3.5,3.5
"84078/1002",NA,84078,651,"20-24 years","female",20,2279,"Work",673.038940429688,673.038940429688,"walking",0.0833333333333333,0.66,"weekday",2,"20 to 39","<1km","walking",0.66,0.0833333333333333,0.583333333333333,0.583333333333333
"84078/1002",NA,84078,651,"20-24 years","female",20,2280,"Work",673.038940429688,673.038940429688,"walking",0.0833333333333333,0.66,"weekday",3,"20 to 39","<1km","walking",0.66,0.0833333333333333,0.583333333333333,0.583333333333333
"84078/1002",NA,84078,651,"20-24 years","female",20,2281,"Work",673.038940429688,673.038940429688,"car",0.666666666666667,18.95,"weekday",3,"20 to 39",">10km","car",18.95,0.666666666666667,4.66666666666667,4.66666666666667
"84078/1002",NA,84078,651,"20-24 years","female",20,2282,"Leisure",673.038940429688,673.038940429688,"car",0.0833333333333333,1.86,"weekday",4,"20 to 39","1-2km","bicycle",1.86,0.169090909090909,0.583333333333333,1.18363636363636
"84078/1002",NA,84078,651,"20-24 years","female",20,2283,"Shopping",673.038940429688,673.038940429688,"car",0.0833333333333333,2.58,"weekday",5,"20 to 39","3-5km","bicycle",2.58,0.234545454545455,0.583333333333333,1.64181818181818
"84078/1002",NA,84078,651,"20-24 years","female",20,2284,"Other",673.038940429688,673.038940429688,"car",0.0833333333333333,2.37,"weekday",6,"20 to 39","3-5km","bicycle",2.37,0.215454545454545,0.583333333333333,1.50818181818182
"84078/1003",NA,84078,652,"20-24 years","female",20,2285,"Shopping",673.038940429688,673.038940429688,"car",0.5,17.23,"weekday",1,"20 to 39",">10km","car",17.23,0.5,3.5,3.5
"84078/1003",NA,84078,652,"20-24 years","female",20,2286,"Shopping",673.038940429688,673.038940429688,"car",0.316666666666667,16.72,"weekday",2,"20 to 39",">10km","car",16.72,0.316666666666667,2.21666666666667,2.21666666666667
"84083/1000",NA,84083,653,"45-49 years","female",20,2287,"Other",184.702865600586,184.702865600586,"car",0.0833333333333333,1.6,"weekday",1,"40 to 64","1-2km","bicycle",1.6,0.145454545454545,0.583333333333333,1.01818181818182
"84083/1000",NA,84083,653,"45-49 years","female",20,2288,"Other",184.702865600586,184.702865600586,"car",0.0833333333333333,1.61,"weekday",2,"40 to 64","1-2km","bicycle",1.61,0.146363636363636,0.583333333333333,1.02454545454545
"84083/1000",NA,84083,653,"45-49 years","female",20,2289,"Other",184.702865600586,184.702865600586,"car",0.0833333333333333,1.6,"weekday",3,"40 to 64","1-2km","bicycle",1.6,0.145454545454545,0.583333333333333,1.01818181818182
"84083/1000",NA,84083,653,"45-49 years","female",20,2290,"Other",184.702865600586,184.702865600586,"car",0.0833333333333333,1.61,"weekday",4,"40 to 64","1-2km","bicycle",1.61,0.146363636363636,0.583333333333333,1.02454545454545
"84084/1000",NA,84084,654,"45-49 years","male",20,2291,"Work",533.046752929688,533.046752929688,"car",0.833333333333333,42.42,"weekday",1,"40 to 64",">10km","car",42.42,0.833333333333333,5.83333333333333,5.83333333333333
"84084/1000",NA,84084,654,"45-49 years","male",20,2292,"Work",533.046752929688,533.046752929688,"car",1.25,41.69,"weekday",2,"40 to 64",">10km","car",41.69,1.25,8.75,8.75
"84084/1001",NA,84084,655,"45-49 years","female",20,2293,"Other",519.730773925781,519.730773925781,"car",0.0833333333333333,1.52,"weekday",1,"40 to 64","1-2km","bicycle",1.52,0.138181818181818,0.583333333333333,0.967272727272727
"84084/1001",NA,84084,655,"45-49 years","female",20,2294,"Other",519.730773925781,519.730773925781,"car",0.0833333333333333,1.53,"weekday",2,"40 to 64","1-2km","bicycle",1.53,0.139090909090909,0.583333333333333,0.973636363636364
"84084/1001",NA,84084,655,"45-49 years","female",20,2295,"Other",519.730773925781,519.730773925781,"car",0.0833333333333333,1.52,"weekday",3,"40 to 64","1-2km","bicycle",1.52,0.138181818181818,0.583333333333333,0.967272727272727
"84084/1001",NA,84084,655,"45-49 years","female",20,2296,"Other",519.730773925781,519.730773925781,"car",0.116666666666667,1.53,"weekday",4,"40 to 64","1-2km","bicycle",1.53,0.139090909090909,0.816666666666667,0.973636363636364
"84087/1000",NA,84087,658,"55-59 years","female",20,2299,"Work",285.437072753906,285.437072753906,"car",0.333333333333333,12.61,"weekday",1,"40 to 64",">10km","car",12.61,0.333333333333333,2.33333333333333,2.33333333333333
"84087/1000",NA,84087,658,"55-59 years","female",20,2300,"Shopping",285.437072753906,285.437072753906,"car",0.416666666666667,7,"weekday",2,"40 to 64","6-10km","car",7,0.416666666666667,2.91666666666667,2.91666666666667
"84087/1000",NA,84087,658,"55-59 years","female",20,2301,"Shopping",285.437072753906,285.437072753906,"car",0.333333333333333,5.61,"weekday",3,"40 to 64","6-10km","car",5.61,0.333333333333333,2.33333333333333,2.33333333333333
"84087/1001",NA,84087,659,"70-74 years","male",20,2302,"Leisure",242.261428833008,242.261428833008,"walking",1,2.38,"weekday",1,"65 plus","3-5km","walking",2.38,1,7,7
"84087/1001",NA,84087,659,"70-74 years","male",20,2303,"Leisure",242.261428833008,242.261428833008,"walking",0.166666666666667,2.38,"weekday",2,"65 plus","3-5km","walking",2.38,0.166666666666667,1.16666666666667,1.16666666666667
"84087/1001",NA,84087,659,"70-74 years","male",20,2304,"Other",242.261428833008,242.261428833008,"car",0.333333333333333,8.57,"weekday",3,"65 plus","6-10km","car",8.57,0.333333333333333,2.33333333333333,2.33333333333333
"84087/1001",NA,84087,659,"70-74 years","male",20,2305,"Other",242.261428833008,242.261428833008,"car",0.333333333333333,8.4,"weekday",4,"65 plus","6-10km","car",8.4,0.333333333333333,2.33333333333333,2.33333333333333
"84087/1002",NA,84087,660,"30-34 years","female",20,2306,"Work",395.394561767578,395.394561767578,"car",0.333333333333333,6.85,"weekday",1,"20 to 39","6-10km","car",6.85,0.333333333333333,2.33333333333333,2.33333333333333
"84087/1002",NA,84087,660,"30-34 years","female",20,2307,"Other",395.394561767578,395.394561767578,"car",1,23.49,"weekday",2,"20 to 39",">10km","car",23.49,1,7,7
"84087/1002",NA,84087,660,"30-34 years","female",20,2308,"Other",395.394561767578,395.394561767578,"car",0.25,6.83,"weekday",3,"20 to 39","6-10km","car",6.83,0.25,1.75,1.75
"84087/1002",NA,84087,660,"30-34 years","female",20,2309,"Other",395.394561767578,395.394561767578,"car",0.5,18.63,"weekday",4,"20 to 39",">10km","car",18.63,0.5,3.5,3.5
"84087/1002",NA,84087,660,"30-34 years","female",20,2310,"Work",395.394561767578,395.394561767578,"car",0.333333333333333,6.85,"weekday",5,"20 to 39","6-10km","car",6.85,0.333333333333333,2.33333333333333,2.33333333333333
"84087/1002",NA,84087,660,"30-34 years","female",20,2311,"Work",395.394561767578,395.394561767578,"car",0.333333333333333,6.75,"weekday",6,"20 to 39","6-10km","car",6.75,0.333333333333333,2.33333333333333,2.33333333333333
"84089/1000",NA,84089,662,"65-69 years","male",20,2313,"Shopping",241.350006103516,241.350006103516,"car",0.5,29.65,"weekday",1,"65 plus",">10km","car",29.65,0.5,3.5,3.5
"84089/1000",NA,84089,662,"65-69 years","male",20,2314,"Shopping",241.350006103516,241.350006103516,"car",0.5,29.34,"weekday",2,"65 plus",">10km","car",29.34,0.5,3.5,3.5
"84089/1000",NA,84089,662,"65-69 years","male",20,2315,"Shopping",241.350006103516,241.350006103516,"car",0.133333333333333,2.87,"weekday",3,"65 plus","3-5km","bicycle",2.87,0.260909090909091,0.933333333333333,1.82636363636364
"84089/1000",NA,84089,662,"65-69 years","male",20,2316,"Shopping",241.350006103516,241.350006103516,"car",0.0833333333333333,2.8,"weekday",4,"65 plus","3-5km","bicycle",2.8,0.254545454545455,0.583333333333333,1.78181818181818
"84089/1001",NA,84089,663,"50-54 years","female",20,2317,"Work",308.720367431641,308.720367431641,"car",0.116666666666667,4.28,"weekday",1,"40 to 64","3-5km","bicycle",4.28,0.389090909090909,0.816666666666667,2.72363636363636
"84089/1001",NA,84089,663,"50-54 years","female",20,2318,"Shopping",308.720367431641,308.720367431641,"car",0.5,29.65,"weekday",2,"40 to 64",">10km","car",29.65,0.5,3.5,3.5
"84089/1001",NA,84089,663,"50-54 years","female",20,2319,"Shopping",308.720367431641,308.720367431641,"car",0.5,29.34,"weekday",3,"40 to 64",">10km","car",29.34,0.5,3.5,3.5
"84089/1002",NA,84089,664,"20-24 years","female",20,2320,"Work",492.016418457031,492.016418457031,"car",0.25,8.63,"weekday",1,"20 to 39","6-10km","car",8.63,0.25,1.75,1.75
"84089/1002",NA,84089,664,"20-24 years","female",20,2321,"Work",492.016418457031,492.016418457031,"car",0.25,8.42,"weekday",2,"20 to 39","6-10km","car",8.42,0.25,1.75,1.75
"84090/1001",NA,84090,665,"70-74 years","male",20,2322,"Leisure",152.162673950195,152.162673950195,"car",0.5,19.96,"weekday",1,"65 plus",">10km","car",19.96,0.5,3.5,3.5
"84090/1001",NA,84090,665,"70-74 years","male",20,2323,"Leisure",152.162673950195,152.162673950195,"car",0.666666666666667,19.83,"weekday",2,"65 plus",">10km","car",19.83,0.666666666666667,4.66666666666667,4.66666666666667
"84091/1000",NA,84091,666,"70-74 years","male",20,2324,"Other",152.162673950195,152.162673950195,"car",0.5,6.08,"weekday",1,"65 plus","6-10km","car",6.08,0.5,3.5,3.5
"84091/1000",NA,84091,666,"70-74 years","male",20,2325,"Shopping",152.162673950195,152.162673950195,"car",0.25,1.49,"weekday",2,"65 plus","1-2km","bicycle",1.49,0.135454545454545,1.75,0.948181818181818
"84091/1000",NA,84091,666,"70-74 years","male",20,2326,"Shopping",152.162673950195,152.162673950195,"car",0.0833333333333333,0.84,"weekday",3,"65 plus","<1km","bicycle",0.84,0.0763636363636364,0.583333333333333,0.534545454545454
"84091/1000",NA,84091,666,"70-74 years","male",20,2327,"Shopping",152.162673950195,152.162673950195,"car",0.0833333333333333,1.72,"weekday",4,"65 plus","1-2km","bicycle",1.72,0.156363636363636,0.583333333333333,1.09454545454545
"84091/1000",NA,84091,666,"70-74 years","male",20,2328,"Shopping",152.162673950195,152.162673950195,"car",0.0833333333333333,1.96,"weekday",5,"65 plus","1-2km","bicycle",1.96,0.178181818181818,0.583333333333333,1.24727272727273
"84091/1001",NA,84091,667,"65-69 years","female",20,2329,"Other",158.535507202148,158.535507202148,"car",0.5,6.08,"weekday",1,"65 plus","6-10km","car",6.08,0.5,3.5,3.5
"84091/1001",NA,84091,667,"65-69 years","female",20,2330,"Other",158.535507202148,158.535507202148,"car",0.25,1.49,"weekday",2,"65 plus","1-2km","bicycle",1.49,0.135454545454545,1.75,0.948181818181818
"84091/1001",NA,84091,667,"65-69 years","female",20,2331,"Other",158.535507202148,158.535507202148,"car",0.0833333333333333,0.84,"weekday",3,"65 plus","<1km","bicycle",0.84,0.0763636363636364,0.583333333333333,0.534545454545454
"84091/1001",NA,84091,667,"65-69 years","female",20,2332,"Other",158.535507202148,158.535507202148,"car",0.0833333333333333,1.72,"weekday",4,"65 plus","1-2km","bicycle",1.72,0.156363636363636,0.583333333333333,1.09454545454545
"84091/1001",NA,84091,667,"65-69 years","female",20,2333,"Other",158.535507202148,158.535507202148,"car",0.0833333333333333,1.96,"weekday",5,"65 plus","1-2km","bicycle",1.96,0.178181818181818,0.583333333333333,1.24727272727273
"84092/1000",NA,84092,668,"45-49 years","female",20,2334,"Work",294.0693359375,294.0693359375,"car",0.25,12.77,"weekday",1,"40 to 64",">10km","car",12.77,0.25,1.75,1.75
"84092/1000",NA,84092,668,"45-49 years","female",20,2335,"Work",294.0693359375,294.0693359375,"car",0.25,12.56,"weekday",2,"40 to 64",">10km","car",12.56,0.25,1.75,1.75
"84092/1001",NA,84092,669,"45-49 years","male",20,2336,"Work",301.603668212891,301.603668212891,"car",1.25,56.92,"weekday",1,"40 to 64",">10km","car",56.92,1.25,8.75,8.75
"84092/1001",NA,84092,669,"45-49 years","male",20,2337,"Work",301.603668212891,301.603668212891,"car",1,56.85,"weekday",2,"40 to 64",">10km","car",56.85,1,7,7
"84094/1000",NA,84094,670,"40-44 years","female",20,2338,"Other",336.650360107422,336.650360107422,"car",0.166666666666667,1.19,"weekday",1,"40 to 64","1-2km","bicycle",1.19,0.108181818181818,1.16666666666667,0.757272727272727
"84094/1000",NA,84094,670,"40-44 years","female",20,2339,"Leisure",336.650360107422,336.650360107422,"car",0.166666666666667,4.46,"weekday",2,"40 to 64","3-5km","bicycle",4.46,0.405454545454545,1.16666666666667,2.83818181818182
"84094/1000",NA,84094,670,"40-44 years","female",20,2340,"Leisure",336.650360107422,336.650360107422,"car",0.166666666666667,5.16,"weekday",3,"40 to 64","6-10km","car",5.16,0.166666666666667,1.16666666666667,1.16666666666667
"84094/1000",NA,84094,670,"40-44 years","female",20,2341,"Work",336.650360107422,336.650360107422,"car",0.416666666666667,13.32,"weekday",4,"40 to 64",">10km","car",13.32,0.416666666666667,2.91666666666667,2.91666666666667
"84094/1000",NA,84094,670,"40-44 years","female",20,2342,"Shopping",336.650360107422,336.650360107422,"car",0.416666666666667,10.76,"weekday",5,"40 to 64",">10km","car",10.76,0.416666666666667,2.91666666666667,2.91666666666667
"84094/1000",NA,84094,670,"40-44 years","female",20,2343,"Other",336.650360107422,336.650360107422,"car",0.05,1.44,"weekday",6,"40 to 64","1-2km","bicycle",1.44,0.130909090909091,0.35,0.916363636363636
"84094/1000",NA,84094,670,"40-44 years","female",20,2344,"Other",336.650360107422,336.650360107422,"car",0.166666666666667,1.22,"weekday",7,"40 to 64","1-2km","bicycle",1.22,0.110909090909091,1.16666666666667,0.776363636363636
"84094/1001",NA,84094,671,"45-49 years","male",20,2345,"Other",301.603668212891,301.603668212891,"car",0.166666666666667,1.19,"weekday",1,"40 to 64","1-2km","bicycle",1.19,0.108181818181818,1.16666666666667,0.757272727272727
"84094/1001",NA,84094,671,"45-49 years","male",20,2346,"Leisure",301.603668212891,301.603668212891,"car",0.166666666666667,4.46,"weekday",2,"40 to 64","3-5km","bicycle",4.46,0.405454545454545,1.16666666666667,2.83818181818182
"84094/1001",NA,84094,671,"45-49 years","male",20,2347,"Leisure",301.603668212891,301.603668212891,"car",0.166666666666667,5.16,"weekday",3,"40 to 64","6-10km","car",5.16,0.166666666666667,1.16666666666667,1.16666666666667
"84096/1000",NA,84096,672,"60-64 years","male",20,2348,"Other",227.791702270508,227.791702270508,"car",0.283333333333333,12.82,"weekday",1,"40 to 64",">10km","car",12.82,0.283333333333333,1.98333333333333,1.98333333333333
"84096/1000",NA,84096,672,"60-64 years","male",20,2349,"Other",227.791702270508,227.791702270508,"car",0.266666666666667,12.88,"weekday",2,"40 to 64",">10km","car",12.88,0.266666666666667,1.86666666666667,1.86666666666667
"84096/1002",NA,84096,673,"20-24 years","female",20,2350,"Other",492.016418457031,492.016418457031,"car",0.283333333333333,12.82,"weekday",1,"20 to 39",">10km","car",12.82,0.283333333333333,1.98333333333333,1.98333333333333
"84096/1002",NA,84096,673,"20-24 years","female",20,2351,"Other",492.016418457031,492.016418457031,"car",0.266666666666667,12.88,"weekday",2,"20 to 39",">10km","car",12.88,0.266666666666667,1.86666666666667,1.86666666666667
"84097/1000",NA,84097,674,"60-64 years","female",20,2352,"Work",200.211456298828,200.211456298828,"car",0.5,5.87,"weekday",1,"40 to 64","6-10km","car",5.87,0.5,3.5,3.5
"84097/1000",NA,84097,674,"60-64 years","female",20,2353,"Work",200.211456298828,200.211456298828,"car",0.5,6.72,"weekday",2,"40 to 64","6-10km","car",6.72,0.5,3.5,3.5
"84098/1000",NA,84098,675,"65-69 years","female",20,2354,"Leisure",158.535507202148,158.535507202148,"car",0.25,6.88,"weekday",1,"65 plus","6-10km","car",6.88,0.25,1.75,1.75
"84098/1000",NA,84098,675,"65-69 years","female",20,2355,"Other",158.535507202148,158.535507202148,"car",0.15,3.18,"weekday",2,"65 plus","3-5km","bicycle",3.18,0.289090909090909,1.05,2.02363636363636
"84098/1000",NA,84098,675,"65-69 years","female",20,2356,"Other",158.535507202148,158.535507202148,"car",0.166666666666667,5.13,"weekday",3,"65 plus","6-10km","car",5.13,0.166666666666667,1.16666666666667,1.16666666666667
"84098/1000",NA,84098,675,"65-69 years","female",20,2357,"Leisure",158.535507202148,158.535507202148,"car",0.25,8.11,"weekday",4,"65 plus","6-10km","car",8.11,0.25,1.75,1.75
"84098/1000",NA,84098,675,"65-69 years","female",20,2358,"Leisure",158.535507202148,158.535507202148,"car",0.25,7.95,"weekday",5,"65 plus","6-10km","car",7.95,0.25,1.75,1.75
"84100/1000",NA,84100,676,"45-49 years","male",20,2359,"Other",455.289733886719,455.289733886719,"car",0.666666666666667,16,"weekday",1,"40 to 64",">10km","car",16,0.666666666666667,4.66666666666667,4.66666666666667
"84100/1000",NA,84100,676,"45-49 years","male",20,2360,"Other",455.289733886719,455.289733886719,"car",0.583333333333333,15.82,"weekday",2,"40 to 64",">10km","car",15.82,0.583333333333333,4.08333333333333,4.08333333333333
"84100/1001",NA,84100,677,"40-44 years","female",20,2361,"Other",533.81396484375,533.81396484375,"car",0.5,13.78,"weekday",1,"40 to 64",">10km","car",13.78,0.5,3.5,3.5
"84100/1001",NA,84100,677,"40-44 years","female",20,2362,"Other",533.81396484375,533.81396484375,"car",0.5,14.14,"weekday",2,"40 to 64",">10km","car",14.14,0.5,3.5,3.5
"84103/1000",NA,84103,678,"35-39 years","female",20,2363,"Other",813.797668457031,813.797668457031,"car",0.483333333333333,10.36,"weekday",1,"20 to 39",">10km","car",10.36,0.483333333333333,3.38333333333333,3.38333333333333
"84103/1000",NA,84103,678,"35-39 years","female",20,2364,"Other",813.797668457031,813.797668457031,"car",0.266666666666667,10.33,"weekday",2,"20 to 39",">10km","car",10.33,0.266666666666667,1.86666666666667,1.86666666666667
"84103/1000",NA,84103,678,"35-39 years","female",20,2365,"Work",813.797668457031,813.797668457031,"car",0.533333333333333,23.28,"weekday",3,"20 to 39",">10km","car",23.28,0.533333333333333,3.73333333333333,3.73333333333333
"84103/1000",NA,84103,678,"35-39 years","female",20,2366,"Shopping",813.797668457031,813.797668457031,"walking",0.25,0.93,"weekday",4,"20 to 39","<1km","walking",0.93,0.25,1.75,1.75
"84103/1000",NA,84103,678,"35-39 years","female",20,2367,"Shopping",813.797668457031,813.797668457031,"car",0.75,27.13,"weekday",5,"20 to 39",">10km","car",27.13,0.75,5.25,5.25
"84103/1000",NA,84103,678,"35-39 years","female",20,2368,"Other",813.797668457031,813.797668457031,"car",0.416666666666667,10.36,"weekday",6,"20 to 39",">10km","car",10.36,0.416666666666667,2.91666666666667,2.91666666666667
"84103/1000",NA,84103,678,"35-39 years","female",20,2369,"Other",813.797668457031,813.797668457031,"car",0.583333333333333,10.33,"weekday",7,"20 to 39",">10km","car",10.33,0.583333333333333,4.08333333333333,4.08333333333333
"84103/1001",NA,84103,679,"40-44 years","male",20,2370,"Other",800.032165527344,800.032165527344,"car",0.483333333333333,10.36,"weekday",1,"40 to 64",">10km","car",10.36,0.483333333333333,3.38333333333333,3.38333333333333
"84103/1001",NA,84103,679,"40-44 years","male",20,2371,"Other",800.032165527344,800.032165527344,"car",0.266666666666667,10.33,"weekday",2,"40 to 64",">10km","car",10.33,0.266666666666667,1.86666666666667,1.86666666666667
"84103/1001",NA,84103,679,"40-44 years","male",20,2372,"Work",800.032165527344,800.032165527344,"car",0.533333333333333,23.28,"weekday",3,"40 to 64",">10km","car",23.28,0.533333333333333,3.73333333333333,3.73333333333333
"84103/1001",NA,84103,679,"40-44 years","male",20,2373,"Shopping",800.032165527344,800.032165527344,"walking",0.25,0.93,"weekday",4,"40 to 64","<1km","walking",0.93,0.25,1.75,1.75
"84103/1001",NA,84103,679,"40-44 years","male",20,2374,"Shopping",800.032165527344,800.032165527344,"car",0.75,27.13,"weekday",5,"40 to 64",">10km","car",27.13,0.75,5.25,5.25
"84103/1001",NA,84103,679,"40-44 years","male",20,2375,"Other",800.032165527344,800.032165527344,"car",0.416666666666667,10.36,"weekday",6,"40 to 64",">10km","car",10.36,0.416666666666667,2.91666666666667,2.91666666666667
"84103/1001",NA,84103,679,"40-44 years","male",20,2376,"Other",800.032165527344,800.032165527344,"car",0.583333333333333,10.33,"weekday",7,"40 to 64",">10km","car",10.33,0.583333333333333,4.08333333333333,4.08333333333333
"84104/1000",NA,84104,680,"50-54 years","male",20,2377,"Work",488.224273681641,488.224273681641,"car",0.75,19.93,"weekday",1,"40 to 64",">10km","car",19.93,0.75,5.25,5.25
"84104/1000",NA,84104,680,"50-54 years","male",20,2378,"Work",488.224273681641,488.224273681641,"car",0.666666666666667,19.67,"weekday",2,"40 to 64",">10km","car",19.67,0.666666666666667,4.66666666666667,4.66666666666667
"84104/1001",NA,84104,681,"50-54 years","female",20,2379,"Work",484.974609375,484.974609375,"car",0.5,25.77,"weekday",1,"40 to 64",">10km","car",25.77,0.5,3.5,3.5
"84104/1001",NA,84104,681,"50-54 years","female",20,2380,"Work",484.974609375,484.974609375,"car",0.5,25.24,"weekday",2,"40 to 64",">10km","car",25.24,0.5,3.5,3.5
"84105/1000",NA,84105,682,"45-49 years","female",20,2381,"Work",589.9345703125,589.9345703125,"car",0.5,15.8,"weekday",1,"40 to 64",">10km","car",15.8,0.5,3.5,3.5
"84105/1000",NA,84105,682,"45-49 years","female",20,2382,"Leisure",589.9345703125,589.9345703125,"car",0.5,10.14,"weekday",2,"40 to 64",">10km","car",10.14,0.5,3.5,3.5
"84105/1000",NA,84105,682,"45-49 years","female",20,2383,"Shopping",589.9345703125,589.9345703125,"car",0.0833333333333333,1.74,"weekday",3,"40 to 64","1-2km","bicycle",1.74,0.158181818181818,0.583333333333333,1.10727272727273
"84105/1000",NA,84105,682,"45-49 years","female",20,2384,"Leisure",589.9345703125,589.9345703125,"car",0.166666666666667,1.77,"weekday",4,"40 to 64","1-2km","bicycle",1.77,0.160909090909091,1.16666666666667,1.12636363636364
"84105/1000",NA,84105,682,"45-49 years","female",20,2385,"Shopping",589.9345703125,589.9345703125,"car",0.166666666666667,3.4,"weekday",5,"40 to 64","3-5km","bicycle",3.4,0.309090909090909,1.16666666666667,2.16363636363636
"84105/1000",NA,84105,682,"45-49 years","female",20,2386,"Leisure",589.9345703125,589.9345703125,"car",0.0833333333333333,2.93,"weekday",6,"40 to 64","3-5km","bicycle",2.93,0.266363636363636,0.583333333333333,1.86454545454545
"84105/1000",NA,84105,682,"45-49 years","female",20,2387,"Leisure",589.9345703125,589.9345703125,"car",0.5,18.91,"weekday",7,"40 to 64",">10km","car",18.91,0.5,3.5,3.5
"84106/1000",NA,84106,683,"50-54 years","male",20,2388,"Work",488.224273681641,488.224273681641,"car",0.666666666666667,16.94,"weekday",1,"40 to 64",">10km","car",16.94,0.666666666666667,4.66666666666667,4.66666666666667
"84106/1000",NA,84106,683,"50-54 years","male",20,2389,"Work",488.224273681641,488.224273681641,"car",0.666666666666667,16.97,"weekday",2,"40 to 64",">10km","car",16.97,0.666666666666667,4.66666666666667,4.66666666666667
"84106/1001",NA,84106,684,"45-49 years","female",20,2390,"Work",587.36279296875,587.36279296875,"car",0.0833333333333333,2.12,"weekday",1,"40 to 64","3-5km","bicycle",2.12,0.192727272727273,0.583333333333333,1.34909090909091
"84106/1001",NA,84106,684,"45-49 years","female",20,2391,"Work",587.36279296875,587.36279296875,"car",0.0833333333333333,2.38,"weekday",2,"40 to 64","3-5km","bicycle",2.38,0.216363636363636,0.583333333333333,1.51454545454545
"84106/1001",NA,84106,684,"45-49 years","female",20,2392,"Leisure",587.36279296875,587.36279296875,"car",0.0833333333333333,3.37,"weekday",3,"40 to 64","3-5km","bicycle",3.37,0.306363636363636,0.583333333333333,2.14454545454545
"84106/1001",NA,84106,684,"45-49 years","female",20,2393,"Leisure",587.36279296875,587.36279296875,"car",0.0833333333333333,3.63,"weekday",4,"40 to 64","3-5km","bicycle",3.63,0.33,0.583333333333333,2.31
"84106/1001",NA,84106,684,"45-49 years","female",20,2394,"Shopping",587.36279296875,587.36279296875,"car",0.416666666666667,18.41,"weekday",5,"40 to 64",">10km","car",18.41,0.416666666666667,2.91666666666667,2.91666666666667
"84106/1001",NA,84106,684,"45-49 years","female",20,2395,"Shopping",587.36279296875,587.36279296875,"car",0.5,18.39,"weekday",6,"40 to 64",">10km","car",18.39,0.5,3.5,3.5
"84106/1001",NA,84106,684,"45-49 years","female",20,2396,"Work",587.36279296875,587.36279296875,"car",0.0833333333333333,2.12,"weekday",7,"40 to 64","3-5km","bicycle",2.12,0.192727272727273,0.583333333333333,1.34909090909091
"84106/1001",NA,84106,684,"45-49 years","female",20,2397,"Work",587.36279296875,587.36279296875,"car",0.0833333333333333,2.38,"weekday",8,"40 to 64","3-5km","bicycle",2.38,0.216363636363636,0.583333333333333,1.51454545454545
"84106/1002",NA,84106,685,"15-19 years","female",20,2398,"Work",456.759735107422,456.759735107422,"car",0.0833333333333333,2.12,"weekday",1,"15 to 19","3-5km","bicycle",2.12,0.192727272727273,0.583333333333333,1.34909090909091
"84106/1002",NA,84106,685,"15-19 years","female",20,2399,"Work",456.759735107422,456.759735107422,"car",0.0833333333333333,2.38,"weekday",2,"15 to 19","3-5km","bicycle",2.38,0.216363636363636,0.583333333333333,1.51454545454545
"84106/1002",NA,84106,685,"15-19 years","female",20,2400,"Other",456.759735107422,456.759735107422,"walking",0.333333333333333,1.55,"weekday",3,"15 to 19","1-2km","walking",1.55,0.333333333333333,2.33333333333333,2.33333333333333
"84106/1002",NA,84106,685,"15-19 years","female",20,2401,"Other",456.759735107422,456.759735107422,"public.transport",0.866666666666667,19.21,"weekday",3,"15 to 19",">10km","public.transport",19.21,0.866666666666667,6.06666666666667,6.06666666666667
"84106/1002",NA,84106,685,"15-19 years","female",20,2402,"Other",456.759735107422,456.759735107422,"public.transport",0.166666666666667,3.6,"weekday",3,"15 to 19","3-5km","public.transport",3.6,0.166666666666667,1.16666666666667,1.16666666666667
"84106/1002",NA,84106,685,"15-19 years","female",20,2403,"Other",456.759735107422,456.759735107422,"walking",0.0833333333333333,0.3,"weekday",3,"15 to 19","<1km","walking",0.3,0.0833333333333333,0.583333333333333,0.583333333333333
"84106/1002",NA,84106,685,"15-19 years","female",20,2404,"Other",456.759735107422,456.759735107422,"walking",0.0833333333333333,0.3,"weekday",4,"15 to 19","<1km","walking",0.3,0.0833333333333333,0.583333333333333,0.583333333333333
"84106/1002",NA,84106,685,"15-19 years","female",20,2405,"Other",456.759735107422,456.759735107422,"public.transport",0.25,3.9,"weekday",4,"15 to 19","3-5km","public.transport",3.9,0.25,1.75,1.75
"84106/1002",NA,84106,685,"15-19 years","female",20,2406,"Other",456.759735107422,456.759735107422,"public.transport",0.416666666666667,19.63,"weekday",4,"15 to 19",">10km","public.transport",19.63,0.416666666666667,2.91666666666667,2.91666666666667
"84106/1002",NA,84106,685,"15-19 years","female",20,2407,"Other",456.759735107422,456.759735107422,"car",0.0833333333333333,1.69,"weekday",4,"15 to 19","1-2km","bicycle",1.69,0.153636363636364,0.583333333333333,1.07545454545455
"84107/1000",NA,84107,686,"45-49 years","female",20,2408,"Work",661.040344238281,661.040344238281,"car",0.583333333333333,20.18,"weekday",1,"40 to 64",">10km","car",20.18,0.583333333333333,4.08333333333333,4.08333333333333
"84107/1000",NA,84107,686,"45-49 years","female",20,2409,"Work",661.040344238281,661.040344238281,"car",0.75,20.2,"weekday",2,"40 to 64",">10km","car",20.2,0.75,5.25,5.25
"84107/1001",NA,84107,687,"15-19 years","female",20,2410,"Education",514.0546875,514.0546875,"public.transport",0.416666666666667,11.06,"weekday",1,"15 to 19",">10km","public.transport",11.06,0.416666666666667,2.91666666666667,2.91666666666667
"84107/1001",NA,84107,687,"15-19 years","female",20,2411,"Education",514.0546875,514.0546875,"public.transport",0.333333333333333,11.02,"weekday",2,"15 to 19",">10km","public.transport",11.02,0.333333333333333,2.33333333333333,2.33333333333333
"84107/1002",NA,84107,688,"15-19 years","female",20,2412,"Education",514.0546875,514.0546875,"public.transport",0.416666666666667,11.06,"weekday",1,"15 to 19",">10km","public.transport",11.06,0.416666666666667,2.91666666666667,2.91666666666667
"84107/1002",NA,84107,688,"15-19 years","female",20,2413,"Education",514.0546875,514.0546875,"public.transport",0.333333333333333,11.02,"weekday",2,"15 to 19",">10km","public.transport",11.02,0.333333333333333,2.33333333333333,2.33333333333333
"84108/1000",NA,84108,689,"40-44 years","female",20,2414,"Work",830.912109375,830.912109375,"car",0.666666666666667,23.36,"weekday",1,"40 to 64",">10km","car",23.36,0.666666666666667,4.66666666666667,4.66666666666667
"84108/1000",NA,84108,689,"40-44 years","female",20,2415,"Work",830.912109375,830.912109375,"car",0.75,23.07,"weekday",2,"40 to 64",">10km","car",23.07,0.75,5.25,5.25
"84108/1000",NA,84108,689,"40-44 years","female",20,2416,"Leisure",830.912109375,830.912109375,"car",0.583333333333333,25.9,"weekday",3,"40 to 64",">10km","car",25.9,0.583333333333333,4.08333333333333,4.08333333333333
"84108/1000",NA,84108,689,"40-44 years","female",20,2417,"Leisure",830.912109375,830.912109375,"car",0.583333333333333,25.96,"weekday",4,"40 to 64",">10km","car",25.96,0.583333333333333,4.08333333333333,4.08333333333333
"84108/1001",NA,84108,690,"40-44 years","male",20,2418,"Leisure",800.032165527344,800.032165527344,"car",0.166666666666667,2.51,"weekday",1,"40 to 64","3-5km","bicycle",2.51,0.228181818181818,1.16666666666667,1.59727272727273
"84108/1001",NA,84108,690,"40-44 years","male",20,2419,"Leisure",800.032165527344,800.032165527344,"car",0.166666666666667,2.73,"weekday",2,"40 to 64","3-5km","bicycle",2.73,0.248181818181818,1.16666666666667,1.73727272727273
"84108/1001",NA,84108,690,"40-44 years","male",20,2420,"Work",800.032165527344,800.032165527344,"car",0.666666666666667,27.43,"weekday",3,"40 to 64",">10km","car",27.43,0.666666666666667,4.66666666666667,4.66666666666667
"84108/1001",NA,84108,690,"40-44 years","male",20,2421,"Other",800.032165527344,800.032165527344,"car",1,20.96,"weekday",4,"40 to 64",">10km","car",20.96,1,7,7
"84108/1001",NA,84108,690,"40-44 years","male",20,2422,"Leisure",800.032165527344,800.032165527344,"car",0.583333333333333,34.33,"weekday",5,"40 to 64",">10km","car",34.33,0.583333333333333,4.08333333333333,4.08333333333333
"84108/1001",NA,84108,690,"40-44 years","male",20,2423,"Leisure",800.032165527344,800.032165527344,"car",0.833333333333333,25.96,"weekday",6,"40 to 64",">10km","car",25.96,0.833333333333333,5.83333333333333,5.83333333333333
"84108/1002",NA,84108,691,"15-19 years","male",20,2424,"Work",782.303466796875,782.303466796875,"car",1.5,71.15,"weekday",1,"15 to 19",">10km","car",71.15,1.5,10.5,10.5
"84108/1002",NA,84108,691,"15-19 years","male",20,2425,"Work",782.303466796875,782.303466796875,"car",1,71.09,"weekday",2,"15 to 19",">10km","car",71.09,1,7,7
"84108/1003",NA,84108,692,"15-19 years","female",20,2426,"Education",659.454467773438,659.454467773438,"walking",0.25,1.33,"weekday",1,"15 to 19","1-2km","walking",1.33,0.25,1.75,1.75
"84108/1003",NA,84108,692,"15-19 years","female",20,2427,"Education",659.454467773438,659.454467773438,"public.transport",1,14.63,"weekday",1,"15 to 19",">10km","public.transport",14.63,1,7,7
"84108/1003",NA,84108,692,"15-19 years","female",20,2428,"Education",659.454467773438,659.454467773438,"walking",0.333333333333333,1.05,"weekday",1,"15 to 19","1-2km","walking",1.05,0.333333333333333,2.33333333333333,2.33333333333333
"84108/1003",NA,84108,692,"15-19 years","female",20,2429,"Education",659.454467773438,659.454467773438,"walking",0.75,1.93,"weekday",2,"15 to 19","1-2km","walking",1.93,0.75,5.25,5.25
"84108/1003",NA,84108,692,"15-19 years","female",20,2430,"Other",659.454467773438,659.454467773438,"car",0.583333333333333,34.28,"weekday",3,"15 to 19",">10km","car",34.28,0.583333333333333,4.08333333333333,4.08333333333333
"84108/1003",NA,84108,692,"15-19 years","female",20,2431,"Other",659.454467773438,659.454467773438,"car",0.833333333333333,25.96,"weekday",4,"15 to 19",">10km","car",25.96,0.833333333333333,5.83333333333333,5.83333333333333
"84108/1004",NA,84108,693,"15-19 years","female",20,2432,"Education",659.454467773438,659.454467773438,"walking",0.25,1.33,"weekday",1,"15 to 19","1-2km","walking",1.33,0.25,1.75,1.75
"84108/1004",NA,84108,693,"15-19 years","female",20,2433,"Education",659.454467773438,659.454467773438,"public.transport",1,14.63,"weekday",1,"15 to 19",">10km","public.transport",14.63,1,7,7
"84108/1004",NA,84108,693,"15-19 years","female",20,2434,"Education",659.454467773438,659.454467773438,"walking",0.333333333333333,1.05,"weekday",1,"15 to 19","1-2km","walking",1.05,0.333333333333333,2.33333333333333,2.33333333333333
"84108/1004",NA,84108,693,"15-19 years","female",20,2435,"Other",659.454467773438,659.454467773438,"walking",0.75,1.93,"weekday",2,"15 to 19","1-2km","walking",1.93,0.75,5.25,5.25
"84108/1004",NA,84108,693,"15-19 years","female",20,2436,"Other",659.454467773438,659.454467773438,"walking",0.0833333333333333,0.45,"weekday",3,"15 to 19","<1km","walking",0.45,0.0833333333333333,0.583333333333333,0.583333333333333
"84108/1004",NA,84108,693,"15-19 years","female",20,2437,"Other",659.454467773438,659.454467773438,"public.transport",0.666666666666667,12.84,"weekday",3,"15 to 19",">10km","public.transport",12.84,0.666666666666667,4.66666666666667,4.66666666666667
"84108/1004",NA,84108,693,"15-19 years","female",20,2438,"Other",659.454467773438,659.454467773438,"walking",0.25,1.33,"weekday",3,"15 to 19","1-2km","walking",1.33,0.25,1.75,1.75
"84108/1004",NA,84108,693,"15-19 years","female",20,2439,"Leisure",659.454467773438,659.454467773438,"car",0.583333333333333,25.9,"weekday",4,"15 to 19",">10km","car",25.9,0.583333333333333,4.08333333333333,4.08333333333333
"84108/1004",NA,84108,693,"15-19 years","female",20,2440,"Leisure",659.454467773438,659.454467773438,"car",0.583333333333333,25.96,"weekday",5,"15 to 19",">10km","car",25.96,0.583333333333333,4.08333333333333,4.08333333333333
"84109/1000",NA,84109,694,"60-64 years","female",20,2441,"Other",531.132019042969,531.132019042969,"car",0.5,15.92,"weekday",1,"40 to 64",">10km","car",15.92,0.5,3.5,3.5
"84109/1000",NA,84109,694,"60-64 years","female",20,2442,"Other",531.132019042969,531.132019042969,"car",0.516666666666667,16.02,"weekday",2,"40 to 64",">10km","car",16.02,0.516666666666667,3.61666666666667,3.61666666666667
"84110/1000",NA,84110,695,"40-44 years","male",20,2443,"Other",554.12841796875,554.12841796875,"car",0.0833333333333333,2.07,"weekday",1,"40 to 64","3-5km","bicycle",2.07,0.188181818181818,0.583333333333333,1.31727272727273
"84110/1000",NA,84110,695,"40-44 years","male",20,2444,"Other",554.12841796875,554.12841796875,"car",0.0833333333333333,2.32,"weekday",2,"40 to 64","3-5km","bicycle",2.32,0.210909090909091,0.583333333333333,1.47636363636364
"84110/1000",NA,84110,695,"40-44 years","male",20,2445,"Other",554.12841796875,554.12841796875,"car",0.0833333333333333,2.07,"weekday",3,"40 to 64","3-5km","bicycle",2.07,0.188181818181818,0.583333333333333,1.31727272727273
"84110/1000",NA,84110,695,"40-44 years","male",20,2446,"Other",554.12841796875,554.12841796875,"car",0.0833333333333333,2.32,"weekday",4,"40 to 64","3-5km","bicycle",2.32,0.210909090909091,0.583333333333333,1.47636363636364
"84110/1000",NA,84110,695,"40-44 years","male",20,2447,"Shopping",554.12841796875,554.12841796875,"car",0.333333333333333,14.55,"weekday",5,"40 to 64",">10km","car",14.55,0.333333333333333,2.33333333333333,2.33333333333333
"84110/1000",NA,84110,695,"40-44 years","male",20,2448,"Other",554.12841796875,554.12841796875,"car",0.333333333333333,4.28,"weekday",6,"40 to 64","3-5km","bicycle",4.28,0.389090909090909,2.33333333333333,2.72363636363636
"84110/1000",NA,84110,695,"40-44 years","male",20,2449,"Leisure",554.12841796875,554.12841796875,"car",0.25,21.81,"weekday",7,"40 to 64",">10km","car",21.81,0.25,1.75,1.75
"84110/1000",NA,84110,695,"40-44 years","male",20,2450,"Leisure",554.12841796875,554.12841796875,"car",0.25,29.61,"weekday",8,"40 to 64",">10km","car",29.61,0.25,1.75,1.75
"84110/1001",NA,84110,696,"20-24 years","female",20,2451,"Shopping",856.685302734375,856.685302734375,"car",0.333333333333333,14.55,"weekday",1,"20 to 39",">10km","car",14.55,0.333333333333333,2.33333333333333,2.33333333333333
"84110/1001",NA,84110,696,"20-24 years","female",20,2452,"Other",856.685302734375,856.685302734375,"car",0.333333333333333,4.28,"weekday",2,"20 to 39","3-5km","bicycle",4.28,0.389090909090909,2.33333333333333,2.72363636363636
"84110/1001",NA,84110,696,"20-24 years","female",20,2453,"Leisure",856.685302734375,856.685302734375,"car",0.25,21.81,"weekday",3,"20 to 39",">10km","car",21.81,0.25,1.75,1.75
"84110/1001",NA,84110,696,"20-24 years","female",20,2454,"Leisure",856.685302734375,856.685302734375,"car",0.25,29.61,"weekday",4,"20 to 39",">10km","car",29.61,0.25,1.75,1.75
"84111/1000",NA,84111,697,"40-44 years","male",20,2455,"Work",800.032165527344,800.032165527344,"car",0.75,35.15,"weekday",1,"40 to 64",">10km","car",35.15,0.75,5.25,5.25
"84111/1000",NA,84111,697,"40-44 years","male",20,2456,"Work",800.032165527344,800.032165527344,"car",0.75,35.76,"weekday",2,"40 to 64",">10km","car",35.76,0.75,5.25,5.25
"84111/1001",NA,84111,698,"40-44 years","female",20,2457,"Other",830.912109375,830.912109375,"car",0.0833333333333333,2,"weekday",1,"40 to 64","1-2km","bicycle",2,0.181818181818182,0.583333333333333,1.27272727272727
"84111/1001",NA,84111,698,"40-44 years","female",20,2458,"Other",830.912109375,830.912109375,"car",0.0833333333333333,2.26,"weekday",2,"40 to 64","3-5km","bicycle",2.26,0.205454545454545,0.583333333333333,1.43818181818182
"84111/1001",NA,84111,698,"40-44 years","female",20,2459,"Other",830.912109375,830.912109375,"walking",0.5,1.52,"weekday",3,"40 to 64","1-2km","walking",1.52,0.5,3.5,3.5
"84111/1001",NA,84111,698,"40-44 years","female",20,2460,"Other",830.912109375,830.912109375,"walking",0.5,1.52,"weekday",4,"40 to 64","1-2km","walking",1.52,0.5,3.5,3.5
"84111/1002",NA,84111,699,"20-24 years","female",20,2461,"Work",1236.85375976562,1236.85375976562,"walking",0.416666666666667,1.42,"weekday",1,"20 to 39","1-2km","walking",1.42,0.416666666666667,2.91666666666667,2.91666666666667
"84111/1002",NA,84111,699,"20-24 years","female",20,2462,"Work",1236.85375976562,1236.85375976562,"public.transport",0.5,11.48,"weekday",1,"20 to 39",">10km","public.transport",11.48,0.5,3.5,3.5
"84111/1002",NA,84111,699,"20-24 years","female",20,2463,"Work",1236.85375976562,1236.85375976562,"walking",0.0333333333333333,0.14,"weekday",1,"20 to 39","<1km","walking",0.14,0.0333333333333333,0.233333333333333,0.233333333333333
"84111/1002",NA,84111,699,"20-24 years","female",20,2464,"Work",1236.85375976562,1236.85375976562,"walking",0.0333333333333333,0.14,"weekday",2,"20 to 39","<1km","walking",0.14,0.0333333333333333,0.233333333333333,0.233333333333333
"84111/1002",NA,84111,699,"20-24 years","female",20,2465,"Work",1236.85375976562,1236.85375976562,"public.transport",0.5,11.38,"weekday",2,"20 to 39",">10km","public.transport",11.38,0.5,3.5,3.5
"84111/1002",NA,84111,699,"20-24 years","female",20,2466,"Work",1236.85375976562,1236.85375976562,"walking",0.416666666666667,1.42,"weekday",2,"20 to 39","1-2km","walking",1.42,0.416666666666667,2.91666666666667,2.91666666666667
"84112/1000",NA,84112,700,"65-69 years","male",20,2467,"Work",351.451293945312,351.451293945312,"car",0.583333333333333,19.58,"weekday",1,"65 plus",">10km","car",19.58,0.583333333333333,4.08333333333333,4.08333333333333
"84112/1000",NA,84112,700,"65-69 years","male",20,2468,"Work",351.451293945312,351.451293945312,"car",0.75,19.2,"weekday",2,"65 plus",">10km","car",19.2,0.75,5.25,5.25
"84112/1001",NA,84112,701,"65-69 years","female",20,2469,"Leisure",304.822784423828,304.822784423828,"walking",0.166666666666667,0.12,"weekday",1,"65 plus","<1km","walking",0.12,0.166666666666667,1.16666666666667,1.16666666666667
"84112/1001",NA,84112,701,"65-69 years","female",20,2470,"Leisure",304.822784423828,304.822784423828,"walking",0.166666666666667,0.12,"weekday",2,"65 plus","<1km","walking",0.12,0.166666666666667,1.16666666666667,1.16666666666667
"84112/1001",NA,84112,701,"65-69 years","female",20,2471,"Other",304.822784423828,304.822784423828,"car",0.116666666666667,6.65,"weekday",3,"65 plus","6-10km","car",6.65,0.116666666666667,0.816666666666667,0.816666666666667
"84112/1001",NA,84112,701,"65-69 years","female",20,2472,"Other",304.822784423828,304.822784423828,"car",0.25,6.77,"weekday",4,"65 plus","6-10km","car",6.77,0.25,1.75,1.75
"84115/1000",NA,84115,702,"25-29 years","male",20,2473,"Other",1189.41027832031,1189.41027832031,"car",0.0833333333333333,1.18,"weekday",1,"20 to 39","1-2km","bicycle",1.18,0.107272727272727,0.583333333333333,0.750909090909091
"84115/1000",NA,84115,702,"25-29 years","male",20,2474,"Other",1189.41027832031,1189.41027832031,"car",0.0833333333333333,1.33,"weekday",2,"20 to 39","1-2km","bicycle",1.33,0.120909090909091,0.583333333333333,0.846363636363636
"84115/1000",NA,84115,702,"25-29 years","male",20,2475,"Education",1189.41027832031,1189.41027832031,"car",0.25,5.52,"weekday",3,"20 to 39","6-10km","car",5.52,0.25,1.75,1.75
"84115/1000",NA,84115,702,"25-29 years","male",20,2476,"Education",1189.41027832031,1189.41027832031,"public.transport",0.25,0.13,"weekday",3,"20 to 39","<1km","public.transport",0.13,0.25,1.75,1.75
"84115/1000",NA,84115,702,"25-29 years","male",20,2477,"Education",1189.41027832031,1189.41027832031,"car",0.5,15.51,"weekday",3,"20 to 39",">10km","car",15.51,0.5,3.5,3.5
"84115/1000",NA,84115,702,"25-29 years","male",20,2478,"Education",1189.41027832031,1189.41027832031,"car",0.5,15.37,"weekday",4,"20 to 39",">10km","car",15.37,0.5,3.5,3.5
"84115/1000",NA,84115,702,"25-29 years","male",20,2479,"Education",1189.41027832031,1189.41027832031,"public.transport",0.5,0.13,"weekday",4,"20 to 39","<1km","public.transport",0.13,0.5,3.5,3.5
"84115/1000",NA,84115,702,"25-29 years","male",20,2480,"Education",1189.41027832031,1189.41027832031,"car",0.25,5.78,"weekday",4,"20 to 39","6-10km","car",5.78,0.25,1.75,1.75
"84115/1001",NA,84115,703,"20-24 years","female",20,2481,"Work",964.146118164062,964.146118164062,"car",0.0833333333333333,1.18,"weekday",1,"20 to 39","1-2km","bicycle",1.18,0.107272727272727,0.583333333333333,0.750909090909091
"84115/1001",NA,84115,703,"20-24 years","female",20,2482,"Work",964.146118164062,964.146118164062,"public.transport",0.833333333333333,19.54,"weekday",1,"20 to 39",">10km","public.transport",19.54,0.833333333333333,5.83333333333333,5.83333333333333
"84115/1001",NA,84115,703,"20-24 years","female",20,2483,"Work",964.146118164062,964.146118164062,"walking",0.166666666666667,0.5,"weekday",1,"20 to 39","<1km","walking",0.5,0.166666666666667,1.16666666666667,1.16666666666667
"84115/1001",NA,84115,703,"20-24 years","female",20,2484,"Work",964.146118164062,964.146118164062,"walking",0.25,0.46,"weekday",2,"20 to 39","<1km","walking",0.46,0.25,1.75,1.75
"84115/1001",NA,84115,703,"20-24 years","female",20,2485,"Work",964.146118164062,964.146118164062,"public.transport",1.08333333333333,19.53,"weekday",2,"20 to 39",">10km","public.transport",19.53,1.08333333333333,7.58333333333333,7.58333333333333
"84115/1001",NA,84115,703,"20-24 years","female",20,2486,"Work",964.146118164062,964.146118164062,"car",0.25,1.33,"weekday",2,"20 to 39","1-2km","bicycle",1.33,0.120909090909091,1.75,0.846363636363636
"84116/1000",NA,84116,704,"50-54 years","male",20,2487,"Other",488.224273681641,488.224273681641,"car",0.583333333333333,15.79,"weekday",1,"40 to 64",">10km","car",15.79,0.583333333333333,4.08333333333333,4.08333333333333
"84116/1000",NA,84116,704,"50-54 years","male",20,2488,"Work",488.224273681641,488.224273681641,"car",0.583333333333333,19.51,"weekday",2,"40 to 64",">10km","car",19.51,0.583333333333333,4.08333333333333,4.08333333333333
"84116/1000",NA,84116,704,"50-54 years","male",20,2489,"Shopping",488.224273681641,488.224273681641,"car",0.75,31.75,"weekday",3,"40 to 64",">10km","car",31.75,0.75,5.25,5.25
"84116/1000",NA,84116,704,"50-54 years","male",20,2490,"Shopping",488.224273681641,488.224273681641,"car",0.166666666666667,1.65,"weekday",4,"40 to 64","1-2km","bicycle",1.65,0.15,1.16666666666667,1.05
"84116/1001",NA,84116,705,"40-44 years","female",20,2491,"Other",575.516906738281,575.516906738281,"car",0.666666666666667,18.93,"weekday",1,"40 to 64",">10km","car",18.93,0.666666666666667,4.66666666666667,4.66666666666667
"84116/1001",NA,84116,705,"40-44 years","female",20,2492,"Other",575.516906738281,575.516906738281,"car",0.5,18.97,"weekday",2,"40 to 64",">10km","car",18.97,0.5,3.5,3.5
"84118/1000",NA,84118,706,"35-39 years","male",20,2493,"Work",754.537231445312,754.537231445312,"car",0.333333333333333,19.44,"weekday",1,"20 to 39",">10km","car",19.44,0.333333333333333,2.33333333333333,2.33333333333333
"84118/1000",NA,84118,706,"35-39 years","male",20,2494,"Other",754.537231445312,754.537231445312,"car",0.266666666666667,5.97,"weekday",2,"20 to 39","6-10km","car",5.97,0.266666666666667,1.86666666666667,1.86666666666667
"84118/1000",NA,84118,706,"35-39 years","male",20,2495,"Other",754.537231445312,754.537231445312,"car",0.4,13.98,"weekday",3,"20 to 39",">10km","car",13.98,0.4,2.8,2.8
"84118/1000",NA,84118,706,"35-39 years","male",20,2496,"Other",754.537231445312,754.537231445312,"car",0.05,1.67,"weekday",4,"20 to 39","1-2km","bicycle",1.67,0.151818181818182,0.35,1.06272727272727
"84118/1000",NA,84118,706,"35-39 years","male",20,2497,"Other",754.537231445312,754.537231445312,"car",0.0666666666666667,1.93,"weekday",5,"20 to 39","1-2km","bicycle",1.93,0.175454545454545,0.466666666666667,1.22818181818182
"84118/1001",NA,84118,707,"35-39 years","female",20,2498,"Other",634.367553710938,634.367553710938,"car",0.5,13.63,"weekday",1,"20 to 39",">10km","car",13.63,0.5,3.5,3.5
"84118/1001",NA,84118,707,"35-39 years","female",20,2499,"Work",634.367553710938,634.367553710938,"car",0.25,1.82,"weekday",2,"20 to 39","1-2km","bicycle",1.82,0.165454545454545,1.75,1.15818181818182
"84118/1001",NA,84118,707,"35-39 years","female",20,2500,"Work",634.367553710938,634.367553710938,"car",0.416666666666667,14.98,"weekday",3,"20 to 39",">10km","car",14.98,0.416666666666667,2.91666666666667,2.91666666666667
"84118/1001",NA,84118,707,"35-39 years","female",20,2501,"Leisure",634.367553710938,634.367553710938,"car",0.0666666666666667,1.67,"weekday",4,"20 to 39","1-2km","bicycle",1.67,0.151818181818182,0.466666666666667,1.06272727272727
"84118/1001",NA,84118,707,"35-39 years","female",20,2502,"Leisure",634.367553710938,634.367553710938,"car",0.05,1.93,"weekday",5,"20 to 39","1-2km","bicycle",1.93,0.175454545454545,0.35,1.22818181818182
"84120/1000",NA,84120,708,"35-39 years","female",20,2503,"Other",813.797668457031,813.797668457031,"car",0.0833333333333333,1.97,"weekday",1,"20 to 39","1-2km","bicycle",1.97,0.179090909090909,0.583333333333333,1.25363636363636
"84120/1000",NA,84120,708,"35-39 years","female",20,2504,"Other",813.797668457031,813.797668457031,"car",0.0833333333333333,2.23,"weekday",2,"20 to 39","3-5km","bicycle",2.23,0.202727272727273,0.583333333333333,1.41909090909091
"84120/1000",NA,84120,708,"35-39 years","female",20,2505,"Other",813.797668457031,813.797668457031,"car",0.0833333333333333,1.97,"weekday",3,"20 to 39","1-2km","bicycle",1.97,0.179090909090909,0.583333333333333,1.25363636363636
"84120/1000",NA,84120,708,"35-39 years","female",20,2506,"Leisure",813.797668457031,813.797668457031,"car",0.0833333333333333,2.5,"weekday",4,"20 to 39","3-5km","bicycle",2.5,0.227272727272727,0.583333333333333,1.59090909090909
"84120/1000",NA,84120,708,"35-39 years","female",20,2507,"Leisure",813.797668457031,813.797668457031,"car",0.0833333333333333,4.57,"weekday",5,"20 to 39","3-5km","bicycle",4.57,0.415454545454545,0.583333333333333,2.90818181818182
"84120/1000",NA,84120,708,"35-39 years","female",20,2508,"Shopping",813.797668457031,813.797668457031,"car",0.0666666666666667,1.92,"weekday",6,"20 to 39","1-2km","bicycle",1.92,0.174545454545455,0.466666666666667,1.22181818181818
"84120/1000",NA,84120,708,"35-39 years","female",20,2509,"Shopping",813.797668457031,813.797668457031,"car",0.0833333333333333,1.42,"weekday",7,"20 to 39","1-2km","bicycle",1.42,0.129090909090909,0.583333333333333,0.903636363636364
"84120/1000",NA,84120,708,"35-39 years","female",20,2510,"Other",813.797668457031,813.797668457031,"car",0.0833333333333333,1.97,"weekday",8,"20 to 39","1-2km","bicycle",1.97,0.179090909090909,0.583333333333333,1.25363636363636
"84120/1000",NA,84120,708,"35-39 years","female",20,2511,"Other",813.797668457031,813.797668457031,"car",0.0833333333333333,2.23,"weekday",9,"20 to 39","3-5km","bicycle",2.23,0.202727272727273,0.583333333333333,1.41909090909091
"84120/1001",NA,84120,709,"35-39 years","female",20,2512,"Other",813.797668457031,813.797668457031,"car",0.0833333333333333,1.97,"weekday",1,"20 to 39","1-2km","bicycle",1.97,0.179090909090909,0.583333333333333,1.25363636363636
"84120/1001",NA,84120,709,"35-39 years","female",20,2513,"Other",813.797668457031,813.797668457031,"car",0.0833333333333333,2.23,"weekday",2,"20 to 39","3-5km","bicycle",2.23,0.202727272727273,0.583333333333333,1.41909090909091
"84122/1000",NA,84122,710,"65-69 years","male",20,2514,"Other",351.451293945312,351.451293945312,"car",0.5,21.28,"weekday",1,"65 plus",">10km","car",21.28,0.5,3.5,3.5
"84122/1000",NA,84122,710,"65-69 years","male",20,2515,"Other",351.451293945312,351.451293945312,"car",0.5,21.67,"weekday",2,"65 plus",">10km","car",21.67,0.5,3.5,3.5
"84122/1000",NA,84122,710,"65-69 years","male",20,2516,"Other",351.451293945312,351.451293945312,"car",0.5,18.07,"weekday",3,"65 plus",">10km","car",18.07,0.5,3.5,3.5
"84122/1000",NA,84122,710,"65-69 years","male",20,2517,"Other",351.451293945312,351.451293945312,"car",0.583333333333333,18.13,"weekday",4,"65 plus",">10km","car",18.13,0.583333333333333,4.08333333333333,4.08333333333333
"84122/1001",NA,84122,711,"55-59 years","female",20,2518,"Work",468.386108398438,468.386108398438,"car",0.5,21.28,"weekday",1,"40 to 64",">10km","car",21.28,0.5,3.5,3.5
"84122/1001",NA,84122,711,"55-59 years","female",20,2519,"Other",468.386108398438,468.386108398438,"walking",0.166666666666667,1.17,"weekday",2,"40 to 64","1-2km","walking",1.17,0.166666666666667,1.16666666666667,1.16666666666667
"84122/1001",NA,84122,711,"55-59 years","female",20,2520,"Other",468.386108398438,468.386108398438,"public.transport",0.183333333333333,2.64,"weekday",2,"40 to 64","3-5km","public.transport",2.64,0.183333333333333,1.28333333333333,1.28333333333333
"84122/1001",NA,84122,711,"55-59 years","female",20,2521,"Other",468.386108398438,468.386108398438,"walking",0.216666666666667,0.36,"weekday",2,"40 to 64","<1km","walking",0.36,0.216666666666667,1.51666666666667,1.51666666666667
"84122/1001",NA,84122,711,"55-59 years","female",20,2522,"Other",468.386108398438,468.386108398438,"car",0.583333333333333,18.13,"weekday",3,"40 to 64",">10km","car",18.13,0.583333333333333,4.08333333333333,4.08333333333333
"84127/1000",NA,84127,712,"70-74 years","male",20,2523,"Work",368.036743164062,368.036743164062,"car",0.75,30.26,"weekday",1,"65 plus",">10km","car",30.26,0.75,5.25,5.25
"84127/1000",NA,84127,712,"70-74 years","male",20,2524,"Work",368.036743164062,368.036743164062,"car",0.75,28.14,"weekday",2,"65 plus",">10km","car",28.14,0.75,5.25,5.25
"84127/1000",NA,84127,712,"70-74 years","male",20,2525,"Work",368.036743164062,368.036743164062,"car",0.75,28.07,"weekday",3,"65 plus",">10km","car",28.07,0.75,5.25,5.25
"84127/1000",NA,84127,712,"70-74 years","male",20,2526,"Work",368.036743164062,368.036743164062,"car",0.666666666666667,30.14,"weekday",4,"65 plus",">10km","car",30.14,0.666666666666667,4.66666666666667,4.66666666666667
"84127/1001",NA,84127,713,"70-74 years","female",20,2527,"Work",410.921569824219,410.921569824219,"car",1,21.37,"weekday",1,"65 plus",">10km","car",21.37,1,7,7
"84127/1001",NA,84127,713,"70-74 years","female",20,2528,"Work",410.921569824219,410.921569824219,"car",0.666666666666667,21.53,"weekday",2,"65 plus",">10km","car",21.53,0.666666666666667,4.66666666666667,4.66666666666667
"84133/1001",NA,84133,714,"40-44 years","female",20,2529,"Other",647.70849609375,647.70849609375,"car",0.25,1.5,"weekday",1,"40 to 64","1-2km","bicycle",1.5,0.136363636363636,1.75,0.954545454545454
"84133/1001",NA,84133,714,"40-44 years","female",20,2530,"Work",647.70849609375,647.70849609375,"car",0.25,5.51,"weekday",2,"40 to 64","6-10km","car",5.51,0.25,1.75,1.75
"84133/1001",NA,84133,714,"40-44 years","female",20,2531,"Other",647.70849609375,647.70849609375,"car",0.5,5.72,"weekday",3,"40 to 64","6-10km","car",5.72,0.5,3.5,3.5
"84133/1001",NA,84133,714,"40-44 years","female",20,2532,"Other",647.70849609375,647.70849609375,"car",0.25,1.5,"weekday",4,"40 to 64","1-2km","bicycle",1.5,0.136363636363636,1.75,0.954545454545454
"84136/1000",NA,84136,715,"40-44 years","male",20,2533,"Work",513.975341796875,513.975341796875,"bicycle",0.416666666666667,6.51,"weekday",1,"40 to 64","6-10km","bicycle",6.51,0.416666666666667,2.91666666666667,2.91666666666667
"84136/1000",NA,84136,715,"40-44 years","male",20,2534,"Work",513.975341796875,513.975341796875,"bicycle",0.833333333333333,6.51,"weekday",2,"40 to 64","6-10km","bicycle",6.51,0.833333333333333,5.83333333333333,5.83333333333333
"84136/1000",NA,84136,715,"40-44 years","male",20,2535,"Leisure",513.975341796875,513.975341796875,"walking",0.5,2.92,"weekday",3,"40 to 64","3-5km","walking",2.92,0.5,3.5,3.5
"84136/1000",NA,84136,715,"40-44 years","male",20,2536,"Leisure",513.975341796875,513.975341796875,"walking",0.5,2.92,"weekday",4,"40 to 64","3-5km","walking",2.92,0.5,3.5,3.5
"84136/1001",NA,84136,716,"45-49 years","female",20,2537,"Work",544.801513671875,544.801513671875,"walking",0.0833333333333333,0.35,"weekday",1,"40 to 64","<1km","walking",0.35,0.0833333333333333,0.583333333333333,0.583333333333333
"84136/1001",NA,84136,716,"45-49 years","female",20,2538,"Work",544.801513671875,544.801513671875,"public.transport",0.333333333333333,2.83,"weekday",1,"40 to 64","3-5km","public.transport",2.83,0.333333333333333,2.33333333333333,2.33333333333333
"84136/1001",NA,84136,716,"45-49 years","female",20,2539,"Work",544.801513671875,544.801513671875,"public.transport",0.5,3.61,"weekday",1,"40 to 64","3-5km","public.transport",3.61,0.5,3.5,3.5
"84136/1001",NA,84136,716,"45-49 years","female",20,2540,"Work",544.801513671875,544.801513671875,"walking",0.0833333333333333,0.18,"weekday",1,"40 to 64","<1km","walking",0.18,0.0833333333333333,0.583333333333333,0.583333333333333
"84136/1001",NA,84136,716,"45-49 years","female",20,2541,"Work",544.801513671875,544.801513671875,"walking",0.0833333333333333,0.18,"weekday",2,"40 to 64","<1km","walking",0.18,0.0833333333333333,0.583333333333333,0.583333333333333
"84136/1001",NA,84136,716,"45-49 years","female",20,2542,"Work",544.801513671875,544.801513671875,"public.transport",0.5,3.94,"weekday",2,"40 to 64","3-5km","public.transport",3.94,0.5,3.5,3.5
"84136/1001",NA,84136,716,"45-49 years","female",20,2543,"Work",544.801513671875,544.801513671875,"public.transport",0.333333333333333,2.78,"weekday",2,"40 to 64","3-5km","public.transport",2.78,0.333333333333333,2.33333333333333,2.33333333333333
"84136/1001",NA,84136,716,"45-49 years","female",20,2544,"Work",544.801513671875,544.801513671875,"walking",0.05,0.38,"weekday",2,"40 to 64","<1km","walking",0.38,0.05,0.35,0.35
"84136/1001",NA,84136,716,"45-49 years","female",20,2545,"Leisure",544.801513671875,544.801513671875,"walking",0.5,2.92,"weekday",3,"40 to 64","3-5km","walking",2.92,0.5,3.5,3.5
"84136/1001",NA,84136,716,"45-49 years","female",20,2546,"Leisure",544.801513671875,544.801513671875,"walking",0.5,2.92,"weekday",4,"40 to 64","3-5km","walking",2.92,0.5,3.5,3.5
"84140/1000",NA,84140,717,"30-34 years","female",20,2547,"Shopping",666.033386230469,666.033386230469,"walking",0.5,1.79,"weekday",1,"20 to 39","1-2km","walking",1.79,0.5,3.5,3.5
"84140/1000",NA,84140,717,"30-34 years","female",20,2548,"Shopping",666.033386230469,666.033386230469,"walking",0.5,1.79,"weekday",2,"20 to 39","1-2km","walking",1.79,0.5,3.5,3.5
"84142/1000",NA,84142,718,"20-24 years","male",20,2549,"Work",971.409545898438,971.409545898438,"walking",0.5,1.76,"weekday",1,"20 to 39","1-2km","walking",1.76,0.5,3.5,3.5
"84142/1000",NA,84142,718,"20-24 years","male",20,2550,"Work",971.409545898438,971.409545898438,"walking",0.25,1.76,"weekday",2,"20 to 39","1-2km","walking",1.76,0.25,1.75,1.75
"84143/1000",NA,84143,719,"20-24 years","female",20,2551,"Leisure",794.608520507812,794.608520507812,"walking",0.133333333333333,0.93,"weekday",1,"20 to 39","<1km","walking",0.93,0.133333333333333,0.933333333333333,0.933333333333333
"84143/1000",NA,84143,719,"20-24 years","female",20,2552,"Leisure",794.608520507812,794.608520507812,"walking",0.116666666666667,0.93,"weekday",2,"20 to 39","<1km","walking",0.93,0.116666666666667,0.816666666666667,0.816666666666667
"84143/1000",NA,84143,719,"20-24 years","female",20,2553,"Work",794.608520507812,794.608520507812,"car",0.3,5.94,"weekday",3,"20 to 39","6-10km","car",5.94,0.3,2.1,2.1
"84143/1000",NA,84143,719,"20-24 years","female",20,2554,"Work",794.608520507812,794.608520507812,"car",0.333333333333333,6.19,"weekday",4,"20 to 39","6-10km","car",6.19,0.333333333333333,2.33333333333333,2.33333333333333
"84143/1000",NA,84143,719,"20-24 years","female",20,2555,"Shopping",794.608520507812,794.608520507812,"walking",0.25,0.79,"weekday",5,"20 to 39","<1km","walking",0.79,0.25,1.75,1.75
"84143/1000",NA,84143,719,"20-24 years","female",20,2556,"Shopping",794.608520507812,794.608520507812,"walking",0.316666666666667,0.78,"weekday",6,"20 to 39","<1km","walking",0.78,0.316666666666667,2.21666666666667,2.21666666666667
"84143/1000",NA,84143,719,"20-24 years","female",20,2557,"Shopping",794.608520507812,794.608520507812,"walking",0.0833333333333333,0.18,"weekday",7,"20 to 39","<1km","walking",0.18,0.0833333333333333,0.583333333333333,0.583333333333333
"84143/1001",NA,84143,720,"20-24 years","male",20,2558,"Work",897.091674804688,897.091674804688,"walking",0.166666666666667,0.42,"weekday",1,"20 to 39","<1km","walking",0.42,0.166666666666667,1.16666666666667,1.16666666666667
"84143/1001",NA,84143,720,"20-24 years","male",20,2559,"Work",897.091674804688,897.091674804688,"public.transport",0.5,4.16,"weekday",1,"20 to 39","3-5km","public.transport",4.16,0.5,3.5,3.5
"84143/1001",NA,84143,720,"20-24 years","male",20,2560,"Work",897.091674804688,897.091674804688,"walking",0.166666666666667,0.23,"weekday",1,"20 to 39","<1km","walking",0.23,0.166666666666667,1.16666666666667,1.16666666666667
"84143/1001",NA,84143,720,"20-24 years","male",20,2561,"Work",897.091674804688,897.091674804688,"walking",0.166666666666667,0.23,"weekday",2,"20 to 39","<1km","walking",0.23,0.166666666666667,1.16666666666667,1.16666666666667
"84143/1001",NA,84143,720,"20-24 years","male",20,2562,"Work",897.091674804688,897.091674804688,"public.transport",0.5,4.15,"weekday",2,"20 to 39","3-5km","public.transport",4.15,0.5,3.5,3.5
"84143/1001",NA,84143,720,"20-24 years","male",20,2563,"Work",897.091674804688,897.091674804688,"walking",0.0833333333333333,0.42,"weekday",2,"20 to 39","<1km","walking",0.42,0.0833333333333333,0.583333333333333,0.583333333333333
"84143/1001",NA,84143,720,"20-24 years","male",20,2564,"Shopping",897.091674804688,897.091674804688,"walking",0.25,0.79,"weekday",3,"20 to 39","<1km","walking",0.79,0.25,1.75,1.75
"84143/1001",NA,84143,720,"20-24 years","male",20,2565,"Shopping",897.091674804688,897.091674804688,"walking",0.316666666666667,0.78,"weekday",4,"20 to 39","<1km","walking",0.78,0.316666666666667,2.21666666666667,2.21666666666667
"84143/1001",NA,84143,720,"20-24 years","male",20,2566,"Shopping",897.091674804688,897.091674804688,"walking",0.0833333333333333,0.18,"weekday",5,"20 to 39","<1km","walking",0.18,0.0833333333333333,0.583333333333333,0.583333333333333
"84149/1000",NA,84149,721,"35-39 years","female",20,2567,"Work",634.367553710938,634.367553710938,"car",0.5,8.1,"weekday",1,"20 to 39","6-10km","car",8.1,0.5,3.5,3.5
"84149/1000",NA,84149,721,"35-39 years","female",20,2568,"Work",634.367553710938,634.367553710938,"car",0.5,8.15,"weekday",2,"20 to 39","6-10km","car",8.15,0.5,3.5,3.5
"84149/1001",NA,84149,722,"15-19 years","male",20,2569,"Education",609.817321777344,609.817321777344,"walking",0.05,0.35,"weekday",1,"15 to 19","<1km","walking",0.35,0.05,0.35,0.35
"84149/1001",NA,84149,722,"15-19 years","male",20,2570,"Education",609.817321777344,609.817321777344,"public.transport",0.116666666666667,1.91,"weekday",1,"15 to 19","1-2km","public.transport",1.91,0.116666666666667,0.816666666666667,0.816666666666667
"84149/1001",NA,84149,722,"15-19 years","male",20,2571,"Education",609.817321777344,609.817321777344,"walking",0.166666666666667,1.31,"weekday",1,"15 to 19","1-2km","walking",1.31,0.166666666666667,1.16666666666667,1.16666666666667
"84149/1001",NA,84149,722,"15-19 years","male",20,2572,"Leisure",609.817321777344,609.817321777344,"walking",0.25,0.74,"weekday",2,"15 to 19","<1km","walking",0.74,0.25,1.75,1.75
"84149/1001",NA,84149,722,"15-19 years","male",20,2573,"Leisure",609.817321777344,609.817321777344,"public.transport",0.133333333333333,2.83,"weekday",2,"15 to 19","3-5km","public.transport",2.83,0.133333333333333,0.933333333333333,0.933333333333333
"84149/1001",NA,84149,722,"15-19 years","male",20,2574,"Leisure",609.817321777344,609.817321777344,"walking",0.25,1.03,"weekday",2,"15 to 19","1-2km","walking",1.03,0.25,1.75,1.75
"84149/1001",NA,84149,722,"15-19 years","male",20,2575,"Leisure",609.817321777344,609.817321777344,"walking",0.166666666666667,0.41,"weekday",3,"15 to 19","<1km","walking",0.41,0.166666666666667,1.16666666666667,1.16666666666667
"84149/1001",NA,84149,722,"15-19 years","male",20,2576,"Leisure",609.817321777344,609.817321777344,"public.transport",0.2,3.6,"weekday",3,"15 to 19","3-5km","public.transport",3.6,0.2,1.4,1.4
"84149/1001",NA,84149,722,"15-19 years","male",20,2577,"Leisure",609.817321777344,609.817321777344,"walking",0.0833333333333333,0.38,"weekday",3,"15 to 19","<1km","walking",0.38,0.0833333333333333,0.583333333333333,0.583333333333333
"84149/1002",NA,84149,723,"15-19 years","female",20,2578,"Education",514.0546875,514.0546875,"walking",0.05,0.35,"weekday",1,"15 to 19","<1km","walking",0.35,0.05,0.35,0.35
"84149/1002",NA,84149,723,"15-19 years","female",20,2579,"Education",514.0546875,514.0546875,"public.transport",0.116666666666667,1.91,"weekday",1,"15 to 19","1-2km","public.transport",1.91,0.116666666666667,0.816666666666667,0.816666666666667
"84149/1002",NA,84149,723,"15-19 years","female",20,2580,"Education",514.0546875,514.0546875,"walking",0.166666666666667,1.31,"weekday",1,"15 to 19","1-2km","walking",1.31,0.166666666666667,1.16666666666667,1.16666666666667
"84149/1002",NA,84149,723,"15-19 years","female",20,2581,"Education",514.0546875,514.0546875,"walking",0.166666666666667,1.31,"weekday",2,"15 to 19","1-2km","walking",1.31,0.166666666666667,1.16666666666667,1.16666666666667
"84149/1002",NA,84149,723,"15-19 years","female",20,2582,"Education",514.0546875,514.0546875,"public.transport",0.166666666666667,1.91,"weekday",2,"15 to 19","1-2km","public.transport",1.91,0.166666666666667,1.16666666666667,1.16666666666667
"84149/1002",NA,84149,723,"15-19 years","female",20,2583,"Education",514.0546875,514.0546875,"walking",0.0833333333333333,0.35,"weekday",2,"15 to 19","<1km","walking",0.35,0.0833333333333333,0.583333333333333,0.583333333333333
"84155/1000",NA,84155,724,"50-54 years","male",20,2584,"Leisure",488.224273681641,488.224273681641,"bicycle",0.166666666666667,1.92,"weekday",1,"40 to 64","1-2km","bicycle",1.92,0.166666666666667,1.16666666666667,1.16666666666667
"84155/1000",NA,84155,724,"50-54 years","male",20,2585,"Leisure",488.224273681641,488.224273681641,"car",0.55,10.36,"weekday",1,"40 to 64",">10km","car",10.36,0.55,3.85,3.85
"84155/1000",NA,84155,724,"50-54 years","male",20,2587,"Leisure",488.224273681641,488.224273681641,"car",0.583333333333333,10.41,"weekday",3,"40 to 64",">10km","car",10.41,0.583333333333333,4.08333333333333,4.08333333333333
"84155/1000",NA,84155,724,"50-54 years","male",20,2588,"Leisure",488.224273681641,488.224273681641,"bicycle",0.283333333333333,1.92,"weekday",3,"40 to 64","1-2km","bicycle",1.92,0.283333333333333,1.98333333333333,1.98333333333333
"84156/1000",NA,84156,725,"20-24 years","male",20,2589,"Shopping",971.409545898438,971.409545898438,"walking",0.166666666666667,0.47,"weekday",1,"20 to 39","<1km","walking",0.47,0.166666666666667,1.16666666666667,1.16666666666667
"84156/1000",NA,84156,725,"20-24 years","male",20,2590,"Shopping",971.409545898438,971.409545898438,"walking",0.133333333333333,0.47,"weekday",2,"20 to 39","<1km","walking",0.47,0.133333333333333,0.933333333333333,0.933333333333333
"84156/1000",NA,84156,725,"20-24 years","male",20,2591,"Leisure",971.409545898438,971.409545898438,"walking",0.25,1.41,"weekday",3,"20 to 39","1-2km","walking",1.41,0.25,1.75,1.75
"84156/1000",NA,84156,725,"20-24 years","male",20,2592,"Leisure",971.409545898438,971.409545898438,"walking",0.25,1.41,"weekday",4,"20 to 39","1-2km","walking",1.41,0.25,1.75,1.75
"84159/1000",NA,84159,726,"20-24 years","female",20,2593,"Education",860.436279296875,860.436279296875,"walking",0.216666666666667,0.87,"weekday",1,"20 to 39","<1km","walking",0.87,0.216666666666667,1.51666666666667,1.51666666666667
"84159/1000",NA,84159,726,"20-24 years","female",20,2594,"Education",860.436279296875,860.436279296875,"public.transport",0.0666666666666667,2.19,"weekday",1,"20 to 39","3-5km","public.transport",2.19,0.0666666666666667,0.466666666666667,0.466666666666667
"84159/1000",NA,84159,726,"20-24 years","female",20,2595,"Education",860.436279296875,860.436279296875,"walking",0.216666666666667,0.78,"weekday",1,"20 to 39","<1km","walking",0.78,0.216666666666667,1.51666666666667,1.51666666666667
"84159/1000",NA,84159,726,"20-24 years","female",20,2596,"Education",860.436279296875,860.436279296875,"walking",0.1,0.59,"weekday",2,"20 to 39","<1km","walking",0.59,0.1,0.7,0.7
"84159/1000",NA,84159,726,"20-24 years","female",20,2597,"Education",860.436279296875,860.436279296875,"public.transport",0.283333333333333,4.44,"weekday",2,"20 to 39","3-5km","public.transport",4.44,0.283333333333333,1.98333333333333,1.98333333333333
"84159/1000",NA,84159,726,"20-24 years","female",20,2598,"Education",860.436279296875,860.436279296875,"walking",0.0833333333333333,0.35,"weekday",2,"20 to 39","<1km","walking",0.35,0.0833333333333333,0.583333333333333,0.583333333333333
"84160/1000",NA,84160,727,"35-39 years","male",20,2599,"Work",174.027191162109,174.027191162109,"car",0.133333333333333,2.96,"weekday",1,"20 to 39","3-5km","bicycle",2.96,0.269090909090909,0.933333333333333,1.88363636363636
"84160/1000",NA,84160,727,"35-39 years","male",20,2600,"Work",174.027191162109,174.027191162109,"car",0.133333333333333,3.24,"weekday",2,"20 to 39","3-5km","bicycle",3.24,0.294545454545455,0.933333333333333,2.06181818181818
"84160/1001",NA,84160,728,"30-34 years","female",20,2601,"Other",166.980453491211,166.980453491211,"car",0.5,9.3,"weekday",1,"20 to 39","6-10km","car",9.3,0.5,3.5,3.5
"84160/1001",NA,84160,728,"30-34 years","female",20,2602,"Other",166.980453491211,166.980453491211,"car",0.25,9.69,"weekday",2,"20 to 39","6-10km","car",9.69,0.25,1.75,1.75
"84160/1001",NA,84160,728,"30-34 years","female",20,2603,"Other",166.980453491211,166.980453491211,"car",0.5,9.3,"weekday",3,"20 to 39","6-10km","car",9.3,0.5,3.5,3.5
"84160/1001",NA,84160,728,"30-34 years","female",20,2604,"Other",166.980453491211,166.980453491211,"car",0.333333333333333,9.69,"weekday",4,"20 to 39","6-10km","car",9.69,0.333333333333333,2.33333333333333,2.33333333333333
"84163/1000",NA,84163,729,"35-39 years","male",20,2605,"Work",174.027191162109,174.027191162109,"car",0.25,4.54,"weekday",1,"20 to 39","3-5km","bicycle",4.54,0.412727272727273,1.75,2.88909090909091
"84163/1000",NA,84163,729,"35-39 years","male",20,2606,"Work",174.027191162109,174.027191162109,"car",0.333333333333333,4.54,"weekday",2,"20 to 39","3-5km","bicycle",4.54,0.412727272727273,2.33333333333333,2.88909090909091
"84163/1001",NA,84163,730,"35-39 years","female",20,2607,"Other",134.685974121094,134.685974121094,"car",0.25,14.19,"weekday",1,"20 to 39",">10km","car",14.19,0.25,1.75,1.75
"84163/1001",NA,84163,730,"35-39 years","female",20,2608,"Other",134.685974121094,134.685974121094,"car",0.25,14.2,"weekday",2,"20 to 39",">10km","car",14.2,0.25,1.75,1.75
"84163/1001",NA,84163,730,"35-39 years","female",20,2609,"Other",134.685974121094,134.685974121094,"car",0.25,14.19,"weekday",3,"20 to 39",">10km","car",14.19,0.25,1.75,1.75
"84163/1001",NA,84163,730,"35-39 years","female",20,2610,"Other",134.685974121094,134.685974121094,"car",0.333333333333333,14.2,"weekday",4,"20 to 39",">10km","car",14.2,0.333333333333333,2.33333333333333,2.33333333333333
"84163/1002",NA,84163,731,"15-19 years","female",20,2611,"Education",215.904037475586,215.904037475586,"car",0.25,14.19,"weekday",1,"15 to 19",">10km","car",14.19,0.25,1.75,1.75
"84163/1002",NA,84163,731,"15-19 years","female",20,2612,"Education",215.904037475586,215.904037475586,"car",0.333333333333333,14.2,"weekday",2,"15 to 19",">10km","car",14.2,0.333333333333333,2.33333333333333,2.33333333333333
"84163/1003",NA,84163,732,"15-19 years","male",20,2613,"Education",203.738250732422,203.738250732422,"car",0.25,14.19,"weekday",1,"15 to 19",">10km","car",14.19,0.25,1.75,1.75
"84163/1003",NA,84163,732,"15-19 years","male",20,2614,"Education",203.738250732422,203.738250732422,"car",0.333333333333333,14.2,"weekday",2,"15 to 19",">10km","car",14.2,0.333333333333333,2.33333333333333,2.33333333333333
"84164/1000",NA,84164,733,"40-44 years","male",20,2615,"Work",104.61457824707,104.61457824707,"car",0.5,41.29,"weekday",1,"40 to 64",">10km","car",41.29,0.5,3.5,3.5
"84164/1000",NA,84164,733,"40-44 years","male",20,2616,"Work",104.61457824707,104.61457824707,"car",0.75,41.23,"weekday",2,"40 to 64",">10km","car",41.23,0.75,5.25,5.25
"84164/1001",NA,84164,734,"40-44 years","female",20,2617,"Other",141.607559204102,141.607559204102,"car",0.25,15.87,"weekday",1,"40 to 64",">10km","car",15.87,0.25,1.75,1.75
"84164/1001",NA,84164,734,"40-44 years","female",20,2618,"Other",141.607559204102,141.607559204102,"car",0.233333333333333,16.24,"weekday",2,"40 to 64",">10km","car",16.24,0.233333333333333,1.63333333333333,1.63333333333333
"84165/1000",NA,84165,735,"50-54 years","male",20,2619,"Shopping",228.976974487305,228.976974487305,"car",0.5,12.46,"weekday",1,"40 to 64",">10km","car",12.46,0.5,3.5,3.5
"84165/1000",NA,84165,735,"50-54 years","male",20,2620,"Shopping",228.976974487305,228.976974487305,"car",0.5,12.73,"weekday",2,"40 to 64",">10km","car",12.73,0.5,3.5,3.5
"84165/1001",NA,84165,736,"50-54 years","female",20,2621,"Work",181.629013061523,181.629013061523,"car",0.5,13.7,"weekday",1,"40 to 64",">10km","car",13.7,0.5,3.5,3.5
"84165/1001",NA,84165,736,"50-54 years","female",20,2622,"Work",181.629013061523,181.629013061523,"car",0.5,13.92,"weekday",2,"40 to 64",">10km","car",13.92,0.5,3.5,3.5
"84165/1003",NA,84165,737,"15-19 years","male",20,2623,"Shopping",203.738250732422,203.738250732422,"car",0.5,12.46,"weekday",1,"15 to 19",">10km","car",12.46,0.5,3.5,3.5
"84165/1003",NA,84165,737,"15-19 years","male",20,2624,"Shopping",203.738250732422,203.738250732422,"car",0.5,12.73,"weekday",2,"15 to 19",">10km","car",12.73,0.5,3.5,3.5
"84170/1000",NA,84170,738,"50-54 years","female",20,2625,"Shopping",146.526428222656,146.526428222656,"car",0.166666666666667,8.87,"weekday",1,"40 to 64","6-10km","car",8.87,0.166666666666667,1.16666666666667,1.16666666666667
"84170/1000",NA,84170,738,"50-54 years","female",20,2626,"Work",146.526428222656,146.526428222656,"car",0.216666666666667,2.31,"weekday",2,"40 to 64","3-5km","bicycle",2.31,0.21,1.51666666666667,1.47
"84170/1000",NA,84170,738,"50-54 years","female",20,2627,"Work",146.526428222656,146.526428222656,"car",0.333333333333333,11.38,"weekday",3,"40 to 64",">10km","car",11.38,0.333333333333333,2.33333333333333,2.33333333333333
"84170/1001",NA,84170,739,"55-59 years","male",20,2628,"Shopping",159.136917114258,159.136917114258,"car",0.5,26.52,"weekday",1,"40 to 64",">10km","car",26.52,0.5,3.5,3.5
"84170/1001",NA,84170,739,"55-59 years","male",20,2629,"Shopping",159.136917114258,159.136917114258,"car",0.5,25.91,"weekday",2,"40 to 64",">10km","car",25.91,0.5,3.5,3.5
"84172/1000",NA,84172,740,"45-49 years","male",20,2630,"Work",181.739990234375,181.739990234375,"car",0.166666666666667,9.79,"weekday",1,"40 to 64","6-10km","car",9.79,0.166666666666667,1.16666666666667,1.16666666666667
"84172/1000",NA,84172,740,"45-49 years","male",20,2631,"Work",181.739990234375,181.739990234375,"car",0.25,9.77,"weekday",2,"40 to 64","6-10km","car",9.77,0.25,1.75,1.75
"84174/1000",NA,84174,741,"40-44 years","male",20,2632,"Work",129.676559448242,129.676559448242,"car",0.583333333333333,36.14,"weekday",1,"40 to 64",">10km","car",36.14,0.583333333333333,4.08333333333333,4.08333333333333
"84174/1000",NA,84174,741,"40-44 years","male",20,2633,"Work",129.676559448242,129.676559448242,"car",0.733333333333333,36.44,"weekday",2,"40 to 64",">10km","car",36.44,0.733333333333333,5.13333333333333,5.13333333333333
"84174/1001",NA,84174,742,"35-39 years","female",20,2634,"Work",134.685974121094,134.685974121094,"car",0.25,8.42,"weekday",1,"20 to 39","6-10km","car",8.42,0.25,1.75,1.75
"84174/1001",NA,84174,742,"35-39 years","female",20,2635,"Work",134.685974121094,134.685974121094,"car",0.333333333333333,8.64,"weekday",2,"20 to 39","6-10km","car",8.64,0.333333333333333,2.33333333333333,2.33333333333333
"84176/1000",NA,84176,743,"60-64 years","male",20,2636,"Shopping",147.764495849609,147.764495849609,"car",0.166666666666667,7.55,"weekday",1,"40 to 64","6-10km","car",7.55,0.166666666666667,1.16666666666667,1.16666666666667
"84176/1000",NA,84176,743,"60-64 years","male",20,2637,"Shopping",147.764495849609,147.764495849609,"car",0.166666666666667,7.73,"weekday",2,"40 to 64","6-10km","car",7.73,0.166666666666667,1.16666666666667,1.16666666666667
"84176/1001",NA,84176,744,"40-44 years","male",20,2638,"Work",122.080093383789,122.080093383789,"car",0.383333333333333,26.45,"weekday",1,"40 to 64",">10km","car",26.45,0.383333333333333,2.68333333333333,2.68333333333333
"84176/1001",NA,84176,744,"40-44 years","male",20,2639,"Work",122.080093383789,122.080093383789,"car",0.433333333333333,26.45,"weekday",2,"40 to 64",">10km","car",26.45,0.433333333333333,3.03333333333333,3.03333333333333
"84176/1002",NA,84176,745,"60-64 years","female",20,2640,"Shopping",198.384918212891,198.384918212891,"car",0.166666666666667,7.55,"weekday",1,"40 to 64","6-10km","car",7.55,0.166666666666667,1.16666666666667,1.16666666666667
"84176/1002",NA,84176,745,"60-64 years","female",20,2641,"Shopping",198.384918212891,198.384918212891,"car",0.166666666666667,7.73,"weekday",2,"40 to 64","6-10km","car",7.73,0.166666666666667,1.16666666666667,1.16666666666667
"84177/1000",NA,84177,746,"65-69 years","female",20,2642,"Shopping",101.395683288574,101.395683288574,"car",0.5,19.64,"weekday",1,"65 plus",">10km","car",19.64,0.5,3.5,3.5
"84177/1000",NA,84177,746,"65-69 years","female",20,2643,"Shopping",101.395683288574,101.395683288574,"car",0.5,19.83,"weekday",2,"65 plus",">10km","car",19.83,0.5,3.5,3.5
"84177/1001",NA,84177,747,"60-64 years","male",20,2644,"Other",126.624420166016,126.624420166016,"car",0.5,14.56,"weekday",1,"40 to 64",">10km","car",14.56,0.5,3.5,3.5
"84177/1001",NA,84177,747,"60-64 years","male",20,2645,"Other",126.624420166016,126.624420166016,"car",0.5,14.6,"weekday",2,"40 to 64",">10km","car",14.6,0.5,3.5,3.5
"84178/1000",NA,84178,748,"35-39 years","female",20,2646,"Other",212.434097290039,212.434097290039,"car",0.333333333333333,26.19,"weekday",1,"20 to 39",">10km","car",26.19,0.333333333333333,2.33333333333333,2.33333333333333
"84178/1000",NA,84178,748,"35-39 years","female",20,2647,"Shopping",212.434097290039,212.434097290039,"car",0.333333333333333,22.88,"weekday",2,"20 to 39",">10km","car",22.88,0.333333333333333,2.33333333333333,2.33333333333333
"84178/1000",NA,84178,748,"35-39 years","female",20,2649,"Shopping",212.434097290039,212.434097290039,"car",0.333333333333333,5.91,"weekday",4,"20 to 39","6-10km","car",5.91,0.333333333333333,2.33333333333333,2.33333333333333
"84178/1000",NA,84178,748,"35-39 years","female",20,2650,"Shopping",212.434097290039,212.434097290039,"car",0.166666666666667,1.4,"weekday",5,"20 to 39","1-2km","bicycle",1.4,0.127272727272727,1.16666666666667,0.890909090909091
"84178/1000",NA,84178,748,"35-39 years","female",20,2651,"Shopping",212.434097290039,212.434097290039,"car",0.5,47.88,"weekday",6,"20 to 39",">10km","car",47.88,0.5,3.5,3.5
"84178/1001",NA,84178,749,"35-39 years","male",20,2652,"Other",274.485229492188,274.485229492188,"car",0.333333333333333,26.19,"weekday",1,"20 to 39",">10km","car",26.19,0.333333333333333,2.33333333333333,2.33333333333333
"84178/1001",NA,84178,749,"35-39 years","male",20,2653,"Shopping",274.485229492188,274.485229492188,"car",0.333333333333333,22.88,"weekday",2,"20 to 39",">10km","car",22.88,0.333333333333333,2.33333333333333,2.33333333333333
"84178/1001",NA,84178,749,"35-39 years","male",20,2655,"Shopping",274.485229492188,274.485229492188,"car",0.333333333333333,5.91,"weekday",4,"20 to 39","6-10km","car",5.91,0.333333333333333,2.33333333333333,2.33333333333333
"84178/1001",NA,84178,749,"35-39 years","male",20,2656,"Shopping",274.485229492188,274.485229492188,"car",0.166666666666667,1.4,"weekday",5,"20 to 39","1-2km","bicycle",1.4,0.127272727272727,1.16666666666667,0.890909090909091
"84178/1001",NA,84178,749,"35-39 years","male",20,2657,"Shopping",274.485229492188,274.485229492188,"car",0.5,47.88,"weekday",6,"20 to 39",">10km","car",47.88,0.5,3.5,3.5
"84180/1000",NA,84180,750,"20-24 years","male",20,2658,"Work",177.206741333008,177.206741333008,"car",0.3,18.12,"weekday",1,"20 to 39",">10km","car",18.12,0.3,2.1,2.1
"84180/1000",NA,84180,750,"20-24 years","male",20,2659,"Work",177.206741333008,177.206741333008,"car",0.583333333333333,17.86,"weekday",2,"20 to 39",">10km","car",17.86,0.583333333333333,4.08333333333333,4.08333333333333
"84185/1000",NA,84185,751,"75-79 years","male",20,2660,"Shopping",94.0405426025391,94.0405426025391,"car",0.333333333333333,7.23,"weekday",1,"65 plus","6-10km","car",7.23,0.333333333333333,2.33333333333333,2.33333333333333
"84185/1000",NA,84185,751,"75-79 years","male",20,2661,"Shopping",94.0405426025391,94.0405426025391,"car",0.25,7.44,"weekday",2,"65 plus","6-10km","car",7.44,0.25,1.75,1.75
"84185/1001",NA,84185,752,"75-79 years","female",20,2662,"Shopping",98.6386184692383,98.6386184692383,"car",0.333333333333333,7.23,"weekday",1,"65 plus","6-10km","car",7.23,0.333333333333333,2.33333333333333,2.33333333333333
"84185/1001",NA,84185,752,"75-79 years","female",20,2663,"Shopping",98.6386184692383,98.6386184692383,"car",0.25,7.44,"weekday",2,"65 plus","6-10km","car",7.44,0.25,1.75,1.75
"84188/1000",NA,84188,753,"30-34 years","female",20,2664,"Other",166.980453491211,166.980453491211,"car",0.333333333333333,15.6,"weekday",1,"20 to 39",">10km","car",15.6,0.333333333333333,2.33333333333333,2.33333333333333
"84188/1000",NA,84188,753,"30-34 years","female",20,2665,"Other",166.980453491211,166.980453491211,"car",0.283333333333333,15.72,"weekday",2,"20 to 39",">10km","car",15.72,0.283333333333333,1.98333333333333,1.98333333333333
"84188/1001",NA,84188,754,"30-34 years","male",20,2666,"Other",198.818878173828,198.818878173828,"car",0.333333333333333,15.6,"weekday",1,"20 to 39",">10km","car",15.6,0.333333333333333,2.33333333333333,2.33333333333333
"84188/1001",NA,84188,754,"30-34 years","male",20,2667,"Work",198.818878173828,198.818878173828,"car",0.266666666666667,8.96,"weekday",2,"20 to 39","6-10km","car",8.96,0.266666666666667,1.86666666666667,1.86666666666667
"84188/1001",NA,84188,754,"30-34 years","male",20,2668,"Work",198.818878173828,198.818878173828,"car",0.2,3.45,"weekday",3,"20 to 39","3-5km","bicycle",3.45,0.313636363636364,1.4,2.19545454545455
"84188/1001",NA,84188,754,"30-34 years","male",20,2669,"Work",198.818878173828,198.818878173828,"car",0.25,13.97,"weekday",4,"20 to 39",">10km","car",13.97,0.25,1.75,1.75
"84192/1000",NA,84192,755,"20-24 years","male",20,2670,"Shopping",198.558609008789,198.558609008789,"car",0.0833333333333333,1.13,"weekday",1,"20 to 39","1-2km","bicycle",1.13,0.102727272727273,0.583333333333333,0.719090909090909
"84192/1000",NA,84192,755,"20-24 years","male",20,2671,"Shopping",198.558609008789,198.558609008789,"car",0.0833333333333333,1.61,"weekday",2,"20 to 39","1-2km","bicycle",1.61,0.146363636363636,0.583333333333333,1.02454545454545
"84192/1001",NA,84192,756,"20-24 years","female",20,2672,"Shopping",210.157943725586,210.157943725586,"car",0.0833333333333333,1.13,"weekday",1,"20 to 39","1-2km","bicycle",1.13,0.102727272727273,0.583333333333333,0.719090909090909
"84192/1001",NA,84192,756,"20-24 years","female",20,2673,"Shopping",210.157943725586,210.157943725586,"car",0.0833333333333333,1.61,"weekday",2,"20 to 39","1-2km","bicycle",1.61,0.146363636363636,0.583333333333333,1.02454545454545
"84192/1001",NA,84192,756,"20-24 years","female",20,2674,"Leisure",210.157943725586,210.157943725586,"car",0.416666666666667,12.28,"weekday",3,"20 to 39",">10km","car",12.28,0.416666666666667,2.91666666666667,2.91666666666667
"84192/1001",NA,84192,756,"20-24 years","female",20,2675,"Leisure",210.157943725586,210.157943725586,"car",0.416666666666667,12.4,"weekday",4,"20 to 39",">10km","car",12.4,0.416666666666667,2.91666666666667,2.91666666666667
"84192/1002",NA,84192,757,"55-59 years","female",20,2676,"Leisure",181.938278198242,181.938278198242,"car",0.833333333333333,48.72,"weekday",1,"40 to 64",">10km","car",48.72,0.833333333333333,5.83333333333333,5.83333333333333
"84192/1002",NA,84192,757,"55-59 years","female",20,2677,"Leisure",181.938278198242,181.938278198242,"car",0.333333333333333,22.32,"weekday",2,"40 to 64",">10km","car",22.32,0.333333333333333,2.33333333333333,2.33333333333333
"84192/1002",NA,84192,757,"55-59 years","female",20,2678,"Shopping",181.938278198242,181.938278198242,"car",0.25,15.77,"weekday",3,"40 to 64",">10km","car",15.77,0.25,1.75,1.75
"84192/1002",NA,84192,757,"55-59 years","female",20,2679,"Leisure",181.938278198242,181.938278198242,"car",0.416666666666667,26.01,"weekday",4,"40 to 64",">10km","car",26.01,0.416666666666667,2.91666666666667,2.91666666666667
"84192/1002",NA,84192,757,"55-59 years","female",20,2680,"Leisure",181.938278198242,181.938278198242,"car",0.916666666666667,49.01,"weekday",5,"40 to 64",">10km","car",49.01,0.916666666666667,6.41666666666667,6.41666666666667
"84193/1000",NA,84193,758,"65-69 years","male",20,2681,"Work",168.542846679688,168.542846679688,"car",0.25,3.99,"weekday",1,"65 plus","3-5km","bicycle",3.99,0.362727272727273,1.75,2.53909090909091
"84193/1000",NA,84193,758,"65-69 years","male",20,2682,"Work",168.542846679688,168.542846679688,"car",0.25,4.05,"weekday",2,"65 plus","3-5km","bicycle",4.05,0.368181818181818,1.75,2.57727272727273
"84197/1000",NA,84197,759,"25-29 years","male",20,2683,"Work",213.285980224609,213.285980224609,"other",0.416666666666667,18.21,"weekday",1,"20 to 39",">10km","other",18.21,0.416666666666667,2.91666666666667,2.91666666666667
"84197/1000",NA,84197,759,"25-29 years","male",20,2684,"Work",213.285980224609,213.285980224609,"other",0.583333333333333,17.19,"weekday",2,"20 to 39",">10km","other",17.19,0.583333333333333,4.08333333333333,4.08333333333333
"84197/1001",NA,84197,760,"25-29 years","female",20,2685,"Work",178.791854858398,178.791854858398,"car",0.5,11.14,"weekday",1,"20 to 39",">10km","car",11.14,0.5,3.5,3.5
"84197/1001",NA,84197,760,"25-29 years","female",20,2686,"Work",178.791854858398,178.791854858398,"car",0.5,11.11,"weekday",2,"20 to 39",">10km","car",11.11,0.5,3.5,3.5
"84198/1000",NA,84198,761,"40-44 years","female",20,2687,"Other",148.689193725586,148.689193725586,"car",0.0833333333333333,4.12,"weekday",1,"40 to 64","3-5km","bicycle",4.12,0.374545454545455,0.583333333333333,2.62181818181818
"84198/1000",NA,84198,761,"40-44 years","female",20,2688,"Leisure",148.689193725586,148.689193725586,"car",0.166666666666667,4.22,"weekday",2,"40 to 64","3-5km","bicycle",4.22,0.383636363636364,1.16666666666667,2.68545454545455
"84198/1000",NA,84198,761,"40-44 years","female",20,2689,"Leisure",148.689193725586,148.689193725586,"car",0.0833333333333333,1.02,"weekday",3,"40 to 64","1-2km","bicycle",1.02,0.0927272727272727,0.583333333333333,0.649090909090909
"84198/1000",NA,84198,761,"40-44 years","female",20,2690,"Other",148.689193725586,148.689193725586,"car",0.0833333333333333,4.12,"weekday",4,"40 to 64","3-5km","bicycle",4.12,0.374545454545455,0.583333333333333,2.62181818181818
"84198/1000",NA,84198,761,"40-44 years","female",20,2691,"Leisure",148.689193725586,148.689193725586,"car",0.166666666666667,4.22,"weekday",5,"40 to 64","3-5km","bicycle",4.22,0.383636363636364,1.16666666666667,2.68545454545455
"84198/1000",NA,84198,761,"40-44 years","female",20,2692,"Leisure",148.689193725586,148.689193725586,"car",0.166666666666667,1.02,"weekday",6,"40 to 64","1-2km","bicycle",1.02,0.0927272727272727,1.16666666666667,0.649090909090909
"84199/1000",NA,84199,762,"25-29 years","female",20,2693,"Work",379.222839355469,379.222839355469,"car",0.0833333333333333,0.78,"weekday",1,"20 to 39","<1km","bicycle",0.78,0.0709090909090909,0.583333333333333,0.496363636363636
"84199/1000",NA,84199,762,"25-29 years","female",20,2694,"Work",379.222839355469,379.222839355469,"car",0.0833333333333333,0.78,"weekday",2,"20 to 39","<1km","bicycle",0.78,0.0709090909090909,0.583333333333333,0.496363636363636
"84199/1001",NA,84199,763,"65-69 years","female",20,2695,"Work",274.936340332031,274.936340332031,"car",0.25,14.2,"weekday",1,"65 plus",">10km","car",14.2,0.25,1.75,1.75
"84199/1001",NA,84199,763,"65-69 years","female",20,2696,"Work",274.936340332031,274.936340332031,"car",0.233333333333333,13.95,"weekday",2,"65 plus",">10km","car",13.95,0.233333333333333,1.63333333333333,1.63333333333333
"84199/1002",NA,84199,764,"70-74 years","male",20,2697,"Work",262.964477539062,262.964477539062,"car",0.25,14.2,"weekday",1,"65 plus",">10km","car",14.2,0.25,1.75,1.75
"84199/1002",NA,84199,764,"70-74 years","male",20,2698,"Work",262.964477539062,262.964477539062,"car",0.233333333333333,13.95,"weekday",2,"65 plus",">10km","car",13.95,0.233333333333333,1.63333333333333,1.63333333333333
"84199/1004",NA,84199,765,"20-24 years","male",20,2699,"Work",288.192535400391,288.192535400391,"car",0.25,14.2,"weekday",1,"20 to 39",">10km","car",14.2,0.25,1.75,1.75
"84199/1004",NA,84199,765,"20-24 years","male",20,2700,"Work",288.192535400391,288.192535400391,"car",0.25,13.95,"weekday",2,"20 to 39",">10km","car",13.95,0.25,1.75,1.75
"84199/1005",NA,84199,766,"20-24 years","male",20,2701,"Work",288.192535400391,288.192535400391,"car",0.25,14.2,"weekday",1,"20 to 39",">10km","car",14.2,0.25,1.75,1.75
"84199/1005",NA,84199,766,"20-24 years","male",20,2702,"Work",288.192535400391,288.192535400391,"car",0.25,13.95,"weekday",2,"20 to 39",">10km","car",13.95,0.25,1.75,1.75
"84200/1000",NA,84200,767,"45-49 years","male",20,2703,"Work",127.12606048584,127.12606048584,"car",0.666666666666667,22.71,"weekday",1,"40 to 64",">10km","car",22.71,0.666666666666667,4.66666666666667,4.66666666666667
"84200/1000",NA,84200,767,"45-49 years","male",20,2704,"Work",127.12606048584,127.12606048584,"car",0.666666666666667,22.94,"weekday",2,"40 to 64",">10km","car",22.94,0.666666666666667,4.66666666666667,4.66666666666667
"84200/1001",NA,84200,768,"35-39 years","female",20,2705,"Work",140.541229248047,140.541229248047,"car",0.5,22.71,"weekday",1,"20 to 39",">10km","car",22.71,0.5,3.5,3.5
"84200/1001",NA,84200,768,"35-39 years","female",20,2706,"Work",140.541229248047,140.541229248047,"car",0.75,22.94,"weekday",2,"20 to 39",">10km","car",22.94,0.75,5.25,5.25
"84201/1000",NA,84201,769,"30-34 years","female",20,2707,"Shopping",279.047119140625,279.047119140625,"car",0.166666666666667,2.94,"weekday",1,"20 to 39","3-5km","bicycle",2.94,0.267272727272727,1.16666666666667,1.87090909090909
"84201/1000",NA,84201,769,"30-34 years","female",20,2708,"Shopping",279.047119140625,279.047119140625,"car",0.166666666666667,2.88,"weekday",2,"20 to 39","3-5km","bicycle",2.88,0.261818181818182,1.16666666666667,1.83272727272727
"84201/1000",NA,84201,769,"30-34 years","female",20,2709,"Leisure",279.047119140625,279.047119140625,"car",0.666666666666667,23.44,"weekday",3,"20 to 39",">10km","car",23.44,0.666666666666667,4.66666666666667,4.66666666666667
"84201/1000",NA,84201,769,"30-34 years","female",20,2710,"Leisure",279.047119140625,279.047119140625,"car",0.5,23.7,"weekday",4,"20 to 39",">10km","car",23.7,0.5,3.5,3.5
"84201/1001",NA,84201,770,"65-69 years","male",20,2711,"Other",199.9111328125,199.9111328125,"car",0.25,3.9,"weekday",1,"65 plus","3-5km","bicycle",3.9,0.354545454545455,1.75,2.48181818181818
"84201/1001",NA,84201,770,"65-69 years","male",20,2712,"Other",199.9111328125,199.9111328125,"car",0.333333333333333,3.84,"weekday",2,"65 plus","3-5km","bicycle",3.84,0.349090909090909,2.33333333333333,2.44363636363636
"84206/1000",NA,84206,771,"70-74 years","female",20,2713,"Other",148.091735839844,148.091735839844,"car",0.333333333333333,7.42,"weekday",1,"65 plus","6-10km","car",7.42,0.333333333333333,2.33333333333333,2.33333333333333
"84206/1000",NA,84206,771,"70-74 years","female",20,2714,"Shopping",148.091735839844,148.091735839844,"car",0.0833333333333333,0.95,"weekday",2,"65 plus","<1km","bicycle",0.95,0.0863636363636364,0.583333333333333,0.604545454545454
"84206/1000",NA,84206,771,"70-74 years","female",20,2715,"Other",148.091735839844,148.091735839844,"car",0.25,5.43,"weekday",3,"65 plus","6-10km","car",5.43,0.25,1.75,1.75
"84206/1000",NA,84206,771,"70-74 years","female",20,2716,"Other",148.091735839844,148.091735839844,"car",0.25,3.08,"weekday",4,"65 plus","3-5km","bicycle",3.08,0.28,1.75,1.96
"84206/1000",NA,84206,771,"70-74 years","female",20,2717,"Other",148.091735839844,148.091735839844,"car",0.25,7.42,"weekday",5,"65 plus","6-10km","car",7.42,0.25,1.75,1.75
"84206/1000",NA,84206,771,"70-74 years","female",20,2718,"Other",148.091735839844,148.091735839844,"car",0.25,7.52,"weekday",6,"65 plus","6-10km","car",7.52,0.25,1.75,1.75
"84206/1001",NA,84206,772,"70-74 years","male",20,2719,"Other",123.979629516602,123.979629516602,"car",0.333333333333333,7.42,"weekday",1,"65 plus","6-10km","car",7.42,0.333333333333333,2.33333333333333,2.33333333333333
"84206/1001",NA,84206,772,"70-74 years","male",20,2720,"Other",123.979629516602,123.979629516602,"car",0.25,7.52,"weekday",2,"65 plus","6-10km","car",7.52,0.25,1.75,1.75
"84213/1001",NA,84213,773,"30-34 years","female",20,2721,"Other",333.578796386719,333.578796386719,"car",0.25,8.91,"weekday",1,"20 to 39","6-10km","car",8.91,0.25,1.75,1.75
"84213/1001",NA,84213,773,"30-34 years","female",20,2722,"Other",333.578796386719,333.578796386719,"car",0.25,9.4,"weekday",2,"20 to 39","6-10km","car",9.4,0.25,1.75,1.75
"84213/1001",NA,84213,773,"30-34 years","female",20,2723,"Other",333.578796386719,333.578796386719,"car",0.25,8.91,"weekday",3,"20 to 39","6-10km","car",8.91,0.25,1.75,1.75
"84213/1001",NA,84213,773,"30-34 years","female",20,2724,"Other",333.578796386719,333.578796386719,"car",0.25,9.4,"weekday",4,"20 to 39","6-10km","car",9.4,0.25,1.75,1.75
"84218/1000",NA,84218,774,"55-59 years","male",20,2725,"Work",237.927825927734,237.927825927734,"car",0.75,33.91,"weekday",1,"40 to 64",">10km","car",33.91,0.75,5.25,5.25
"84218/1000",NA,84218,774,"55-59 years","male",20,2726,"Work",237.927825927734,237.927825927734,"car",0.75,34.19,"weekday",2,"40 to 64",">10km","car",34.19,0.75,5.25,5.25
"84218/1001",NA,84218,775,"55-59 years","female",20,2727,"Work",217.49284362793,217.49284362793,"car",0.5,13.49,"weekday",1,"40 to 64",">10km","car",13.49,0.5,3.5,3.5
"84218/1001",NA,84218,775,"55-59 years","female",20,2728,"Other",217.49284362793,217.49284362793,"car",0.25,6.2,"weekday",2,"40 to 64","6-10km","car",6.2,0.25,1.75,1.75
"84218/1001",NA,84218,775,"55-59 years","female",20,2729,"Other",217.49284362793,217.49284362793,"car",0.25,10.26,"weekday",3,"40 to 64",">10km","car",10.26,0.25,1.75,1.75
"84218/1002",NA,84218,776,"20-24 years","female",20,2730,"Work",251.227233886719,251.227233886719,"car",0.583333333333333,26.76,"weekday",1,"20 to 39",">10km","car",26.76,0.583333333333333,4.08333333333333,4.08333333333333
"84218/1002",NA,84218,776,"20-24 years","female",20,2731,"Work",251.227233886719,251.227233886719,"car",0.666666666666667,26.7,"weekday",2,"20 to 39",">10km","car",26.7,0.666666666666667,4.66666666666667,4.66666666666667
"84218/1003",NA,84218,777,"20-24 years","female",20,2732,"Work",251.227233886719,251.227233886719,"car",0.416666666666667,13.27,"weekday",1,"20 to 39",">10km","car",13.27,0.416666666666667,2.91666666666667,2.91666666666667
"84218/1003",NA,84218,777,"20-24 years","female",20,2733,"Work",251.227233886719,251.227233886719,"car",0.416666666666667,13.55,"weekday",2,"20 to 39",">10km","car",13.55,0.416666666666667,2.91666666666667,2.91666666666667
"84219/1001",NA,84219,778,"25-29 years","male",20,2734,"Other",452.385925292969,452.385925292969,"walking",0.216666666666667,0.76,"weekday",1,"20 to 39","<1km","walking",0.76,0.216666666666667,1.51666666666667,1.51666666666667
"84219/1001",NA,84219,778,"25-29 years","male",20,2735,"Other",452.385925292969,452.385925292969,"public.transport",0.333333333333333,7.74,"weekday",1,"20 to 39","6-10km","public.transport",7.74,0.333333333333333,2.33333333333333,2.33333333333333
"84219/1001",NA,84219,778,"25-29 years","male",20,2736,"Other",452.385925292969,452.385925292969,"walking",0.0166666666666667,0.05,"weekday",1,"20 to 39","<1km","walking",0.05,0.0166666666666667,0.116666666666667,0.116666666666667
"84219/1001",NA,84219,778,"25-29 years","male",20,2737,"Other",452.385925292969,452.385925292969,"public.transport",0.75,27.96,"weekday",1,"20 to 39",">10km","public.transport",27.96,0.75,5.25,5.25
"84219/1001",NA,84219,778,"25-29 years","male",20,2738,"Other",452.385925292969,452.385925292969,"walking",0.166666666666667,0.17,"weekday",1,"20 to 39","<1km","walking",0.17,0.166666666666667,1.16666666666667,1.16666666666667
"84219/1001",NA,84219,778,"25-29 years","male",20,2739,"Other",452.385925292969,452.385925292969,"walking",0.166666666666667,0.17,"weekday",2,"20 to 39","<1km","walking",0.17,0.166666666666667,1.16666666666667,1.16666666666667
"84219/1001",NA,84219,778,"25-29 years","male",20,2740,"Other",452.385925292969,452.385925292969,"public.transport",0.75,28.07,"weekday",2,"20 to 39",">10km","public.transport",28.07,0.75,5.25,5.25
"84219/1001",NA,84219,778,"25-29 years","male",20,2741,"Other",452.385925292969,452.385925292969,"walking",0.0166666666666667,0.05,"weekday",2,"20 to 39","<1km","walking",0.05,0.0166666666666667,0.116666666666667,0.116666666666667
"84219/1001",NA,84219,778,"25-29 years","male",20,2742,"Other",452.385925292969,452.385925292969,"public.transport",0.25,8.15,"weekday",2,"20 to 39","6-10km","public.transport",8.15,0.25,1.75,1.75
"84219/1001",NA,84219,778,"25-29 years","male",20,2743,"Other",452.385925292969,452.385925292969,"walking",0.25,0.76,"weekday",2,"20 to 39","<1km","walking",0.76,0.25,1.75,1.75
"84219/1002",NA,84219,779,"20-24 years","female",20,2744,"Education",305.028106689453,305.028106689453,"walking",0.216666666666667,0.76,"weekday",1,"20 to 39","<1km","walking",0.76,0.216666666666667,1.51666666666667,1.51666666666667
"84219/1002",NA,84219,779,"20-24 years","female",20,2745,"Education",305.028106689453,305.028106689453,"public.transport",0.333333333333333,7.74,"weekday",1,"20 to 39","6-10km","public.transport",7.74,0.333333333333333,2.33333333333333,2.33333333333333
"84219/1002",NA,84219,779,"20-24 years","female",20,2746,"Education",305.028106689453,305.028106689453,"walking",0.0166666666666667,0.05,"weekday",1,"20 to 39","<1km","walking",0.05,0.0166666666666667,0.116666666666667,0.116666666666667
"84219/1002",NA,84219,779,"20-24 years","female",20,2747,"Education",305.028106689453,305.028106689453,"public.transport",0.583333333333333,27.96,"weekday",1,"20 to 39",">10km","public.transport",27.96,0.583333333333333,4.08333333333333,4.08333333333333
"84219/1002",NA,84219,779,"20-24 years","female",20,2748,"Education",305.028106689453,305.028106689453,"walking",0.25,1,"weekday",1,"20 to 39","1-2km","walking",1,0.25,1.75,1.75
"84219/1002",NA,84219,779,"20-24 years","female",20,2749,"Education",305.028106689453,305.028106689453,"walking",0.333333333333333,1.24,"weekday",2,"20 to 39","1-2km","walking",1.24,0.333333333333333,2.33333333333333,2.33333333333333
"84219/1002",NA,84219,779,"20-24 years","female",20,2750,"Education",305.028106689453,305.028106689453,"public.transport",0.666666666666667,26.77,"weekday",2,"20 to 39",">10km","public.transport",26.77,0.666666666666667,4.66666666666667,4.66666666666667
"84219/1002",NA,84219,779,"20-24 years","female",20,2751,"Education",305.028106689453,305.028106689453,"walking",0.0166666666666667,0.05,"weekday",2,"20 to 39","<1km","walking",0.05,0.0166666666666667,0.116666666666667,0.116666666666667
"84219/1002",NA,84219,779,"20-24 years","female",20,2752,"Education",305.028106689453,305.028106689453,"public.transport",0.333333333333333,8.15,"weekday",2,"20 to 39","6-10km","public.transport",8.15,0.333333333333333,2.33333333333333,2.33333333333333
"84219/1002",NA,84219,779,"20-24 years","female",20,2753,"Education",305.028106689453,305.028106689453,"walking",0.216666666666667,0.76,"weekday",2,"20 to 39","<1km","walking",0.76,0.216666666666667,1.51666666666667,1.51666666666667
"84219/1003",NA,84219,780,"20-24 years","female",20,2754,"Education",305.028106689453,305.028106689453,"walking",0.216666666666667,0.76,"weekday",1,"20 to 39","<1km","walking",0.76,0.216666666666667,1.51666666666667,1.51666666666667
"84219/1003",NA,84219,780,"20-24 years","female",20,2755,"Education",305.028106689453,305.028106689453,"public.transport",0.333333333333333,7.74,"weekday",1,"20 to 39","6-10km","public.transport",7.74,0.333333333333333,2.33333333333333,2.33333333333333
"84219/1003",NA,84219,780,"20-24 years","female",20,2756,"Education",305.028106689453,305.028106689453,"walking",0.0166666666666667,0.05,"weekday",1,"20 to 39","<1km","walking",0.05,0.0166666666666667,0.116666666666667,0.116666666666667
"84219/1003",NA,84219,780,"20-24 years","female",20,2757,"Education",305.028106689453,305.028106689453,"public.transport",0.583333333333333,27.96,"weekday",1,"20 to 39",">10km","public.transport",27.96,0.583333333333333,4.08333333333333,4.08333333333333
"84219/1003",NA,84219,780,"20-24 years","female",20,2758,"Education",305.028106689453,305.028106689453,"walking",0.25,1,"weekday",1,"20 to 39","1-2km","walking",1,0.25,1.75,1.75
"84219/1003",NA,84219,780,"20-24 years","female",20,2759,"Education",305.028106689453,305.028106689453,"walking",0.333333333333333,1.24,"weekday",2,"20 to 39","1-2km","walking",1.24,0.333333333333333,2.33333333333333,2.33333333333333
"84219/1003",NA,84219,780,"20-24 years","female",20,2760,"Education",305.028106689453,305.028106689453,"public.transport",0.666666666666667,26.77,"weekday",2,"20 to 39",">10km","public.transport",26.77,0.666666666666667,4.66666666666667,4.66666666666667
"84219/1003",NA,84219,780,"20-24 years","female",20,2761,"Education",305.028106689453,305.028106689453,"walking",0.0166666666666667,0.05,"weekday",2,"20 to 39","<1km","walking",0.05,0.0166666666666667,0.116666666666667,0.116666666666667
"84219/1003",NA,84219,780,"20-24 years","female",20,2762,"Education",305.028106689453,305.028106689453,"public.transport",0.333333333333333,8.15,"weekday",2,"20 to 39","6-10km","public.transport",8.15,0.333333333333333,2.33333333333333,2.33333333333333
"84219/1003",NA,84219,780,"20-24 years","female",20,2763,"Education",305.028106689453,305.028106689453,"walking",0.216666666666667,0.76,"weekday",2,"20 to 39","<1km","walking",0.76,0.216666666666667,1.51666666666667,1.51666666666667
"84221/1001",NA,84221,782,"70-74 years","male",20,2766,"Other",68.7407379150391,68.7407379150391,"car",0.25,2.52,"weekday",2,"65 plus","3-5km","bicycle",2.52,0.229090909090909,1.75,1.60363636363636
"84221/1001",NA,84221,782,"70-74 years","male",20,2767,"Other",68.7407379150391,68.7407379150391,"car",0.25,2.39,"weekday",3,"65 plus","3-5km","bicycle",2.39,0.217272727272727,1.75,1.52090909090909
"84221/1001",NA,84221,782,"70-74 years","male",20,2768,"Shopping",68.7407379150391,68.7407379150391,"car",0.416666666666667,7.27,"weekday",4,"65 plus","6-10km","car",7.27,0.416666666666667,2.91666666666667,2.91666666666667
"84221/1001",NA,84221,782,"70-74 years","male",20,2769,"Shopping",68.7407379150391,68.7407379150391,"car",0.416666666666667,7.25,"weekday",5,"65 plus","6-10km","car",7.25,0.416666666666667,2.91666666666667,2.91666666666667
"84222/1000",NA,84222,783,"70-74 years","female",20,2770,"Shopping",74.8938827514648,74.8938827514648,"car",0.333333333333333,7.01,"weekday",1,"65 plus","6-10km","car",7.01,0.333333333333333,2.33333333333333,2.33333333333333
"84222/1000",NA,84222,783,"70-74 years","female",20,2771,"Shopping",74.8938827514648,74.8938827514648,"car",0.333333333333333,6.83,"weekday",2,"65 plus","6-10km","car",6.83,0.333333333333333,2.33333333333333,2.33333333333333
"84222/1001",NA,84222,784,"70-74 years","male",20,2772,"Shopping",68.7407379150391,68.7407379150391,"car",0.333333333333333,7.01,"weekday",1,"65 plus","6-10km","car",7.01,0.333333333333333,2.33333333333333,2.33333333333333
"84222/1001",NA,84222,784,"70-74 years","male",20,2773,"Shopping",68.7407379150391,68.7407379150391,"car",0.333333333333333,6.83,"weekday",2,"65 plus","6-10km","car",6.83,0.333333333333333,2.33333333333333,2.33333333333333
"84226/1000",NA,84226,785,"60-64 years","male",20,2774,"Work",93.5367965698242,93.5367965698242,"car",0.5,21.5,"weekday",1,"40 to 64",">10km","car",21.5,0.5,3.5,3.5
"84226/1000",NA,84226,785,"60-64 years","male",20,2775,"Work",93.5367965698242,93.5367965698242,"car",0.583333333333333,21.51,"weekday",2,"40 to 64",">10km","car",21.51,0.583333333333333,4.08333333333333,4.08333333333333
"84226/1000",NA,84226,785,"60-64 years","male",20,2776,"Leisure",93.5367965698242,93.5367965698242,"walking",0.266666666666667,1.06,"weekday",3,"40 to 64","1-2km","walking",1.06,0.266666666666667,1.86666666666667,1.86666666666667
"84226/1000",NA,84226,785,"60-64 years","male",20,2777,"Leisure",93.5367965698242,93.5367965698242,"walking",0.25,1.06,"weekday",4,"40 to 64","1-2km","walking",1.06,0.25,1.75,1.75
"84226/1001",NA,84226,786,"55-59 years","female",20,2778,"Work",94.9781875610352,94.9781875610352,"car",0.25,7.27,"weekday",1,"40 to 64","6-10km","car",7.27,0.25,1.75,1.75
"84226/1001",NA,84226,786,"55-59 years","female",20,2779,"Work",94.9781875610352,94.9781875610352,"car",0.25,7.25,"weekday",2,"40 to 64","6-10km","car",7.25,0.25,1.75,1.75
"84226/1001",NA,84226,786,"55-59 years","female",20,2780,"Leisure",94.9781875610352,94.9781875610352,"walking",0.266666666666667,1.06,"weekday",3,"40 to 64","1-2km","walking",1.06,0.266666666666667,1.86666666666667,1.86666666666667
"84226/1001",NA,84226,786,"55-59 years","female",20,2781,"Leisure",94.9781875610352,94.9781875610352,"walking",0.25,1.06,"weekday",4,"40 to 64","1-2km","walking",1.06,0.25,1.75,1.75
"84227/1000",NA,84227,787,"55-59 years","male",20,2782,"Other",168.394836425781,168.394836425781,"car",0.0833333333333333,1.57,"weekday",1,"40 to 64","1-2km","bicycle",1.57,0.142727272727273,0.583333333333333,0.999090909090909
"84227/1000",NA,84227,787,"55-59 years","male",20,2783,"Work",168.394836425781,168.394836425781,"car",0.383333333333333,7.55,"weekday",2,"40 to 64","6-10km","car",7.55,0.383333333333333,2.68333333333333,2.68333333333333
"84227/1000",NA,84227,787,"55-59 years","male",20,2784,"Work",168.394836425781,168.394836425781,"car",0.333333333333333,7.31,"weekday",3,"40 to 64","6-10km","car",7.31,0.333333333333333,2.33333333333333,2.33333333333333
"84227/1002",NA,84227,788,"25-29 years","female",20,2785,"Work",176.233428955078,176.233428955078,"car",0.333333333333333,16.6,"weekday",1,"20 to 39",">10km","car",16.6,0.333333333333333,2.33333333333333,2.33333333333333
"84227/1002",NA,84227,788,"25-29 years","female",20,2786,"Other",176.233428955078,176.233428955078,"car",0.333333333333333,17.04,"weekday",2,"20 to 39",">10km","car",17.04,0.333333333333333,2.33333333333333,2.33333333333333
"84227/1002",NA,84227,788,"25-29 years","female",20,2787,"Other",176.233428955078,176.233428955078,"car",0.0833333333333333,1.58,"weekday",3,"20 to 39","1-2km","bicycle",1.58,0.143636363636364,0.583333333333333,1.00545454545455
"84227/1003",NA,84227,789,"25-29 years","male",20,2788,"Work",157.771377563477,157.771377563477,"car",0.333333333333333,13.77,"weekday",1,"20 to 39",">10km","car",13.77,0.333333333333333,2.33333333333333,2.33333333333333
"84227/1003",NA,84227,789,"25-29 years","male",20,2789,"Work",157.771377563477,157.771377563477,"car",0.416666666666667,13.67,"weekday",2,"20 to 39",">10km","car",13.67,0.416666666666667,2.91666666666667,2.91666666666667
"84229/1000",NA,84229,790,"70-74 years","male",20,2790,"Shopping",68.7407379150391,68.7407379150391,"car",0.333333333333333,6.29,"weekday",1,"65 plus","6-10km","car",6.29,0.333333333333333,2.33333333333333,2.33333333333333
"84229/1000",NA,84229,790,"70-74 years","male",20,2791,"Shopping",68.7407379150391,68.7407379150391,"car",0.5,11.37,"weekday",2,"65 plus",">10km","car",11.37,0.5,3.5,3.5
"84229/1000",NA,84229,790,"70-74 years","male",20,2792,"Shopping",68.7407379150391,68.7407379150391,"car",0.2,2.53,"weekday",3,"65 plus","3-5km","bicycle",2.53,0.23,1.4,1.61
"84229/1000",NA,84229,790,"70-74 years","male",20,2793,"Shopping",68.7407379150391,68.7407379150391,"car",0.333333333333333,13.98,"weekday",4,"65 plus",">10km","car",13.98,0.333333333333333,2.33333333333333,2.33333333333333
"84229/1000",NA,84229,790,"70-74 years","male",20,2794,"Shopping",68.7407379150391,68.7407379150391,"car",0.0833333333333333,1.75,"weekday",5,"65 plus","1-2km","bicycle",1.75,0.159090909090909,0.583333333333333,1.11363636363636
"84229/1001",NA,84229,791,"60-64 years","female",20,2796,"Shopping",86.5198974609375,86.5198974609375,"car",0.333333333333333,6.29,"weekday",2,"40 to 64","6-10km","car",6.29,0.333333333333333,2.33333333333333,2.33333333333333
"84229/1001",NA,84229,791,"60-64 years","female",20,2797,"Shopping",86.5198974609375,86.5198974609375,"car",0.5,11.37,"weekday",3,"40 to 64",">10km","car",11.37,0.5,3.5,3.5
"84229/1001",NA,84229,791,"60-64 years","female",20,2798,"Shopping",86.5198974609375,86.5198974609375,"car",0.2,2.53,"weekday",4,"40 to 64","3-5km","bicycle",2.53,0.23,1.4,1.61
"84229/1001",NA,84229,791,"60-64 years","female",20,2799,"Shopping",86.5198974609375,86.5198974609375,"car",0.333333333333333,13.98,"weekday",5,"40 to 64",">10km","car",13.98,0.333333333333333,2.33333333333333,2.33333333333333
"84229/1001",NA,84229,791,"60-64 years","female",20,2800,"Shopping",86.5198974609375,86.5198974609375,"car",0.0833333333333333,1.75,"weekday",6,"40 to 64","1-2km","bicycle",1.75,0.159090909090909,0.583333333333333,1.11363636363636
"84230/1000",NA,84230,792,"45-49 years","female",20,2801,"Work",128.661026000977,128.661026000977,"car",0.166666666666667,4.29,"weekday",1,"40 to 64","3-5km","bicycle",4.29,0.39,1.16666666666667,2.73
"84230/1000",NA,84230,792,"45-49 years","female",20,2802,"Shopping",128.661026000977,128.661026000977,"car",0.416666666666667,5.2,"weekday",2,"40 to 64","6-10km","car",5.2,0.416666666666667,2.91666666666667,2.91666666666667
"84230/1000",NA,84230,792,"45-49 years","female",20,2803,"Other",128.661026000977,128.661026000977,"car",0.25,16.78,"weekday",3,"40 to 64",">10km","car",16.78,0.25,1.75,1.75
"84230/1000",NA,84230,792,"45-49 years","female",20,2804,"Work",128.661026000977,128.661026000977,"car",0.216666666666667,5.1,"weekday",4,"40 to 64","6-10km","car",5.1,0.216666666666667,1.51666666666667,1.51666666666667
"84230/1000",NA,84230,792,"45-49 years","female",20,2805,"Other",128.661026000977,128.661026000977,"car",0.25,4.74,"weekday",5,"40 to 64","3-5km","bicycle",4.74,0.430909090909091,1.75,3.01636363636364
"84230/1000",NA,84230,792,"45-49 years","female",20,2806,"Other",128.661026000977,128.661026000977,"car",0.4,22.35,"weekday",6,"40 to 64",">10km","car",22.35,0.4,2.8,2.8
"84230/1000",NA,84230,792,"45-49 years","female",20,2807,"Other",128.661026000977,128.661026000977,"car",0.166666666666667,7.19,"weekday",7,"40 to 64","6-10km","car",7.19,0.166666666666667,1.16666666666667,1.16666666666667
"84230/1000",NA,84230,792,"45-49 years","female",20,2808,"Other",128.661026000977,128.661026000977,"car",0.25,7.14,"weekday",8,"40 to 64","6-10km","car",7.14,0.25,1.75,1.75
"84230/1000",NA,84230,792,"45-49 years","female",20,2809,"Leisure",128.661026000977,128.661026000977,"walking",0.25,1.04,"weekday",9,"40 to 64","1-2km","walking",1.04,0.25,1.75,1.75
"84230/1000",NA,84230,792,"45-49 years","female",20,2810,"Leisure",128.661026000977,128.661026000977,"walking",0.233333333333333,1.04,"weekday",10,"40 to 64","1-2km","walking",1.04,0.233333333333333,1.63333333333333,1.63333333333333
"84230/1001",NA,84230,793,"45-49 years","male",20,2811,"Work",131.999420166016,131.999420166016,"car",0.166666666666667,4.29,"weekday",1,"40 to 64","3-5km","bicycle",4.29,0.39,1.16666666666667,2.73
"84230/1001",NA,84230,793,"45-49 years","male",20,2812,"Shopping",131.999420166016,131.999420166016,"car",0.25,5.2,"weekday",2,"40 to 64","6-10km","car",5.2,0.25,1.75,1.75
"84230/1001",NA,84230,793,"45-49 years","male",20,2813,"Work",131.999420166016,131.999420166016,"car",0.416666666666667,16.78,"weekday",3,"40 to 64",">10km","car",16.78,0.416666666666667,2.91666666666667,2.91666666666667
"84230/1001",NA,84230,793,"45-49 years","male",20,2814,"Work",131.999420166016,131.999420166016,"car",0.216666666666667,5.1,"weekday",3,"40 to 64","6-10km","car",5.1,0.216666666666667,1.51666666666667,1.51666666666667
"84230/1001",NA,84230,793,"45-49 years","male",20,2815,"Work",131.999420166016,131.999420166016,"car",0.25,4.74,"weekday",4,"40 to 64","3-5km","bicycle",4.74,0.430909090909091,1.75,3.01636363636364
"84230/1001",NA,84230,793,"45-49 years","male",20,2816,"Work",131.999420166016,131.999420166016,"car",0.0666666666666667,0.87,"weekday",4,"40 to 64","<1km","bicycle",0.87,0.0790909090909091,0.466666666666667,0.553636363636364
"84230/1001",NA,84230,793,"45-49 years","male",20,2817,"Other",131.999420166016,131.999420166016,"car",0.75,15.81,"weekday",5,"40 to 64",">10km","car",15.81,0.75,5.25,5.25
"84230/1001",NA,84230,793,"45-49 years","male",20,2818,"Other",131.999420166016,131.999420166016,"car",0.25,7.14,"weekday",6,"40 to 64","6-10km","car",7.14,0.25,1.75,1.75
"84230/1002",NA,84230,794,"20-24 years","male",20,2819,"Work",179.940673828125,179.940673828125,"car",0.0833333333333333,2.07,"weekday",1,"20 to 39","3-5km","bicycle",2.07,0.188181818181818,0.583333333333333,1.31727272727273
"84230/1002",NA,84230,794,"20-24 years","male",20,2820,"Work",179.940673828125,179.940673828125,"car",0.0833333333333333,2.06,"weekday",2,"20 to 39","3-5km","bicycle",2.06,0.187272727272727,0.583333333333333,1.31090909090909
"84232/1000",NA,84232,795,"50-54 years","female",20,2821,"Other",100.969757080078,100.969757080078,"car",0.166666666666667,1.4,"weekday",1,"40 to 64","1-2km","bicycle",1.4,0.127272727272727,1.16666666666667,0.890909090909091
"84232/1000",NA,84232,795,"50-54 years","female",20,2822,"Other",100.969757080078,100.969757080078,"car",0.166666666666667,1.47,"weekday",2,"40 to 64","1-2km","bicycle",1.47,0.133636363636364,1.16666666666667,0.935454545454545
"84232/1000",NA,84232,795,"50-54 years","female",20,2823,"Leisure",100.969757080078,100.969757080078,"bicycle",0.5,2.21,"weekday",3,"40 to 64","3-5km","bicycle",2.21,0.5,3.5,3.5
"84232/1000",NA,84232,795,"50-54 years","female",20,2824,"Leisure",100.969757080078,100.969757080078,"bicycle",0.5,2.21,"weekday",4,"40 to 64","3-5km","bicycle",2.21,0.5,3.5,3.5
"84232/1000",NA,84232,795,"50-54 years","female",20,2825,"Other",100.969757080078,100.969757080078,"car",0.166666666666667,1.4,"weekday",5,"40 to 64","1-2km","bicycle",1.4,0.127272727272727,1.16666666666667,0.890909090909091
"84232/1000",NA,84232,795,"50-54 years","female",20,2826,"Other",100.969757080078,100.969757080078,"car",0.166666666666667,1.47,"weekday",6,"40 to 64","1-2km","bicycle",1.47,0.133636363636364,1.16666666666667,0.935454545454545
"84232/1001",NA,84232,796,"40-44 years","female",20,2827,"Other",113.294410705566,113.294410705566,"car",0.166666666666667,1.4,"weekday",1,"40 to 64","1-2km","bicycle",1.4,0.127272727272727,1.16666666666667,0.890909090909091
"84232/1001",NA,84232,796,"40-44 years","female",20,2828,"Other",113.294410705566,113.294410705566,"car",0.166666666666667,1.47,"weekday",2,"40 to 64","1-2km","bicycle",1.47,0.133636363636364,1.16666666666667,0.935454545454545
"84232/1001",NA,84232,796,"40-44 years","female",20,2829,"Other",113.294410705566,113.294410705566,"car",0.166666666666667,1.4,"weekday",3,"40 to 64","1-2km","bicycle",1.4,0.127272727272727,1.16666666666667,0.890909090909091
"84232/1001",NA,84232,796,"40-44 years","female",20,2830,"Other",113.294410705566,113.294410705566,"car",0.166666666666667,1.47,"weekday",4,"40 to 64","1-2km","bicycle",1.47,0.133636363636364,1.16666666666667,0.935454545454545
"84232/1002",NA,84232,797,"15-19 years","female",20,2831,"Education",100.53645324707,100.53645324707,"car",0.166666666666667,1.4,"weekday",1,"15 to 19","1-2km","bicycle",1.4,0.127272727272727,1.16666666666667,0.890909090909091
"84232/1002",NA,84232,797,"15-19 years","female",20,2832,"Education",100.53645324707,100.53645324707,"car",0.166666666666667,1.47,"weekday",2,"15 to 19","1-2km","bicycle",1.47,0.133636363636364,1.16666666666667,0.935454545454545
"84235/1000",NA,84235,798,"40-44 years","male",20,2833,"Work",121.04647064209,121.04647064209,"car",0.5,25.63,"weekday",1,"40 to 64",">10km","car",25.63,0.5,3.5,3.5
"84235/1000",NA,84235,798,"40-44 years","male",20,2834,"Work",121.04647064209,121.04647064209,"car",0.75,26.09,"weekday",2,"40 to 64",">10km","car",26.09,0.75,5.25,5.25
"84235/1000",NA,84235,798,"40-44 years","male",20,2835,"Work",121.04647064209,121.04647064209,"car",1,24.87,"weekday",3,"40 to 64",">10km","car",24.87,1,7,7
"84235/1001",NA,84235,799,"45-49 years","female",20,2836,"Shopping",122.150421142578,122.150421142578,"car",0.166666666666667,2.35,"weekday",1,"40 to 64","3-5km","bicycle",2.35,0.213636363636364,1.16666666666667,1.49545454545455
"84235/1001",NA,84235,799,"45-49 years","female",20,2837,"Shopping",122.150421142578,122.150421142578,"car",0.166666666666667,2.54,"weekday",2,"40 to 64","3-5km","bicycle",2.54,0.230909090909091,1.16666666666667,1.61636363636364
"84236/1000",NA,84236,800,"45-49 years","female",20,2838,"Leisure",128.661026000977,128.661026000977,"car",0.25,6.92,"weekday",1,"40 to 64","6-10km","car",6.92,0.25,1.75,1.75
"84236/1000",NA,84236,800,"45-49 years","female",20,2839,"Leisure",128.661026000977,128.661026000977,"car",0.166666666666667,6.89,"weekday",2,"40 to 64","6-10km","car",6.89,0.166666666666667,1.16666666666667,1.16666666666667
"84236/1001",NA,84236,801,"50-54 years","male",20,2840,"Work",117.068450927734,117.068450927734,"car",0.833333333333333,20.32,"weekday",1,"40 to 64",">10km","car",20.32,0.833333333333333,5.83333333333333,5.83333333333333
"84236/1001",NA,84236,801,"50-54 years","male",20,2841,"Work",117.068450927734,117.068450927734,"car",0.666666666666667,20.11,"weekday",2,"40 to 64",">10km","car",20.11,0.666666666666667,4.66666666666667,4.66666666666667
"84236/1002",NA,84236,802,"15-19 years","male",20,2842,"Education",171.336227416992,171.336227416992,"bicycle",0.0833333333333333,0.97,"weekday",1,"15 to 19","<1km","bicycle",0.97,0.0833333333333333,0.583333333333333,0.583333333333333
"84236/1002",NA,84236,802,"15-19 years","male",20,2843,"Education",171.336227416992,171.336227416992,"bicycle",0.0833333333333333,0.97,"weekday",2,"15 to 19","<1km","bicycle",0.97,0.0833333333333333,0.583333333333333,0.583333333333333
"84238/1000",NA,84238,803,"55-59 years","male",20,2844,"Other",132.476211547852,132.476211547852,"walking",0.333333333333333,1.07,"weekday",1,"40 to 64","1-2km","walking",1.07,0.333333333333333,2.33333333333333,2.33333333333333
"84238/1000",NA,84238,803,"55-59 years","male",20,2845,"Other",132.476211547852,132.476211547852,"walking",0.533333333333333,1.07,"weekday",2,"40 to 64","1-2km","walking",1.07,0.533333333333333,3.73333333333333,3.73333333333333
"84238/1000",NA,84238,803,"55-59 years","male",20,2846,"Other",132.476211547852,132.476211547852,"walking",0.333333333333333,1.07,"weekday",3,"40 to 64","1-2km","walking",1.07,0.333333333333333,2.33333333333333,2.33333333333333
"84238/1000",NA,84238,803,"55-59 years","male",20,2847,"Other",132.476211547852,132.476211547852,"walking",0.35,1.07,"weekday",4,"40 to 64","1-2km","walking",1.07,0.35,2.45,2.45
"84238/1000",NA,84238,803,"55-59 years","male",20,2848,"Shopping",132.476211547852,132.476211547852,"car",0.2,1.79,"weekday",5,"40 to 64","1-2km","bicycle",1.79,0.162727272727273,1.4,1.13909090909091
"84238/1000",NA,84238,803,"55-59 years","male",20,2849,"Shopping",132.476211547852,132.476211547852,"car",0.133333333333333,1.66,"weekday",6,"40 to 64","1-2km","bicycle",1.66,0.150909090909091,0.933333333333333,1.05636363636364
"84238/1001",NA,84238,804,"55-59 years","female",20,2850,"Work",145.776504516602,145.776504516602,"walking",0.333333333333333,1.07,"weekday",1,"40 to 64","1-2km","walking",1.07,0.333333333333333,2.33333333333333,2.33333333333333
"84238/1001",NA,84238,804,"55-59 years","female",20,2851,"Work",145.776504516602,145.776504516602,"walking",0.35,1.07,"weekday",2,"40 to 64","1-2km","walking",1.07,0.35,2.45,2.45
"84238/1001",NA,84238,804,"55-59 years","female",20,2852,"Shopping",145.776504516602,145.776504516602,"car",0.2,1.79,"weekday",3,"40 to 64","1-2km","bicycle",1.79,0.162727272727273,1.4,1.13909090909091
"84238/1001",NA,84238,804,"55-59 years","female",20,2853,"Shopping",145.776504516602,145.776504516602,"car",0.133333333333333,1.66,"weekday",4,"40 to 64","1-2km","bicycle",1.66,0.150909090909091,0.933333333333333,1.05636363636364
"84239/1000",NA,84239,805,"55-59 years","female",20,2854,"Leisure",94.9781875610352,94.9781875610352,"car",0.166666666666667,3.4,"weekday",1,"40 to 64","3-5km","bicycle",3.4,0.309090909090909,1.16666666666667,2.16363636363636
"84239/1000",NA,84239,805,"55-59 years","female",20,2855,"Leisure",94.9781875610352,94.9781875610352,"car",0.216666666666667,3.22,"weekday",2,"40 to 64","3-5km","bicycle",3.22,0.292727272727273,1.51666666666667,2.04909090909091
"84239/1000",NA,84239,805,"55-59 years","female",20,2856,"Leisure",94.9781875610352,94.9781875610352,"car",0.666666666666667,19.13,"weekday",3,"40 to 64",">10km","car",19.13,0.666666666666667,4.66666666666667,4.66666666666667
"84239/1000",NA,84239,805,"55-59 years","female",20,2857,"Leisure",94.9781875610352,94.9781875610352,"car",0.5,15.16,"weekday",4,"40 to 64",">10km","car",15.16,0.5,3.5,3.5
"84239/1000",NA,84239,805,"55-59 years","female",20,2858,"Leisure",94.9781875610352,94.9781875610352,"car",0.5,28.82,"weekday",5,"40 to 64",">10km","car",28.82,0.5,3.5,3.5
"84239/1001",NA,84239,806,"70-74 years","male",20,2859,"Leisure",68.7407379150391,68.7407379150391,"car",0.166666666666667,3.4,"weekday",1,"65 plus","3-5km","bicycle",3.4,0.309090909090909,1.16666666666667,2.16363636363636
"84239/1001",NA,84239,806,"70-74 years","male",20,2860,"Leisure",68.7407379150391,68.7407379150391,"walking",0.583333333333333,2.98,"weekday",2,"65 plus","3-5km","walking",2.98,0.583333333333333,4.08333333333333,4.08333333333333
"84240/1001",NA,84240,807,"50-54 years","female",20,2861,"Work",69.2914581298828,69.2914581298828,"car",0.25,12.33,"weekday",1,"40 to 64",">10km","car",12.33,0.25,1.75,1.75
"84240/1001",NA,84240,807,"50-54 years","female",20,2862,"Work",69.2914581298828,69.2914581298828,"car",0.25,12.19,"weekday",2,"40 to 64",">10km","car",12.19,0.25,1.75,1.75
"84242/1000",NA,84242,808,"75-79 years","female",20,2863,"Shopping",103.06583404541,103.06583404541,"car",0.416666666666667,6.62,"weekday",1,"65 plus","6-10km","car",6.62,0.416666666666667,2.91666666666667,2.91666666666667
"84242/1000",NA,84242,808,"75-79 years","female",20,2864,"Shopping",103.06583404541,103.06583404541,"car",0.25,6.56,"weekday",2,"65 plus","6-10km","car",6.56,0.25,1.75,1.75
"84243/1000",NA,84243,809,"75-79 years","male",20,2865,"Shopping",76.3799514770508,76.3799514770508,"car",0.166666666666667,1.24,"weekday",1,"65 plus","1-2km","bicycle",1.24,0.112727272727273,1.16666666666667,0.789090909090909
"84243/1000",NA,84243,809,"75-79 years","male",20,2866,"Shopping",76.3799514770508,76.3799514770508,"car",0.0833333333333333,1.25,"weekday",2,"65 plus","1-2km","bicycle",1.25,0.113636363636364,0.583333333333333,0.795454545454545
"84243/1001",NA,84243,810,"70-74 years","female",20,2867,"Shopping",74.8938827514648,74.8938827514648,"car",0.166666666666667,1.24,"weekday",1,"65 plus","1-2km","bicycle",1.24,0.112727272727273,1.16666666666667,0.789090909090909
"84243/1001",NA,84243,810,"70-74 years","female",20,2868,"Shopping",74.8938827514648,74.8938827514648,"car",0.0833333333333333,1.25,"weekday",2,"65 plus","1-2km","bicycle",1.25,0.113636363636364,0.583333333333333,0.795454545454545
"84244/1000",NA,84244,811,"50-54 years","male",20,2869,"Other",111.144454956055,111.144454956055,"car",0.166666666666667,5.03,"weekday",1,"40 to 64","6-10km","car",5.03,0.166666666666667,1.16666666666667,1.16666666666667
"84244/1000",NA,84244,811,"50-54 years","male",20,2870,"Other",111.144454956055,111.144454956055,"car",0.166666666666667,5.04,"weekday",2,"40 to 64","6-10km","car",5.04,0.166666666666667,1.16666666666667,1.16666666666667
"84244/1000",NA,84244,811,"50-54 years","male",20,2871,"Leisure",111.144454956055,111.144454956055,"car",0.0833333333333333,2.31,"weekday",3,"40 to 64","3-5km","bicycle",2.31,0.21,0.583333333333333,1.47
"84244/1000",NA,84244,811,"50-54 years","male",20,2872,"Leisure",111.144454956055,111.144454956055,"car",0.0833333333333333,2.26,"weekday",4,"40 to 64","3-5km","bicycle",2.26,0.205454545454545,0.583333333333333,1.43818181818182
"84244/1000",NA,84244,811,"50-54 years","male",20,2873,"Other",111.144454956055,111.144454956055,"car",0.0833333333333333,1.02,"weekday",5,"40 to 64","1-2km","bicycle",1.02,0.0927272727272727,0.583333333333333,0.649090909090909
"84244/1000",NA,84244,811,"50-54 years","male",20,2874,"Other",111.144454956055,111.144454956055,"car",0.133333333333333,4.81,"weekday",6,"40 to 64","3-5km","bicycle",4.81,0.437272727272727,0.933333333333333,3.06090909090909
"84244/1000",NA,84244,811,"50-54 years","male",20,2875,"Other",111.144454956055,111.144454956055,"car",0.166666666666667,5.04,"weekday",7,"40 to 64","6-10km","car",5.04,0.166666666666667,1.16666666666667,1.16666666666667
"84244/1000",NA,84244,811,"50-54 years","male",20,2876,"Other",111.144454956055,111.144454956055,"car",0.0833333333333333,1.02,"weekday",8,"40 to 64","1-2km","bicycle",1.02,0.0927272727272727,0.583333333333333,0.649090909090909
"84244/1000",NA,84244,811,"50-54 years","male",20,2877,"Other",111.144454956055,111.144454956055,"car",0.0833333333333333,0.99,"weekday",9,"40 to 64","<1km","bicycle",0.99,0.09,0.583333333333333,0.63
"84244/1001",NA,84244,812,"45-49 years","female",20,2878,"Leisure",122.150421142578,122.150421142578,"walking",0.75,2.99,"weekday",1,"40 to 64","3-5km","walking",2.99,0.75,5.25,5.25
"84244/1001",NA,84244,812,"45-49 years","female",20,2879,"Leisure",122.150421142578,122.150421142578,"walking",0.75,2.99,"weekday",2,"40 to 64","3-5km","walking",2.99,0.75,5.25,5.25
"84244/1001",NA,84244,812,"45-49 years","female",20,2880,"Shopping",122.150421142578,122.150421142578,"car",0.25,7.02,"weekday",3,"40 to 64","6-10km","car",7.02,0.25,1.75,1.75
"84244/1001",NA,84244,812,"45-49 years","female",20,2881,"Shopping",122.150421142578,122.150421142578,"car",0.166666666666667,5.46,"weekday",4,"40 to 64","6-10km","car",5.46,0.166666666666667,1.16666666666667,1.16666666666667
"84244/1001",NA,84244,812,"45-49 years","female",20,2882,"Other",122.150421142578,122.150421142578,"car",0.25,5.32,"weekday",5,"40 to 64","6-10km","car",5.32,0.25,1.75,1.75
"84244/1001",NA,84244,812,"45-49 years","female",20,2883,"Other",122.150421142578,122.150421142578,"car",0.166666666666667,5.04,"weekday",6,"40 to 64","6-10km","car",5.04,0.166666666666667,1.16666666666667,1.16666666666667
"84245/1000",NA,84245,813,"55-59 years","male",20,2884,"Leisure",132.476211547852,132.476211547852,"bicycle",0.5,17.96,"weekday",1,"40 to 64",">10km","bicycle",17.96,0.5,3.5,3.5
"84245/1000",NA,84245,813,"55-59 years","male",20,2885,"Leisure",132.476211547852,132.476211547852,"bicycle",1,17.96,"weekday",2,"40 to 64",">10km","bicycle",17.96,1,7,7
"84245/1001",NA,84245,814,"45-49 years","female",20,2886,"Work",128.661026000977,128.661026000977,"car",0.333333333333333,8.14,"weekday",1,"40 to 64","6-10km","car",8.14,0.333333333333333,2.33333333333333,2.33333333333333
"84245/1001",NA,84245,814,"45-49 years","female",20,2887,"Work",128.661026000977,128.661026000977,"car",0.333333333333333,8.16,"weekday",2,"40 to 64","6-10km","car",8.16,0.333333333333333,2.33333333333333,2.33333333333333
"84245/1002",NA,84245,815,"15-19 years","female",20,2888,"Work",105.895034790039,105.895034790039,"car",0.333333333333333,6.68,"weekday",1,"15 to 19","6-10km","car",6.68,0.333333333333333,2.33333333333333,2.33333333333333
"84245/1002",NA,84245,815,"15-19 years","female",20,2889,"Work",105.895034790039,105.895034790039,"car",0.416666666666667,6.66,"weekday",2,"15 to 19","6-10km","car",6.66,0.416666666666667,2.91666666666667,2.91666666666667
"84245/1002",NA,84245,815,"15-19 years","female",20,2890,"Leisure",105.895034790039,105.895034790039,"car",0.25,6.81,"weekday",3,"15 to 19","6-10km","car",6.81,0.25,1.75,1.75
"84245/1002",NA,84245,815,"15-19 years","female",20,2891,"Leisure",105.895034790039,105.895034790039,"car",0.25,6.78,"weekday",4,"15 to 19","6-10km","car",6.78,0.25,1.75,1.75
"84246/1000",NA,84246,816,"45-49 years","female",20,2892,"Leisure",83.8268890380859,83.8268890380859,"walking",0.5,0.98,"weekday",1,"40 to 64","<1km","walking",0.98,0.5,3.5,3.5
"84246/1000",NA,84246,816,"45-49 years","female",20,2893,"Leisure",83.8268890380859,83.8268890380859,"walking",0.5,0.98,"weekday",2,"40 to 64","<1km","walking",0.98,0.5,3.5,3.5
"84248/1000",NA,84248,817,"70-74 years","male",20,2894,"Leisure",68.7407379150391,68.7407379150391,"walking",0.333333333333333,0.21,"weekday",1,"65 plus","<1km","walking",0.21,0.333333333333333,2.33333333333333,2.33333333333333
"84248/1000",NA,84248,817,"70-74 years","male",20,2895,"Leisure",68.7407379150391,68.7407379150391,"walking",0.416666666666667,0.21,"weekday",2,"65 plus","<1km","walking",0.21,0.416666666666667,2.91666666666667,2.91666666666667
"84248/1001",NA,84248,818,"75-79 years","female",20,2896,"Leisure",81.3612976074219,81.3612976074219,"walking",0.333333333333333,0.21,"weekday",1,"65 plus","<1km","walking",0.21,0.333333333333333,2.33333333333333,2.33333333333333
"84248/1001",NA,84248,818,"75-79 years","female",20,2897,"Leisure",81.3612976074219,81.3612976074219,"walking",0.416666666666667,0.21,"weekday",2,"65 plus","<1km","walking",0.21,0.416666666666667,2.91666666666667,2.91666666666667
"84280/1000",NA,84280,819,"40-44 years","male",20,2898,"Work",309.189117431641,309.189117431641,"car",0.416666666666667,30.28,"weekday",1,"40 to 64",">10km","car",30.28,0.416666666666667,2.91666666666667,2.91666666666667
"84280/1000",NA,84280,819,"40-44 years","male",20,2899,"Work",309.189117431641,309.189117431641,"car",0.333333333333333,30.16,"weekday",2,"40 to 64",">10km","car",30.16,0.333333333333333,2.33333333333333,2.33333333333333
"84280/1001",NA,84280,820,"35-39 years","female",20,2900,"Work",205.37922668457,205.37922668457,"car",0.333333333333333,13.4,"weekday",1,"20 to 39",">10km","car",13.4,0.333333333333333,2.33333333333333,2.33333333333333
"84280/1001",NA,84280,820,"35-39 years","female",20,2901,"Work",205.37922668457,205.37922668457,"car",0.333333333333333,13.53,"weekday",2,"20 to 39",">10km","car",13.53,0.333333333333333,2.33333333333333,2.33333333333333
"84313/1000",NA,84313,821,"75-79 years","female",20,2902,"Leisure",181.604446411133,181.604446411133,"car",0.166666666666667,6.63,"weekday",1,"65 plus","6-10km","car",6.63,0.166666666666667,1.16666666666667,1.16666666666667
"84313/1000",NA,84313,821,"75-79 years","female",20,2903,"Leisure",181.604446411133,181.604446411133,"car",0.166666666666667,6.61,"weekday",2,"65 plus","6-10km","car",6.61,0.166666666666667,1.16666666666667,1.16666666666667
"84313/1001",NA,84313,822,"80-84 years","male",20,2904,"Leisure",213.465911865234,213.465911865234,"car",0.166666666666667,6.63,"weekday",1,"65 plus","6-10km","car",6.63,0.166666666666667,1.16666666666667,1.16666666666667
"84313/1001",NA,84313,822,"80-84 years","male",20,2905,"Leisure",213.465911865234,213.465911865234,"car",0.166666666666667,6.61,"weekday",2,"65 plus","6-10km","car",6.61,0.166666666666667,1.16666666666667,1.16666666666667
"84315/1000",NA,84315,823,"35-39 years","female",20,2906,"Work",187.766311645508,187.766311645508,"car",0.133333333333333,4.81,"weekday",1,"20 to 39","3-5km","bicycle",4.81,0.437272727272727,0.933333333333333,3.06090909090909
"84315/1000",NA,84315,823,"35-39 years","female",20,2907,"Work",187.766311645508,187.766311645508,"car",0.166666666666667,4.81,"weekday",2,"20 to 39","3-5km","bicycle",4.81,0.437272727272727,1.16666666666667,3.06090909090909
"84317/1000",NA,84317,824,"35-39 years","female",20,2908,"Other",187.766311645508,187.766311645508,"car",0.416666666666667,6.97,"weekday",1,"20 to 39","6-10km","car",6.97,0.416666666666667,2.91666666666667,2.91666666666667
"84317/1000",NA,84317,824,"35-39 years","female",20,2909,"Work",187.766311645508,187.766311645508,"car",0.583333333333333,18.98,"weekday",2,"20 to 39",">10km","car",18.98,0.583333333333333,4.08333333333333,4.08333333333333
"84317/1000",NA,84317,824,"35-39 years","female",20,2910,"Work",187.766311645508,187.766311645508,"car",0.5,18.12,"weekday",3,"20 to 39",">10km","car",18.12,0.5,3.5,3.5
"84317/1000",NA,84317,824,"35-39 years","female",20,2911,"Work",187.766311645508,187.766311645508,"car",0.333333333333333,2.88,"weekday",4,"20 to 39","3-5km","bicycle",2.88,0.261818181818182,2.33333333333333,1.83272727272727
"84318/1000",NA,84318,825,"65-69 years","male",20,2912,"Shopping",193.443954467773,193.443954467773,"car",0.133333333333333,5.85,"weekday",1,"65 plus","6-10km","car",5.85,0.133333333333333,0.933333333333333,0.933333333333333
"84318/1000",NA,84318,825,"65-69 years","male",20,2913,"Shopping",193.443954467773,193.443954467773,"car",0.166666666666667,5.28,"weekday",2,"65 plus","6-10km","car",5.28,0.166666666666667,1.16666666666667,1.16666666666667
"84320/1001",NA,84320,826,"60-64 years","female",20,2914,"Work",156.893493652344,156.893493652344,"car",0.166666666666667,7.92,"weekday",1,"40 to 64","6-10km","car",7.92,0.166666666666667,1.16666666666667,1.16666666666667
"84320/1001",NA,84320,826,"60-64 years","female",20,2915,"Work",156.893493652344,156.893493652344,"car",0.166666666666667,7.85,"weekday",2,"40 to 64","6-10km","car",7.85,0.166666666666667,1.16666666666667,1.16666666666667
"84321/1000",NA,84321,827,"45-49 years","female",20,2916,"Work",184.702865600586,184.702865600586,"car",0.833333333333333,46.82,"weekday",1,"40 to 64",">10km","car",46.82,0.833333333333333,5.83333333333333,5.83333333333333
"84321/1000",NA,84321,827,"45-49 years","female",20,2917,"Work",184.702865600586,184.702865600586,"car",0.666666666666667,45.63,"weekday",2,"40 to 64",">10km","car",45.63,0.666666666666667,4.66666666666667,4.66666666666667
"84323/1000",NA,84323,829,"65-69 years","male",20,2919,"Work",193.443954467773,193.443954467773,"car",0.416666666666667,25.26,"weekday",1,"65 plus",">10km","car",25.26,0.416666666666667,2.91666666666667,2.91666666666667
"84323/1000",NA,84323,829,"65-69 years","male",20,2920,"Work",193.443954467773,193.443954467773,"car",0.5,24.74,"weekday",2,"65 plus",">10km","car",24.74,0.5,3.5,3.5
"84324/1000",NA,84324,830,"60-64 years","male",20,2922,"Shopping",143.074340820312,143.074340820312,"car",0.133333333333333,8.26,"weekday",2,"40 to 64","6-10km","car",8.26,0.133333333333333,0.933333333333333,0.933333333333333
"84324/1000",NA,84324,830,"60-64 years","male",20,2923,"Shopping",143.074340820312,143.074340820312,"car",0.133333333333333,8.19,"weekday",3,"40 to 64","6-10km","car",8.19,0.133333333333333,0.933333333333333,0.933333333333333
"84324/1001",NA,84324,831,"60-64 years","female",20,2925,"Other",156.893493652344,156.893493652344,"car",0.133333333333333,8.26,"weekday",2,"40 to 64","6-10km","car",8.26,0.133333333333333,0.933333333333333,0.933333333333333
"84324/1001",NA,84324,831,"60-64 years","female",20,2926,"Other",156.893493652344,156.893493652344,"car",0.133333333333333,8.19,"weekday",3,"40 to 64","6-10km","car",8.19,0.133333333333333,0.933333333333333,0.933333333333333
"84326/1000",NA,84326,832,"80-84 years","female",20,2927,"Other",190.173706054688,190.173706054688,"car",0.166666666666667,7.15,"weekday",1,"65 plus","6-10km","car",7.15,0.166666666666667,1.16666666666667,1.16666666666667
"84326/1000",NA,84326,832,"80-84 years","female",20,2928,"Shopping",190.173706054688,190.173706054688,"car",0.0333333333333333,0.69,"weekday",2,"65 plus","<1km","bicycle",0.69,0.0627272727272727,0.233333333333333,0.439090909090909
"84326/1000",NA,84326,832,"80-84 years","female",20,2929,"Shopping",190.173706054688,190.173706054688,"car",0.166666666666667,7.64,"weekday",3,"65 plus","6-10km","car",7.64,0.166666666666667,1.16666666666667,1.16666666666667
"84326/1001",NA,84326,833,"80-84 years","male",20,2930,"Other",213.465911865234,213.465911865234,"car",0.166666666666667,7.15,"weekday",1,"65 plus","6-10km","car",7.15,0.166666666666667,1.16666666666667,1.16666666666667
"84326/1001",NA,84326,833,"80-84 years","male",20,2931,"Shopping",213.465911865234,213.465911865234,"car",0.0333333333333333,0.69,"weekday",2,"65 plus","<1km","bicycle",0.69,0.0627272727272727,0.233333333333333,0.439090909090909
"84326/1001",NA,84326,833,"80-84 years","male",20,2932,"Shopping",213.465911865234,213.465911865234,"car",0.166666666666667,7.64,"weekday",3,"65 plus","6-10km","car",7.64,0.166666666666667,1.16666666666667,1.16666666666667
"84327/1000",NA,84327,834,"50-54 years","female",20,2933,"Work",308.720367431641,308.720367431641,"car",0.166666666666667,5.57,"weekday",1,"40 to 64","6-10km","car",5.57,0.166666666666667,1.16666666666667,1.16666666666667
"84327/1000",NA,84327,834,"50-54 years","female",20,2934,"Work",308.720367431641,308.720367431641,"car",0.166666666666667,5.62,"weekday",2,"40 to 64","6-10km","car",5.62,0.166666666666667,1.16666666666667,1.16666666666667
"84327/1001",NA,84327,835,"45-49 years","male",20,2935,"Work",301.603668212891,301.603668212891,"car",0.5,46.09,"weekday",1,"40 to 64",">10km","car",46.09,0.5,3.5,3.5
"84327/1001",NA,84327,835,"45-49 years","male",20,2936,"Work",301.603668212891,301.603668212891,"car",0.666666666666667,45.88,"weekday",2,"40 to 64",">10km","car",45.88,0.666666666666667,4.66666666666667,4.66666666666667
"84330/1000",NA,84330,839,"65-69 years","female",20,2943,"Shopping",158.535507202148,158.535507202148,"car",0.116666666666667,2.6,"weekday",2,"65 plus","3-5km","bicycle",2.6,0.236363636363636,0.816666666666667,1.65454545454545
"84330/1000",NA,84330,839,"65-69 years","female",20,2944,"Shopping",158.535507202148,158.535507202148,"car",0.116666666666667,2.62,"weekday",3,"65 plus","3-5km","bicycle",2.62,0.238181818181818,0.816666666666667,1.66727272727273
"84330/1000",NA,84330,839,"65-69 years","female",20,2945,"Leisure",158.535507202148,158.535507202148,"car",0.166666666666667,1.93,"weekday",4,"65 plus","1-2km","bicycle",1.93,0.175454545454545,1.16666666666667,1.22818181818182
"84330/1000",NA,84330,839,"65-69 years","female",20,2946,"Leisure",158.535507202148,158.535507202148,"car",0.133333333333333,1.96,"weekday",5,"65 plus","1-2km","bicycle",1.96,0.178181818181818,0.933333333333333,1.24727272727273
"84330/1000",NA,84330,839,"65-69 years","female",20,2947,"Leisure",158.535507202148,158.535507202148,"car",0.5,23.38,"weekday",6,"65 plus",">10km","car",23.38,0.5,3.5,3.5
"84330/1000",NA,84330,839,"65-69 years","female",20,2948,"Leisure",158.535507202148,158.535507202148,"car",0.5,23.53,"weekday",7,"65 plus",">10km","car",23.53,0.5,3.5,3.5
"84330/1001",NA,84330,840,"65-69 years","male",20,2950,"Shopping",151.590209960938,151.590209960938,"car",0.116666666666667,2.6,"weekday",2,"65 plus","3-5km","bicycle",2.6,0.236363636363636,0.816666666666667,1.65454545454545
"84330/1001",NA,84330,840,"65-69 years","male",20,2951,"Shopping",151.590209960938,151.590209960938,"car",0.116666666666667,2.62,"weekday",3,"65 plus","3-5km","bicycle",2.62,0.238181818181818,0.816666666666667,1.66727272727273
"84330/1001",NA,84330,840,"65-69 years","male",20,2952,"Leisure",151.590209960938,151.590209960938,"car",0.166666666666667,1.93,"weekday",4,"65 plus","1-2km","bicycle",1.93,0.175454545454545,1.16666666666667,1.22818181818182
"84330/1001",NA,84330,840,"65-69 years","male",20,2953,"Leisure",151.590209960938,151.590209960938,"car",0.133333333333333,1.96,"weekday",5,"65 plus","1-2km","bicycle",1.96,0.178181818181818,0.933333333333333,1.24727272727273
"84330/1001",NA,84330,840,"65-69 years","male",20,2954,"Other",151.590209960938,151.590209960938,"car",0.5,23.38,"weekday",6,"65 plus",">10km","car",23.38,0.5,3.5,3.5
"84330/1001",NA,84330,840,"65-69 years","male",20,2955,"Other",151.590209960938,151.590209960938,"car",0.5,23.53,"weekday",7,"65 plus",">10km","car",23.53,0.5,3.5,3.5
"84332/1003",NA,84332,842,"45-49 years","male",20,2958,"Work",412.569610595703,412.569610595703,"car",0.466666666666667,16.84,"weekday",1,"40 to 64",">10km","car",16.84,0.466666666666667,3.26666666666667,3.26666666666667
"84332/1003",NA,84332,842,"45-49 years","male",20,2959,"Work",412.569610595703,412.569610595703,"car",0.416666666666667,16.79,"weekday",2,"40 to 64",">10km","car",16.79,0.416666666666667,2.91666666666667,2.91666666666667
"84333/1000",NA,84333,843,"45-49 years","male",20,2960,"Work",241.737762451172,241.737762451172,"car",1,74.84,"weekday",1,"40 to 64",">10km","car",74.84,1,7,7
"84333/1000",NA,84333,843,"45-49 years","male",20,2961,"Work",241.737762451172,241.737762451172,"car",1,72.76,"weekday",2,"40 to 64",">10km","car",72.76,1,7,7
"84337/1000",NA,84337,844,"75-79 years","female",20,2962,"Leisure",181.604446411133,181.604446411133,"car",0.166666666666667,6.93,"weekday",1,"65 plus","6-10km","car",6.93,0.166666666666667,1.16666666666667,1.16666666666667
"84337/1000",NA,84337,844,"75-79 years","female",20,2963,"Leisure",181.604446411133,181.604446411133,"car",0.166666666666667,6.97,"weekday",2,"65 plus","6-10km","car",6.97,0.166666666666667,1.16666666666667,1.16666666666667
"84337/1001",NA,84337,845,"75-79 years","male",20,2964,"Work",146.185394287109,146.185394287109,"car",0.166666666666667,8.27,"weekday",1,"65 plus","6-10km","car",8.27,0.166666666666667,1.16666666666667,1.16666666666667
"84337/1001",NA,84337,845,"75-79 years","male",20,2965,"Work",146.185394287109,146.185394287109,"car",0.166666666666667,8.2,"weekday",2,"65 plus","6-10km","car",8.2,0.166666666666667,1.16666666666667,1.16666666666667
"84337/1001",NA,84337,845,"75-79 years","male",20,2966,"Leisure",146.185394287109,146.185394287109,"car",0.166666666666667,6.93,"weekday",3,"65 plus","6-10km","car",6.93,0.166666666666667,1.16666666666667,1.16666666666667
"84337/1001",NA,84337,845,"75-79 years","male",20,2967,"Leisure",146.185394287109,146.185394287109,"car",0.166666666666667,6.97,"weekday",4,"65 plus","6-10km","car",6.97,0.166666666666667,1.16666666666667,1.16666666666667
"84338/1000",NA,84338,846,"65-69 years","female",20,2968,"Leisure",158.535507202148,158.535507202148,"car",0.333333333333333,15.83,"weekday",1,"65 plus",">10km","car",15.83,0.333333333333333,2.33333333333333,2.33333333333333
"84338/1000",NA,84338,846,"65-69 years","female",20,2969,"Leisure",158.535507202148,158.535507202148,"car",0.333333333333333,15.41,"weekday",2,"65 plus",">10km","car",15.41,0.333333333333333,2.33333333333333,2.33333333333333
"84338/1000",NA,84338,846,"65-69 years","female",20,2970,"Other",158.535507202148,158.535507202148,"car",0.25,4.73,"weekday",3,"65 plus","3-5km","bicycle",4.73,0.43,1.75,3.01
"84338/1000",NA,84338,846,"65-69 years","female",20,2971,"Other",158.535507202148,158.535507202148,"car",0.166666666666667,2.8,"weekday",4,"65 plus","3-5km","bicycle",2.8,0.254545454545455,1.16666666666667,1.78181818181818
"84338/1000",NA,84338,846,"65-69 years","female",20,2972,"Other",158.535507202148,158.535507202148,"car",0.166666666666667,2.12,"weekday",5,"65 plus","3-5km","bicycle",2.12,0.192727272727273,1.16666666666667,1.34909090909091
"84338/1001",NA,84338,847,"65-69 years","female",20,2973,"Work",158.535507202148,158.535507202148,"car",0.666666666666667,29.73,"weekday",1,"65 plus",">10km","car",29.73,0.666666666666667,4.66666666666667,4.66666666666667
"84338/1001",NA,84338,847,"65-69 years","female",20,2974,"Work",158.535507202148,158.535507202148,"car",0.583333333333333,29.41,"weekday",2,"65 plus",">10km","car",29.41,0.583333333333333,4.08333333333333,4.08333333333333
"84339/1000",NA,84339,848,"65-69 years","female",20,2975,"Leisure",158.535507202148,158.535507202148,"car",0.416666666666667,25.28,"weekday",1,"65 plus",">10km","car",25.28,0.416666666666667,2.91666666666667,2.91666666666667
"84339/1000",NA,84339,848,"65-69 years","female",20,2976,"Leisure",158.535507202148,158.535507202148,"car",0.3,15.83,"weekday",2,"65 plus",">10km","car",15.83,0.3,2.1,2.1
"84339/1000",NA,84339,848,"65-69 years","female",20,2977,"Leisure",158.535507202148,158.535507202148,"bicycle",0.333333333333333,4.29,"weekday",3,"65 plus","3-5km","bicycle",4.29,0.333333333333333,2.33333333333333,2.33333333333333
"84339/1000",NA,84339,848,"65-69 years","female",20,2978,"Leisure",158.535507202148,158.535507202148,"bicycle",0.333333333333333,4.29,"weekday",4,"65 plus","3-5km","bicycle",4.29,0.333333333333333,2.33333333333333,2.33333333333333
"84339/1000",NA,84339,848,"65-69 years","female",20,2979,"Leisure",158.535507202148,158.535507202148,"car",0.333333333333333,11.44,"weekday",4,"65 plus",">10km","car",11.44,0.333333333333333,2.33333333333333,2.33333333333333
"84339/1000",NA,84339,848,"65-69 years","female",20,2980,"Shopping",158.535507202148,158.535507202148,"car",0.166666666666667,2.48,"weekday",5,"65 plus","3-5km","bicycle",2.48,0.225454545454545,1.16666666666667,1.57818181818182
"84339/1000",NA,84339,848,"65-69 years","female",20,2981,"Shopping",158.535507202148,158.535507202148,"car",0.166666666666667,2.5,"weekday",6,"65 plus","3-5km","bicycle",2.5,0.227272727272727,1.16666666666667,1.59090909090909
"84339/1001",NA,84339,849,"60-64 years","male",20,2982,"Leisure",143.074340820312,143.074340820312,"car",0.416666666666667,25.28,"weekday",1,"40 to 64",">10km","car",25.28,0.416666666666667,2.91666666666667,2.91666666666667
"84339/1001",NA,84339,849,"60-64 years","male",20,2983,"Leisure",143.074340820312,143.074340820312,"car",0.3,15.83,"weekday",2,"40 to 64",">10km","car",15.83,0.3,2.1,2.1
"84339/1001",NA,84339,849,"60-64 years","male",20,2984,"Leisure",143.074340820312,143.074340820312,"bicycle",0.333333333333333,4.29,"weekday",3,"40 to 64","3-5km","bicycle",4.29,0.333333333333333,2.33333333333333,2.33333333333333
"84339/1001",NA,84339,849,"60-64 years","male",20,2985,"Leisure",143.074340820312,143.074340820312,"bicycle",0.333333333333333,4.29,"weekday",4,"40 to 64","3-5km","bicycle",4.29,0.333333333333333,2.33333333333333,2.33333333333333
"84339/1001",NA,84339,849,"60-64 years","male",20,2986,"Leisure",143.074340820312,143.074340820312,"car",0.333333333333333,11.44,"weekday",5,"40 to 64",">10km","car",11.44,0.333333333333333,2.33333333333333,2.33333333333333
"84339/1001",NA,84339,849,"60-64 years","male",20,2987,"Shopping",143.074340820312,143.074340820312,"car",0.166666666666667,2.48,"weekday",6,"40 to 64","3-5km","bicycle",2.48,0.225454545454545,1.16666666666667,1.57818181818182
"84339/1001",NA,84339,849,"60-64 years","male",20,2988,"Shopping",143.074340820312,143.074340820312,"car",0.166666666666667,2.5,"weekday",7,"40 to 64","3-5km","bicycle",2.5,0.227272727272727,1.16666666666667,1.59090909090909
"84339/1001",NA,84339,849,"60-64 years","male",20,2989,"Other",143.074340820312,143.074340820312,"car",0.15,3,"weekday",8,"40 to 64","3-5km","bicycle",3,0.272727272727273,1.05,1.90909090909091
"84339/1001",NA,84339,849,"60-64 years","male",20,2990,"Other",143.074340820312,143.074340820312,"car",0.116666666666667,3.27,"weekday",9,"40 to 64","3-5km","bicycle",3.27,0.297272727272727,0.816666666666667,2.08090909090909
"84340/1000",NA,84340,850,"50-54 years","male",20,2991,"Work",184.872970581055,184.872970581055,"car",0.75,26.1,"weekday",1,"40 to 64",">10km","car",26.1,0.75,5.25,5.25
"84340/1000",NA,84340,850,"50-54 years","male",20,2992,"Work",184.872970581055,184.872970581055,"car",0.75,26.27,"weekday",2,"40 to 64",">10km","car",26.27,0.75,5.25,5.25
"84340/1001",NA,84340,851,"50-54 years","female",20,2994,"Work",193.905059814453,193.905059814453,"car",0.166666666666667,11.3,"weekday",1,"40 to 64",">10km","car",11.3,0.166666666666667,1.16666666666667,1.16666666666667
"84340/1001",NA,84340,851,"50-54 years","female",20,2995,"Work",193.905059814453,193.905059814453,"car",0.333333333333333,11.3,"weekday",2,"40 to 64",">10km","car",11.3,0.333333333333333,2.33333333333333,2.33333333333333
"84342/1000",NA,84342,852,"30-34 years","male",20,2997,"Work",1001.68023681641,1001.68023681641,"car",0.25,6.61,"weekday",1,"20 to 39","6-10km","car",6.61,0.25,1.75,1.75
"84342/1000",NA,84342,852,"30-34 years","male",20,2998,"Work",1001.68023681641,1001.68023681641,"car",0.333333333333333,6.56,"weekday",2,"20 to 39","6-10km","car",6.56,0.333333333333333,2.33333333333333,2.33333333333333
"84342/1001",NA,84342,853,"30-34 years","female",20,2999,"Work",808.138244628906,808.138244628906,"car",0.5,9,"weekday",1,"20 to 39","6-10km","car",9,0.5,3.5,3.5
"84342/1001",NA,84342,853,"30-34 years","female",20,3000,"Work",808.138244628906,808.138244628906,"car",0.25,8.96,"weekday",2,"20 to 39","6-10km","car",8.96,0.25,1.75,1.75
"84353/1000",NA,84353,854,"50-54 years","female",20,3001,"Work",449.832550048828,449.832550048828,"car",0.5,5.95,"weekday",1,"40 to 64","6-10km","car",5.95,0.5,3.5,3.5
"84353/1000",NA,84353,854,"50-54 years","female",20,3002,"Shopping",449.832550048828,449.832550048828,"car",0.5,5.87,"weekday",2,"40 to 64","6-10km","car",5.87,0.5,3.5,3.5
"84353/1000",NA,84353,854,"50-54 years","female",20,3003,"Shopping",449.832550048828,449.832550048828,"car",0.0833333333333333,1.29,"weekday",3,"40 to 64","1-2km","bicycle",1.29,0.117272727272727,0.583333333333333,0.820909090909091
"84353/1001",NA,84353,855,"30-34 years","male",20,3004,"Work",825.542541503906,825.542541503906,"car",0.5,16.03,"weekday",1,"20 to 39",">10km","car",16.03,0.5,3.5,3.5
"84353/1001",NA,84353,855,"30-34 years","male",20,3005,"Work",825.542541503906,825.542541503906,"car",0.5,15.88,"weekday",2,"20 to 39",">10km","car",15.88,0.5,3.5,3.5
"84365/1000",NA,84365,856,"20-24 years","female",20,3006,"Education",860.436279296875,860.436279296875,"car",0.5,5.78,"weekday",1,"20 to 39","6-10km","car",5.78,0.5,3.5,3.5
"84365/1000",NA,84365,856,"20-24 years","female",20,3007,"Education",860.436279296875,860.436279296875,"car",0.5,5.81,"weekday",2,"20 to 39","6-10km","car",5.81,0.5,3.5,3.5
"84365/1000",NA,84365,856,"20-24 years","female",20,3008,"Shopping",860.436279296875,860.436279296875,"car",0.5,8.79,"weekday",3,"20 to 39","6-10km","car",8.79,0.5,3.5,3.5
"84365/1000",NA,84365,856,"20-24 years","female",20,3009,"Shopping",860.436279296875,860.436279296875,"car",0.5,8.66,"weekday",4,"20 to 39","6-10km","car",8.66,0.5,3.5,3.5
"84376/1000",NA,84376,857,"35-39 years","male",20,3010,"Education",673.374267578125,673.374267578125,"walking",0.416666666666667,1.99,"weekday",1,"20 to 39","1-2km","walking",1.99,0.416666666666667,2.91666666666667,2.91666666666667
"84376/1000",NA,84376,857,"35-39 years","male",20,3011,"Education",673.374267578125,673.374267578125,"walking",0.416666666666667,1.99,"weekday",2,"20 to 39","1-2km","walking",1.99,0.416666666666667,2.91666666666667,2.91666666666667
"84383/1000",NA,84383,858,"30-34 years","male",20,3012,"Work",893.932983398438,893.932983398438,"walking",0.216666666666667,0.65,"weekday",1,"20 to 39","<1km","walking",0.65,0.216666666666667,1.51666666666667,1.51666666666667
"84383/1000",NA,84383,858,"30-34 years","male",20,3013,"Work",893.932983398438,893.932983398438,"public.transport",0.25,7.25,"weekday",1,"20 to 39","6-10km","public.transport",7.25,0.25,1.75,1.75
"84383/1000",NA,84383,858,"30-34 years","male",20,3014,"Work",893.932983398438,893.932983398438,"walking",0.0666666666666667,0.16,"weekday",1,"20 to 39","<1km","walking",0.16,0.0666666666666667,0.466666666666667,0.466666666666667
"84383/1000",NA,84383,858,"30-34 years","male",20,3015,"Work",893.932983398438,893.932983398438,"walking",0.0833333333333333,0.16,"weekday",2,"20 to 39","<1km","walking",0.16,0.0833333333333333,0.583333333333333,0.583333333333333
"84383/1000",NA,84383,858,"30-34 years","male",20,3016,"Work",893.932983398438,893.932983398438,"public.transport",0.25,7.25,"weekday",2,"20 to 39","6-10km","public.transport",7.25,0.25,1.75,1.75
"84383/1000",NA,84383,858,"30-34 years","male",20,3017,"Work",893.932983398438,893.932983398438,"walking",0.2,0.65,"weekday",2,"20 to 39","<1km","walking",0.65,0.2,1.4,1.4
"84387/1000",NA,84387,859,"40-44 years","male",20,3018,"Work",513.975341796875,513.975341796875,"car",0.5,5.81,"weekday",1,"40 to 64","6-10km","car",5.81,0.5,3.5,3.5
"84387/1000",NA,84387,859,"40-44 years","male",20,3019,"Work",513.975341796875,513.975341796875,"car",0.166666666666667,2.41,"weekday",2,"40 to 64","3-5km","bicycle",2.41,0.219090909090909,1.16666666666667,1.53363636363636
"84387/1000",NA,84387,859,"40-44 years","male",20,3020,"Work",513.975341796875,513.975341796875,"car",0.416666666666667,7.79,"weekday",3,"40 to 64","6-10km","car",7.79,0.416666666666667,2.91666666666667,2.91666666666667
"84387/1001",NA,84387,860,"35-39 years","male",20,3021,"Work",621.857666015625,621.857666015625,"bicycle",0.666666666666667,6.09,"weekday",1,"20 to 39","6-10km","bicycle",6.09,0.666666666666667,4.66666666666667,4.66666666666667
"84387/1001",NA,84387,860,"35-39 years","male",20,3022,"Work",621.857666015625,621.857666015625,"bicycle",0.666666666666667,6.09,"weekday",2,"20 to 39","6-10km","bicycle",6.09,0.666666666666667,4.66666666666667,4.66666666666667
"84394/1000",NA,84394,861,"45-49 years","male",20,3023,"Other",552.430297851562,552.430297851562,"walking",0.25,0.99,"weekday",1,"40 to 64","<1km","walking",0.99,0.25,1.75,1.75
"84394/1000",NA,84394,861,"45-49 years","male",20,3024,"Other",552.430297851562,552.430297851562,"walking",0.166666666666667,0.99,"weekday",2,"40 to 64","<1km","walking",0.99,0.166666666666667,1.16666666666667,1.16666666666667
"84394/1000",NA,84394,861,"45-49 years","male",20,3025,"Other",552.430297851562,552.430297851562,"car",0.0833333333333333,0.99,"weekday",3,"40 to 64","<1km","bicycle",0.99,0.09,0.583333333333333,0.63
"84394/1000",NA,84394,861,"45-49 years","male",20,3026,"Other",552.430297851562,552.430297851562,"car",0.0833333333333333,1.25,"weekday",4,"40 to 64","1-2km","bicycle",1.25,0.113636363636364,0.583333333333333,0.795454545454545
"84394/1001",NA,84394,862,"30-34 years","female",20,3027,"Work",808.138244628906,808.138244628906,"walking",0.166666666666667,0.89,"weekday",1,"20 to 39","<1km","walking",0.89,0.166666666666667,1.16666666666667,1.16666666666667
"84394/1001",NA,84394,862,"30-34 years","female",20,3028,"Work",808.138244628906,808.138244628906,"walking",0.25,0.89,"weekday",2,"20 to 39","<1km","walking",0.89,0.25,1.75,1.75
"84402/1000",NA,84402,863,"55-59 years","male",20,3029,"Other",141.208511352539,141.208511352539,"car",0.35,18.85,"weekday",1,"40 to 64",">10km","car",18.85,0.35,2.45,2.45
"84402/1000",NA,84402,863,"55-59 years","male",20,3030,"Work",141.208511352539,141.208511352539,"car",0.333333333333333,26.05,"weekday",2,"40 to 64",">10km","car",26.05,0.333333333333333,2.33333333333333,2.33333333333333
"84402/1000",NA,84402,863,"55-59 years","male",20,3031,"Shopping",141.208511352539,141.208511352539,"car",0.0833333333333333,1.39,"weekday",3,"40 to 64","1-2km","bicycle",1.39,0.126363636363636,0.583333333333333,0.884545454545454
"84402/1000",NA,84402,863,"55-59 years","male",20,3032,"Shopping",141.208511352539,141.208511352539,"car",0.333333333333333,22.11,"weekday",4,"40 to 64",">10km","car",22.11,0.333333333333333,2.33333333333333,2.33333333333333
"84406/1000",NA,84406,864,"30-34 years","female",20,3033,"Other",166.980453491211,166.980453491211,"car",0.333333333333333,10.99,"weekday",1,"20 to 39",">10km","car",10.99,0.333333333333333,2.33333333333333,2.33333333333333
"84406/1000",NA,84406,864,"30-34 years","female",20,3034,"Other",166.980453491211,166.980453491211,"car",0.25,5.67,"weekday",2,"20 to 39","6-10km","car",5.67,0.25,1.75,1.75
"84406/1000",NA,84406,864,"30-34 years","female",20,3035,"Other",166.980453491211,166.980453491211,"car",0.416666666666667,6.21,"weekday",3,"20 to 39","6-10km","car",6.21,0.416666666666667,2.91666666666667,2.91666666666667
"84406/1000",NA,84406,864,"30-34 years","female",20,3036,"Other",166.980453491211,166.980453491211,"car",0.116666666666667,2.93,"weekday",4,"20 to 39","3-5km","bicycle",2.93,0.266363636363636,0.816666666666667,1.86454545454545
"84406/1000",NA,84406,864,"30-34 years","female",20,3037,"Other",166.980453491211,166.980453491211,"car",0.116666666666667,2.93,"weekday",5,"20 to 39","3-5km","bicycle",2.93,0.266363636363636,0.816666666666667,1.86454545454545
"84406/1001",NA,84406,865,"30-34 years","male",20,3038,"Other",198.818878173828,198.818878173828,"car",0.333333333333333,10.99,"weekday",1,"20 to 39",">10km","car",10.99,0.333333333333333,2.33333333333333,2.33333333333333
"84406/1001",NA,84406,865,"30-34 years","male",20,3039,"Other",198.818878173828,198.818878173828,"car",0.25,5.67,"weekday",2,"20 to 39","6-10km","car",5.67,0.25,1.75,1.75
"84406/1001",NA,84406,865,"30-34 years","male",20,3040,"Other",198.818878173828,198.818878173828,"car",0.416666666666667,6.21,"weekday",3,"20 to 39","6-10km","car",6.21,0.416666666666667,2.91666666666667,2.91666666666667
"84406/1001",NA,84406,865,"30-34 years","male",20,3041,"Other",198.818878173828,198.818878173828,"car",0.116666666666667,2.93,"weekday",4,"20 to 39","3-5km","bicycle",2.93,0.266363636363636,0.816666666666667,1.86454545454545
"84406/1001",NA,84406,865,"30-34 years","male",20,3042,"Other",198.818878173828,198.818878173828,"car",0.116666666666667,2.93,"weekday",5,"20 to 39","3-5km","bicycle",2.93,0.266363636363636,0.816666666666667,1.86454545454545
"84408/1000",NA,84408,866,"45-49 years","male",20,3043,"Work",146.615966796875,146.615966796875,"car",0.5,35.22,"weekday",1,"40 to 64",">10km","car",35.22,0.5,3.5,3.5
"84408/1000",NA,84408,866,"45-49 years","male",20,3044,"Work",146.615966796875,146.615966796875,"car",0.75,34.39,"weekday",2,"40 to 64",">10km","car",34.39,0.75,5.25,5.25
"84412/1001",NA,84412,867,"35-39 years","male",20,3045,"Work",140.393783569336,140.393783569336,"car",0.333333333333333,18.04,"weekday",1,"20 to 39",">10km","car",18.04,0.333333333333333,2.33333333333333,2.33333333333333
"84412/1001",NA,84412,867,"35-39 years","male",20,3046,"Work",140.393783569336,140.393783569336,"car",0.333333333333333,17.37,"weekday",2,"20 to 39",">10km","car",17.37,0.333333333333333,2.33333333333333,2.33333333333333
"84413/1000",NA,84413,868,"70-74 years","male",20,3047,"Leisure",103.645225524902,103.645225524902,"walking",0.416666666666667,0.29,"weekday",1,"65 plus","<1km","walking",0.29,0.416666666666667,2.91666666666667,2.91666666666667
"84413/1000",NA,84413,868,"70-74 years","male",20,3048,"Leisure",103.645225524902,103.645225524902,"walking",0.416666666666667,0.29,"weekday",2,"65 plus","<1km","walking",0.29,0.416666666666667,2.91666666666667,2.91666666666667
"84413/1001",NA,84413,869,"65-69 years","female",20,3049,"Leisure",101.395683288574,101.395683288574,"walking",0.416666666666667,0.29,"weekday",1,"65 plus","<1km","walking",0.29,0.416666666666667,2.91666666666667,2.91666666666667
"84413/1001",NA,84413,869,"65-69 years","female",20,3050,"Leisure",101.395683288574,101.395683288574,"walking",0.416666666666667,0.29,"weekday",2,"65 plus","<1km","walking",0.29,0.416666666666667,2.91666666666667,2.91666666666667
"84414/1000",NA,84414,870,"50-54 years","female",20,3051,"Work",146.526428222656,146.526428222656,"car",0.25,6.04,"weekday",1,"40 to 64","6-10km","car",6.04,0.25,1.75,1.75
"84414/1000",NA,84414,870,"50-54 years","female",20,3052,"Leisure",146.526428222656,146.526428222656,"car",0.166666666666667,3.12,"weekday",2,"40 to 64","3-5km","bicycle",3.12,0.283636363636364,1.16666666666667,1.98545454545455
"84414/1000",NA,84414,870,"50-54 years","female",20,3053,"Leisure",146.526428222656,146.526428222656,"car",0.25,2.9,"weekday",3,"40 to 64","3-5km","bicycle",2.9,0.263636363636364,1.75,1.84545454545455
"84415/1000",NA,84415,871,"70-74 years","female",20,3054,"Other",105.644348144531,105.644348144531,"car",0.75,40.63,"weekday",1,"65 plus",">10km","car",40.63,0.75,5.25,5.25
"84415/1000",NA,84415,871,"70-74 years","female",20,3055,"Other",105.644348144531,105.644348144531,"car",0.8,39.79,"weekday",2,"65 plus",">10km","car",39.79,0.8,5.6,5.6
"84415/1000",NA,84415,871,"70-74 years","female",20,3056,"Shopping",105.644348144531,105.644348144531,"car",0.166666666666667,2.93,"weekday",3,"65 plus","3-5km","bicycle",2.93,0.266363636363636,1.16666666666667,1.86454545454545
"84415/1000",NA,84415,871,"70-74 years","female",20,3057,"Shopping",105.644348144531,105.644348144531,"car",0.0666666666666667,2.93,"weekday",4,"65 plus","3-5km","bicycle",2.93,0.266363636363636,0.466666666666667,1.86454545454545
"84416/1000",NA,84416,872,"75-79 years","female",20,3058,"Other",87.5259704589844,87.5259704589844,"car",0.05,0.68,"weekday",1,"65 plus","<1km","bicycle",0.68,0.0618181818181818,0.35,0.432727272727273
"84416/1000",NA,84416,872,"75-79 years","female",20,3059,"Other",87.5259704589844,87.5259704589844,"car",0.05,0.68,"weekday",2,"65 plus","<1km","bicycle",0.68,0.0618181818181818,0.35,0.432727272727273
"84416/1000",NA,84416,872,"75-79 years","female",20,3060,"Other",87.5259704589844,87.5259704589844,"car",0.05,0.68,"weekday",3,"65 plus","<1km","bicycle",0.68,0.0618181818181818,0.35,0.432727272727273
"84416/1000",NA,84416,872,"75-79 years","female",20,3061,"Other",87.5259704589844,87.5259704589844,"car",0.05,0.68,"weekday",4,"65 plus","<1km","bicycle",0.68,0.0618181818181818,0.35,0.432727272727273
"84417/1000",NA,84417,873,"55-59 years","female",20,3062,"Shopping",134.014312744141,134.014312744141,"car",0.25,2.86,"weekday",1,"40 to 64","3-5km","bicycle",2.86,0.26,1.75,1.82
"84417/1000",NA,84417,873,"55-59 years","female",20,3063,"Shopping",134.014312744141,134.014312744141,"car",0.333333333333333,2.86,"weekday",2,"40 to 64","3-5km","bicycle",2.86,0.26,2.33333333333333,1.82
"84421/1000",NA,84421,874,"60-64 years","female",20,3064,"Leisure",170.002777099609,170.002777099609,"walking",0.366666666666667,0.53,"weekday",1,"40 to 64","<1km","walking",0.53,0.366666666666667,2.56666666666667,2.56666666666667
"84421/1000",NA,84421,874,"60-64 years","female",20,3065,"Leisure",170.002777099609,170.002777099609,"walking",0.383333333333333,0.53,"weekday",2,"40 to 64","<1km","walking",0.53,0.383333333333333,2.68333333333333,2.68333333333333
"84421/1001",NA,84421,875,"60-64 years","male",20,3066,"Leisure",126.624420166016,126.624420166016,"walking",0.366666666666667,0.53,"weekday",1,"40 to 64","<1km","walking",0.53,0.366666666666667,2.56666666666667,2.56666666666667
"84421/1001",NA,84421,875,"60-64 years","male",20,3067,"Leisure",126.624420166016,126.624420166016,"walking",0.383333333333333,0.53,"weekday",2,"40 to 64","<1km","walking",0.53,0.383333333333333,2.68333333333333,2.68333333333333
"84423/1000",NA,84423,877,"50-54 years","female",20,3069,"Work",181.629013061523,181.629013061523,"car",0.333333333333333,9.22,"weekday",1,"40 to 64","6-10km","car",9.22,0.333333333333333,2.33333333333333,2.33333333333333
"84423/1000",NA,84423,877,"50-54 years","female",20,3070,"Work",181.629013061523,181.629013061523,"car",0.333333333333333,9.39,"weekday",2,"40 to 64","6-10km","car",9.39,0.333333333333333,2.33333333333333,2.33333333333333
"84423/1001",NA,84423,878,"55-59 years","male",20,3071,"Work",197.260543823242,197.260543823242,"car",0.416666666666667,9.22,"weekday",1,"40 to 64","6-10km","car",9.22,0.416666666666667,2.91666666666667,2.91666666666667
"84423/1001",NA,84423,878,"55-59 years","male",20,3072,"Work",197.260543823242,197.260543823242,"car",0.333333333333333,9.39,"weekday",2,"40 to 64","6-10km","car",9.39,0.333333333333333,2.33333333333333,2.33333333333333
"84423/1002",NA,84423,879,"35-39 years","male",20,3073,"Work",174.027191162109,174.027191162109,"car",0.75,28.39,"weekday",1,"20 to 39",">10km","car",28.39,0.75,5.25,5.25
"84423/1002",NA,84423,879,"35-39 years","male",20,3074,"Work",174.027191162109,174.027191162109,"car",0.75,28.26,"weekday",2,"20 to 39",">10km","car",28.26,0.75,5.25,5.25
"84423/1003",NA,84423,880,"20-24 years","male",20,3075,"Work",247.548080444336,247.548080444336,"car",0.833333333333333,41.94,"weekday",1,"20 to 39",">10km","car",41.94,0.833333333333333,5.83333333333333,5.83333333333333
"84423/1003",NA,84423,880,"20-24 years","male",20,3076,"Work",247.548080444336,247.548080444336,"car",0.75,41.09,"weekday",2,"20 to 39",">10km","car",41.09,0.75,5.25,5.25
"84425/1000",NA,84425,881,"25-29 years","male",20,3077,"Leisure",242.281494140625,242.281494140625,"car",1,20.26,"weekday",1,"20 to 39",">10km","car",20.26,1,7,7
"84425/1000",NA,84425,881,"25-29 years","male",20,3078,"Shopping",242.281494140625,242.281494140625,"car",0.333333333333333,6.27,"weekday",2,"20 to 39","6-10km","car",6.27,0.333333333333333,2.33333333333333,2.33333333333333
"84425/1000",NA,84425,881,"25-29 years","male",20,3079,"Other",242.281494140625,242.281494140625,"car",0.25,6.39,"weekday",3,"20 to 39","6-10km","car",6.39,0.25,1.75,1.75
"84425/1000",NA,84425,881,"25-29 years","male",20,3080,"Other",242.281494140625,242.281494140625,"car",0.433333333333333,20.18,"weekday",4,"20 to 39",">10km","car",20.18,0.433333333333333,3.03333333333333,3.03333333333333
"84425/1000",NA,84425,881,"25-29 years","male",20,3081,"Shopping",242.281494140625,242.281494140625,"car",0.0333333333333333,0.6,"weekday",5,"20 to 39","<1km","bicycle",0.6,0.0545454545454545,0.233333333333333,0.381818181818182
"84425/1000",NA,84425,881,"25-29 years","male",20,3082,"Shopping",242.281494140625,242.281494140625,"car",0.0333333333333333,0.6,"weekday",6,"20 to 39","<1km","bicycle",0.6,0.0545454545454545,0.233333333333333,0.381818181818182
"84425/1002",NA,84425,883,"55-59 years","female",20,3084,"Work",187.210632324219,187.210632324219,"car",0.333333333333333,4.67,"weekday",1,"40 to 64","3-5km","bicycle",4.67,0.424545454545455,2.33333333333333,2.97181818181818
"84425/1002",NA,84425,883,"55-59 years","female",20,3085,"Other",187.210632324219,187.210632324219,"car",0.333333333333333,4.8,"weekday",2,"40 to 64","3-5km","bicycle",4.8,0.436363636363636,2.33333333333333,3.05454545454545
"84425/1002",NA,84425,883,"55-59 years","female",20,3086,"Other",187.210632324219,187.210632324219,"car",0.266666666666667,3.73,"weekday",3,"40 to 64","3-5km","bicycle",3.73,0.339090909090909,1.86666666666667,2.37363636363636
"84425/1003",NA,84425,884,"20-24 years","male",20,3087,"Work",247.548080444336,247.548080444336,"car",0.266666666666667,6.06,"weekday",1,"20 to 39","6-10km","car",6.06,0.266666666666667,1.86666666666667,1.86666666666667
"84425/1003",NA,84425,884,"20-24 years","male",20,3088,"Work",247.548080444336,247.548080444336,"car",0.3,5.91,"weekday",2,"20 to 39","6-10km","car",5.91,0.3,2.1,2.1
"84425/1003",NA,84425,884,"20-24 years","male",20,3089,"Shopping",247.548080444336,247.548080444336,"car",0.0333333333333333,0.6,"weekday",3,"20 to 39","<1km","bicycle",0.6,0.0545454545454545,0.233333333333333,0.381818181818182
"84425/1003",NA,84425,884,"20-24 years","male",20,3090,"Shopping",247.548080444336,247.548080444336,"car",0.0333333333333333,0.6,"weekday",4,"20 to 39","<1km","bicycle",0.6,0.0545454545454545,0.233333333333333,0.381818181818182
"84428/1001",NA,84428,885,"35-39 years","female",20,3091,"Other",134.685974121094,134.685974121094,"car",0.166666666666667,2.45,"weekday",1,"20 to 39","3-5km","bicycle",2.45,0.222727272727273,1.16666666666667,1.55909090909091
"84428/1001",NA,84428,885,"35-39 years","female",20,3092,"Other",134.685974121094,134.685974121094,"car",0.15,2.41,"weekday",2,"20 to 39","3-5km","bicycle",2.41,0.219090909090909,1.05,1.53363636363636
"84428/1001",NA,84428,885,"35-39 years","female",20,3093,"Other",134.685974121094,134.685974121094,"car",0.166666666666667,2.45,"weekday",3,"20 to 39","3-5km","bicycle",2.45,0.222727272727273,1.16666666666667,1.55909090909091
"84428/1001",NA,84428,885,"35-39 years","female",20,3094,"Other",134.685974121094,134.685974121094,"car",0.166666666666667,2.41,"weekday",4,"20 to 39","3-5km","bicycle",2.41,0.219090909090909,1.16666666666667,1.53363636363636
"84432/1000",NA,84432,886,"50-54 years","male",20,3095,"Work",117.728157043457,117.728157043457,"car",1,44.78,"weekday",1,"40 to 64",">10km","car",44.78,1,7,7
"84432/1000",NA,84432,886,"50-54 years","male",20,3096,"Work",117.728157043457,117.728157043457,"car",1,44.9,"weekday",2,"40 to 64",">10km","car",44.9,1,7,7
"84432/1001",NA,84432,887,"35-39 years","female",20,3097,"Work",140.541229248047,140.541229248047,"car",1,44.78,"weekday",1,"20 to 39",">10km","car",44.78,1,7,7
"84432/1001",NA,84432,887,"35-39 years","female",20,3098,"Work",140.541229248047,140.541229248047,"car",1,44.9,"weekday",2,"20 to 39",">10km","car",44.9,1,7,7
"84435/1000",NA,84435,888,"80-84 years","female",20,3099,"Shopping",284.204681396484,284.204681396484,"car",0.333333333333333,16.63,"weekday",1,"65 plus",">10km","car",16.63,0.333333333333333,2.33333333333333,2.33333333333333
"84435/1000",NA,84435,888,"80-84 years","female",20,3100,"Shopping",284.204681396484,284.204681396484,"car",0.75,16.36,"weekday",2,"65 plus",">10km","car",16.36,0.75,5.25,5.25
"84435/1000",NA,84435,888,"80-84 years","female",20,3101,"Shopping",284.204681396484,284.204681396484,"car",0.183333333333333,3.29,"weekday",3,"65 plus","3-5km","bicycle",3.29,0.299090909090909,1.28333333333333,2.09363636363636
"84435/1002",NA,84435,889,"80-84 years","male",20,3102,"Shopping",125.668037414551,125.668037414551,"car",0.333333333333333,16.63,"weekday",1,"65 plus",">10km","car",16.63,0.333333333333333,2.33333333333333,2.33333333333333
"84435/1002",NA,84435,889,"80-84 years","male",20,3103,"Shopping",125.668037414551,125.668037414551,"car",0.75,16.36,"weekday",2,"65 plus",">10km","car",16.36,0.75,5.25,5.25
"84435/1002",NA,84435,889,"80-84 years","male",20,3104,"Shopping",125.668037414551,125.668037414551,"car",0.183333333333333,3.29,"weekday",3,"65 plus","3-5km","bicycle",3.29,0.299090909090909,1.28333333333333,2.09363636363636
"84440/1000",NA,84440,890,"35-39 years","male",20,3105,"Other",259.737060546875,259.737060546875,"car",0.166666666666667,6.56,"weekday",1,"20 to 39","6-10km","car",6.56,0.166666666666667,1.16666666666667,1.16666666666667
"84440/1000",NA,84440,890,"35-39 years","male",20,3106,"Work",259.737060546875,259.737060546875,"car",0.483333333333333,17.68,"weekday",2,"20 to 39",">10km","car",17.68,0.483333333333333,3.38333333333333,3.38333333333333
"84440/1000",NA,84440,890,"35-39 years","male",20,3107,"Other",259.737060546875,259.737060546875,"car",0.5,17.43,"weekday",3,"20 to 39",">10km","car",17.43,0.5,3.5,3.5
"84440/1000",NA,84440,890,"35-39 years","male",20,3108,"Other",259.737060546875,259.737060546875,"car",0.15,6.47,"weekday",4,"20 to 39","6-10km","car",6.47,0.15,1.05,1.05
"84441/1001",NA,84441,891,"55-59 years","female",20,3109,"Work",264.069396972656,264.069396972656,"car",0.25,8.44,"weekday",1,"40 to 64","6-10km","car",8.44,0.25,1.75,1.75
"84441/1001",NA,84441,891,"55-59 years","female",20,3110,"Work",264.069396972656,264.069396972656,"car",0.25,8.73,"weekday",2,"40 to 64","6-10km","car",8.73,0.25,1.75,1.75
"84441/1002",NA,84441,892,"50-54 years","male",20,3111,"Work",249.704925537109,249.704925537109,"car",0.25,16.18,"weekday",1,"40 to 64",">10km","car",16.18,0.25,1.75,1.75
"84441/1002",NA,84441,892,"50-54 years","male",20,3112,"Other",249.704925537109,249.704925537109,"car",0.25,12.08,"weekday",2,"40 to 64",">10km","car",12.08,0.25,1.75,1.75
"84441/1002",NA,84441,892,"50-54 years","male",20,3113,"Other",249.704925537109,249.704925537109,"car",0.25,8.44,"weekday",3,"40 to 64","6-10km","car",8.44,0.25,1.75,1.75
"84441/1002",NA,84441,892,"50-54 years","male",20,3114,"Work",249.704925537109,249.704925537109,"car",0.266666666666667,16.18,"weekday",4,"40 to 64",">10km","car",16.18,0.266666666666667,1.86666666666667,1.86666666666667
"84441/1002",NA,84441,892,"50-54 years","male",20,3115,"Work",249.704925537109,249.704925537109,"car",0.25,16.23,"weekday",5,"40 to 64",">10km","car",16.23,0.25,1.75,1.75
"84441/1002",NA,84441,892,"50-54 years","male",20,3116,"Other",249.704925537109,249.704925537109,"car",0.25,8.73,"weekday",6,"40 to 64","6-10km","car",8.73,0.25,1.75,1.75
"84441/1002",NA,84441,892,"50-54 years","male",20,3117,"Other",249.704925537109,249.704925537109,"car",0.283333333333333,8.44,"weekday",7,"40 to 64","6-10km","car",8.44,0.283333333333333,1.98333333333333,1.98333333333333
"84442/1000",NA,84442,893,"55-59 years","female",20,3118,"Work",181.938278198242,181.938278198242,"car",0.25,4.23,"weekday",1,"40 to 64","3-5km","bicycle",4.23,0.384545454545455,1.75,2.69181818181818
"84442/1000",NA,84442,893,"55-59 years","female",20,3119,"Work",181.938278198242,181.938278198242,"car",0.333333333333333,9.38,"weekday",2,"40 to 64","6-10km","car",9.38,0.333333333333333,2.33333333333333,2.33333333333333
"84442/1000",NA,84442,893,"55-59 years","female",20,3120,"Work",181.938278198242,181.938278198242,"car",0.333333333333333,13.35,"weekday",3,"40 to 64",">10km","car",13.35,0.333333333333333,2.33333333333333,2.33333333333333
"84442/1000",NA,84442,893,"55-59 years","female",20,3121,"Work",181.938278198242,181.938278198242,"car",0.416666666666667,9.45,"weekday",4,"40 to 64","6-10km","car",9.45,0.416666666666667,2.91666666666667,2.91666666666667
"84442/1000",NA,84442,893,"55-59 years","female",20,3122,"Work",181.938278198242,181.938278198242,"car",0.583333333333333,9.01,"weekday",5,"40 to 64","6-10km","car",9.01,0.583333333333333,4.08333333333333,4.08333333333333
"84442/1001",NA,84442,894,"60-64 years","male",20,3123,"Work",210.90705871582,210.90705871582,"walking",0.05,0.52,"weekday",1,"40 to 64","<1km","walking",0.52,0.05,0.35,0.35
"84442/1001",NA,84442,894,"60-64 years","male",20,3124,"Work",210.90705871582,210.90705871582,"walking",0.05,0.52,"weekday",2,"40 to 64","<1km","walking",0.52,0.05,0.35,0.35
"84442/1002",NA,84442,895,"30-34 years","male",20,3125,"Work",203.662582397461,203.662582397461,"car",0.333333333333333,7.85,"weekday",1,"20 to 39","6-10km","car",7.85,0.333333333333333,2.33333333333333,2.33333333333333
"84442/1002",NA,84442,895,"30-34 years","male",20,3126,"Work",203.662582397461,203.662582397461,"car",0.333333333333333,7.84,"weekday",2,"20 to 39","6-10km","car",7.84,0.333333333333333,2.33333333333333,2.33333333333333
"84443/1000",NA,84443,896,"55-59 years","male",20,3127,"Other",288.880584716797,288.880584716797,"car",0.25,4.48,"weekday",1,"40 to 64","3-5km","bicycle",4.48,0.407272727272727,1.75,2.85090909090909
"84443/1000",NA,84443,896,"55-59 years","male",20,3128,"Other",288.880584716797,288.880584716797,"car",0.233333333333333,4.74,"weekday",2,"40 to 64","3-5km","bicycle",4.74,0.430909090909091,1.63333333333333,3.01636363636364
"84443/1000",NA,84443,896,"55-59 years","male",20,3129,"Work",288.880584716797,288.880584716797,"car",0.5,8.51,"weekday",3,"40 to 64","6-10km","car",8.51,0.5,3.5,3.5
"84443/1000",NA,84443,896,"55-59 years","male",20,3130,"Shopping",288.880584716797,288.880584716797,"car",0.75,24.77,"weekday",4,"40 to 64",">10km","car",24.77,0.75,5.25,5.25
"84443/1000",NA,84443,896,"55-59 years","male",20,3131,"Shopping",288.880584716797,288.880584716797,"car",0.75,28.62,"weekday",5,"40 to 64",">10km","car",28.62,0.75,5.25,5.25
"84443/1000",NA,84443,896,"55-59 years","male",20,3132,"Other",288.880584716797,288.880584716797,"car",0.25,3.71,"weekday",6,"40 to 64","3-5km","bicycle",3.71,0.337272727272727,1.75,2.36090909090909
"84443/1000",NA,84443,896,"55-59 years","male",20,3133,"Other",288.880584716797,288.880584716797,"car",0.25,1.46,"weekday",7,"40 to 64","1-2km","bicycle",1.46,0.132727272727273,1.75,0.929090909090909
"84443/1000",NA,84443,896,"55-59 years","male",20,3134,"Other",288.880584716797,288.880584716797,"car",0.333333333333333,4.74,"weekday",8,"40 to 64","3-5km","bicycle",4.74,0.430909090909091,2.33333333333333,3.01636363636364
"84444/1000",NA,84444,897,"45-49 years","male",20,3135,"Shopping",156.624847412109,156.624847412109,"car",0.0833333333333333,1.6,"weekday",1,"40 to 64","1-2km","bicycle",1.6,0.145454545454545,0.583333333333333,1.01818181818182
"84444/1000",NA,84444,897,"45-49 years","male",20,3136,"Work",156.624847412109,156.624847412109,"car",0.483333333333333,15.24,"weekday",2,"40 to 64",">10km","car",15.24,0.483333333333333,3.38333333333333,3.38333333333333
"84445/1001",NA,84445,898,"20-24 years","female",20,3137,"Education",143.811325073242,143.811325073242,"car",0.416666666666667,12.13,"weekday",1,"20 to 39",">10km","car",12.13,0.416666666666667,2.91666666666667,2.91666666666667
"84445/1001",NA,84445,898,"20-24 years","female",20,3138,"Education",143.811325073242,143.811325073242,"car",0.416666666666667,12.35,"weekday",2,"20 to 39",">10km","car",12.35,0.416666666666667,2.91666666666667,2.91666666666667
"84447/1003",NA,84447,899,"70-74 years","male",20,3139,"Shopping",123.979629516602,123.979629516602,"car",0.0833333333333333,1.59,"weekday",1,"65 plus","1-2km","bicycle",1.59,0.144545454545455,0.583333333333333,1.01181818181818
"84447/1003",NA,84447,899,"70-74 years","male",20,3140,"Shopping",123.979629516602,123.979629516602,"car",0.0833333333333333,1.59,"weekday",2,"65 plus","1-2km","bicycle",1.59,0.144545454545455,0.583333333333333,1.01181818181818
"84451/1000",NA,84451,900,"65-69 years","male",20,3141,"Leisure",168.542846679688,168.542846679688,"walking",0.333333333333333,1.91,"weekday",1,"65 plus","1-2km","walking",1.91,0.333333333333333,2.33333333333333,2.33333333333333
"84451/1000",NA,84451,900,"65-69 years","male",20,3142,"Leisure",168.542846679688,168.542846679688,"walking",0.416666666666667,1.91,"weekday",2,"65 plus","1-2km","walking",1.91,0.416666666666667,2.91666666666667,2.91666666666667
"84452/1000",NA,84452,901,"40-44 years","male",20,3143,"Work",448.764221191406,448.764221191406,"car",0.133333333333333,1.45,"weekday",1,"40 to 64","1-2km","bicycle",1.45,0.131818181818182,0.933333333333333,0.922727272727273
"84452/1000",NA,84452,901,"40-44 years","male",20,3144,"Work",448.764221191406,448.764221191406,"car",0.133333333333333,1.45,"weekday",2,"40 to 64","1-2km","bicycle",1.45,0.131818181818182,0.933333333333333,0.922727272727273
"84452/1001",NA,84452,902,"40-44 years","female",20,3145,"Other",315.374176025391,315.374176025391,"car",0.25,3.68,"weekday",1,"40 to 64","3-5km","bicycle",3.68,0.334545454545455,1.75,2.34181818181818
"84452/1001",NA,84452,902,"40-44 years","female",20,3146,"Other",315.374176025391,315.374176025391,"car",0.25,3.84,"weekday",2,"40 to 64","3-5km","bicycle",3.84,0.349090909090909,1.75,2.44363636363636
"84452/1001",NA,84452,902,"40-44 years","female",20,3147,"Other",315.374176025391,315.374176025391,"car",0.25,3.68,"weekday",3,"40 to 64","3-5km","bicycle",3.68,0.334545454545455,1.75,2.34181818181818
"84452/1001",NA,84452,902,"40-44 years","female",20,3148,"Other",315.374176025391,315.374176025391,"car",0.166666666666667,3.84,"weekday",4,"40 to 64","3-5km","bicycle",3.84,0.349090909090909,1.16666666666667,2.44363636363636
"84452/1003",NA,84452,903,"15-19 years","female",20,3149,"Education",282.893920898438,282.893920898438,"car",0.25,3.68,"weekday",1,"15 to 19","3-5km","bicycle",3.68,0.334545454545455,1.75,2.34181818181818
"84452/1003",NA,84452,903,"15-19 years","female",20,3150,"Education",282.893920898438,282.893920898438,"car",0.166666666666667,3.84,"weekday",2,"15 to 19","3-5km","bicycle",3.84,0.349090909090909,1.16666666666667,2.44363636363636
"84453/1000",NA,84453,904,"35-39 years","male",20,3151,"Work",259.737060546875,259.737060546875,"car",0.666666666666667,29.08,"weekday",1,"20 to 39",">10km","car",29.08,0.666666666666667,4.66666666666667,4.66666666666667
"84453/1000",NA,84453,904,"35-39 years","male",20,3152,"Work",259.737060546875,259.737060546875,"car",0.633333333333333,28.62,"weekday",2,"20 to 39",">10km","car",28.62,0.633333333333333,4.43333333333333,4.43333333333333
"84455/1000",NA,84455,905,"45-49 years","female",20,3153,"Work",303.152160644531,303.152160644531,"car",0.266666666666667,13.76,"weekday",1,"40 to 64",">10km","car",13.76,0.266666666666667,1.86666666666667,1.86666666666667
"84455/1000",NA,84455,905,"45-49 years","female",20,3154,"Work",303.152160644531,303.152160644531,"car",0.583333333333333,28.35,"weekday",2,"40 to 64",">10km","car",28.35,0.583333333333333,4.08333333333333,4.08333333333333
"84455/1000",NA,84455,905,"45-49 years","female",20,3155,"Work",303.152160644531,303.152160644531,"car",0.25,8.13,"weekday",3,"40 to 64","6-10km","car",8.13,0.25,1.75,1.75
"84455/1000",NA,84455,905,"45-49 years","female",20,3156,"Work",303.152160644531,303.152160644531,"car",0.433333333333333,8.18,"weekday",4,"40 to 64","6-10km","car",8.18,0.433333333333333,3.03333333333333,3.03333333333333
"84455/1000",NA,84455,905,"45-49 years","female",20,3157,"Other",303.152160644531,303.152160644531,"car",0.3,24.3,"weekday",5,"40 to 64",">10km","car",24.3,0.3,2.1,2.1
"84455/1000",NA,84455,905,"45-49 years","female",20,3158,"Other",303.152160644531,303.152160644531,"car",0.0833333333333333,0.84,"weekday",6,"40 to 64","<1km","bicycle",0.84,0.0763636363636364,0.583333333333333,0.534545454545454
"84455/1000",NA,84455,905,"45-49 years","female",20,3159,"Work",303.152160644531,303.152160644531,"car",0.116666666666667,2.59,"weekday",7,"40 to 64","3-5km","bicycle",2.59,0.235454545454545,0.816666666666667,1.64818181818182
"84455/1000",NA,84455,905,"45-49 years","female",20,3160,"Work",303.152160644531,303.152160644531,"car",0.133333333333333,2.59,"weekday",8,"40 to 64","3-5km","bicycle",2.59,0.235454545454545,0.933333333333333,1.64818181818182
"84455/1003",NA,84455,906,"45-49 years","male",20,3161,"Other",222.079360961914,222.079360961914,"car",0.0833333333333333,0.79,"weekday",1,"40 to 64","<1km","bicycle",0.79,0.0718181818181818,0.583333333333333,0.502727272727273
"84455/1003",NA,84455,906,"45-49 years","male",20,3162,"Other",222.079360961914,222.079360961914,"car",0.116666666666667,0.84,"weekday",2,"40 to 64","<1km","bicycle",0.84,0.0763636363636364,0.816666666666667,0.534545454545454
"84455/1003",NA,84455,906,"45-49 years","male",20,3163,"Shopping",222.079360961914,222.079360961914,"car",0.116666666666667,2.59,"weekday",3,"40 to 64","3-5km","bicycle",2.59,0.235454545454545,0.816666666666667,1.64818181818182
"84455/1003",NA,84455,906,"45-49 years","male",20,3164,"Shopping",222.079360961914,222.079360961914,"car",0.133333333333333,2.59,"weekday",4,"40 to 64","3-5km","bicycle",2.59,0.235454545454545,0.933333333333333,1.64818181818182
"84457/1000",NA,84457,907,"35-39 years","male",20,3165,"Other",315.360321044922,315.360321044922,"car",0.25,3.46,"weekday",1,"20 to 39","3-5km","bicycle",3.46,0.314545454545455,1.75,2.20181818181818
"84457/1000",NA,84457,907,"35-39 years","male",20,3166,"Other",315.360321044922,315.360321044922,"car",0.233333333333333,3.62,"weekday",2,"20 to 39","3-5km","bicycle",3.62,0.329090909090909,1.63333333333333,2.30363636363636
"84457/1000",NA,84457,907,"35-39 years","male",20,3167,"Other",315.360321044922,315.360321044922,"car",0.216666666666667,3.46,"weekday",3,"20 to 39","3-5km","bicycle",3.46,0.314545454545455,1.51666666666667,2.20181818181818
"84457/1000",NA,84457,907,"35-39 years","male",20,3168,"Other",315.360321044922,315.360321044922,"car",0.416666666666667,3.62,"weekday",4,"20 to 39","3-5km","bicycle",3.62,0.329090909090909,2.91666666666667,2.30363636363636
"84457/1001",NA,84457,908,"15-19 years","male",20,3169,"Education",317.808868408203,317.808868408203,"car",0.25,3.46,"weekday",1,"15 to 19","3-5km","bicycle",3.46,0.314545454545455,1.75,2.20181818181818
"84457/1001",NA,84457,908,"15-19 years","male",20,3170,"Education",317.808868408203,317.808868408203,"car",0.416666666666667,3.62,"weekday",2,"15 to 19","3-5km","bicycle",3.62,0.329090909090909,2.91666666666667,2.30363636363636
"84458/1001",NA,84458,909,"15-19 years","male",20,3171,"Education",261.753723144531,261.753723144531,"walking",0.116666666666667,0.56,"weekday",1,"15 to 19","<1km","walking",0.56,0.116666666666667,0.816666666666667,0.816666666666667
"84458/1001",NA,84458,909,"15-19 years","male",20,3172,"Education",261.753723144531,261.753723144531,"public.transport",0.266666666666667,3.43,"weekday",1,"15 to 19","3-5km","public.transport",3.43,0.266666666666667,1.86666666666667,1.86666666666667
"84458/1001",NA,84458,909,"15-19 years","male",20,3173,"Education",261.753723144531,261.753723144531,"walking",0.0666666666666667,0.8,"weekday",1,"15 to 19","<1km","walking",0.8,0.0666666666666667,0.466666666666667,0.466666666666667
"84458/1001",NA,84458,909,"15-19 years","male",20,3174,"Education",261.753723144531,261.753723144531,"walking",0.0833333333333333,0.8,"weekday",2,"15 to 19","<1km","walking",0.8,0.0833333333333333,0.583333333333333,0.583333333333333
"84458/1001",NA,84458,909,"15-19 years","male",20,3175,"Education",261.753723144531,261.753723144531,"public.transport",0.283333333333333,3.47,"weekday",2,"15 to 19","3-5km","public.transport",3.47,0.283333333333333,1.98333333333333,1.98333333333333
"84458/1001",NA,84458,909,"15-19 years","male",20,3176,"Education",261.753723144531,261.753723144531,"walking",0.166666666666667,0.56,"weekday",2,"15 to 19","<1km","walking",0.56,0.166666666666667,1.16666666666667,1.16666666666667
"84460/1000",NA,84460,910,"65-69 years","male",20,3177,"Shopping",91.5599975585938,91.5599975585938,"car",0.416666666666667,3.07,"weekday",1,"65 plus","3-5km","bicycle",3.07,0.279090909090909,2.91666666666667,1.95363636363636
"84460/1000",NA,84460,910,"65-69 years","male",20,3178,"Shopping",91.5599975585938,91.5599975585938,"car",0.25,3.09,"weekday",2,"65 plus","3-5km","bicycle",3.09,0.280909090909091,1.75,1.96636363636364
"84463/1000",NA,84463,911,"75-79 years","female",20,3179,"Leisure",81.3612976074219,81.3612976074219,"car",0.0833333333333333,2.82,"weekday",1,"65 plus","3-5km","bicycle",2.82,0.256363636363636,0.583333333333333,1.79454545454545
"84463/1000",NA,84463,911,"75-79 years","female",20,3180,"Other",81.3612976074219,81.3612976074219,"car",0.166666666666667,7.13,"weekday",2,"65 plus","6-10km","car",7.13,0.166666666666667,1.16666666666667,1.16666666666667
"84463/1000",NA,84463,911,"75-79 years","female",20,3181,"Other",81.3612976074219,81.3612976074219,"car",0.25,2.78,"weekday",3,"65 plus","3-5km","bicycle",2.78,0.252727272727273,1.75,1.76909090909091
"84463/1000",NA,84463,911,"75-79 years","female",20,3182,"Other",81.3612976074219,81.3612976074219,"car",0.333333333333333,8.89,"weekday",4,"65 plus","6-10km","car",8.89,0.333333333333333,2.33333333333333,2.33333333333333
"84463/1001",NA,84463,912,"75-79 years","male",20,3183,"Shopping",76.3799514770508,76.3799514770508,"car",0.166666666666667,2.4,"weekday",1,"65 plus","3-5km","bicycle",2.4,0.218181818181818,1.16666666666667,1.52727272727273
"84463/1001",NA,84463,912,"75-79 years","male",20,3184,"Shopping",76.3799514770508,76.3799514770508,"car",0.0333333333333333,0.28,"weekday",2,"65 plus","<1km","bicycle",0.28,0.0254545454545455,0.233333333333333,0.178181818181818
"84463/1001",NA,84463,912,"75-79 years","male",20,3185,"Shopping",76.3799514770508,76.3799514770508,"car",0.0333333333333333,0.49,"weekday",3,"65 plus","<1km","bicycle",0.49,0.0445454545454545,0.233333333333333,0.311818181818182
"84463/1001",NA,84463,912,"75-79 years","male",20,3186,"Shopping",76.3799514770508,76.3799514770508,"car",0.0333333333333333,3.06,"weekday",4,"65 plus","3-5km","bicycle",3.06,0.278181818181818,0.233333333333333,1.94727272727273
"84463/1001",NA,84463,912,"75-79 years","male",20,3187,"Shopping",76.3799514770508,76.3799514770508,"car",0.0666666666666667,1.01,"weekday",5,"65 plus","1-2km","bicycle",1.01,0.0918181818181818,0.466666666666667,0.642727272727273
"84465/1000",NA,84465,913,"25-29 years","male",20,3188,"Work",124.118743896484,124.118743896484,"car",1,67.76,"weekday",1,"20 to 39",">10km","car",67.76,1,7,7
"84465/1000",NA,84465,913,"25-29 years","male",20,3189,"Work",124.118743896484,124.118743896484,"car",1,67.67,"weekday",2,"20 to 39",">10km","car",67.67,1,7,7
"84466/1000",NA,84466,914,"55-59 years","female",20,3190,"Leisure",120.31526184082,120.31526184082,"walking",0.25,1.73,"weekday",1,"40 to 64","1-2km","walking",1.73,0.25,1.75,1.75
"84466/1000",NA,84466,914,"55-59 years","female",20,3191,"Leisure",120.31526184082,120.31526184082,"walking",0.25,1.73,"weekday",2,"40 to 64","1-2km","walking",1.73,0.25,1.75,1.75
"84466/1000",NA,84466,914,"55-59 years","female",20,3192,"Other",120.31526184082,120.31526184082,"car",0.333333333333333,14.63,"weekday",3,"40 to 64",">10km","car",14.63,0.333333333333333,2.33333333333333,2.33333333333333
"84466/1000",NA,84466,914,"55-59 years","female",20,3193,"Other",120.31526184082,120.31526184082,"car",0.25,14.82,"weekday",4,"40 to 64",">10km","car",14.82,0.25,1.75,1.75
"84466/1000",NA,84466,914,"55-59 years","female",20,3194,"Leisure",120.31526184082,120.31526184082,"walking",0.25,1.73,"weekday",5,"40 to 64","1-2km","walking",1.73,0.25,1.75,1.75
"84466/1000",NA,84466,914,"55-59 years","female",20,3195,"Leisure",120.31526184082,120.31526184082,"walking",0.5,1.73,"weekday",6,"40 to 64","1-2km","walking",1.73,0.5,3.5,3.5
"84468/1000",NA,84468,915,"80-84 years","female",20,3196,"Other",79.6506423950195,79.6506423950195,"walking",0.25,0.35,"weekday",1,"65 plus","<1km","walking",0.35,0.25,1.75,1.75
"84468/1000",NA,84468,915,"80-84 years","female",20,3197,"Other",79.6506423950195,79.6506423950195,"walking",0.25,0.35,"weekday",2,"65 plus","<1km","walking",0.35,0.25,1.75,1.75
"84473/1000",NA,84473,916,"65-69 years","male",20,3198,"Other",91.5599975585938,91.5599975585938,"car",0.25,15.4,"weekday",1,"65 plus",">10km","car",15.4,0.25,1.75,1.75
"84473/1000",NA,84473,916,"65-69 years","male",20,3199,"Other",91.5599975585938,91.5599975585938,"car",0.25,15.34,"weekday",2,"65 plus",">10km","car",15.34,0.25,1.75,1.75
"84473/1001",NA,84473,917,"65-69 years","female",20,3200,"Other",86.0002593994141,86.0002593994141,"car",0.25,15.4,"weekday",1,"65 plus",">10km","car",15.4,0.25,1.75,1.75
"84473/1001",NA,84473,917,"65-69 years","female",20,3201,"Other",86.0002593994141,86.0002593994141,"car",0.25,15.34,"weekday",2,"65 plus",">10km","car",15.34,0.25,1.75,1.75
"84479/1002",NA,84479,918,"15-19 years","female",20,3202,"Work",105.895034790039,105.895034790039,"car",0.166666666666667,1.03,"weekday",1,"15 to 19","1-2km","bicycle",1.03,0.0936363636363636,1.16666666666667,0.655454545454546
"84479/1002",NA,84479,918,"15-19 years","female",20,3203,"Work",105.895034790039,105.895034790039,"car",0.166666666666667,1.02,"weekday",2,"15 to 19","1-2km","bicycle",1.02,0.0927272727272727,1.16666666666667,0.649090909090909
"84481/1000",NA,84481,919,"50-54 years","male",20,3204,"Work",96.621337890625,96.621337890625,"car",1.66666666666667,37.56,"weekday",1,"40 to 64",">10km","car",37.56,1.66666666666667,11.6666666666667,11.6666666666667
"84481/1000",NA,84481,919,"50-54 years","male",20,3205,"Work",96.621337890625,96.621337890625,"car",0.25,11.42,"weekday",2,"40 to 64",">10km","car",11.42,0.25,1.75,1.75
"84481/1000",NA,84481,919,"50-54 years","male",20,3206,"Work",96.621337890625,96.621337890625,"car",0.25,4.38,"weekday",3,"40 to 64","3-5km","bicycle",4.38,0.398181818181818,1.75,2.78727272727273
"84481/1000",NA,84481,919,"50-54 years","male",20,3207,"Work",96.621337890625,96.621337890625,"car",1.25,31.83,"weekday",4,"40 to 64",">10km","car",31.83,1.25,8.75,8.75
"84485/1000",NA,84485,920,"80-84 years","male",20,3208,"Work",141.546569824219,141.546569824219,"car",0.75,29.2,"weekday",1,"65 plus",">10km","car",29.2,0.75,5.25,5.25
"84486/1000",NA,84486,921,"55-59 years","male",20,3209,"Work",132.476211547852,132.476211547852,"walking",0.0833333333333333,0.17,"weekday",1,"40 to 64","<1km","walking",0.17,0.0833333333333333,0.583333333333333,0.583333333333333
"84486/1000",NA,84486,921,"55-59 years","male",20,3210,"Work",132.476211547852,132.476211547852,"walking",0.0833333333333333,0.17,"weekday",2,"40 to 64","<1km","walking",0.17,0.0833333333333333,0.583333333333333,0.583333333333333
"84486/1000",NA,84486,921,"55-59 years","male",20,3211,"Work",132.476211547852,132.476211547852,"walking",0.0833333333333333,0.17,"weekday",3,"40 to 64","<1km","walking",0.17,0.0833333333333333,0.583333333333333,0.583333333333333
"84486/1000",NA,84486,921,"55-59 years","male",20,3212,"Work",132.476211547852,132.476211547852,"walking",0.0833333333333333,0.17,"weekday",4,"40 to 64","<1km","walking",0.17,0.0833333333333333,0.583333333333333,0.583333333333333
"84486/1001",NA,84486,922,"45-49 years","female",20,3213,"Work",128.661026000977,128.661026000977,"walking",0.0833333333333333,0.17,"weekday",1,"40 to 64","<1km","walking",0.17,0.0833333333333333,0.583333333333333,0.583333333333333
"84486/1001",NA,84486,922,"45-49 years","female",20,3214,"Work",128.661026000977,128.661026000977,"walking",0.0833333333333333,0.17,"weekday",2,"40 to 64","<1km","walking",0.17,0.0833333333333333,0.583333333333333,0.583333333333333
"84488/1000",NA,84488,923,"45-49 years","male",20,3215,"Work",86.0019607543945,86.0019607543945,"car",0.666666666666667,41.16,"weekday",1,"40 to 64",">10km","car",41.16,0.666666666666667,4.66666666666667,4.66666666666667
"84488/1000",NA,84488,923,"45-49 years","male",20,3216,"Work",86.0019607543945,86.0019607543945,"car",1.25,41.02,"weekday",2,"40 to 64",">10km","car",41.02,1.25,8.75,8.75
"84488/1001",NA,84488,924,"45-49 years","female",20,3217,"Work",83.8268890380859,83.8268890380859,"car",0.0166666666666667,0.61,"weekday",1,"40 to 64","<1km","bicycle",0.61,0.0554545454545455,0.116666666666667,0.388181818181818
"84488/1001",NA,84488,924,"45-49 years","female",20,3218,"Work",83.8268890380859,83.8268890380859,"car",0.0166666666666667,0.65,"weekday",2,"40 to 64","<1km","bicycle",0.65,0.0590909090909091,0.116666666666667,0.413636363636364
"84489/1000",NA,84489,925,"50-54 years","female",20,3219,"Work",69.2914581298828,69.2914581298828,"car",0.333333333333333,15.08,"weekday",1,"40 to 64",">10km","car",15.08,0.333333333333333,2.33333333333333,2.33333333333333
"84489/1000",NA,84489,925,"50-54 years","female",20,3220,"Work",69.2914581298828,69.2914581298828,"car",0.5,15.08,"weekday",2,"40 to 64",">10km","car",15.08,0.5,3.5,3.5
"84489/1001",NA,84489,926,"55-59 years","male",20,3221,"Work",86.312614440918,86.312614440918,"car",1,36.46,"weekday",1,"40 to 64",">10km","car",36.46,1,7,7
"84489/1001",NA,84489,926,"55-59 years","male",20,3222,"Work",86.312614440918,86.312614440918,"car",1,36.66,"weekday",2,"40 to 64",">10km","car",36.66,1,7,7
"84551/1000",NA,84551,927,"60-64 years","female",20,3223,"Work",156.893493652344,156.893493652344,"car",0.5,14.65,"weekday",1,"40 to 64",">10km","car",14.65,0.5,3.5,3.5
"84551/1000",NA,84551,927,"60-64 years","female",20,3224,"Work",156.893493652344,156.893493652344,"car",0.416666666666667,14.55,"weekday",2,"40 to 64",">10km","car",14.55,0.416666666666667,2.91666666666667,2.91666666666667
"84552/1000",NA,84552,928,"45-49 years","female",20,3225,"Leisure",235.698928833008,235.698928833008,"walking",0.25,1.42,"weekday",1,"40 to 64","1-2km","walking",1.42,0.25,1.75,1.75
"84552/1000",NA,84552,928,"45-49 years","female",20,3226,"Leisure",235.698928833008,235.698928833008,"walking",0.25,1.42,"weekday",2,"40 to 64","1-2km","walking",1.42,0.25,1.75,1.75
"84552/1000",NA,84552,928,"45-49 years","female",20,3227,"Other",235.698928833008,235.698928833008,"car",0.25,7.64,"weekday",3,"40 to 64","6-10km","car",7.64,0.25,1.75,1.75
"84552/1000",NA,84552,928,"45-49 years","female",20,3228,"Other",235.698928833008,235.698928833008,"car",0.25,7.58,"weekday",4,"40 to 64","6-10km","car",7.58,0.25,1.75,1.75
"84552/1000",NA,84552,928,"45-49 years","female",20,3229,"Other",235.698928833008,235.698928833008,"car",0.3,11.15,"weekday",5,"40 to 64",">10km","car",11.15,0.3,2.1,2.1
"84552/1000",NA,84552,928,"45-49 years","female",20,3230,"Other",235.698928833008,235.698928833008,"car",0.333333333333333,10.91,"weekday",6,"40 to 64",">10km","car",10.91,0.333333333333333,2.33333333333333,2.33333333333333
"84554/1000",NA,84554,931,"75-79 years","female",20,3233,"Other",181.604446411133,181.604446411133,"car",0.25,7.58,"weekday",1,"65 plus","6-10km","car",7.58,0.25,1.75,1.75
"84554/1000",NA,84554,931,"75-79 years","female",20,3234,"Other",181.604446411133,181.604446411133,"car",0.333333333333333,7.52,"weekday",2,"65 plus","6-10km","car",7.52,0.333333333333333,2.33333333333333,2.33333333333333
"84561/1000",NA,84561,932,"60-64 years","female",20,3235,"Work",156.893493652344,156.893493652344,"car",0.25,5.72,"weekday",1,"40 to 64","6-10km","car",5.72,0.25,1.75,1.75
"84561/1000",NA,84561,932,"60-64 years","female",20,3236,"Other",156.893493652344,156.893493652344,"car",0.0833333333333333,1.15,"weekday",2,"40 to 64","1-2km","bicycle",1.15,0.104545454545455,0.583333333333333,0.731818181818182
"84561/1000",NA,84561,932,"60-64 years","female",20,3237,"Shopping",156.893493652344,156.893493652344,"car",0.166666666666667,1.02,"weekday",3,"40 to 64","1-2km","bicycle",1.02,0.0927272727272727,1.16666666666667,0.649090909090909
"84561/1000",NA,84561,932,"60-64 years","female",20,3238,"Work",156.893493652344,156.893493652344,"car",0.0833333333333333,0.58,"weekday",4,"40 to 64","<1km","bicycle",0.58,0.0527272727272727,0.583333333333333,0.369090909090909
"84561/1000",NA,84561,932,"60-64 years","female",20,3239,"Work",156.893493652344,156.893493652344,"car",0.166666666666667,5.75,"weekday",5,"40 to 64","6-10km","car",5.75,0.166666666666667,1.16666666666667,1.16666666666667
"84561/1000",NA,84561,932,"60-64 years","female",20,3240,"Other",156.893493652344,156.893493652344,"car",0.166666666666667,5.37,"weekday",6,"40 to 64","6-10km","car",5.37,0.166666666666667,1.16666666666667,1.16666666666667
"84561/1000",NA,84561,932,"60-64 years","female",20,3241,"Work",156.893493652344,156.893493652344,"car",0.416666666666667,7.12,"weekday",7,"40 to 64","6-10km","car",7.12,0.416666666666667,2.91666666666667,2.91666666666667
"84561/1000",NA,84561,932,"60-64 years","female",20,3242,"Other",156.893493652344,156.893493652344,"car",0.416666666666667,7.44,"weekday",8,"40 to 64","6-10km","car",7.44,0.416666666666667,2.91666666666667,2.91666666666667
"84561/1000",NA,84561,932,"60-64 years","female",20,3243,"Other",156.893493652344,156.893493652344,"car",0.166666666666667,2.93,"weekday",9,"40 to 64","3-5km","bicycle",2.93,0.266363636363636,1.16666666666667,1.86454545454545
"84561/1005",NA,84561,933,"65-69 years","male",20,3244,"Other",151.590209960938,151.590209960938,"car",0.166666666666667,9.71,"weekday",1,"65 plus","6-10km","car",9.71,0.166666666666667,1.16666666666667,1.16666666666667
"84561/1005",NA,84561,933,"65-69 years","male",20,3245,"Shopping",151.590209960938,151.590209960938,"car",0.333333333333333,15.96,"weekday",2,"65 plus",">10km","car",15.96,0.333333333333333,2.33333333333333,2.33333333333333
"84561/1005",NA,84561,933,"65-69 years","male",20,3246,"Shopping",151.590209960938,151.590209960938,"car",0.25,4.89,"weekday",3,"65 plus","3-5km","bicycle",4.89,0.444545454545455,1.75,3.11181818181818
"84561/1005",NA,84561,933,"65-69 years","male",20,3247,"Shopping",151.590209960938,151.590209960938,"car",0.333333333333333,3.52,"weekday",4,"65 plus","3-5km","bicycle",3.52,0.32,2.33333333333333,2.24
"84561/1005",NA,84561,933,"65-69 years","male",20,3248,"Other",151.590209960938,151.590209960938,"car",0.133333333333333,4.36,"weekday",5,"65 plus","3-5km","bicycle",4.36,0.396363636363636,0.933333333333333,2.77454545454545
"84561/1005",NA,84561,933,"65-69 years","male",20,3249,"Other",151.590209960938,151.590209960938,"car",0.166666666666667,4.25,"weekday",6,"65 plus","3-5km","bicycle",4.25,0.386363636363636,1.16666666666667,2.70454545454545
"84562/1000",NA,84562,934,"55-59 years","female",20,3250,"Shopping",228.78010559082,228.78010559082,"car",0.216666666666667,3.43,"weekday",1,"40 to 64","3-5km","bicycle",3.43,0.311818181818182,1.51666666666667,2.18272727272727
"84562/1000",NA,84562,934,"55-59 years","female",20,3251,"Shopping",228.78010559082,228.78010559082,"car",0.5,15.77,"weekday",2,"40 to 64",">10km","car",15.77,0.5,3.5,3.5
"84562/1000",NA,84562,934,"55-59 years","female",20,3252,"Work",228.78010559082,228.78010559082,"car",0.5,10.06,"weekday",3,"40 to 64",">10km","car",10.06,0.5,3.5,3.5
"84562/1000",NA,84562,934,"55-59 years","female",20,3253,"Leisure",228.78010559082,228.78010559082,"car",0.316666666666667,6.2,"weekday",4,"40 to 64","6-10km","car",6.2,0.316666666666667,2.21666666666667,2.21666666666667
"84562/1000",NA,84562,934,"55-59 years","female",20,3254,"Leisure",228.78010559082,228.78010559082,"car",0.333333333333333,4.87,"weekday",5,"40 to 64","3-5km","bicycle",4.87,0.442727272727273,2.33333333333333,3.09909090909091
"84562/1000",NA,84562,934,"55-59 years","female",20,3255,"Shopping",228.78010559082,228.78010559082,"car",0.166666666666667,4.87,"weekday",6,"40 to 64","3-5km","bicycle",4.87,0.442727272727273,1.16666666666667,3.09909090909091
"84562/1000",NA,84562,934,"55-59 years","female",20,3256,"Shopping",228.78010559082,228.78010559082,"car",0.166666666666667,4.87,"weekday",7,"40 to 64","3-5km","bicycle",4.87,0.442727272727273,1.16666666666667,3.09909090909091
"84564/1000",NA,84564,935,"30-34 years","male",20,3257,"Work",286.1357421875,286.1357421875,"car",0.166666666666667,5.21,"weekday",1,"20 to 39","6-10km","car",5.21,0.166666666666667,1.16666666666667,1.16666666666667
"84564/1000",NA,84564,935,"30-34 years","male",20,3258,"Work",286.1357421875,286.1357421875,"car",0.166666666666667,5.21,"weekday",2,"20 to 39","6-10km","car",5.21,0.166666666666667,1.16666666666667,1.16666666666667
"84565/1000",NA,84565,936,"35-39 years","female",20,3259,"Other",414.036376953125,414.036376953125,"car",0.216666666666667,6.72,"weekday",1,"20 to 39","6-10km","car",6.72,0.216666666666667,1.51666666666667,1.51666666666667
"84565/1000",NA,84565,936,"35-39 years","female",20,3260,"Other",414.036376953125,414.036376953125,"car",0.25,6.76,"weekday",2,"20 to 39","6-10km","car",6.76,0.25,1.75,1.75
"84565/1000",NA,84565,936,"35-39 years","female",20,3261,"Leisure",414.036376953125,414.036376953125,"car",0.75,22.93,"weekday",3,"20 to 39",">10km","car",22.93,0.75,5.25,5.25
"84565/1000",NA,84565,936,"35-39 years","female",20,3262,"Leisure",414.036376953125,414.036376953125,"car",0.566666666666667,22.96,"weekday",4,"20 to 39",">10km","car",22.96,0.566666666666667,3.96666666666667,3.96666666666667
"84565/1001",NA,84565,937,"35-39 years","male",20,3263,"Work",448.437194824219,448.437194824219,"car",0.416666666666667,16.18,"weekday",1,"20 to 39",">10km","car",16.18,0.416666666666667,2.91666666666667,2.91666666666667
"84565/1001",NA,84565,937,"35-39 years","male",20,3264,"Work",448.437194824219,448.437194824219,"car",0.583333333333333,16.14,"weekday",2,"20 to 39",">10km","car",16.14,0.583333333333333,4.08333333333333,4.08333333333333
"84565/1005",NA,84565,938,"40-44 years","male",20,3265,"Work",500.453094482422,500.453094482422,"car",0.5,16.18,"weekday",1,"40 to 64",">10km","car",16.18,0.5,3.5,3.5
"84565/1005",NA,84565,938,"40-44 years","male",20,3266,"Work",500.453094482422,500.453094482422,"car",0.5,16.14,"weekday",2,"40 to 64",">10km","car",16.14,0.5,3.5,3.5
"84571/1000",NA,84571,939,"80-84 years","female",20,3267,"Shopping",190.173706054688,190.173706054688,"car",0.166666666666667,5.24,"weekday",1,"65 plus","6-10km","car",5.24,0.166666666666667,1.16666666666667,1.16666666666667
"84571/1000",NA,84571,939,"80-84 years","female",20,3268,"Shopping",190.173706054688,190.173706054688,"car",0.166666666666667,5.1,"weekday",2,"65 plus","6-10km","car",5.1,0.166666666666667,1.16666666666667,1.16666666666667
"84571/1001",NA,84571,940,"85-89 years","female",20,3269,"Leisure",321.118682861328,321.118682861328,"car",0.0833333333333333,4.74,"weekday",1,"65 plus","3-5km","bicycle",4.74,0.430909090909091,0.583333333333333,3.01636363636364
"84571/1001",NA,84571,940,"85-89 years","female",20,3270,"Leisure",321.118682861328,321.118682861328,"car",0.0833333333333333,4.06,"weekday",2,"65 plus","3-5km","bicycle",4.06,0.369090909090909,0.583333333333333,2.58363636363636
"84575/1000",NA,84575,941,"20-24 years","male",20,3271,"Leisure",472.526580810547,472.526580810547,"car",0.166666666666667,9.94,"weekday",1,"20 to 39","6-10km","car",9.94,0.166666666666667,1.16666666666667,1.16666666666667
"84575/1000",NA,84575,941,"20-24 years","male",20,3272,"Leisure",472.526580810547,472.526580810547,"car",0.166666666666667,10.64,"weekday",2,"20 to 39",">10km","car",10.64,0.166666666666667,1.16666666666667,1.16666666666667
"84580/1000",NA,84580,942,"55-59 years","male",20,3273,"Leisure",493.582550048828,493.582550048828,"car",0.25,5.16,"weekday",1,"40 to 64","6-10km","car",5.16,0.25,1.75,1.75
"84580/1000",NA,84580,942,"55-59 years","male",20,3274,"Leisure",493.582550048828,493.582550048828,"car",0.25,5.1,"weekday",2,"40 to 64","6-10km","car",5.1,0.25,1.75,1.75
"84580/1000",NA,84580,942,"55-59 years","male",20,3275,"Other",493.582550048828,493.582550048828,"car",0.333333333333333,5.16,"weekday",3,"40 to 64","6-10km","car",5.16,0.333333333333333,2.33333333333333,2.33333333333333
"84580/1000",NA,84580,942,"55-59 years","male",20,3276,"Other",493.582550048828,493.582550048828,"car",0.333333333333333,5.1,"weekday",4,"40 to 64","6-10km","car",5.1,0.333333333333333,2.33333333333333,2.33333333333333
"84580/1001",NA,84580,943,"15-19 years","male",20,3277,"Leisure",502.585662841797,502.585662841797,"car",0.25,5.16,"weekday",1,"15 to 19","6-10km","car",5.16,0.25,1.75,1.75
"84580/1001",NA,84580,943,"15-19 years","male",20,3278,"Leisure",502.585662841797,502.585662841797,"car",0.333333333333333,5.1,"weekday",2,"15 to 19","6-10km","car",5.1,0.333333333333333,2.33333333333333,2.33333333333333
"84581/1000",NA,84581,944,"65-69 years","female",20,3279,"Other",304.822784423828,304.822784423828,"car",0.5,14.09,"weekday",1,"65 plus",">10km","car",14.09,0.5,3.5,3.5
"84581/1000",NA,84581,944,"65-69 years","female",20,3280,"Other",304.822784423828,304.822784423828,"car",0.583333333333333,14.3,"weekday",2,"65 plus",">10km","car",14.3,0.583333333333333,4.08333333333333,4.08333333333333
"84581/1001",NA,84581,945,"70-74 years","male",20,3281,"Other",368.036743164062,368.036743164062,"car",0.5,14.09,"weekday",1,"65 plus",">10km","car",14.09,0.5,3.5,3.5
"84581/1001",NA,84581,945,"70-74 years","male",20,3282,"Other",368.036743164062,368.036743164062,"car",0.583333333333333,14.3,"weekday",2,"65 plus",">10km","car",14.3,0.583333333333333,4.08333333333333,4.08333333333333
"84584/1000",NA,84584,946,"65-69 years","female",20,3283,"Leisure",304.822784423828,304.822784423828,"car",7,367.06,"weekday",1,"65 plus",">10km","car",367.06,7,49,49
"84584/1001",NA,84584,947,"65-69 years","male",20,3284,"Leisure",351.451293945312,351.451293945312,"car",7,367.06,"weekday",1,"65 plus",">10km","car",367.06,7,49,49
"84585/1000",NA,84585,948,"70-74 years","female",20,3285,"Leisure",444.963592529297,444.963592529297,"walking",0.5,2.92,"weekday",1,"65 plus","3-5km","walking",2.92,0.5,3.5,3.5
"84585/1000",NA,84585,948,"70-74 years","female",20,3286,"Leisure",444.963592529297,444.963592529297,"walking",0.5,2.92,"weekday",2,"65 plus","3-5km","walking",2.92,0.5,3.5,3.5
"84585/1000",NA,84585,948,"70-74 years","female",20,3287,"Shopping",444.963592529297,444.963592529297,"car",0.25,10.45,"weekday",3,"65 plus",">10km","car",10.45,0.25,1.75,1.75
"84585/1000",NA,84585,948,"70-74 years","female",20,3288,"Shopping",444.963592529297,444.963592529297,"car",0.25,10.08,"weekday",4,"65 plus",">10km","car",10.08,0.25,1.75,1.75
"84586/1000",NA,84586,949,"65-69 years","female",20,3289,"Leisure",304.822784423828,304.822784423828,"car",0.333333333333333,12.54,"weekday",1,"65 plus",">10km","car",12.54,0.333333333333333,2.33333333333333,2.33333333333333
"84586/1000",NA,84586,949,"65-69 years","female",20,3290,"Leisure",304.822784423828,304.822784423828,"car",0.333333333333333,12.73,"weekday",2,"65 plus",">10km","car",12.73,0.333333333333333,2.33333333333333,2.33333333333333
"84586/1000",NA,84586,949,"65-69 years","female",20,3291,"Other",304.822784423828,304.822784423828,"car",0.75,16.92,"weekday",3,"65 plus",">10km","car",16.92,0.75,5.25,5.25
"84586/1000",NA,84586,949,"65-69 years","female",20,3292,"Leisure",304.822784423828,304.822784423828,"car",0.333333333333333,7.67,"weekday",4,"65 plus","6-10km","car",7.67,0.333333333333333,2.33333333333333,2.33333333333333
"84586/1000",NA,84586,949,"65-69 years","female",20,3293,"Shopping",304.822784423828,304.822784423828,"car",0.25,3.9,"weekday",5,"65 plus","3-5km","bicycle",3.9,0.354545454545455,1.75,2.48181818181818
"84586/1000",NA,84586,949,"65-69 years","female",20,3294,"Shopping",304.822784423828,304.822784423828,"car",0.333333333333333,10.43,"weekday",6,"65 plus",">10km","car",10.43,0.333333333333333,2.33333333333333,2.33333333333333
"84586/1000",NA,84586,949,"65-69 years","female",20,3295,"Leisure",304.822784423828,304.822784423828,"car",0.333333333333333,8.05,"weekday",7,"65 plus","6-10km","car",8.05,0.333333333333333,2.33333333333333,2.33333333333333
"84586/1000",NA,84586,949,"65-69 years","female",20,3296,"Shopping",304.822784423828,304.822784423828,"car",0.25,7.45,"weekday",8,"65 plus","6-10km","car",7.45,0.25,1.75,1.75
"84586/1000",NA,84586,949,"65-69 years","female",20,3297,"Shopping",304.822784423828,304.822784423828,"car",0.0833333333333333,2.83,"weekday",9,"65 plus","3-5km","bicycle",2.83,0.257272727272727,0.583333333333333,1.80090909090909
"84586/1000",NA,84586,949,"65-69 years","female",20,3298,"Shopping",304.822784423828,304.822784423828,"car",0.0833333333333333,0.49,"weekday",10,"65 plus","<1km","bicycle",0.49,0.0445454545454545,0.583333333333333,0.311818181818182
"84586/1001",NA,84586,950,"70-74 years","male",20,3299,"Work",368.036743164062,368.036743164062,"car",0.75,16.92,"weekday",1,"65 plus",">10km","car",16.92,0.75,5.25,5.25
"84586/1001",NA,84586,950,"70-74 years","male",20,3300,"Work",368.036743164062,368.036743164062,"car",0.583333333333333,17.01,"weekday",2,"65 plus",">10km","car",17.01,0.583333333333333,4.08333333333333,4.08333333333333
"84587/1000",NA,84587,951,"40-44 years","female",20,3301,"Work",830.912109375,830.912109375,"car",0.433333333333333,15.42,"weekday",1,"40 to 64",">10km","car",15.42,0.433333333333333,3.03333333333333,3.03333333333333
"84587/1000",NA,84587,951,"40-44 years","female",20,3302,"Work",830.912109375,830.912109375,"car",0.6,15.5,"weekday",2,"40 to 64",">10km","car",15.5,0.6,4.2,4.2
"84587/1001",NA,84587,952,"45-49 years","male",20,3303,"Work",708.6845703125,708.6845703125,"car",0.2,4.45,"weekday",1,"40 to 64","3-5km","bicycle",4.45,0.404545454545455,1.4,2.83181818181818
"84587/1001",NA,84587,952,"45-49 years","male",20,3304,"Other",708.6845703125,708.6845703125,"car",0.0666666666666667,0.72,"weekday",2,"40 to 64","<1km","bicycle",0.72,0.0654545454545454,0.466666666666667,0.458181818181818
"84587/1001",NA,84587,952,"45-49 years","male",20,3305,"Other",708.6845703125,708.6845703125,"car",0.233333333333333,4.26,"weekday",3,"40 to 64","3-5km","bicycle",4.26,0.387272727272727,1.63333333333333,2.71090909090909
"84588/1000",NA,84588,953,"60-64 years","male",20,3306,"Work",441.761657714844,441.761657714844,"car",0.466666666666667,17.17,"weekday",1,"40 to 64",">10km","car",17.17,0.466666666666667,3.26666666666667,3.26666666666667
"84588/1000",NA,84588,953,"60-64 years","male",20,3307,"Work",441.761657714844,441.761657714844,"walking",0.233333333333333,0.53,"weekday",2,"40 to 64","<1km","walking",0.53,0.233333333333333,1.63333333333333,1.63333333333333
"84588/1000",NA,84588,953,"60-64 years","male",20,3308,"Shopping",441.761657714844,441.761657714844,"walking",0.0833333333333333,0.11,"weekday",3,"40 to 64","<1km","walking",0.11,0.0833333333333333,0.583333333333333,0.583333333333333
"84588/1000",NA,84588,953,"60-64 years","male",20,3309,"Work",441.761657714844,441.761657714844,"walking",0.0833333333333333,0.11,"weekday",4,"40 to 64","<1km","walking",0.11,0.0833333333333333,0.583333333333333,0.583333333333333
"84588/1000",NA,84588,953,"60-64 years","male",20,3310,"Work",441.761657714844,441.761657714844,"walking",0.233333333333333,0.53,"weekday",5,"40 to 64","<1km","walking",0.53,0.233333333333333,1.63333333333333,1.63333333333333
"84588/1000",NA,84588,953,"60-64 years","male",20,3311,"Work",441.761657714844,441.761657714844,"car",0.516666666666667,18.26,"weekday",5,"40 to 64",">10km","car",18.26,0.516666666666667,3.61666666666667,3.61666666666667
"84589/1000",NA,84589,954,"40-44 years","female",20,3312,"Work",830.912109375,830.912109375,"car",0.416666666666667,13.75,"weekday",1,"40 to 64",">10km","car",13.75,0.416666666666667,2.91666666666667,2.91666666666667
"84589/1000",NA,84589,954,"40-44 years","female",20,3313,"Work",830.912109375,830.912109375,"car",0.25,14.04,"weekday",2,"40 to 64",">10km","car",14.04,0.25,1.75,1.75
"84589/1001",NA,84589,955,"40-44 years","male",20,3314,"Work",800.032165527344,800.032165527344,"car",0.5,12.78,"weekday",1,"40 to 64",">10km","car",12.78,0.5,3.5,3.5
"84589/1001",NA,84589,955,"40-44 years","male",20,3315,"Work",800.032165527344,800.032165527344,"car",0.25,13.44,"weekday",2,"40 to 64",">10km","car",13.44,0.25,1.75,1.75
"84589/1001",NA,84589,955,"40-44 years","male",20,3316,"Other",800.032165527344,800.032165527344,"car",0.166666666666667,1.58,"weekday",3,"40 to 64","1-2km","bicycle",1.58,0.143636363636364,1.16666666666667,1.00545454545455
"84589/1001",NA,84589,955,"40-44 years","male",20,3317,"Shopping",800.032165527344,800.032165527344,"car",0.0833333333333333,1.37,"weekday",4,"40 to 64","1-2km","bicycle",1.37,0.124545454545455,0.583333333333333,0.871818181818182
"84589/1001",NA,84589,955,"40-44 years","male",20,3318,"Shopping",800.032165527344,800.032165527344,"car",0.0333333333333333,0.61,"weekday",5,"40 to 64","<1km","bicycle",0.61,0.0554545454545455,0.233333333333333,0.388181818181818
"84589/1001",NA,84589,955,"40-44 years","male",20,3319,"Other",800.032165527344,800.032165527344,"car",0.0833333333333333,1.58,"weekday",6,"40 to 64","1-2km","bicycle",1.58,0.143636363636364,0.583333333333333,1.00545454545455
"84589/1001",NA,84589,955,"40-44 years","male",20,3320,"Other",800.032165527344,800.032165527344,"car",0.0833333333333333,1.58,"weekday",7,"40 to 64","1-2km","bicycle",1.58,0.143636363636364,0.583333333333333,1.00545454545455
"84590/1001",NA,84590,956,"60-64 years","male",20,3321,"Work",495.007934570312,495.007934570312,"car",0.416666666666667,13.78,"weekday",1,"40 to 64",">10km","car",13.78,0.416666666666667,2.91666666666667,2.91666666666667
"84590/1001",NA,84590,956,"60-64 years","male",20,3322,"Leisure",495.007934570312,495.007934570312,"car",0.75,35.99,"weekday",2,"40 to 64",">10km","car",35.99,0.75,5.25,5.25
"84590/1001",NA,84590,956,"60-64 years","male",20,3323,"Shopping",495.007934570312,495.007934570312,"car",0.75,29.72,"weekday",3,"40 to 64",">10km","car",29.72,0.75,5.25,5.25
"84590/1001",NA,84590,956,"60-64 years","male",20,3324,"Shopping",495.007934570312,495.007934570312,"car",0.666666666666667,18.65,"weekday",4,"40 to 64",">10km","car",18.65,0.666666666666667,4.66666666666667,4.66666666666667
"84590/1002",NA,84590,957,"25-29 years","female",20,3325,"Work",1240.35559082031,1240.35559082031,"car",0.416666666666667,10.06,"weekday",1,"20 to 39",">10km","car",10.06,0.416666666666667,2.91666666666667,2.91666666666667
"84590/1002",NA,84590,957,"25-29 years","female",20,3326,"Work",1240.35559082031,1240.35559082031,"car",0.416666666666667,10,"weekday",2,"20 to 39","6-10km","car",10,0.416666666666667,2.91666666666667,2.91666666666667
"84592/1000",NA,84592,958,"40-44 years","female",20,3327,"Leisure",647.70849609375,647.70849609375,"walking",0.25,0.91,"weekday",1,"40 to 64","<1km","walking",0.91,0.25,1.75,1.75
"84592/1000",NA,84592,958,"40-44 years","female",20,3328,"Leisure",647.70849609375,647.70849609375,"walking",0.25,0.91,"weekday",2,"40 to 64","<1km","walking",0.91,0.25,1.75,1.75
"84592/1001",NA,84592,959,"40-44 years","male",20,3329,"Leisure",623.637145996094,623.637145996094,"walking",0.25,0.91,"weekday",1,"40 to 64","<1km","walking",0.91,0.25,1.75,1.75
"84592/1001",NA,84592,959,"40-44 years","male",20,3330,"Leisure",623.637145996094,623.637145996094,"walking",0.25,0.91,"weekday",2,"40 to 64","<1km","walking",0.91,0.25,1.75,1.75
"84592/1001",NA,84592,959,"40-44 years","male",20,3331,"Work",623.637145996094,623.637145996094,"car",0.5,18.61,"weekday",3,"40 to 64",">10km","car",18.61,0.5,3.5,3.5
"84592/1001",NA,84592,959,"40-44 years","male",20,3332,"Work",623.637145996094,623.637145996094,"car",0.5,18.28,"weekday",4,"40 to 64",">10km","car",18.28,0.5,3.5,3.5
"84594/1000",NA,84594,960,"60-64 years","male",20,3333,"Other",407.964630126953,407.964630126953,"car",0.166666666666667,2.07,"weekday",1,"40 to 64","3-5km","bicycle",2.07,0.188181818181818,1.16666666666667,1.31727272727273
"84594/1000",NA,84594,960,"60-64 years","male",20,3334,"Other",407.964630126953,407.964630126953,"car",0.166666666666667,2.07,"weekday",2,"40 to 64","3-5km","bicycle",2.07,0.188181818181818,1.16666666666667,1.31727272727273
"84594/1001",NA,84594,961,"55-59 years","female",20,3335,"Other",468.386108398438,468.386108398438,"car",0.166666666666667,2.07,"weekday",1,"40 to 64","3-5km","bicycle",2.07,0.188181818181818,1.16666666666667,1.31727272727273
"84594/1001",NA,84594,961,"55-59 years","female",20,3336,"Other",468.386108398438,468.386108398438,"car",0.166666666666667,2.07,"weekday",2,"40 to 64","3-5km","bicycle",2.07,0.188181818181818,1.16666666666667,1.31727272727273
"84595/1000",NA,84595,962,"55-59 years","male",20,3337,"Work",534.472412109375,534.472412109375,"car",1,44.75,"weekday",1,"40 to 64",">10km","car",44.75,1,7,7
"84595/1000",NA,84595,962,"55-59 years","male",20,3338,"Work",534.472412109375,534.472412109375,"car",1.25,44.56,"weekday",2,"40 to 64",">10km","car",44.56,1.25,8.75,8.75
"84600/1000",NA,84600,963,"65-69 years","female",20,3339,"Work",304.822784423828,304.822784423828,"car",0.166666666666667,2.77,"weekday",1,"65 plus","3-5km","bicycle",2.77,0.251818181818182,1.16666666666667,1.76272727272727
"84600/1000",NA,84600,963,"65-69 years","female",20,3340,"Work",304.822784423828,304.822784423828,"car",0.166666666666667,2.86,"weekday",2,"65 plus","3-5km","bicycle",2.86,0.26,1.16666666666667,1.82
"84600/1000",NA,84600,963,"65-69 years","female",20,3341,"Leisure",304.822784423828,304.822784423828,"car",0.5,17.55,"weekday",3,"65 plus",">10km","car",17.55,0.5,3.5,3.5
"84600/1000",NA,84600,963,"65-69 years","female",20,3342,"Leisure",304.822784423828,304.822784423828,"car",0.416666666666667,17.78,"weekday",4,"65 plus",">10km","car",17.78,0.416666666666667,2.91666666666667,2.91666666666667
"84601/1000",NA,84601,964,"65-69 years","male",20,3343,"Leisure",426.436920166016,426.436920166016,"walking",0.75,3.23,"weekday",1,"65 plus","3-5km","walking",3.23,0.75,5.25,5.25
"84601/1000",NA,84601,964,"65-69 years","male",20,3344,"Leisure",426.436920166016,426.436920166016,"walking",0.75,3.23,"weekday",2,"65 plus","3-5km","walking",3.23,0.75,5.25,5.25
"84604/1001",NA,84604,965,"70-74 years","male",20,3345,"Other",446.56103515625,446.56103515625,"car",0.05,0.83,"weekday",1,"65 plus","<1km","bicycle",0.83,0.0754545454545455,0.35,0.528181818181818
"84604/1001",NA,84604,965,"70-74 years","male",20,3346,"Other",446.56103515625,446.56103515625,"car",0.05,0.83,"weekday",2,"65 plus","<1km","bicycle",0.83,0.0754545454545455,0.35,0.528181818181818
"84604/1001",NA,84604,965,"70-74 years","male",20,3347,"Other",446.56103515625,446.56103515625,"car",0.05,1.06,"weekday",3,"65 plus","1-2km","bicycle",1.06,0.0963636363636364,0.35,0.674545454545455
"84604/1001",NA,84604,965,"70-74 years","male",20,3348,"Leisure",446.56103515625,446.56103515625,"car",0.0833333333333333,1.48,"weekday",4,"65 plus","1-2km","bicycle",1.48,0.134545454545455,0.583333333333333,0.941818181818182
"84604/1001",NA,84604,965,"70-74 years","male",20,3349,"Other",446.56103515625,446.56103515625,"car",0.0833333333333333,1.5,"weekday",5,"65 plus","1-2km","bicycle",1.5,0.136363636363636,0.583333333333333,0.954545454545454
"84604/1001",NA,84604,965,"70-74 years","male",20,3350,"Other",446.56103515625,446.56103515625,"car",0.05,1.04,"weekday",6,"65 plus","1-2km","bicycle",1.04,0.0945454545454545,0.35,0.661818181818182
"84604/1005",NA,84604,966,"35-39 years","male",20,3351,"Work",754.537231445312,754.537231445312,"car",0.5,10.23,"weekday",1,"20 to 39",">10km","car",10.23,0.5,3.5,3.5
"84604/1005",NA,84604,966,"35-39 years","male",20,3352,"Work",754.537231445312,754.537231445312,"car",0.5,10.37,"weekday",2,"20 to 39",">10km","car",10.37,0.5,3.5,3.5
"84605/1000",NA,84605,967,"75-79 years","female",20,3353,"Other",410.973388671875,410.973388671875,"car",0.25,6.44,"weekday",1,"65 plus","6-10km","car",6.44,0.25,1.75,1.75
"84605/1000",NA,84605,967,"75-79 years","female",20,3354,"Shopping",410.973388671875,410.973388671875,"car",0.166666666666667,5.73,"weekday",2,"65 plus","6-10km","car",5.73,0.166666666666667,1.16666666666667,1.16666666666667
"84605/1000",NA,84605,967,"75-79 years","female",20,3355,"Shopping",410.973388671875,410.973388671875,"car",0.0833333333333333,3.09,"weekday",3,"65 plus","3-5km","bicycle",3.09,0.280909090909091,0.583333333333333,1.96636363636364
"84605/1001",NA,84605,968,"85-89 years","male",20,3356,"Other",364.267669677734,364.267669677734,"car",0.25,6.44,"weekday",1,"65 plus","6-10km","car",6.44,0.25,1.75,1.75
"84605/1001",NA,84605,968,"85-89 years","male",20,3357,"Other",364.267669677734,364.267669677734,"car",0.166666666666667,5.73,"weekday",2,"65 plus","6-10km","car",5.73,0.166666666666667,1.16666666666667,1.16666666666667
"84605/1001",NA,84605,968,"85-89 years","male",20,3358,"Other",364.267669677734,364.267669677734,"car",0.0833333333333333,3.09,"weekday",3,"65 plus","3-5km","bicycle",3.09,0.280909090909091,0.583333333333333,1.96636363636364
"84606/1000",NA,84606,969,"60-64 years","female",20,3359,"Leisure",474.000030517578,474.000030517578,"car",0.666666666666667,19.15,"weekday",1,"40 to 64",">10km","car",19.15,0.666666666666667,4.66666666666667,4.66666666666667
"84606/1000",NA,84606,969,"60-64 years","female",20,3360,"Leisure",474.000030517578,474.000030517578,"car",0.5,19.1,"weekday",2,"40 to 64",">10km","car",19.1,0.5,3.5,3.5
"84606/1000",NA,84606,969,"60-64 years","female",20,3361,"Leisure",474.000030517578,474.000030517578,"walking",0.416666666666667,1.32,"weekday",3,"40 to 64","1-2km","walking",1.32,0.416666666666667,2.91666666666667,2.91666666666667
"84606/1000",NA,84606,969,"60-64 years","female",20,3362,"Leisure",474.000030517578,474.000030517578,"walking",0.416666666666667,1.32,"weekday",4,"40 to 64","1-2km","walking",1.32,0.416666666666667,2.91666666666667,2.91666666666667
"84609/1000",NA,84609,970,"40-44 years","female",20,3363,"Other",575.516906738281,575.516906738281,"car",0.566666666666667,11.55,"weekday",1,"40 to 64",">10km","car",11.55,0.566666666666667,3.96666666666667,3.96666666666667
"84609/1000",NA,84609,970,"40-44 years","female",20,3364,"Work",575.516906738281,575.516906738281,"car",0.333333333333333,10.46,"weekday",2,"40 to 64",">10km","car",10.46,0.333333333333333,2.33333333333333,2.33333333333333
"84609/1000",NA,84609,970,"40-44 years","female",20,3365,"Work",575.516906738281,575.516906738281,"car",0.05,1.16,"weekday",3,"40 to 64","1-2km","bicycle",1.16,0.105454545454545,0.35,0.738181818181818
"84609/1000",NA,84609,970,"40-44 years","female",20,3366,"Leisure",575.516906738281,575.516906738281,"car",0.0833333333333333,0.98,"weekday",4,"40 to 64","<1km","bicycle",0.98,0.0890909090909091,0.583333333333333,0.623636363636364
"84609/1000",NA,84609,970,"40-44 years","female",20,3367,"Other",575.516906738281,575.516906738281,"car",0.416666666666667,11.23,"weekday",5,"40 to 64",">10km","car",11.23,0.416666666666667,2.91666666666667,2.91666666666667
"84609/1000",NA,84609,970,"40-44 years","female",20,3368,"Other",575.516906738281,575.516906738281,"car",0.366666666666667,11.63,"weekday",6,"40 to 64",">10km","car",11.63,0.366666666666667,2.56666666666667,2.56666666666667
"84609/1001",NA,84609,971,"15-19 years","female",20,3369,"Education",456.759735107422,456.759735107422,"car",0.566666666666667,11.55,"weekday",1,"15 to 19",">10km","car",11.55,0.566666666666667,3.96666666666667,3.96666666666667
"84609/1001",NA,84609,971,"15-19 years","female",20,3370,"Education",456.759735107422,456.759735107422,"car",0.366666666666667,11.63,"weekday",2,"15 to 19",">10km","car",11.63,0.366666666666667,2.56666666666667,2.56666666666667
"84611/1000",NA,84611,972,"40-44 years","male",20,3371,"Work",554.12841796875,554.12841796875,"car",0.266666666666667,14.27,"weekday",1,"40 to 64",">10km","car",14.27,0.266666666666667,1.86666666666667,1.86666666666667
"84611/1000",NA,84611,972,"40-44 years","male",20,3372,"Other",554.12841796875,554.12841796875,"car",0.25,14.57,"weekday",2,"40 to 64",">10km","car",14.57,0.25,1.75,1.75
"84611/1000",NA,84611,972,"40-44 years","male",20,3373,"Other",554.12841796875,554.12841796875,"car",0.05,2.31,"weekday",3,"40 to 64","3-5km","bicycle",2.31,0.21,0.35,1.47
"84611/1001",NA,84611,973,"35-39 years","female",20,3374,"Other",563.662841796875,563.662841796875,"car",0.0833333333333333,2.05,"weekday",1,"20 to 39","3-5km","bicycle",2.05,0.186363636363636,0.583333333333333,1.30454545454545
"84611/1001",NA,84611,973,"35-39 years","female",20,3375,"Work",563.662841796875,563.662841796875,"car",0.75,29.83,"weekday",2,"20 to 39",">10km","car",29.83,0.75,5.25,5.25
"84611/1001",NA,84611,973,"35-39 years","female",20,3376,"Work",563.662841796875,563.662841796875,"car",0.25,3.26,"weekday",3,"20 to 39","3-5km","bicycle",3.26,0.296363636363636,1.75,2.07454545454545
"84611/1001",NA,84611,973,"35-39 years","female",20,3377,"Work",563.662841796875,563.662841796875,"car",0.5,33.83,"weekday",4,"20 to 39",">10km","car",33.83,0.5,3.5,3.5
"84615/1000",NA,84615,974,"60-64 years","male",20,3378,"Shopping",407.964630126953,407.964630126953,"car",0.116666666666667,0.76,"weekday",1,"40 to 64","<1km","bicycle",0.76,0.0690909090909091,0.816666666666667,0.483636363636364
"84615/1000",NA,84615,974,"60-64 years","male",20,3379,"Shopping",407.964630126953,407.964630126953,"car",0.0833333333333333,0.73,"weekday",2,"40 to 64","<1km","bicycle",0.73,0.0663636363636364,0.583333333333333,0.464545454545455
"84615/1000",NA,84615,974,"60-64 years","male",20,3380,"Shopping",407.964630126953,407.964630126953,"car",0.0833333333333333,0.76,"weekday",3,"40 to 64","<1km","bicycle",0.76,0.0690909090909091,0.583333333333333,0.483636363636364
"84615/1000",NA,84615,974,"60-64 years","male",20,3381,"Shopping",407.964630126953,407.964630126953,"car",0.1,0.73,"weekday",4,"40 to 64","<1km","bicycle",0.73,0.0663636363636364,0.7,0.464545454545455
"84615/1001",NA,84615,975,"60-64 years","female",20,3382,"Work",437.736572265625,437.736572265625,"car",0.0833333333333333,0.83,"weekday",1,"40 to 64","<1km","bicycle",0.83,0.0754545454545455,0.583333333333333,0.528181818181818
"84615/1001",NA,84615,975,"60-64 years","female",20,3383,"Work",437.736572265625,437.736572265625,"car",0.116666666666667,0.8,"weekday",2,"40 to 64","<1km","bicycle",0.8,0.0727272727272727,0.816666666666667,0.509090909090909
"84616/1000",NA,84616,976,"30-34 years","female",20,3384,"Other",666.033386230469,666.033386230469,"walking",0.166666666666667,1.13,"weekday",1,"20 to 39","1-2km","walking",1.13,0.166666666666667,1.16666666666667,1.16666666666667
"84616/1000",NA,84616,976,"30-34 years","female",20,3385,"Work",666.033386230469,666.033386230469,"walking",0.05,0.44,"weekday",2,"20 to 39","<1km","walking",0.44,0.05,0.35,0.35
"84616/1000",NA,84616,976,"30-34 years","female",20,3386,"Work",666.033386230469,666.033386230469,"public.transport",0.716666666666667,19.54,"weekday",2,"20 to 39",">10km","public.transport",19.54,0.716666666666667,5.01666666666667,5.01666666666667
"84616/1000",NA,84616,976,"30-34 years","female",20,3387,"Work",666.033386230469,666.033386230469,"walking",0.0833333333333333,0.37,"weekday",2,"20 to 39","<1km","walking",0.37,0.0833333333333333,0.583333333333333,0.583333333333333
"84616/1000",NA,84616,976,"30-34 years","female",20,3388,"Other",666.033386230469,666.033386230469,"walking",0.05,0.47,"weekday",3,"20 to 39","<1km","walking",0.47,0.05,0.35,0.35
"84616/1000",NA,84616,976,"30-34 years","female",20,3389,"Other",666.033386230469,666.033386230469,"public.transport",0.666666666666667,19.39,"weekday",3,"20 to 39",">10km","public.transport",19.39,0.666666666666667,4.66666666666667,4.66666666666667
"84616/1000",NA,84616,976,"30-34 years","female",20,3390,"Other",666.033386230469,666.033386230469,"walking",0.0666666666666667,0.43,"weekday",3,"20 to 39","<1km","walking",0.43,0.0666666666666667,0.466666666666667,0.466666666666667
"84616/1000",NA,84616,976,"30-34 years","female",20,3391,"Other",666.033386230469,666.033386230469,"walking",0.166666666666667,1.13,"weekday",4,"20 to 39","1-2km","walking",1.13,0.166666666666667,1.16666666666667,1.16666666666667
"84617/1000",NA,84617,977,"60-64 years","female",20,3392,"Shopping",437.736572265625,437.736572265625,"car",0.1,2.19,"weekday",1,"40 to 64","3-5km","bicycle",2.19,0.199090909090909,0.7,1.39363636363636
"84617/1000",NA,84617,977,"60-64 years","female",20,3393,"Shopping",437.736572265625,437.736572265625,"car",0.116666666666667,6.52,"weekday",2,"40 to 64","6-10km","car",6.52,0.116666666666667,0.816666666666667,0.816666666666667
"84617/1000",NA,84617,977,"60-64 years","female",20,3394,"Shopping",437.736572265625,437.736572265625,"car",0.2,7.63,"weekday",3,"40 to 64","6-10km","car",7.63,0.2,1.4,1.4
"84617/1001",NA,84617,978,"60-64 years","male",20,3395,"Work",407.964630126953,407.964630126953,"car",0.1,2.19,"weekday",1,"40 to 64","3-5km","bicycle",2.19,0.199090909090909,0.7,1.39363636363636
"84617/1001",NA,84617,978,"60-64 years","male",20,3396,"Work",407.964630126953,407.964630126953,"car",0.116666666666667,2.17,"weekday",2,"40 to 64","3-5km","bicycle",2.17,0.197272727272727,0.816666666666667,1.38090909090909
"84617/1001",NA,84617,978,"60-64 years","male",20,3397,"Work",407.964630126953,407.964630126953,"car",0.1,2.19,"weekday",3,"40 to 64","3-5km","bicycle",2.19,0.199090909090909,0.7,1.39363636363636
"84617/1001",NA,84617,978,"60-64 years","male",20,3398,"Work",407.964630126953,407.964630126953,"car",0.1,2.17,"weekday",4,"40 to 64","3-5km","bicycle",2.17,0.197272727272727,0.7,1.38090909090909
"84618/1000",NA,84618,979,"35-39 years","male",20,3399,"Leisure",670.438781738281,670.438781738281,"car",0.5,26.96,"weekday",1,"20 to 39",">10km","car",26.96,0.5,3.5,3.5
"84618/1000",NA,84618,979,"35-39 years","male",20,3400,"Leisure",670.438781738281,670.438781738281,"car",0.5,26.5,"weekday",2,"20 to 39",">10km","car",26.5,0.5,3.5,3.5
"84618/1001",NA,84618,980,"35-39 years","female",20,3401,"Leisure",563.662841796875,563.662841796875,"car",0.5,26.96,"weekday",1,"20 to 39",">10km","car",26.96,0.5,3.5,3.5
"84618/1001",NA,84618,980,"35-39 years","female",20,3402,"Leisure",563.662841796875,563.662841796875,"car",0.5,26.5,"weekday",2,"20 to 39",">10km","car",26.5,0.5,3.5,3.5
"84619/1002",NA,84619,982,"15-19 years","male",20,3404,"Work",782.303466796875,782.303466796875,"walking",0.166666666666667,1.71,"weekday",1,"15 to 19","1-2km","walking",1.71,0.166666666666667,1.16666666666667,1.16666666666667
"84619/1002",NA,84619,982,"15-19 years","male",20,3405,"Work",782.303466796875,782.303466796875,"walking",0.166666666666667,1.71,"weekday",2,"15 to 19","1-2km","walking",1.71,0.166666666666667,1.16666666666667,1.16666666666667
"84619/1005",NA,84619,983,"15-19 years","female",20,3406,"Shopping",659.454467773438,659.454467773438,"car",1,20.87,"weekday",1,"15 to 19",">10km","car",20.87,1,7,7
"84619/1005",NA,84619,983,"15-19 years","female",20,3407,"Shopping",659.454467773438,659.454467773438,"car",0.666666666666667,20.9,"weekday",2,"15 to 19",">10km","car",20.9,0.666666666666667,4.66666666666667,4.66666666666667
"84620/1000",NA,84620,984,"55-59 years","male",20,3408,"Other",534.472412109375,534.472412109375,"car",0.583333333333333,32.33,"weekday",1,"40 to 64",">10km","car",32.33,0.583333333333333,4.08333333333333,4.08333333333333
"84620/1000",NA,84620,984,"55-59 years","male",20,3409,"Leisure",534.472412109375,534.472412109375,"car",0.166666666666667,3.67,"weekday",2,"40 to 64","3-5km","bicycle",3.67,0.333636363636364,1.16666666666667,2.33545454545455
"84620/1000",NA,84620,984,"55-59 years","male",20,3410,"Other",534.472412109375,534.472412109375,"car",0.166666666666667,3.69,"weekday",3,"40 to 64","3-5km","bicycle",3.69,0.335454545454545,1.16666666666667,2.34818181818182
"84620/1000",NA,84620,984,"55-59 years","male",20,3411,"Other",534.472412109375,534.472412109375,"car",0.5,32.2,"weekday",4,"40 to 64",">10km","car",32.2,0.5,3.5,3.5
"84621/1000",NA,84621,985,"40-44 years","male",20,3412,"Leisure",554.12841796875,554.12841796875,"car",0.333333333333333,15.19,"weekday",1,"40 to 64",">10km","car",15.19,0.333333333333333,2.33333333333333,2.33333333333333
"84621/1000",NA,84621,985,"40-44 years","male",20,3413,"Leisure",554.12841796875,554.12841796875,"car",0.333333333333333,16.09,"weekday",2,"40 to 64",">10km","car",16.09,0.333333333333333,2.33333333333333,2.33333333333333
"84621/1000",NA,84621,985,"40-44 years","male",20,3414,"Other",554.12841796875,554.12841796875,"car",0.4,10.1,"weekday",3,"40 to 64",">10km","car",10.1,0.4,2.8,2.8
"84621/1000",NA,84621,985,"40-44 years","male",20,3415,"Work",554.12841796875,554.12841796875,"car",0.216666666666667,8.93,"weekday",4,"40 to 64","6-10km","car",8.93,0.216666666666667,1.51666666666667,1.51666666666667
"84621/1000",NA,84621,985,"40-44 years","male",20,3416,"Work",554.12841796875,554.12841796875,"car",0.416666666666667,18.73,"weekday",5,"40 to 64",">10km","car",18.73,0.416666666666667,2.91666666666667,2.91666666666667
"84621/1001",NA,84621,986,"35-39 years","female",20,3417,"Other",563.662841796875,563.662841796875,"car",0.0833333333333333,1.54,"weekday",1,"20 to 39","1-2km","bicycle",1.54,0.14,0.583333333333333,0.98
"84621/1001",NA,84621,986,"35-39 years","female",20,3418,"Other",563.662841796875,563.662841796875,"car",0.0833333333333333,1.8,"weekday",2,"20 to 39","1-2km","bicycle",1.8,0.163636363636364,0.583333333333333,1.14545454545455
"84621/1001",NA,84621,986,"35-39 years","female",20,3419,"Other",563.662841796875,563.662841796875,"car",0.4,10.1,"weekday",3,"20 to 39",">10km","car",10.1,0.4,2.8,2.8
"84621/1001",NA,84621,986,"35-39 years","female",20,3420,"Other",563.662841796875,563.662841796875,"car",0.333333333333333,9.96,"weekday",4,"20 to 39","6-10km","car",9.96,0.333333333333333,2.33333333333333,2.33333333333333
"84622/1000",NA,84622,987,"55-59 years","female",20,3422,"Shopping",468.386108398438,468.386108398438,"car",0.25,11.13,"weekday",2,"40 to 64",">10km","car",11.13,0.25,1.75,1.75
"84622/1000",NA,84622,987,"55-59 years","female",20,3423,"Shopping",468.386108398438,468.386108398438,"car",0.25,10.98,"weekday",3,"40 to 64",">10km","car",10.98,0.25,1.75,1.75
"84622/1000",NA,84622,987,"55-59 years","female",20,3424,"Leisure",468.386108398438,468.386108398438,"car",0.0833333333333333,2.04,"weekday",4,"40 to 64","3-5km","bicycle",2.04,0.185454545454545,0.583333333333333,1.29818181818182
"84622/1000",NA,84622,987,"55-59 years","female",20,3425,"Leisure",468.386108398438,468.386108398438,"car",0.0833333333333333,1.54,"weekday",5,"40 to 64","1-2km","bicycle",1.54,0.14,0.583333333333333,0.98
"84622/1001",NA,84622,988,"70-74 years","male",20,3426,"Leisure",368.036743164062,368.036743164062,"car",0.316666666666667,12.44,"weekday",1,"65 plus",">10km","car",12.44,0.316666666666667,2.21666666666667,2.21666666666667
"84622/1001",NA,84622,988,"70-74 years","male",20,3427,"Shopping",368.036743164062,368.036743164062,"car",0.916666666666667,26.08,"weekday",2,"65 plus",">10km","car",26.08,0.916666666666667,6.41666666666667,6.41666666666667
"84622/1001",NA,84622,988,"70-74 years","male",20,3428,"Shopping",368.036743164062,368.036743164062,"car",0.85,19.58,"weekday",3,"65 plus",">10km","car",19.58,0.85,5.95,5.95
"84622/1001",NA,84622,988,"70-74 years","male",20,3429,"Shopping",368.036743164062,368.036743164062,"car",0.0833333333333333,2.04,"weekday",4,"65 plus","3-5km","bicycle",2.04,0.185454545454545,0.583333333333333,1.29818181818182
"84622/1001",NA,84622,988,"70-74 years","male",20,3430,"Shopping",368.036743164062,368.036743164062,"car",0.0833333333333333,1.54,"weekday",5,"65 plus","1-2km","bicycle",1.54,0.14,0.583333333333333,0.98
"84623/1000",NA,84623,989,"40-44 years","male",20,3431,"Work",556.5546875,556.5546875,"car",0.916666666666667,22.63,"weekday",1,"40 to 64",">10km","car",22.63,0.916666666666667,6.41666666666667,6.41666666666667
"84623/1000",NA,84623,989,"40-44 years","male",20,3432,"Work",556.5546875,556.5546875,"car",0.75,22.75,"weekday",2,"40 to 64",">10km","car",22.75,0.75,5.25,5.25
"84627/1000",NA,84627,990,"35-39 years","female",20,3433,"Work",522.818908691406,522.818908691406,"car",0.75,18.56,"weekday",1,"20 to 39",">10km","car",18.56,0.75,5.25,5.25
"84627/1000",NA,84627,990,"35-39 years","female",20,3434,"Work",522.818908691406,522.818908691406,"car",0.75,18.41,"weekday",2,"20 to 39",">10km","car",18.41,0.75,5.25,5.25
"84627/1001",NA,84627,991,"45-49 years","male",20,3435,"Work",455.289733886719,455.289733886719,"car",0.75,26.5,"weekday",1,"40 to 64",">10km","car",26.5,0.75,5.25,5.25
"84627/1001",NA,84627,991,"45-49 years","male",20,3436,"Shopping",455.289733886719,455.289733886719,"car",0.666666666666667,24.62,"weekday",2,"40 to 64",">10km","car",24.62,0.666666666666667,4.66666666666667,4.66666666666667
"84627/1001",NA,84627,991,"45-49 years","male",20,3437,"Shopping",455.289733886719,455.289733886719,"car",0.0833333333333333,1.89,"weekday",3,"40 to 64","1-2km","bicycle",1.89,0.171818181818182,0.583333333333333,1.20272727272727
"84628/1000",NA,84628,992,"70-74 years","male",20,3438,"Leisure",368.036743164062,368.036743164062,"car",0.416666666666667,10.34,"weekday",1,"65 plus",">10km","car",10.34,0.416666666666667,2.91666666666667,2.91666666666667
"84628/1000",NA,84628,992,"70-74 years","male",20,3439,"Leisure",368.036743164062,368.036743164062,"public.transport",0.333333333333333,6.36,"weekday",1,"65 plus","6-10km","public.transport",6.36,0.333333333333333,2.33333333333333,2.33333333333333
"84628/1000",NA,84628,992,"70-74 years","male",20,3440,"Leisure",368.036743164062,368.036743164062,"walking",0.05,0.22,"weekday",1,"65 plus","<1km","walking",0.22,0.05,0.35,0.35
"84628/1000",NA,84628,992,"70-74 years","male",20,3441,"Shopping",368.036743164062,368.036743164062,"walking",0.0833333333333333,0.22,"weekday",2,"65 plus","<1km","walking",0.22,0.0833333333333333,0.583333333333333,0.583333333333333
"84628/1000",NA,84628,992,"70-74 years","male",20,3442,"Shopping",368.036743164062,368.036743164062,"public.transport",0.333333333333333,6.51,"weekday",2,"65 plus","6-10km","public.transport",6.51,0.333333333333333,2.33333333333333,2.33333333333333
"84628/1000",NA,84628,992,"70-74 years","male",20,3443,"Shopping",368.036743164062,368.036743164062,"walking",0.166666666666667,0.35,"weekday",2,"65 plus","<1km","walking",0.35,0.166666666666667,1.16666666666667,1.16666666666667
"84628/1000",NA,84628,992,"70-74 years","male",20,3444,"Other",368.036743164062,368.036743164062,"walking",0.0833333333333333,0.17,"weekday",3,"65 plus","<1km","walking",0.17,0.0833333333333333,0.583333333333333,0.583333333333333
"84628/1000",NA,84628,992,"70-74 years","male",20,3445,"Other",368.036743164062,368.036743164062,"walking",0.333333333333333,0.5,"weekday",4,"65 plus","<1km","walking",0.5,0.333333333333333,2.33333333333333,2.33333333333333
"84628/1000",NA,84628,992,"70-74 years","male",20,3446,"Other",368.036743164062,368.036743164062,"car",0.416666666666667,10.31,"weekday",4,"65 plus",">10km","car",10.31,0.416666666666667,2.91666666666667,2.91666666666667
"84628/1001",NA,84628,993,"75-79 years","female",20,3447,"Other",410.973388671875,410.973388671875,"car",0.416666666666667,10.34,"weekday",1,"65 plus",">10km","car",10.34,0.416666666666667,2.91666666666667,2.91666666666667
"84628/1001",NA,84628,993,"75-79 years","female",20,3448,"Other",410.973388671875,410.973388671875,"public.transport",0.333333333333333,6.36,"weekday",1,"65 plus","6-10km","public.transport",6.36,0.333333333333333,2.33333333333333,2.33333333333333
"84628/1001",NA,84628,993,"75-79 years","female",20,3449,"Other",410.973388671875,410.973388671875,"walking",0.05,0.22,"weekday",1,"65 plus","<1km","walking",0.22,0.05,0.35,0.35
"84628/1001",NA,84628,993,"75-79 years","female",20,3450,"Shopping",410.973388671875,410.973388671875,"walking",0.0833333333333333,0.22,"weekday",2,"65 plus","<1km","walking",0.22,0.0833333333333333,0.583333333333333,0.583333333333333
"84628/1001",NA,84628,993,"75-79 years","female",20,3451,"Shopping",410.973388671875,410.973388671875,"public.transport",0.333333333333333,6.51,"weekday",2,"65 plus","6-10km","public.transport",6.51,0.333333333333333,2.33333333333333,2.33333333333333
"84628/1001",NA,84628,993,"75-79 years","female",20,3452,"Shopping",410.973388671875,410.973388671875,"walking",0.166666666666667,0.35,"weekday",2,"65 plus","<1km","walking",0.35,0.166666666666667,1.16666666666667,1.16666666666667
"84628/1001",NA,84628,993,"75-79 years","female",20,3453,"Other",410.973388671875,410.973388671875,"walking",0.0833333333333333,0.17,"weekday",3,"65 plus","<1km","walking",0.17,0.0833333333333333,0.583333333333333,0.583333333333333
"84628/1001",NA,84628,993,"75-79 years","female",20,3454,"Other",410.973388671875,410.973388671875,"walking",0.333333333333333,0.5,"weekday",4,"65 plus","<1km","walking",0.5,0.333333333333333,2.33333333333333,2.33333333333333
"84628/1001",NA,84628,993,"75-79 years","female",20,3455,"Other",410.973388671875,410.973388671875,"car",0.416666666666667,10.31,"weekday",4,"65 plus",">10km","car",10.31,0.416666666666667,2.91666666666667,2.91666666666667
"84629/1000",NA,84629,994,"50-54 years","female",20,3456,"Work",449.832550048828,449.832550048828,"car",0.5,12,"weekday",1,"40 to 64",">10km","car",12,0.5,3.5,3.5
"84629/1000",NA,84629,994,"50-54 years","female",20,3457,"Work",449.832550048828,449.832550048828,"car",0.5,11.85,"weekday",2,"40 to 64",">10km","car",11.85,0.5,3.5,3.5
"84630/1000",NA,84630,995,"65-69 years","female",20,3458,"Leisure",304.822784423828,304.822784423828,"car",0.166666666666667,5.82,"weekday",1,"65 plus","6-10km","car",5.82,0.166666666666667,1.16666666666667,1.16666666666667
"84630/1000",NA,84630,995,"65-69 years","female",20,3459,"Leisure",304.822784423828,304.822784423828,"car",0.25,5.81,"weekday",2,"65 plus","6-10km","car",5.81,0.25,1.75,1.75
"84631/1000",NA,84631,996,"50-54 years","female",20,3461,"Other",700.190185546875,700.190185546875,"car",0.05,1.89,"weekday",2,"40 to 64","1-2km","bicycle",1.89,0.171818181818182,0.35,1.20272727272727
"84631/1000",NA,84631,996,"50-54 years","female",20,3462,"Work",700.190185546875,700.190185546875,"car",0.283333333333333,10.08,"weekday",3,"40 to 64",">10km","car",10.08,0.283333333333333,1.98333333333333,1.98333333333333
"84631/1000",NA,84631,996,"50-54 years","female",20,3463,"Work",700.190185546875,700.190185546875,"car",0.25,10.99,"weekday",4,"40 to 64",">10km","car",10.99,0.25,1.75,1.75
"84631/1000",NA,84631,996,"50-54 years","female",20,3464,"Other",700.190185546875,700.190185546875,"car",0.05,1.53,"weekday",5,"40 to 64","1-2km","bicycle",1.53,0.139090909090909,0.35,0.973636363636364
"84631/1000",NA,84631,996,"50-54 years","female",20,3465,"Other",700.190185546875,700.190185546875,"car",0.05,1.68,"weekday",6,"40 to 64","1-2km","bicycle",1.68,0.152727272727273,0.35,1.06909090909091
"84631/1001",NA,84631,997,"55-59 years","male",20,3467,"Work",768.28955078125,768.28955078125,"car",0.05,1.89,"weekday",2,"40 to 64","1-2km","bicycle",1.89,0.171818181818182,0.35,1.20272727272727
"84631/1001",NA,84631,997,"55-59 years","male",20,3468,"Work",768.28955078125,768.28955078125,"public.transport",1,20.01,"weekday",2,"40 to 64",">10km","public.transport",20.01,1,7,7
"84631/1001",NA,84631,997,"55-59 years","male",20,3469,"Work",768.28955078125,768.28955078125,"walking",0.166666666666667,0.07,"weekday",2,"40 to 64","<1km","walking",0.07,0.166666666666667,1.16666666666667,1.16666666666667
"84631/1001",NA,84631,997,"55-59 years","male",20,3470,"Work",768.28955078125,768.28955078125,"walking",0.166666666666667,0.07,"weekday",3,"40 to 64","<1km","walking",0.07,0.166666666666667,1.16666666666667,1.16666666666667
"84631/1001",NA,84631,997,"55-59 years","male",20,3471,"Work",768.28955078125,768.28955078125,"public.transport",0.666666666666667,19.66,"weekday",3,"40 to 64",">10km","public.transport",19.66,0.666666666666667,4.66666666666667,4.66666666666667
"84631/1001",NA,84631,997,"55-59 years","male",20,3472,"Work",768.28955078125,768.28955078125,"car",0.05,1.68,"weekday",3,"40 to 64","1-2km","bicycle",1.68,0.152727272727273,0.35,1.06909090909091
"84631/1002",NA,84631,998,"20-24 years","female",20,3473,"Work",1236.85375976562,1236.85375976562,"car",0.5,19.69,"weekday",1,"20 to 39",">10km","car",19.69,0.5,3.5,3.5
"84631/1002",NA,84631,998,"20-24 years","female",20,3474,"Leisure",1236.85375976562,1236.85375976562,"car",0.166666666666667,4.76,"weekday",2,"20 to 39","3-5km","bicycle",4.76,0.432727272727273,1.16666666666667,3.02909090909091
"84631/1002",NA,84631,998,"20-24 years","female",20,3475,"Leisure",1236.85375976562,1236.85375976562,"car",0.5,15.78,"weekday",3,"20 to 39",">10km","car",15.78,0.5,3.5,3.5
"84631/1003",NA,84631,999,"15-19 years","female",20,3476,"Other",659.454467773438,659.454467773438,"car",0.616666666666667,19.1,"weekday",1,"15 to 19",">10km","car",19.1,0.616666666666667,4.31666666666667,4.31666666666667
"84631/1003",NA,84631,999,"15-19 years","female",20,3477,"Other",659.454467773438,659.454467773438,"car",0.5,18.71,"weekday",2,"15 to 19",">10km","car",18.71,0.5,3.5,3.5
"84631/1003",NA,84631,999,"15-19 years","female",20,3478,"Work",659.454467773438,659.454467773438,"car",0.333333333333333,12.83,"weekday",3,"15 to 19",">10km","car",12.83,0.333333333333333,2.33333333333333,2.33333333333333
"84631/1003",NA,84631,999,"15-19 years","female",20,3479,"Work",659.454467773438,659.454467773438,"car",0.333333333333333,12.86,"weekday",4,"15 to 19",">10km","car",12.86,0.333333333333333,2.33333333333333,2.33333333333333
"84631/1004",NA,84631,1000,"15-19 years","female",20,3480,"Education",659.454467773438,659.454467773438,"car",0.25,10.19,"weekday",1,"15 to 19",">10km","car",10.19,0.25,1.75,1.75
"84631/1004",NA,84631,1000,"15-19 years","female",20,3481,"Education",659.454467773438,659.454467773438,"car",0.2,10.16,"weekday",2,"15 to 19",">10km","car",10.16,0.2,1.4,1.4
"84631/1004",NA,84631,1000,"15-19 years","female",20,3482,"Work",659.454467773438,659.454467773438,"car",0.5,14.6,"weekday",3,"15 to 19",">10km","car",14.6,0.5,3.5,3.5
"84631/1004",NA,84631,1000,"15-19 years","female",20,3483,"Work",659.454467773438,659.454467773438,"car",0.333333333333333,14.35,"weekday",4,"15 to 19",">10km","car",14.35,0.333333333333333,2.33333333333333,2.33333333333333
"84632/1000",NA,84632,1001,"65-69 years","female",20,3484,"Leisure",304.822784423828,304.822784423828,"car",0.25,4.07,"weekday",1,"65 plus","3-5km","bicycle",4.07,0.37,1.75,2.59
"84632/1000",NA,84632,1001,"65-69 years","female",20,3485,"Leisure",304.822784423828,304.822784423828,"car",0.166666666666667,11.92,"weekday",2,"65 plus",">10km","car",11.92,0.166666666666667,1.16666666666667,1.16666666666667
"84632/1000",NA,84632,1001,"65-69 years","female",20,3486,"Shopping",304.822784423828,304.822784423828,"car",0.25,7.73,"weekday",3,"65 plus","6-10km","car",7.73,0.25,1.75,1.75
"84632/1000",NA,84632,1001,"65-69 years","female",20,3487,"Shopping",304.822784423828,304.822784423828,"car",0.25,8.1,"weekday",4,"65 plus","6-10km","car",8.1,0.25,1.75,1.75
"84632/1001",NA,84632,1002,"75-79 years","male",20,3488,"Leisure",319.961029052734,319.961029052734,"walking",0.116666666666667,0.32,"weekday",1,"65 plus","<1km","walking",0.32,0.116666666666667,0.816666666666667,0.816666666666667
"84632/1001",NA,84632,1002,"75-79 years","male",20,3489,"Leisure",319.961029052734,319.961029052734,"walking",0.116666666666667,0.32,"weekday",2,"65 plus","<1km","walking",0.32,0.116666666666667,0.816666666666667,0.816666666666667
"84633/1000",NA,84633,1003,"40-44 years","male",20,3490,"Other",554.12841796875,554.12841796875,"car",0.25,11.37,"weekday",1,"40 to 64",">10km","car",11.37,0.25,1.75,1.75
"84633/1000",NA,84633,1003,"40-44 years","male",20,3491,"Work",554.12841796875,554.12841796875,"car",0.583333333333333,13.46,"weekday",2,"40 to 64",">10km","car",13.46,0.583333333333333,4.08333333333333,4.08333333333333
"84633/1000",NA,84633,1003,"40-44 years","male",20,3492,"Other",554.12841796875,554.12841796875,"car",0.5,13.65,"weekday",3,"40 to 64",">10km","car",13.65,0.5,3.5,3.5
"84633/1000",NA,84633,1003,"40-44 years","male",20,3493,"Other",554.12841796875,554.12841796875,"car",0.416666666666667,11.4,"weekday",4,"40 to 64",">10km","car",11.4,0.416666666666667,2.91666666666667,2.91666666666667
"84633/1001",NA,84633,1004,"35-39 years","female",20,3494,"Other",563.662841796875,563.662841796875,"car",0.0833333333333333,2.88,"weekday",1,"20 to 39","3-5km","bicycle",2.88,0.261818181818182,0.583333333333333,1.83272727272727
"84633/1001",NA,84633,1004,"35-39 years","female",20,3495,"Other",563.662841796875,563.662841796875,"car",0.0833333333333333,3.14,"weekday",2,"20 to 39","3-5km","bicycle",3.14,0.285454545454545,0.583333333333333,1.99818181818182
"84637/1001",NA,84637,1006,"30-34 years","female",20,3497,"Work",666.033386230469,666.033386230469,"car",1.33333333333333,37.63,"weekday",1,"20 to 39",">10km","car",37.63,1.33333333333333,9.33333333333333,9.33333333333333
"84637/1001",NA,84637,1006,"30-34 years","female",20,3498,"Work",666.033386230469,666.033386230469,"car",1.5,37.54,"weekday",2,"20 to 39",">10km","car",37.54,1.5,10.5,10.5
"84638/1000",NA,84638,1007,"55-59 years","male",20,3499,"Work",598.893310546875,598.893310546875,"other",0.75,21.92,"weekday",1,"40 to 64",">10km","other",21.92,0.75,5.25,5.25
"84638/1000",NA,84638,1007,"55-59 years","male",20,3500,"Work",598.893310546875,598.893310546875,"other",0.666666666666667,22.37,"weekday",2,"40 to 64",">10km","other",22.37,0.666666666666667,4.66666666666667,4.66666666666667
"84638/1000",NA,84638,1007,"55-59 years","male",20,3501,"Shopping",598.893310546875,598.893310546875,"car",0.0833333333333333,1.65,"weekday",3,"40 to 64","1-2km","bicycle",1.65,0.15,0.583333333333333,1.05
"84638/1000",NA,84638,1007,"55-59 years","male",20,3502,"Shopping",598.893310546875,598.893310546875,"car",0.0833333333333333,1.64,"weekday",4,"40 to 64","1-2km","bicycle",1.64,0.149090909090909,0.583333333333333,1.04363636363636
"84638/1001",NA,84638,1008,"45-49 years","female",20,3503,"Work",661.040344238281,661.040344238281,"car",0.5,18.82,"weekday",1,"40 to 64",">10km","car",18.82,0.5,3.5,3.5
"84638/1001",NA,84638,1008,"45-49 years","female",20,3504,"Work",661.040344238281,661.040344238281,"car",0.666666666666667,18.68,"weekday",2,"40 to 64",">10km","car",18.68,0.666666666666667,4.66666666666667,4.66666666666667
"84638/1002",NA,84638,1009,"15-19 years","male",20,3505,"Education",609.817321777344,609.817321777344,"car",0.583333333333333,15.89,"weekday",1,"15 to 19",">10km","car",15.89,0.583333333333333,4.08333333333333,4.08333333333333
"84638/1002",NA,84638,1009,"15-19 years","male",20,3506,"Education",609.817321777344,609.817321777344,"car",0.75,15.7,"weekday",2,"15 to 19",">10km","car",15.7,0.75,5.25,5.25
"84639/1000",NA,84639,1010,"35-39 years","male",20,3507,"Other",967.957153320312,967.957153320312,"car",0.266666666666667,11.83,"weekday",1,"20 to 39",">10km","car",11.83,0.266666666666667,1.86666666666667,1.86666666666667
"84639/1000",NA,84639,1010,"35-39 years","male",20,3508,"Other",967.957153320312,967.957153320312,"car",0.283333333333333,11.86,"weekday",2,"20 to 39",">10km","car",11.86,0.283333333333333,1.98333333333333,1.98333333333333
"84639/1000",NA,84639,1010,"35-39 years","male",20,3509,"Other",967.957153320312,967.957153320312,"car",0.0333333333333333,1.42,"weekday",3,"20 to 39","1-2km","bicycle",1.42,0.129090909090909,0.233333333333333,0.903636363636364
"84639/1000",NA,84639,1010,"35-39 years","male",20,3510,"Other",967.957153320312,967.957153320312,"car",0.0166666666666667,0.16,"weekday",4,"20 to 39","<1km","bicycle",0.16,0.0145454545454545,0.116666666666667,0.101818181818182
"84639/1000",NA,84639,1010,"35-39 years","male",20,3511,"Other",967.957153320312,967.957153320312,"car",0.05,1.84,"weekday",5,"20 to 39","1-2km","bicycle",1.84,0.167272727272727,0.35,1.17090909090909
"84639/1001",NA,84639,1011,"30-34 years","female",20,3512,"Other",1036.71923828125,1036.71923828125,"car",0.0833333333333333,1.58,"weekday",1,"20 to 39","1-2km","bicycle",1.58,0.143636363636364,0.583333333333333,1.00545454545455
"84639/1001",NA,84639,1011,"30-34 years","female",20,3513,"Work",1036.71923828125,1036.71923828125,"car",0.5,20.75,"weekday",2,"20 to 39",">10km","car",20.75,0.5,3.5,3.5
"84639/1001",NA,84639,1011,"30-34 years","female",20,3514,"Work",1036.71923828125,1036.71923828125,"car",0.5,20.22,"weekday",3,"20 to 39",">10km","car",20.22,0.5,3.5,3.5
"84640/1000",NA,84640,1012,"30-34 years","female",20,3515,"Other",263.370697021484,263.370697021484,"car",0.0333333333333333,2.13,"weekday",1,"20 to 39","3-5km","bicycle",2.13,0.193636363636364,0.233333333333333,1.35545454545455
"84640/1000",NA,84640,1012,"30-34 years","female",20,3516,"Other",263.370697021484,263.370697021484,"car",0.0333333333333333,2.05,"weekday",2,"20 to 39","3-5km","bicycle",2.05,0.186363636363636,0.233333333333333,1.30454545454545
"84640/1000",NA,84640,1012,"30-34 years","female",20,3517,"Other",263.370697021484,263.370697021484,"car",0.0333333333333333,2.13,"weekday",3,"20 to 39","3-5km","bicycle",2.13,0.193636363636364,0.233333333333333,1.35545454545455
"84640/1000",NA,84640,1012,"30-34 years","female",20,3518,"Other",263.370697021484,263.370697021484,"car",0.05,2.05,"weekday",4,"20 to 39","3-5km","bicycle",2.05,0.186363636363636,0.35,1.30454545454545
"84640/1001",NA,84640,1013,"35-39 years","male",20,3519,"Work",274.485229492188,274.485229492188,"car",0.416666666666667,14.16,"weekday",1,"20 to 39",">10km","car",14.16,0.416666666666667,2.91666666666667,2.91666666666667
"84640/1001",NA,84640,1013,"35-39 years","male",20,3520,"Work",274.485229492188,274.485229492188,"car",0.416666666666667,14.15,"weekday",2,"20 to 39",">10km","car",14.15,0.416666666666667,2.91666666666667,2.91666666666667
"84643/1000",NA,84643,1014,"20-24 years","male",20,3521,"Leisure",233.046676635742,233.046676635742,"walking",0.25,0.73,"weekday",1,"20 to 39","<1km","walking",0.73,0.25,1.75,1.75
"84643/1000",NA,84643,1014,"20-24 years","male",20,3522,"Leisure",233.046676635742,233.046676635742,"walking",0.25,0.73,"weekday",2,"20 to 39","<1km","walking",0.73,0.25,1.75,1.75
"84643/1001",NA,84643,1015,"20-24 years","female",20,3523,"Leisure",271.554656982422,271.554656982422,"walking",0.25,0.73,"weekday",1,"20 to 39","<1km","walking",0.73,0.25,1.75,1.75
"84643/1001",NA,84643,1015,"20-24 years","female",20,3524,"Leisure",271.554656982422,271.554656982422,"walking",0.25,0.73,"weekday",2,"20 to 39","<1km","walking",0.73,0.25,1.75,1.75
"84644/1000",NA,84644,1016,"35-39 years","male",20,3525,"Leisure",140.393783569336,140.393783569336,"car",0.0833333333333333,4.19,"weekday",1,"20 to 39","3-5km","bicycle",4.19,0.380909090909091,0.583333333333333,2.66636363636364
"84644/1000",NA,84644,1016,"35-39 years","male",20,3526,"Shopping",140.393783569336,140.393783569336,"car",0.0833333333333333,5.13,"weekday",2,"20 to 39","6-10km","car",5.13,0.0833333333333333,0.583333333333333,0.583333333333333
"84644/1000",NA,84644,1016,"35-39 years","male",20,3527,"Shopping",140.393783569336,140.393783569336,"car",0.0833333333333333,2.26,"weekday",3,"20 to 39","3-5km","bicycle",2.26,0.205454545454545,0.583333333333333,1.43818181818182
"84644/1001",NA,84644,1017,"35-39 years","male",20,3528,"Leisure",140.393783569336,140.393783569336,"car",0.0833333333333333,4.19,"weekday",1,"20 to 39","3-5km","bicycle",4.19,0.380909090909091,0.583333333333333,2.66636363636364
"84644/1001",NA,84644,1017,"35-39 years","male",20,3529,"Shopping",140.393783569336,140.393783569336,"car",0.0833333333333333,5.13,"weekday",2,"20 to 39","6-10km","car",5.13,0.0833333333333333,0.583333333333333,0.583333333333333
"84644/1001",NA,84644,1017,"35-39 years","male",20,3530,"Shopping",140.393783569336,140.393783569336,"car",0.0833333333333333,2.26,"weekday",3,"20 to 39","3-5km","bicycle",2.26,0.205454545454545,0.583333333333333,1.43818181818182
"84645/1000",NA,84645,1018,"45-49 years","male",20,3531,"Other",181.739990234375,181.739990234375,"car",0.166666666666667,2,"weekday",1,"40 to 64","1-2km","bicycle",2,0.181818181818182,1.16666666666667,1.27272727272727
"84645/1000",NA,84645,1018,"45-49 years","male",20,3532,"Other",181.739990234375,181.739990234375,"car",0.25,1.92,"weekday",2,"40 to 64","1-2km","bicycle",1.92,0.174545454545455,1.75,1.22181818181818
"84645/1001",NA,84645,1019,"40-44 years","female",20,3533,"Other",175.531768798828,175.531768798828,"car",0.25,2,"weekday",1,"40 to 64","1-2km","bicycle",2,0.181818181818182,1.75,1.27272727272727
"84645/1001",NA,84645,1019,"40-44 years","female",20,3534,"Other",175.531768798828,175.531768798828,"car",0.25,1.92,"weekday",2,"40 to 64","1-2km","bicycle",1.92,0.174545454545455,1.75,1.22181818181818
"84650/1000",NA,84650,1020,"25-29 years","female",20,3535,"Work",242.946258544922,242.946258544922,"car",1,23.67,"weekday",1,"20 to 39",">10km","car",23.67,1,7,7
"84650/1001",NA,84650,1021,"30-34 years","male",20,3536,"Shopping",160.394088745117,160.394088745117,"car",0.0833333333333333,2.03,"weekday",1,"20 to 39","3-5km","bicycle",2.03,0.184545454545455,0.583333333333333,1.29181818181818
"84650/1001",NA,84650,1021,"30-34 years","male",20,3537,"Shopping",160.394088745117,160.394088745117,"car",0.166666666666667,2.05,"weekday",2,"20 to 39","3-5km","bicycle",2.05,0.186363636363636,1.16666666666667,1.30454545454545
"84651/1000",NA,84651,1022,"25-29 years","male",20,3538,"Shopping",195.456893920898,195.456893920898,"car",0.25,4.67,"weekday",1,"20 to 39","3-5km","bicycle",4.67,0.424545454545455,1.75,2.97181818181818
"84651/1000",NA,84651,1022,"25-29 years","male",20,3539,"Shopping",195.456893920898,195.456893920898,"car",0.166666666666667,4.66,"weekday",2,"20 to 39","3-5km","bicycle",4.66,0.423636363636364,1.16666666666667,2.96545454545455
"84651/1001",NA,84651,1023,"25-29 years","female",20,3540,"Shopping",242.946258544922,242.946258544922,"car",0.25,4.67,"weekday",1,"20 to 39","3-5km","bicycle",4.67,0.424545454545455,1.75,2.97181818181818
"84651/1001",NA,84651,1023,"25-29 years","female",20,3541,"Shopping",242.946258544922,242.946258544922,"car",0.166666666666667,4.66,"weekday",2,"20 to 39","3-5km","bicycle",4.66,0.423636363636364,1.16666666666667,2.96545454545455
"84653/1000",NA,84653,1024,"50-54 years","female",20,3542,"Other",130.01872253418,130.01872253418,"car",0.25,6.05,"weekday",1,"40 to 64","6-10km","car",6.05,0.25,1.75,1.75
"84653/1000",NA,84653,1024,"50-54 years","female",20,3543,"Other",130.01872253418,130.01872253418,"car",0.666666666666667,38.89,"weekday",2,"40 to 64",">10km","car",38.89,0.666666666666667,4.66666666666667,4.66666666666667
"84653/1000",NA,84653,1024,"50-54 years","female",20,3544,"Work",130.01872253418,130.01872253418,"car",2.41666666666667,204.28,"weekday",3,"40 to 64",">10km","car",204.28,2.41666666666667,16.9166666666667,16.9166666666667
"84653/1000",NA,84653,1024,"50-54 years","female",20,3545,"Work",130.01872253418,130.01872253418,"car",4,238.28,"weekday",4,"40 to 64",">10km","car",238.28,4,28,28
"84656/1001",NA,84656,1025,"25-29 years","male",20,3546,"Work",242.281494140625,242.281494140625,"car",0.75,27.92,"weekday",1,"20 to 39",">10km","car",27.92,0.75,5.25,5.25
"84656/1001",NA,84656,1025,"25-29 years","male",20,3547,"Work",242.281494140625,242.281494140625,"car",0.5,27.41,"weekday",2,"20 to 39",">10km","car",27.41,0.5,3.5,3.5
"84656/1003",NA,84656,1026,"25-29 years","male",20,3548,"Work",242.281494140625,242.281494140625,"car",0.583333333333333,23.67,"weekday",1,"20 to 39",">10km","car",23.67,0.583333333333333,4.08333333333333,4.08333333333333
"84656/1003",NA,84656,1026,"25-29 years","male",20,3549,"Work",242.281494140625,242.281494140625,"car",0.583333333333333,23.25,"weekday",2,"20 to 39",">10km","car",23.25,0.583333333333333,4.08333333333333,4.08333333333333
"84657/1000",NA,84657,1027,"65-69 years","male",20,3550,"Shopping",125.863647460938,125.863647460938,"car",0.0833333333333333,2.01,"weekday",1,"65 plus","3-5km","bicycle",2.01,0.182727272727273,0.583333333333333,1.27909090909091
"84657/1000",NA,84657,1027,"65-69 years","male",20,3551,"Shopping",125.863647460938,125.863647460938,"car",0.0833333333333333,2.04,"weekday",2,"65 plus","3-5km","bicycle",2.04,0.185454545454545,0.583333333333333,1.29818181818182
"84668/1000",NA,84668,1028,"50-54 years","female",20,3552,"Other",181.629013061523,181.629013061523,"car",0.85,18.52,"weekday",1,"40 to 64",">10km","car",18.52,0.85,5.95,5.95
"84668/1000",NA,84668,1028,"50-54 years","female",20,3553,"Work",181.629013061523,181.629013061523,"car",0.35,12,"weekday",2,"40 to 64",">10km","car",12,0.35,2.45,2.45
"84668/1000",NA,84668,1028,"50-54 years","female",20,3554,"Work",181.629013061523,181.629013061523,"car",0.583333333333333,12.48,"weekday",3,"40 to 64",">10km","car",12.48,0.583333333333333,4.08333333333333,4.08333333333333
"84668/1000",NA,84668,1028,"50-54 years","female",20,3555,"Work",181.629013061523,181.629013061523,"car",0.55,13.07,"weekday",4,"40 to 64",">10km","car",13.07,0.55,3.85,3.85
"84668/1000",NA,84668,1028,"50-54 years","female",20,3556,"Other",181.629013061523,181.629013061523,"car",0.166666666666667,12.11,"weekday",5,"40 to 64",">10km","car",12.11,0.166666666666667,1.16666666666667,1.16666666666667
"84668/1000",NA,84668,1028,"50-54 years","female",20,3557,"Other",181.629013061523,181.629013061523,"car",0.583333333333333,18.57,"weekday",6,"40 to 64",">10km","car",18.57,0.583333333333333,4.08333333333333,4.08333333333333
"84668/1003",NA,84668,1029,"15-19 years","female",20,3558,"Education",215.904037475586,215.904037475586,"car",0.85,18.52,"weekday",1,"15 to 19",">10km","car",18.52,0.85,5.95,5.95
"84668/1003",NA,84668,1029,"15-19 years","female",20,3559,"Education",215.904037475586,215.904037475586,"car",0.583333333333333,18.57,"weekday",2,"15 to 19",">10km","car",18.57,0.583333333333333,4.08333333333333,4.08333333333333
"84670/1000",NA,84670,1030,"60-64 years","female",20,3560,"Work",204.986328125,204.986328125,"car",0.466666666666667,34.22,"weekday",1,"40 to 64",">10km","car",34.22,0.466666666666667,3.26666666666667,3.26666666666667
"84670/1000",NA,84670,1030,"60-64 years","female",20,3561,"Work",204.986328125,204.986328125,"car",0.5,33.89,"weekday",2,"40 to 64",">10km","car",33.89,0.5,3.5,3.5
"84671/1000",NA,84671,1031,"65-69 years","female",20,3562,"Shopping",159.702407836914,159.702407836914,"car",0.166666666666667,0.89,"weekday",1,"65 plus","<1km","bicycle",0.89,0.0809090909090909,1.16666666666667,0.566363636363636
"84671/1000",NA,84671,1031,"65-69 years","female",20,3563,"Shopping",159.702407836914,159.702407836914,"car",0.166666666666667,0.88,"weekday",2,"65 plus","<1km","bicycle",0.88,0.08,1.16666666666667,0.56
"84676/1000",NA,84676,1032,"70-74 years","male",20,3564,"Shopping",123.979629516602,123.979629516602,"car",0.0833333333333333,1.78,"weekday",1,"65 plus","1-2km","bicycle",1.78,0.161818181818182,0.583333333333333,1.13272727272727
"84676/1000",NA,84676,1032,"70-74 years","male",20,3565,"Shopping",123.979629516602,123.979629516602,"car",0.0833333333333333,1.85,"weekday",2,"65 plus","1-2km","bicycle",1.85,0.168181818181818,0.583333333333333,1.17727272727273
"84677/1000",NA,84677,1033,"25-29 years","male",20,3566,"Shopping",213.285980224609,213.285980224609,"walking",0.166666666666667,1.14,"weekday",1,"20 to 39","1-2km","walking",1.14,0.166666666666667,1.16666666666667,1.16666666666667
"84677/1000",NA,84677,1033,"25-29 years","male",20,3567,"Shopping",213.285980224609,213.285980224609,"public.transport",0.916666666666667,38.6,"weekday",1,"20 to 39",">10km","public.transport",38.6,0.916666666666667,6.41666666666667,6.41666666666667
"84677/1000",NA,84677,1033,"25-29 years","male",20,3568,"Shopping",213.285980224609,213.285980224609,"walking",0.25,1.37,"weekday",1,"20 to 39","1-2km","walking",1.37,0.25,1.75,1.75
"84677/1000",NA,84677,1033,"25-29 years","male",20,3569,"Shopping",213.285980224609,213.285980224609,"walking",0.25,1.37,"weekday",2,"20 to 39","1-2km","walking",1.37,0.25,1.75,1.75
"84677/1000",NA,84677,1033,"25-29 years","male",20,3570,"Shopping",213.285980224609,213.285980224609,"public.transport",0.916666666666667,38.6,"weekday",2,"20 to 39",">10km","public.transport",38.6,0.916666666666667,6.41666666666667,6.41666666666667
"84677/1000",NA,84677,1033,"25-29 years","male",20,3571,"Shopping",213.285980224609,213.285980224609,"walking",0.166666666666667,1.14,"weekday",2,"20 to 39","1-2km","walking",1.14,0.166666666666667,1.16666666666667,1.16666666666667
"84677/1001",NA,84677,1034,"50-54 years","female",20,3572,"Work",120.97093963623,120.97093963623,"walking",0.166666666666667,1.35,"weekday",1,"40 to 64","1-2km","walking",1.35,0.166666666666667,1.16666666666667,1.16666666666667
"84677/1001",NA,84677,1034,"50-54 years","female",20,3573,"Work",120.97093963623,120.97093963623,"walking",0.166666666666667,1.35,"weekday",2,"40 to 64","1-2km","walking",1.35,0.166666666666667,1.16666666666667,1.16666666666667
"84677/1001",NA,84677,1034,"50-54 years","female",20,3574,"Leisure",120.97093963623,120.97093963623,"walking",0.333333333333333,1.68,"weekday",3,"40 to 64","1-2km","walking",1.68,0.333333333333333,2.33333333333333,2.33333333333333
"84677/1001",NA,84677,1034,"50-54 years","female",20,3575,"Leisure",120.97093963623,120.97093963623,"walking",0.416666666666667,1.68,"weekday",4,"40 to 64","1-2km","walking",1.68,0.416666666666667,2.91666666666667,2.91666666666667
"84679/1000",NA,84679,1035,"50-54 years","female",20,3576,"Other",120.97093963623,120.97093963623,"car",0.166666666666667,1.36,"weekday",1,"40 to 64","1-2km","bicycle",1.36,0.123636363636364,1.16666666666667,0.865454545454545
"84679/1000",NA,84679,1035,"50-54 years","female",20,3577,"Other",120.97093963623,120.97093963623,"car",0.166666666666667,1.12,"weekday",2,"40 to 64","1-2km","bicycle",1.12,0.101818181818182,1.16666666666667,0.712727272727273
"84679/1000",NA,84679,1035,"50-54 years","female",20,3578,"Other",120.97093963623,120.97093963623,"car",0.15,1.17,"weekday",3,"40 to 64","1-2km","bicycle",1.17,0.106363636363636,1.05,0.744545454545455
"84679/1000",NA,84679,1035,"50-54 years","female",20,3579,"Shopping",120.97093963623,120.97093963623,"car",0.166666666666667,0.99,"weekday",4,"40 to 64","<1km","bicycle",0.99,0.09,1.16666666666667,0.63
"84679/1000",NA,84679,1035,"50-54 years","female",20,3580,"Shopping",120.97093963623,120.97093963623,"car",0.166666666666667,0.94,"weekday",5,"40 to 64","<1km","bicycle",0.94,0.0854545454545454,1.16666666666667,0.598181818181818
"84679/1000",NA,84679,1035,"50-54 years","female",20,3581,"Other",120.97093963623,120.97093963623,"car",0.133333333333333,0.93,"weekday",6,"40 to 64","<1km","bicycle",0.93,0.0845454545454545,0.933333333333333,0.591818181818182
"84679/1000",NA,84679,1035,"50-54 years","female",20,3582,"Other",120.97093963623,120.97093963623,"car",0.166666666666667,0.88,"weekday",7,"40 to 64","<1km","bicycle",0.88,0.08,1.16666666666667,0.56
"84679/1000",NA,84679,1035,"50-54 years","female",20,3583,"Other",120.97093963623,120.97093963623,"car",0.166666666666667,1.12,"weekday",8,"40 to 64","1-2km","bicycle",1.12,0.101818181818182,1.16666666666667,0.712727272727273
"84679/1000",NA,84679,1035,"50-54 years","female",20,3584,"Other",120.97093963623,120.97093963623,"car",0.116666666666667,0.74,"weekday",9,"40 to 64","<1km","bicycle",0.74,0.0672727272727273,0.816666666666667,0.470909090909091
"84679/1000",NA,84679,1035,"50-54 years","female",20,3585,"Other",120.97093963623,120.97093963623,"car",0.15,1.36,"weekday",10,"40 to 64","1-2km","bicycle",1.36,0.123636363636364,1.05,0.865454545454545
"84681/1000",NA,84681,1036,"25-29 years","male",20,3586,"Work",213.285980224609,213.285980224609,"car",0.583333333333333,53.21,"weekday",1,"20 to 39",">10km","car",53.21,0.583333333333333,4.08333333333333,4.08333333333333
"84681/1000",NA,84681,1036,"25-29 years","male",20,3587,"Work",213.285980224609,213.285980224609,"car",1,53.12,"weekday",2,"20 to 39",">10km","car",53.12,1,7,7
"84683/1000",NA,84683,1037,"45-49 years","female",20,3588,"Work",253.594482421875,253.594482421875,"car",0.583333333333333,29.82,"weekday",1,"40 to 64",">10km","car",29.82,0.583333333333333,4.08333333333333,4.08333333333333
"84683/1000",NA,84683,1037,"45-49 years","female",20,3589,"Work",253.594482421875,253.594482421875,"car",0.583333333333333,29.92,"weekday",2,"40 to 64",">10km","car",29.92,0.583333333333333,4.08333333333333,4.08333333333333
"84683/1000",NA,84683,1037,"45-49 years","female",20,3590,"Shopping",253.594482421875,253.594482421875,"car",0.833333333333333,63.74,"weekday",3,"40 to 64",">10km","car",63.74,0.833333333333333,5.83333333333333,5.83333333333333
"84683/1000",NA,84683,1037,"45-49 years","female",20,3591,"Shopping",253.594482421875,253.594482421875,"car",0.75,63.87,"weekday",4,"40 to 64",">10km","car",63.87,0.75,5.25,5.25
"84683/1001",NA,84683,1038,"50-54 years","male",20,3592,"Work",172.041442871094,172.041442871094,"car",0.416666666666667,16.91,"weekday",1,"40 to 64",">10km","car",16.91,0.416666666666667,2.91666666666667,2.91666666666667
"84683/1001",NA,84683,1038,"50-54 years","male",20,3593,"Work",172.041442871094,172.041442871094,"car",0.583333333333333,17.06,"weekday",2,"40 to 64",">10km","car",17.06,0.583333333333333,4.08333333333333,4.08333333333333
"84683/1001",NA,84683,1038,"50-54 years","male",20,3594,"Shopping",172.041442871094,172.041442871094,"car",0.833333333333333,63.68,"weekday",3,"40 to 64",">10km","car",63.68,0.833333333333333,5.83333333333333,5.83333333333333
"84683/1001",NA,84683,1038,"50-54 years","male",20,3595,"Shopping",172.041442871094,172.041442871094,"car",0.75,63.77,"weekday",4,"40 to 64",">10km","car",63.77,0.75,5.25,5.25
"84684/1000",NA,84684,1039,"85-89 years","male",20,3596,"Shopping",102.119018554688,102.119018554688,"car",0.0166666666666667,0.29,"weekday",1,"65 plus","<1km","bicycle",0.29,0.0263636363636364,0.116666666666667,0.184545454545455
"84684/1000",NA,84684,1039,"85-89 years","male",20,3597,"Shopping",102.119018554688,102.119018554688,"car",0.0166666666666667,0.29,"weekday",2,"65 plus","<1km","bicycle",0.29,0.0263636363636364,0.116666666666667,0.184545454545455
"84691/1000",NA,84691,1040,"55-59 years","male",20,3598,"Leisure",167.802215576172,167.802215576172,"car",0.0833333333333333,1.88,"weekday",1,"40 to 64","1-2km","bicycle",1.88,0.170909090909091,0.583333333333333,1.19636363636364
"84691/1000",NA,84691,1040,"55-59 years","male",20,3599,"Shopping",167.802215576172,167.802215576172,"car",0.25,4.07,"weekday",2,"40 to 64","3-5km","bicycle",4.07,0.37,1.75,2.59
"84691/1000",NA,84691,1040,"55-59 years","male",20,3600,"Shopping",167.802215576172,167.802215576172,"car",0.333333333333333,3,"weekday",3,"40 to 64","3-5km","bicycle",3,0.272727272727273,2.33333333333333,1.90909090909091
"84691/1000",NA,84691,1040,"55-59 years","male",20,3601,"Shopping",167.802215576172,167.802215576172,"car",0.333333333333333,2.81,"weekday",4,"40 to 64","3-5km","bicycle",2.81,0.255454545454545,2.33333333333333,1.78818181818182
"84691/1000",NA,84691,1040,"55-59 years","male",20,3602,"Shopping",167.802215576172,167.802215576172,"car",0.333333333333333,2.76,"weekday",5,"40 to 64","3-5km","bicycle",2.76,0.250909090909091,2.33333333333333,1.75636363636364
"84692/1002",NA,84692,1041,"50-54 years","male",20,3603,"Work",172.041442871094,172.041442871094,"car",0.333333333333333,18.73,"weekday",1,"40 to 64",">10km","car",18.73,0.333333333333333,2.33333333333333,2.33333333333333
"84692/1002",NA,84692,1041,"50-54 years","male",20,3604,"Work",172.041442871094,172.041442871094,"car",0.416666666666667,18.68,"weekday",2,"40 to 64",">10km","car",18.68,0.416666666666667,2.91666666666667,2.91666666666667
"84693/1000",NA,84693,1042,"25-29 years","female",20,3605,"Other",379.222839355469,379.222839355469,"walking",0.283333333333333,0.69,"weekday",1,"20 to 39","<1km","walking",0.69,0.283333333333333,1.98333333333333,1.98333333333333
"84693/1000",NA,84693,1042,"25-29 years","female",20,3606,"Other",379.222839355469,379.222839355469,"public.transport",0.333333333333333,18.61,"weekday",1,"20 to 39",">10km","public.transport",18.61,0.333333333333333,2.33333333333333,2.33333333333333
"84693/1000",NA,84693,1042,"25-29 years","female",20,3607,"Other",379.222839355469,379.222839355469,"walking",0.05,0.13,"weekday",1,"20 to 39","<1km","walking",0.13,0.05,0.35,0.35
"84693/1000",NA,84693,1042,"25-29 years","female",20,3608,"Other",379.222839355469,379.222839355469,"walking",0.05,0.13,"weekday",2,"20 to 39","<1km","walking",0.13,0.05,0.35,0.35
"84693/1000",NA,84693,1042,"25-29 years","female",20,3609,"Other",379.222839355469,379.222839355469,"public.transport",0.383333333333333,18.61,"weekday",2,"20 to 39",">10km","public.transport",18.61,0.383333333333333,2.68333333333333,2.68333333333333
"84693/1000",NA,84693,1042,"25-29 years","female",20,3610,"Other",379.222839355469,379.222839355469,"walking",0.283333333333333,0.69,"weekday",2,"20 to 39","<1km","walking",0.69,0.283333333333333,1.98333333333333,1.98333333333333
"84693/1001",NA,84693,1043,"30-34 years","male",20,3611,"Work",295.600555419922,295.600555419922,"car",1,30.65,"weekday",1,"20 to 39",">10km","car",30.65,1,7,7
"84693/1001",NA,84693,1043,"30-34 years","male",20,3612,"Work",295.600555419922,295.600555419922,"car",1,30.62,"weekday",2,"20 to 39",">10km","car",30.62,1,7,7
"84693/1003",NA,84693,1044,"30-34 years","female",20,3613,"Work",405.015441894531,405.015441894531,"walking",0.25,0.69,"weekday",1,"20 to 39","<1km","walking",0.69,0.25,1.75,1.75
"84693/1003",NA,84693,1044,"30-34 years","female",20,3614,"Work",405.015441894531,405.015441894531,"public.transport",0.666666666666667,35.79,"weekday",1,"20 to 39",">10km","public.transport",35.79,0.666666666666667,4.66666666666667,4.66666666666667
"84693/1003",NA,84693,1044,"30-34 years","female",20,3615,"Work",405.015441894531,405.015441894531,"walking",0.0333333333333333,0.09,"weekday",1,"20 to 39","<1km","walking",0.09,0.0333333333333333,0.233333333333333,0.233333333333333
"84693/1003",NA,84693,1044,"30-34 years","female",20,3616,"Work",405.015441894531,405.015441894531,"public.transport",0.166666666666667,11.07,"weekday",1,"20 to 39",">10km","public.transport",11.07,0.166666666666667,1.16666666666667,1.16666666666667
"84693/1003",NA,84693,1044,"30-34 years","female",20,3617,"Work",405.015441894531,405.015441894531,"walking",0.0833333333333333,0.77,"weekday",1,"20 to 39","<1km","walking",0.77,0.0833333333333333,0.583333333333333,0.583333333333333
"84693/1003",NA,84693,1044,"30-34 years","female",20,3618,"Work",405.015441894531,405.015441894531,"walking",0.05,0.73,"weekday",2,"20 to 39","<1km","walking",0.73,0.05,0.35,0.35
"84693/1003",NA,84693,1044,"30-34 years","female",20,3619,"Work",405.015441894531,405.015441894531,"public.transport",0.166666666666667,11.17,"weekday",2,"20 to 39",">10km","public.transport",11.17,0.166666666666667,1.16666666666667,1.16666666666667
"84693/1003",NA,84693,1044,"30-34 years","female",20,3620,"Work",405.015441894531,405.015441894531,"walking",0.0166666666666667,0.09,"weekday",2,"20 to 39","<1km","walking",0.09,0.0166666666666667,0.116666666666667,0.116666666666667
"84693/1003",NA,84693,1044,"30-34 years","female",20,3621,"Work",405.015441894531,405.015441894531,"public.transport",0.733333333333333,35.79,"weekday",2,"20 to 39",">10km","public.transport",35.79,0.733333333333333,5.13333333333333,5.13333333333333
"84693/1003",NA,84693,1044,"30-34 years","female",20,3622,"Work",405.015441894531,405.015441894531,"walking",0.25,0.69,"weekday",2,"20 to 39","<1km","walking",0.69,0.25,1.75,1.75
"84696/1000",NA,84696,1045,"35-39 years","male",20,3623,"Work",148.682647705078,148.682647705078,"car",0.666666666666667,38.48,"weekday",1,"20 to 39",">10km","car",38.48,0.666666666666667,4.66666666666667,4.66666666666667
"84696/1000",NA,84696,1045,"35-39 years","male",20,3624,"Work",148.682647705078,148.682647705078,"car",0.583333333333333,38.01,"weekday",2,"20 to 39",">10km","car",38.01,0.583333333333333,4.08333333333333,4.08333333333333
"84697/1000",NA,84697,1046,"35-39 years","female",20,3625,"Work",140.541229248047,140.541229248047,"car",0.616666666666667,29.09,"weekday",1,"20 to 39",">10km","car",29.09,0.616666666666667,4.31666666666667,4.31666666666667
"84697/1000",NA,84697,1046,"35-39 years","female",20,3626,"Work",140.541229248047,140.541229248047,"car",0.583333333333333,29.04,"weekday",2,"20 to 39",">10km","car",29.04,0.583333333333333,4.08333333333333,4.08333333333333
"84697/1001",NA,84697,1047,"30-34 years","male",20,3627,"Work",139.366546630859,139.366546630859,"car",0.666666666666667,28.17,"weekday",1,"20 to 39",">10km","car",28.17,0.666666666666667,4.66666666666667,4.66666666666667
"84697/1001",NA,84697,1047,"30-34 years","male",20,3628,"Work",139.366546630859,139.366546630859,"car",0.666666666666667,28.11,"weekday",2,"20 to 39",">10km","car",28.11,0.666666666666667,4.66666666666667,4.66666666666667
"84698/1001",NA,84698,1048,"15-19 years","male",20,3629,"Education",317.808868408203,317.808868408203,"walking",0.25,1.62,"weekday",1,"15 to 19","1-2km","walking",1.62,0.25,1.75,1.75
"84698/1001",NA,84698,1048,"15-19 years","male",20,3630,"Education",317.808868408203,317.808868408203,"walking",0.666666666666667,1.62,"weekday",2,"15 to 19","1-2km","walking",1.62,0.666666666666667,4.66666666666667,4.66666666666667
"84698/1002",NA,84698,1049,"15-19 years","female",20,3631,"Education",282.893920898438,282.893920898438,"walking",0.25,1.62,"weekday",1,"15 to 19","1-2km","walking",1.62,0.25,1.75,1.75
"84698/1002",NA,84698,1049,"15-19 years","female",20,3632,"Education",282.893920898438,282.893920898438,"walking",0.666666666666667,1.62,"weekday",2,"15 to 19","1-2km","walking",1.62,0.666666666666667,4.66666666666667,4.66666666666667
"84699/1000",NA,84699,1050,"50-54 years","male",20,3633,"Work",172.041442871094,172.041442871094,"car",0.333333333333333,18.74,"weekday",1,"40 to 64",">10km","car",18.74,0.333333333333333,2.33333333333333,2.33333333333333
"84699/1000",NA,84699,1050,"50-54 years","male",20,3634,"Work",172.041442871094,172.041442871094,"car",0.416666666666667,18.69,"weekday",2,"40 to 64",">10km","car",18.69,0.416666666666667,2.91666666666667,2.91666666666667
"84700/1000",NA,84700,1051,"60-64 years","male",20,3635,"Leisure",93.5367965698242,93.5367965698242,"car",0.0666666666666667,0.53,"weekday",1,"40 to 64","<1km","bicycle",0.53,0.0481818181818182,0.466666666666667,0.337272727272727
"84700/1000",NA,84700,1051,"60-64 years","male",20,3636,"Leisure",93.5367965698242,93.5367965698242,"car",0.0666666666666667,0.76,"weekday",2,"40 to 64","<1km","bicycle",0.76,0.0690909090909091,0.466666666666667,0.483636363636364
"84700/1001",NA,84700,1052,"60-64 years","female",20,3637,"Work",86.5198974609375,86.5198974609375,"car",1,20.51,"weekday",1,"40 to 64",">10km","car",20.51,1,7,7
"84700/1001",NA,84700,1052,"60-64 years","female",20,3638,"Work",86.5198974609375,86.5198974609375,"car",0.916666666666667,20.92,"weekday",2,"40 to 64",">10km","car",20.92,0.916666666666667,6.41666666666667,6.41666666666667
"84701/1000",NA,84701,1053,"25-29 years","female",20,3639,"Work",90.3303756713867,90.3303756713867,"car",0.75,36.31,"weekday",1,"20 to 39",">10km","car",36.31,0.75,5.25,5.25
"84701/1000",NA,84701,1053,"25-29 years","female",20,3640,"Work",90.3303756713867,90.3303756713867,"car",0.166666666666667,4.32,"weekday",2,"20 to 39","3-5km","bicycle",4.32,0.392727272727273,1.16666666666667,2.74909090909091
"84701/1000",NA,84701,1053,"25-29 years","female",20,3641,"Work",90.3303756713867,90.3303756713867,"car",1,33.17,"weekday",3,"20 to 39",">10km","car",33.17,1,7,7
"84701/1001",NA,84701,1054,"30-34 years","male",20,3642,"Other",94.9313201904297,94.9313201904297,"car",0.333333333333333,6.02,"weekday",1,"20 to 39","6-10km","car",6.02,0.333333333333333,2.33333333333333,2.33333333333333
"84701/1001",NA,84701,1054,"30-34 years","male",20,3643,"Other",94.9313201904297,94.9313201904297,"car",0.25,5.96,"weekday",2,"20 to 39","6-10km","car",5.96,0.25,1.75,1.75
"84704/1001",NA,84704,1055,"40-44 years","female",20,3644,"Other",151.688049316406,151.688049316406,"car",0.166666666666667,1.6,"weekday",1,"40 to 64","1-2km","bicycle",1.6,0.145454545454545,1.16666666666667,1.01818181818182
"84704/1001",NA,84704,1055,"40-44 years","female",20,3645,"Other",151.688049316406,151.688049316406,"car",0.0833333333333333,1.6,"weekday",2,"40 to 64","1-2km","bicycle",1.6,0.145454545454545,0.583333333333333,1.01818181818182
"84704/1001",NA,84704,1055,"40-44 years","female",20,3646,"Other",151.688049316406,151.688049316406,"car",0.1,1.6,"weekday",3,"40 to 64","1-2km","bicycle",1.6,0.145454545454545,0.7,1.01818181818182
"84704/1001",NA,84704,1055,"40-44 years","female",20,3647,"Other",151.688049316406,151.688049316406,"car",0.0833333333333333,1.6,"weekday",4,"40 to 64","1-2km","bicycle",1.6,0.145454545454545,0.583333333333333,1.01818181818182
"84706/1000",NA,84706,1056,"35-39 years","female",20,3648,"Work",101.994979858398,101.994979858398,"car",0.5,18.35,"weekday",1,"20 to 39",">10km","car",18.35,0.5,3.5,3.5
"84706/1000",NA,84706,1056,"35-39 years","female",20,3650,"Work",101.994979858398,101.994979858398,"car",0.166666666666667,9.67,"weekday",3,"20 to 39","6-10km","car",9.67,0.166666666666667,1.16666666666667,1.16666666666667
"84706/1000",NA,84706,1056,"35-39 years","female",20,3651,"Work",101.994979858398,101.994979858398,"car",0.333333333333333,15.65,"weekday",4,"20 to 39",">10km","car",15.65,0.333333333333333,2.33333333333333,2.33333333333333
"84706/1000",NA,84706,1056,"35-39 years","female",20,3652,"Work",101.994979858398,101.994979858398,"car",0.25,4.21,"weekday",5,"20 to 39","3-5km","bicycle",4.21,0.382727272727273,1.75,2.67909090909091
"84706/1000",NA,84706,1056,"35-39 years","female",20,3653,"Work",101.994979858398,101.994979858398,"car",0.166666666666667,4.44,"weekday",6,"20 to 39","3-5km","bicycle",4.44,0.403636363636364,1.16666666666667,2.82545454545455
"84706/1000",NA,84706,1056,"35-39 years","female",20,3654,"Work",101.994979858398,101.994979858398,"car",0.0333333333333333,0.4,"weekday",7,"20 to 39","<1km","bicycle",0.4,0.0363636363636364,0.233333333333333,0.254545454545455
"84706/1001",NA,84706,1057,"35-39 years","male",20,3655,"Work",97.0498886108398,97.0498886108398,"car",1.16666666666667,45.93,"weekday",1,"20 to 39",">10km","car",45.93,1.16666666666667,8.16666666666667,8.16666666666667
"84706/1001",NA,84706,1057,"35-39 years","male",20,3656,"Work",97.0498886108398,97.0498886108398,"car",0.666666666666667,46.78,"weekday",2,"20 to 39",">10km","car",46.78,0.666666666666667,4.66666666666667,4.66666666666667
"84706/1002",NA,84706,1058,"15-19 years","male",20,3657,"Work",162.666137695312,162.666137695312,"car",1.16666666666667,45.93,"weekday",1,"15 to 19",">10km","car",45.93,1.16666666666667,8.16666666666667,8.16666666666667
"84706/1002",NA,84706,1058,"15-19 years","male",20,3658,"Work",162.666137695312,162.666137695312,"car",0.666666666666667,46.78,"weekday",2,"15 to 19",">10km","car",46.78,0.666666666666667,4.66666666666667,4.66666666666667
"84706/1003",NA,84706,1059,"20-24 years","female",20,3659,"Work",133.524215698242,133.524215698242,"car",0.166666666666667,5.9,"weekday",1,"20 to 39","6-10km","car",5.9,0.166666666666667,1.16666666666667,1.16666666666667
"84706/1003",NA,84706,1059,"20-24 years","female",20,3660,"Work",133.524215698242,133.524215698242,"car",0.166666666666667,6.06,"weekday",2,"20 to 39","6-10km","car",6.06,0.166666666666667,1.16666666666667,1.16666666666667
"84708/1000",NA,84708,1060,"25-29 years","female",20,3661,"Work",90.3303756713867,90.3303756713867,"car",0.5,14.18,"weekday",1,"20 to 39",">10km","car",14.18,0.5,3.5,3.5
"84708/1000",NA,84708,1060,"25-29 years","female",20,3662,"Work",90.3303756713867,90.3303756713867,"car",0.5,14.19,"weekday",2,"20 to 39",">10km","car",14.19,0.5,3.5,3.5
"84708/1001",NA,84708,1061,"25-29 years","male",20,3663,"Work",80.8674468994141,80.8674468994141,"car",0.5,14.18,"weekday",1,"20 to 39",">10km","car",14.18,0.5,3.5,3.5
"84708/1001",NA,84708,1061,"25-29 years","male",20,3664,"Work",80.8674468994141,80.8674468994141,"car",0.5,14.19,"weekday",2,"20 to 39",">10km","car",14.19,0.5,3.5,3.5
"84710/1000",NA,84710,1062,"45-49 years","female",20,3665,"Work",163.545227050781,163.545227050781,"car",0.333333333333333,5.79,"weekday",1,"40 to 64","6-10km","car",5.79,0.333333333333333,2.33333333333333,2.33333333333333
"84710/1000",NA,84710,1062,"45-49 years","female",20,3666,"Other",163.545227050781,163.545227050781,"car",0.333333333333333,7.72,"weekday",2,"40 to 64","6-10km","car",7.72,0.333333333333333,2.33333333333333,2.33333333333333
"84710/1000",NA,84710,1062,"45-49 years","female",20,3667,"Other",163.545227050781,163.545227050781,"car",0.166666666666667,2.33,"weekday",3,"40 to 64","3-5km","bicycle",2.33,0.211818181818182,1.16666666666667,1.48272727272727
"84710/1001",NA,84710,1063,"35-39 years","male",20,3668,"Other",129.938522338867,129.938522338867,"car",0.166666666666667,2.52,"weekday",1,"20 to 39","3-5km","bicycle",2.52,0.229090909090909,1.16666666666667,1.60363636363636
"84710/1001",NA,84710,1063,"35-39 years","male",20,3669,"Work",129.938522338867,129.938522338867,"car",0.666666666666667,27.8,"weekday",2,"20 to 39",">10km","car",27.8,0.666666666666667,4.66666666666667,4.66666666666667
"84710/1001",NA,84710,1063,"35-39 years","male",20,3670,"Work",129.938522338867,129.938522338867,"car",0.75,28.8,"weekday",3,"20 to 39",">10km","car",28.8,0.75,5.25,5.25
"84717/1000",NA,84717,1064,"65-69 years","female",20,3671,"Other",86.0002593994141,86.0002593994141,"car",1,27.65,"weekday",1,"65 plus",">10km","car",27.65,1,7,7
"84717/1000",NA,84717,1064,"65-69 years","female",20,3672,"Other",86.0002593994141,86.0002593994141,"car",1,27.35,"weekday",2,"65 plus",">10km","car",27.35,1,7,7
"84717/1000",NA,84717,1064,"65-69 years","female",20,3673,"Shopping",86.0002593994141,86.0002593994141,"car",0.25,3.17,"weekday",3,"65 plus","3-5km","bicycle",3.17,0.288181818181818,1.75,2.01727272727273
"84717/1000",NA,84717,1064,"65-69 years","female",20,3674,"Shopping",86.0002593994141,86.0002593994141,"car",0.166666666666667,3.13,"weekday",4,"65 plus","3-5km","bicycle",3.13,0.284545454545455,1.16666666666667,1.99181818181818
"84717/1000",NA,84717,1064,"65-69 years","female",20,3675,"Other",86.0002593994141,86.0002593994141,"walking",0.133333333333333,0.5,"weekday",5,"65 plus","<1km","walking",0.5,0.133333333333333,0.933333333333333,0.933333333333333
"84717/1000",NA,84717,1064,"65-69 years","female",20,3676,"Other",86.0002593994141,86.0002593994141,"walking",0.133333333333333,0.5,"weekday",6,"65 plus","<1km","walking",0.5,0.133333333333333,0.933333333333333,0.933333333333333
"84719/1000",NA,84719,1065,"40-44 years","female",20,3677,"Other",113.294410705566,113.294410705566,"car",0.05,0.61,"weekday",1,"40 to 64","<1km","bicycle",0.61,0.0554545454545455,0.35,0.388181818181818
"84719/1000",NA,84719,1065,"40-44 years","female",20,3678,"Other",113.294410705566,113.294410705566,"car",0.05,0.61,"weekday",2,"40 to 64","<1km","bicycle",0.61,0.0554545454545455,0.35,0.388181818181818
"84719/1000",NA,84719,1065,"40-44 years","female",20,3679,"Other",113.294410705566,113.294410705566,"car",0.05,0.61,"weekday",3,"40 to 64","<1km","bicycle",0.61,0.0554545454545455,0.35,0.388181818181818
"84719/1000",NA,84719,1065,"40-44 years","female",20,3680,"Other",113.294410705566,113.294410705566,"car",0.05,0.61,"weekday",4,"40 to 64","<1km","bicycle",0.61,0.0554545454545455,0.35,0.388181818181818
"84719/1001",NA,84719,1066,"45-49 years","male",20,3681,"Work",125.319877624512,125.319877624512,"car",0.666666666666667,28.61,"weekday",1,"40 to 64",">10km","car",28.61,0.666666666666667,4.66666666666667,4.66666666666667
"84719/1001",NA,84719,1066,"45-49 years","male",20,3682,"Work",125.319877624512,125.319877624512,"car",1,28.82,"weekday",2,"40 to 64",">10km","car",28.82,1,7,7
"84720/1000",NA,84720,1067,"70-74 years","female",20,3683,"Work",114.950271606445,114.950271606445,"car",0.0333333333333333,0.4,"weekday",1,"65 plus","<1km","bicycle",0.4,0.0363636363636364,0.233333333333333,0.254545454545455
"84720/1000",NA,84720,1067,"70-74 years","female",20,3684,"Work",114.950271606445,114.950271606445,"car",0.0333333333333333,0.4,"weekday",2,"65 plus","<1km","bicycle",0.4,0.0363636363636364,0.233333333333333,0.254545454545455
"84720/1000",NA,84720,1067,"70-74 years","female",20,3685,"Work",114.950271606445,114.950271606445,"car",0.0333333333333333,0.4,"weekday",3,"65 plus","<1km","bicycle",0.4,0.0363636363636364,0.233333333333333,0.254545454545455
"84720/1000",NA,84720,1067,"70-74 years","female",20,3686,"Work",114.950271606445,114.950271606445,"car",0.0333333333333333,0.4,"weekday",4,"65 plus","<1km","bicycle",0.4,0.0363636363636364,0.233333333333333,0.254545454545455
"84720/1001",NA,84720,1068,"70-74 years","male",20,3687,"Other",105.506164550781,105.506164550781,"car",0.5,23.7,"weekday",1,"65 plus",">10km","car",23.7,0.5,3.5,3.5
"84720/1001",NA,84720,1068,"70-74 years","male",20,3688,"Other",105.506164550781,105.506164550781,"public.transport",0.333333333333333,14.98,"weekday",2,"65 plus",">10km","public.transport",14.98,0.333333333333333,2.33333333333333,2.33333333333333
"84720/1001",NA,84720,1068,"70-74 years","male",20,3689,"Other",105.506164550781,105.506164550781,"public.transport",0.516666666666667,15.14,"weekday",3,"65 plus",">10km","public.transport",15.14,0.516666666666667,3.61666666666667,3.61666666666667
"84720/1001",NA,84720,1068,"70-74 years","male",20,3690,"Other",105.506164550781,105.506164550781,"public.transport",0.5,15.08,"weekday",4,"65 plus",">10km","public.transport",15.08,0.5,3.5,3.5
"84720/1001",NA,84720,1068,"70-74 years","male",20,3691,"Other",105.506164550781,105.506164550781,"public.transport",0.5,24.89,"weekday",5,"65 plus",">10km","public.transport",24.89,0.5,3.5,3.5
"84722/1000",NA,84722,1069,"40-44 years","female",20,3692,"Other",77.7493667602539,77.7493667602539,"walking",0.0666666666666667,0.26,"weekday",1,"40 to 64","<1km","walking",0.26,0.0666666666666667,0.466666666666667,0.466666666666667
"84722/1000",NA,84722,1069,"40-44 years","female",20,3693,"Other",77.7493667602539,77.7493667602539,"public.transport",0.216666666666667,2.73,"weekday",1,"40 to 64","3-5km","public.transport",2.73,0.216666666666667,1.51666666666667,1.51666666666667
"84722/1000",NA,84722,1069,"40-44 years","female",20,3694,"Other",77.7493667602539,77.7493667602539,"walking",0.0833333333333333,0.54,"weekday",1,"40 to 64","<1km","walking",0.54,0.0833333333333333,0.583333333333333,0.583333333333333
"84722/1000",NA,84722,1069,"40-44 years","female",20,3695,"Other",77.7493667602539,77.7493667602539,"walking",0.0833333333333333,0.54,"weekday",2,"40 to 64","<1km","walking",0.54,0.0833333333333333,0.583333333333333,0.583333333333333
"84722/1000",NA,84722,1069,"40-44 years","female",20,3696,"Other",77.7493667602539,77.7493667602539,"public.transport",0.166666666666667,2.74,"weekday",2,"40 to 64","3-5km","public.transport",2.74,0.166666666666667,1.16666666666667,1.16666666666667
"84722/1000",NA,84722,1069,"40-44 years","female",20,3697,"Other",77.7493667602539,77.7493667602539,"walking",0.0666666666666667,0.26,"weekday",2,"40 to 64","<1km","walking",0.26,0.0666666666666667,0.466666666666667,0.466666666666667
"84723/1000",NA,84723,1070,"70-74 years","female",20,3698,"Shopping",94.8731231689453,94.8731231689453,"car",0.166666666666667,3.44,"weekday",1,"65 plus","3-5km","bicycle",3.44,0.312727272727273,1.16666666666667,2.18909090909091
"84723/1000",NA,84723,1070,"70-74 years","female",20,3699,"Shopping",94.8731231689453,94.8731231689453,"car",0.166666666666667,3.47,"weekday",2,"65 plus","3-5km","bicycle",3.47,0.315454545454545,1.16666666666667,2.20818181818182
"84724/1000",NA,84724,1071,"30-34 years","male",20,3700,"Other",145.704574584961,145.704574584961,"car",0.0333333333333333,0.48,"weekday",1,"20 to 39","<1km","bicycle",0.48,0.0436363636363636,0.233333333333333,0.305454545454545
"84724/1000",NA,84724,1071,"30-34 years","male",20,3701,"Other",145.704574584961,145.704574584961,"car",0.0833333333333333,0.98,"weekday",2,"20 to 39","<1km","bicycle",0.98,0.0890909090909091,0.583333333333333,0.623636363636364
"84724/1000",NA,84724,1071,"30-34 years","male",20,3702,"Work",145.704574584961,145.704574584961,"car",0.25,5.9,"weekday",3,"20 to 39","6-10km","car",5.9,0.25,1.75,1.75
"84724/1000",NA,84724,1071,"30-34 years","male",20,3703,"Work",145.704574584961,145.704574584961,"car",0.233333333333333,5.93,"weekday",4,"20 to 39","6-10km","car",5.93,0.233333333333333,1.63333333333333,1.63333333333333
"84724/1001",NA,84724,1072,"30-34 years","female",20,3704,"Work",111.729713439941,111.729713439941,"car",0.75,18.64,"weekday",1,"20 to 39",">10km","car",18.64,0.75,5.25,5.25
"84724/1001",NA,84724,1072,"30-34 years","female",20,3705,"Other",111.729713439941,111.729713439941,"car",0.5,18.92,"weekday",2,"20 to 39",">10km","car",18.92,0.5,3.5,3.5
"84724/1001",NA,84724,1072,"30-34 years","female",20,3706,"Other",111.729713439941,111.729713439941,"car",0.0333333333333333,0.98,"weekday",3,"20 to 39","<1km","bicycle",0.98,0.0890909090909091,0.233333333333333,0.623636363636364
"84724/1001",NA,84724,1072,"30-34 years","female",20,3707,"Other",111.729713439941,111.729713439941,"car",0.0333333333333333,0.67,"weekday",4,"20 to 39","<1km","bicycle",0.67,0.0609090909090909,0.233333333333333,0.426363636363636
"84726/1000",NA,84726,1073,"50-54 years","male",20,3708,"Work",96.621337890625,96.621337890625,"car",0.75,25,"weekday",1,"40 to 64",">10km","car",25,0.75,5.25,5.25
"84726/1000",NA,84726,1073,"50-54 years","male",20,3709,"Work",96.621337890625,96.621337890625,"car",0.5,24.62,"weekday",2,"40 to 64",">10km","car",24.62,0.5,3.5,3.5
"84726/1000",NA,84726,1073,"50-54 years","male",20,3710,"Shopping",96.621337890625,96.621337890625,"walking",0.166666666666667,0.09,"weekday",3,"40 to 64","<1km","walking",0.09,0.166666666666667,1.16666666666667,1.16666666666667
"84726/1000",NA,84726,1073,"50-54 years","male",20,3711,"Shopping",96.621337890625,96.621337890625,"walking",0.166666666666667,0.09,"weekday",4,"40 to 64","<1km","walking",0.09,0.166666666666667,1.16666666666667,1.16666666666667
"84729/1000",NA,84729,1074,"65-69 years","male",20,3712,"Shopping",115.985206604004,115.985206604004,"walking",0.25,1.34,"weekday",1,"65 plus","1-2km","walking",1.34,0.25,1.75,1.75
"84729/1000",NA,84729,1074,"65-69 years","male",20,3713,"Shopping",115.985206604004,115.985206604004,"walking",0.233333333333333,1.34,"weekday",2,"65 plus","1-2km","walking",1.34,0.233333333333333,1.63333333333333,1.63333333333333
"84795/1000",NA,84795,1075,"40-44 years","female",20,3714,"Other",336.650360107422,336.650360107422,"walking",0.0833333333333333,0.59,"weekday",1,"40 to 64","<1km","walking",0.59,0.0833333333333333,0.583333333333333,0.583333333333333
"84795/1000",NA,84795,1075,"40-44 years","female",20,3715,"Other",336.650360107422,336.650360107422,"walking",0.0833333333333333,0.59,"weekday",2,"40 to 64","<1km","walking",0.59,0.0833333333333333,0.583333333333333,0.583333333333333
"84795/1000",NA,84795,1075,"40-44 years","female",20,3716,"Work",336.650360107422,336.650360107422,"car",0.1,1.36,"weekday",3,"40 to 64","1-2km","bicycle",1.36,0.123636363636364,0.7,0.865454545454545
"84795/1000",NA,84795,1075,"40-44 years","female",20,3717,"Work",336.650360107422,336.650360107422,"car",0.0833333333333333,1.57,"weekday",4,"40 to 64","1-2km","bicycle",1.57,0.142727272727273,0.583333333333333,0.999090909090909
"84795/1000",NA,84795,1075,"40-44 years","female",20,3718,"Shopping",336.650360107422,336.650360107422,"car",0.0833333333333333,2.51,"weekday",5,"40 to 64","3-5km","bicycle",2.51,0.228181818181818,0.583333333333333,1.59727272727273
"84795/1000",NA,84795,1075,"40-44 years","female",20,3719,"Shopping",336.650360107422,336.650360107422,"car",0.0833333333333333,2.07,"weekday",6,"40 to 64","3-5km","bicycle",2.07,0.188181818181818,0.583333333333333,1.31727272727273
"84796/1000",NA,84796,1076,"50-54 years","female",20,3720,"Work",193.905059814453,193.905059814453,"car",0.833333333333333,57.76,"weekday",1,"40 to 64",">10km","car",57.76,0.833333333333333,5.83333333333333,5.83333333333333
"84796/1000",NA,84796,1076,"50-54 years","female",20,3721,"Work",193.905059814453,193.905059814453,"car",1.16666666666667,58.57,"weekday",2,"40 to 64",">10km","car",58.57,1.16666666666667,8.16666666666667,8.16666666666667
"84796/1001",NA,84796,1077,"15-19 years","female",20,3722,"Education",194.715454101562,194.715454101562,"walking",0.25,0.45,"weekday",1,"15 to 19","<1km","walking",0.45,0.25,1.75,1.75
"84796/1001",NA,84796,1077,"15-19 years","female",20,3723,"Education",194.715454101562,194.715454101562,"walking",0.166666666666667,0.45,"weekday",2,"15 to 19","<1km","walking",0.45,0.166666666666667,1.16666666666667,1.16666666666667
"84799/1000",NA,84799,1078,"50-54 years","male",20,3724,"Work",235.916015625,235.916015625,"car",0.25,5.15,"weekday",1,"40 to 64","6-10km","car",5.15,0.25,1.75,1.75
"84799/1000",NA,84799,1078,"50-54 years","male",20,3725,"Work",235.916015625,235.916015625,"car",0.516666666666667,26.1,"weekday",2,"40 to 64",">10km","car",26.1,0.516666666666667,3.61666666666667,3.61666666666667
"84799/1000",NA,84799,1078,"50-54 years","male",20,3726,"Work",235.916015625,235.916015625,"car",0.75,56.56,"weekday",3,"40 to 64",">10km","car",56.56,0.75,5.25,5.25
"84799/1000",NA,84799,1078,"50-54 years","male",20,3727,"Work",235.916015625,235.916015625,"car",1,65.42,"weekday",4,"40 to 64",">10km","car",65.42,1,7,7
"84803/1001",NA,84803,1079,"65-69 years","female",20,3728,"Other",158.535507202148,158.535507202148,"car",0.25,3.16,"weekday",1,"65 plus","3-5km","bicycle",3.16,0.287272727272727,1.75,2.01090909090909
"84803/1001",NA,84803,1079,"65-69 years","female",20,3729,"Other",158.535507202148,158.535507202148,"car",0.25,3.1,"weekday",2,"65 plus","3-5km","bicycle",3.1,0.281818181818182,1.75,1.97272727272727
"84803/1001",NA,84803,1079,"65-69 years","female",20,3730,"Leisure",158.535507202148,158.535507202148,"car",2,99.17,"weekday",3,"65 plus",">10km","car",99.17,2,14,14
"84803/1001",NA,84803,1079,"65-69 years","female",20,3731,"Leisure",158.535507202148,158.535507202148,"car",1.5,99.65,"weekday",4,"65 plus",">10km","car",99.65,1.5,10.5,10.5
"84808/1000",NA,84808,1080,"75-79 years","male",20,3732,"Other",146.185394287109,146.185394287109,"car",0.333333333333333,11.57,"weekday",1,"65 plus",">10km","car",11.57,0.333333333333333,2.33333333333333,2.33333333333333
"84808/1000",NA,84808,1080,"75-79 years","male",20,3733,"Other",146.185394287109,146.185394287109,"car",0.35,12.08,"weekday",2,"65 plus",">10km","car",12.08,0.35,2.45,2.45
"84808/1000",NA,84808,1080,"75-79 years","male",20,3734,"Other",146.185394287109,146.185394287109,"car",0.25,11.57,"weekday",3,"65 plus",">10km","car",11.57,0.25,1.75,1.75
"84808/1000",NA,84808,1080,"75-79 years","male",20,3735,"Other",146.185394287109,146.185394287109,"car",0.333333333333333,12.08,"weekday",4,"65 plus",">10km","car",12.08,0.333333333333333,2.33333333333333,2.33333333333333
"84808/1001",NA,84808,1081,"75-79 years","female",20,3736,"Shopping",181.604446411133,181.604446411133,"car",0.0833333333333333,0.64,"weekday",1,"65 plus","<1km","bicycle",0.64,0.0581818181818182,0.583333333333333,0.407272727272727
"84808/1001",NA,84808,1081,"75-79 years","female",20,3737,"Shopping",181.604446411133,181.604446411133,"car",0.5,26.38,"weekday",2,"65 plus",">10km","car",26.38,0.5,3.5,3.5
"84808/1001",NA,84808,1081,"75-79 years","female",20,3738,"Shopping",181.604446411133,181.604446411133,"car",0.5,27.25,"weekday",3,"65 plus",">10km","car",27.25,0.5,3.5,3.5
"84808/1001",NA,84808,1081,"75-79 years","female",20,3739,"Leisure",181.604446411133,181.604446411133,"car",0.05,0.51,"weekday",4,"65 plus","<1km","bicycle",0.51,0.0463636363636364,0.35,0.324545454545455
"84808/1001",NA,84808,1081,"75-79 years","female",20,3740,"Leisure",181.604446411133,181.604446411133,"car",0.0833333333333333,0.96,"weekday",5,"65 plus","<1km","bicycle",0.96,0.0872727272727273,0.583333333333333,0.610909090909091
"84812/1000",NA,84812,1082,"65-69 years","male",20,3741,"Leisure",151.590209960938,151.590209960938,"car",0.166666666666667,5.61,"weekday",1,"65 plus","6-10km","car",5.61,0.166666666666667,1.16666666666667,1.16666666666667
"84812/1000",NA,84812,1082,"65-69 years","male",20,3742,"Shopping",151.590209960938,151.590209960938,"car",0.166666666666667,7.5,"weekday",2,"65 plus","6-10km","car",7.5,0.166666666666667,1.16666666666667,1.16666666666667
"84812/1000",NA,84812,1082,"65-69 years","male",20,3743,"Shopping",151.590209960938,151.590209960938,"car",0.116666666666667,3.21,"weekday",3,"65 plus","3-5km","bicycle",3.21,0.291818181818182,0.816666666666667,2.04272727272727
"84813/1000",NA,84813,1083,"70-74 years","female",20,3744,"Leisure",171.396911621094,171.396911621094,"walking",0.5,1.25,"weekday",1,"65 plus","1-2km","walking",1.25,0.5,3.5,3.5
"84813/1000",NA,84813,1083,"70-74 years","female",20,3745,"Leisure",171.396911621094,171.396911621094,"walking",0.5,1.25,"weekday",2,"65 plus","1-2km","walking",1.25,0.5,3.5,3.5
"84813/1001",NA,84813,1084,"75-79 years","male",20,3746,"Leisure",146.185394287109,146.185394287109,"walking",0.5,1.25,"weekday",1,"65 plus","1-2km","walking",1.25,0.5,3.5,3.5
"84813/1001",NA,84813,1084,"75-79 years","male",20,3747,"Leisure",146.185394287109,146.185394287109,"walking",0.5,1.25,"weekday",2,"65 plus","1-2km","walking",1.25,0.5,3.5,3.5
"84814/1000",NA,84814,1085,"65-69 years","male",20,3748,"Shopping",151.590209960938,151.590209960938,"car",0.166666666666667,3.47,"weekday",1,"65 plus","3-5km","bicycle",3.47,0.315454545454545,1.16666666666667,2.20818181818182
"84814/1000",NA,84814,1085,"65-69 years","male",20,3749,"Shopping",151.590209960938,151.590209960938,"car",0.0833333333333333,3.26,"weekday",2,"65 plus","3-5km","bicycle",3.26,0.296363636363636,0.583333333333333,2.07454545454545
"84820/1000",NA,84820,1087,"45-49 years","female",20,3752,"Work",589.9345703125,589.9345703125,"car",0.5,11.72,"weekday",1,"40 to 64",">10km","car",11.72,0.5,3.5,3.5
"84820/1000",NA,84820,1087,"45-49 years","female",20,3753,"Work",589.9345703125,589.9345703125,"car",0.5,11.63,"weekday",2,"40 to 64",">10km","car",11.63,0.5,3.5,3.5
"84822/1000",NA,84822,1088,"40-44 years","female",20,3754,"Work",575.516906738281,575.516906738281,"car",0.416666666666667,8.79,"weekday",1,"40 to 64","6-10km","car",8.79,0.416666666666667,2.91666666666667,2.91666666666667
"84822/1000",NA,84822,1088,"40-44 years","female",20,3755,"Work",575.516906738281,575.516906738281,"car",0.416666666666667,9.23,"weekday",2,"40 to 64","6-10km","car",9.23,0.416666666666667,2.91666666666667,2.91666666666667
"84822/1001",NA,84822,1089,"45-49 years","male",20,3756,"Other",490.858123779297,490.858123779297,"car",0.166666666666667,2.34,"weekday",1,"40 to 64","3-5km","bicycle",2.34,0.212727272727273,1.16666666666667,1.48909090909091
"84822/1001",NA,84822,1089,"45-49 years","male",20,3757,"Work",490.858123779297,490.858123779297,"car",0.25,4.61,"weekday",2,"40 to 64","3-5km","bicycle",4.61,0.419090909090909,1.75,2.93363636363636
"84822/1001",NA,84822,1089,"45-49 years","male",20,3758,"Other",490.858123779297,490.858123779297,"car",0.25,4.61,"weekday",3,"40 to 64","3-5km","bicycle",4.61,0.419090909090909,1.75,2.93363636363636
"84822/1001",NA,84822,1089,"45-49 years","male",20,3759,"Other",490.858123779297,490.858123779297,"car",0.25,2.33,"weekday",4,"40 to 64","3-5km","bicycle",2.33,0.211818181818182,1.75,1.48272727272727
"84822/1001",NA,84822,1089,"45-49 years","male",20,3760,"Work",490.858123779297,490.858123779297,"car",0.25,2.87,"weekday",5,"40 to 64","3-5km","bicycle",2.87,0.260909090909091,1.75,1.82636363636364
"84822/1001",NA,84822,1089,"45-49 years","male",20,3761,"Work",490.858123779297,490.858123779297,"car",0.25,2.83,"weekday",6,"40 to 64","3-5km","bicycle",2.83,0.257272727272727,1.75,1.80090909090909
"84823/1000",NA,84823,1090,"40-44 years","female",20,3762,"Work",647.70849609375,647.70849609375,"car",0.25,2.77,"weekday",1,"40 to 64","3-5km","bicycle",2.77,0.251818181818182,1.75,1.76272727272727
"84823/1000",NA,84823,1090,"40-44 years","female",20,3763,"Other",647.70849609375,647.70849609375,"car",0.333333333333333,3.08,"weekday",2,"40 to 64","3-5km","bicycle",3.08,0.28,2.33333333333333,1.96
"84823/1000",NA,84823,1090,"40-44 years","female",20,3764,"Other",647.70849609375,647.70849609375,"car",0.166666666666667,3.02,"weekday",3,"40 to 64","3-5km","bicycle",3.02,0.274545454545455,1.16666666666667,1.92181818181818
"84823/1000",NA,84823,1090,"40-44 years","female",20,3765,"Other",647.70849609375,647.70849609375,"car",0.166666666666667,1.6,"weekday",4,"40 to 64","1-2km","bicycle",1.6,0.145454545454545,1.16666666666667,1.01818181818182
"84823/1000",NA,84823,1090,"40-44 years","female",20,3766,"Other",647.70849609375,647.70849609375,"car",0.166666666666667,3.46,"weekday",5,"40 to 64","3-5km","bicycle",3.46,0.314545454545455,1.16666666666667,2.20181818181818
"84823/1000",NA,84823,1090,"40-44 years","female",20,3767,"Other",647.70849609375,647.70849609375,"car",0.166666666666667,3.46,"weekday",6,"40 to 64","3-5km","bicycle",3.46,0.314545454545455,1.16666666666667,2.20181818181818
"84828/1000",NA,84828,1091,"40-44 years","female",20,3768,"Work",533.81396484375,533.81396484375,"car",0.166666666666667,2.46,"weekday",1,"40 to 64","3-5km","bicycle",2.46,0.223636363636364,1.16666666666667,1.56545454545455
"84828/1000",NA,84828,1091,"40-44 years","female",20,3769,"Work",533.81396484375,533.81396484375,"car",0.25,2.44,"weekday",2,"40 to 64","3-5km","bicycle",2.44,0.221818181818182,1.75,1.55272727272727
"84831/1000",NA,84831,1092,"45-49 years","male",20,3770,"Work",493.00732421875,493.00732421875,"car",0.333333333333333,4.16,"weekday",1,"40 to 64","3-5km","bicycle",4.16,0.378181818181818,2.33333333333333,2.64727272727273
"84831/1000",NA,84831,1092,"45-49 years","male",20,3771,"Work",493.00732421875,493.00732421875,"car",0.25,4.13,"weekday",2,"40 to 64","3-5km","bicycle",4.13,0.375454545454545,1.75,2.62818181818182
"84832/1000",NA,84832,1093,"45-49 years","male",20,3772,"Work",490.858123779297,490.858123779297,"car",1,57.82,"weekday",1,"40 to 64",">10km","car",57.82,1,7,7
"84832/1000",NA,84832,1093,"45-49 years","male",20,3773,"Work",490.858123779297,490.858123779297,"car",1,58.16,"weekday",2,"40 to 64",">10km","car",58.16,1,7,7
"84832/1001",NA,84832,1094,"25-29 years","male",20,3774,"Work",1056.84216308594,1056.84216308594,"car",0.5,11.29,"weekday",1,"20 to 39",">10km","car",11.29,0.5,3.5,3.5
"84832/1001",NA,84832,1094,"25-29 years","male",20,3775,"Work",1056.84216308594,1056.84216308594,"car",0.583333333333333,11.88,"weekday",2,"20 to 39",">10km","car",11.88,0.583333333333333,4.08333333333333,4.08333333333333
"84832/1002",NA,84832,1095,"15-19 years","female",20,3776,"Education",456.759735107422,456.759735107422,"walking",0.133333333333333,0.69,"weekday",1,"15 to 19","<1km","walking",0.69,0.133333333333333,0.933333333333333,0.933333333333333
"84832/1002",NA,84832,1095,"15-19 years","female",20,3777,"Education",456.759735107422,456.759735107422,"public.transport",0.5,11.37,"weekday",1,"15 to 19",">10km","public.transport",11.37,0.5,3.5,3.5
"84832/1002",NA,84832,1095,"15-19 years","female",20,3778,"Education",456.759735107422,456.759735107422,"walking",0.166666666666667,0.95,"weekday",1,"15 to 19","<1km","walking",0.95,0.166666666666667,1.16666666666667,1.16666666666667
"84832/1002",NA,84832,1095,"15-19 years","female",20,3779,"Education",456.759735107422,456.759735107422,"walking",0.166666666666667,0.95,"weekday",2,"15 to 19","<1km","walking",0.95,0.166666666666667,1.16666666666667,1.16666666666667
"84832/1002",NA,84832,1095,"15-19 years","female",20,3780,"Education",456.759735107422,456.759735107422,"public.transport",0.5,11.1,"weekday",2,"15 to 19",">10km","public.transport",11.1,0.5,3.5,3.5
"84832/1002",NA,84832,1095,"15-19 years","female",20,3781,"Education",456.759735107422,456.759735107422,"walking",0.133333333333333,0.69,"weekday",2,"15 to 19","<1km","walking",0.69,0.133333333333333,0.933333333333333,0.933333333333333
"84832/1003",NA,84832,1096,"15-19 years","female",20,3782,"Education",456.759735107422,456.759735107422,"walking",0.1,0.46,"weekday",1,"15 to 19","<1km","walking",0.46,0.1,0.7,0.7
"84832/1003",NA,84832,1096,"15-19 years","female",20,3783,"Education",456.759735107422,456.759735107422,"public.transport",0.166666666666667,3.17,"weekday",1,"15 to 19","3-5km","public.transport",3.17,0.166666666666667,1.16666666666667,1.16666666666667
"84832/1003",NA,84832,1096,"15-19 years","female",20,3784,"Education",456.759735107422,456.759735107422,"walking",0.0833333333333333,0.06,"weekday",1,"15 to 19","<1km","walking",0.06,0.0833333333333333,0.583333333333333,0.583333333333333
"84832/1003",NA,84832,1096,"15-19 years","female",20,3785,"Education",456.759735107422,456.759735107422,"walking",0.0833333333333333,0.06,"weekday",2,"15 to 19","<1km","walking",0.06,0.0833333333333333,0.583333333333333,0.583333333333333
"84832/1003",NA,84832,1096,"15-19 years","female",20,3786,"Education",456.759735107422,456.759735107422,"public.transport",0.25,3,"weekday",2,"15 to 19","3-5km","public.transport",3,0.25,1.75,1.75
"84832/1003",NA,84832,1096,"15-19 years","female",20,3787,"Education",456.759735107422,456.759735107422,"walking",0.1,0.46,"weekday",2,"15 to 19","<1km","walking",0.46,0.1,0.7,0.7
"84833/1000",NA,84833,1097,"45-49 years","male",20,3788,"Shopping",493.00732421875,493.00732421875,"walking",0.166666666666667,0.79,"weekday",1,"40 to 64","<1km","walking",0.79,0.166666666666667,1.16666666666667,1.16666666666667
"84833/1000",NA,84833,1097,"45-49 years","male",20,3789,"Shopping",493.00732421875,493.00732421875,"walking",0.166666666666667,0.79,"weekday",2,"40 to 64","<1km","walking",0.79,0.166666666666667,1.16666666666667,1.16666666666667
"84838/1000",NA,84838,1098,"80-84 years","female",20,3790,"Other",551.077331542969,551.077331542969,"car",0.166666666666667,3.71,"weekday",1,"65 plus","3-5km","bicycle",3.71,0.337272727272727,1.16666666666667,2.36090909090909
"84838/1000",NA,84838,1098,"80-84 years","female",20,3791,"Other",551.077331542969,551.077331542969,"car",0.166666666666667,3.47,"weekday",2,"65 plus","3-5km","bicycle",3.47,0.315454545454545,1.16666666666667,2.20818181818182
"84838/1000",NA,84838,1098,"80-84 years","female",20,3792,"Shopping",551.077331542969,551.077331542969,"car",0.166666666666667,1.05,"weekday",3,"65 plus","1-2km","bicycle",1.05,0.0954545454545455,1.16666666666667,0.668181818181818
"84838/1000",NA,84838,1098,"80-84 years","female",20,3793,"Shopping",551.077331542969,551.077331542969,"car",0.166666666666667,1.07,"weekday",4,"65 plus","1-2km","bicycle",1.07,0.0972727272727273,1.16666666666667,0.680909090909091
"84841/1000",NA,84841,1099,"30-34 years","female",20,3794,"Other",808.138244628906,808.138244628906,"car",0.5,16.34,"weekday",1,"20 to 39",">10km","car",16.34,0.5,3.5,3.5
"84841/1000",NA,84841,1099,"30-34 years","female",20,3795,"Other",808.138244628906,808.138244628906,"public.transport",0.466666666666667,5.56,"weekday",1,"20 to 39","6-10km","public.transport",5.56,0.466666666666667,3.26666666666667,3.26666666666667
"84841/1000",NA,84841,1099,"30-34 years","female",20,3796,"Other",808.138244628906,808.138244628906,"walking",0.116666666666667,0.66,"weekday",1,"20 to 39","<1km","walking",0.66,0.116666666666667,0.816666666666667,0.816666666666667
"84841/1000",NA,84841,1099,"30-34 years","female",20,3797,"Other",808.138244628906,808.138244628906,"walking",0.0833333333333333,0.66,"weekday",2,"20 to 39","<1km","walking",0.66,0.0833333333333333,0.583333333333333,0.583333333333333
"84841/1000",NA,84841,1099,"30-34 years","female",20,3798,"Other",808.138244628906,808.138244628906,"public.transport",0.5,5.56,"weekday",2,"20 to 39","6-10km","public.transport",5.56,0.5,3.5,3.5
"84841/1000",NA,84841,1099,"30-34 years","female",20,3799,"Other",808.138244628906,808.138244628906,"car",0.5,16.07,"weekday",2,"20 to 39",">10km","car",16.07,0.5,3.5,3.5
"84841/1000",NA,84841,1099,"30-34 years","female",20,3800,"Shopping",808.138244628906,808.138244628906,"car",0.166666666666667,1.05,"weekday",3,"20 to 39","1-2km","bicycle",1.05,0.0954545454545455,1.16666666666667,0.668181818181818
"84841/1000",NA,84841,1099,"30-34 years","female",20,3801,"Shopping",808.138244628906,808.138244628906,"car",0.0833333333333333,1.27,"weekday",4,"20 to 39","1-2km","bicycle",1.27,0.115454545454545,0.583333333333333,0.808181818181818
"84844/1000",NA,84844,1100,"25-29 years","male",20,3802,"Other",1056.84216308594,1056.84216308594,"car",0.25,2.48,"weekday",1,"20 to 39","3-5km","bicycle",2.48,0.225454545454545,1.75,1.57818181818182
"84844/1000",NA,84844,1100,"25-29 years","male",20,3803,"Other",1056.84216308594,1056.84216308594,"car",0.166666666666667,2.48,"weekday",2,"20 to 39","3-5km","bicycle",2.48,0.225454545454545,1.16666666666667,1.57818181818182
"84844/1000",NA,84844,1100,"25-29 years","male",20,3804,"Shopping",1056.84216308594,1056.84216308594,"car",0.166666666666667,2.08,"weekday",3,"20 to 39","3-5km","bicycle",2.08,0.189090909090909,1.16666666666667,1.32363636363636
"84844/1000",NA,84844,1100,"25-29 years","male",20,3805,"Shopping",1056.84216308594,1056.84216308594,"car",0.15,2.63,"weekday",4,"20 to 39","3-5km","bicycle",2.63,0.239090909090909,1.05,1.67363636363636
"84844/1000",NA,84844,1100,"25-29 years","male",20,3806,"Shopping",1056.84216308594,1056.84216308594,"car",0.166666666666667,2.33,"weekday",5,"20 to 39","3-5km","bicycle",2.33,0.211818181818182,1.16666666666667,1.48272727272727
"84844/1000",NA,84844,1100,"25-29 years","male",20,3807,"Shopping",1056.84216308594,1056.84216308594,"car",0.0833333333333333,1.01,"weekday",6,"20 to 39","1-2km","bicycle",1.01,0.0918181818181818,0.583333333333333,0.642727272727273
"84844/1000",NA,84844,1100,"25-29 years","male",20,3808,"Other",1056.84216308594,1056.84216308594,"car",0.25,3.47,"weekday",7,"20 to 39","3-5km","bicycle",3.47,0.315454545454545,1.75,2.20818181818182
"84844/1000",NA,84844,1100,"25-29 years","male",20,3809,"Other",1056.84216308594,1056.84216308594,"car",0.25,3.46,"weekday",8,"20 to 39","3-5km","bicycle",3.46,0.314545454545455,1.75,2.20181818181818
"84844/1001",NA,84844,1101,"35-39 years","female",20,3810,"Other",563.662841796875,563.662841796875,"car",0.0833333333333333,2.43,"weekday",1,"20 to 39","3-5km","bicycle",2.43,0.220909090909091,0.583333333333333,1.54636363636364
"84844/1001",NA,84844,1101,"35-39 years","female",20,3811,"Work",563.662841796875,563.662841796875,"car",0.05,0.56,"weekday",2,"20 to 39","<1km","bicycle",0.56,0.0509090909090909,0.35,0.356363636363636
"84844/1001",NA,84844,1101,"35-39 years","female",20,3812,"Other",563.662841796875,563.662841796875,"car",0.166666666666667,2.37,"weekday",3,"20 to 39","3-5km","bicycle",2.37,0.215454545454545,1.16666666666667,1.50818181818182
"84844/1001",NA,84844,1101,"35-39 years","female",20,3813,"Other",563.662841796875,563.662841796875,"car",0.15,2.79,"weekday",4,"20 to 39","3-5km","bicycle",2.79,0.253636363636364,1.05,1.77545454545455
"84844/1001",NA,84844,1101,"35-39 years","female",20,3814,"Other",563.662841796875,563.662841796875,"car",0.166666666666667,2.43,"weekday",5,"20 to 39","3-5km","bicycle",2.43,0.220909090909091,1.16666666666667,1.54636363636364
"84844/1001",NA,84844,1101,"35-39 years","female",20,3815,"Leisure",563.662841796875,563.662841796875,"car",0.25,3.47,"weekday",6,"20 to 39","3-5km","bicycle",3.47,0.315454545454545,1.75,2.20818181818182
"84844/1001",NA,84844,1101,"35-39 years","female",20,3816,"Leisure",563.662841796875,563.662841796875,"car",0.25,3.46,"weekday",7,"20 to 39","3-5km","bicycle",3.46,0.314545454545455,1.75,2.20181818181818
"84845/1002",NA,84845,1102,"50-54 years","female",20,3817,"Other",484.974609375,484.974609375,"car",0.25,2.46,"weekday",1,"40 to 64","3-5km","bicycle",2.46,0.223636363636364,1.75,1.56545454545455
"84845/1002",NA,84845,1102,"50-54 years","female",20,3818,"Work",484.974609375,484.974609375,"car",0.15,4.34,"weekday",2,"40 to 64","3-5km","bicycle",4.34,0.394545454545455,1.05,2.76181818181818
"84845/1002",NA,84845,1102,"50-54 years","female",20,3819,"Work",484.974609375,484.974609375,"car",0.25,4.24,"weekday",3,"40 to 64","3-5km","bicycle",4.24,0.385454545454545,1.75,2.69818181818182
"84845/1002",NA,84845,1102,"50-54 years","female",20,3820,"Other",484.974609375,484.974609375,"car",0.25,2.46,"weekday",4,"40 to 64","3-5km","bicycle",2.46,0.223636363636364,1.75,1.56545454545455
"84845/1002",NA,84845,1102,"50-54 years","female",20,3821,"Other",484.974609375,484.974609375,"car",0.25,2.46,"weekday",5,"40 to 64","3-5km","bicycle",2.46,0.223636363636364,1.75,1.56545454545455
"84845/1003",NA,84845,1103,"40-44 years","female",20,3822,"Work",575.516906738281,575.516906738281,"car",0.333333333333333,7.46,"weekday",1,"40 to 64","6-10km","car",7.46,0.333333333333333,2.33333333333333,2.33333333333333
"84845/1003",NA,84845,1103,"40-44 years","female",20,3823,"Work",575.516906738281,575.516906738281,"car",0.416666666666667,7.39,"weekday",2,"40 to 64","6-10km","car",7.39,0.416666666666667,2.91666666666667,2.91666666666667
"84846/1000",NA,84846,1104,"50-54 years","female",20,3824,"Work",487.098052978516,487.098052978516,"car",0.333333333333333,10.14,"weekday",1,"40 to 64",">10km","car",10.14,0.333333333333333,2.33333333333333,2.33333333333333
"84846/1000",NA,84846,1104,"50-54 years","female",20,3825,"Work",487.098052978516,487.098052978516,"car",0.333333333333333,10.93,"weekday",2,"40 to 64",">10km","car",10.93,0.333333333333333,2.33333333333333,2.33333333333333
"84848/1000",NA,84848,1106,"35-39 years","female",20,3828,"Other",563.662841796875,563.662841796875,"car",0.0833333333333333,2.01,"weekday",1,"20 to 39","3-5km","bicycle",2.01,0.182727272727273,0.583333333333333,1.27909090909091
"84848/1000",NA,84848,1106,"35-39 years","female",20,3829,"Other",563.662841796875,563.662841796875,"car",0.0833333333333333,2.07,"weekday",2,"20 to 39","3-5km","bicycle",2.07,0.188181818181818,0.583333333333333,1.31727272727273
"84848/1000",NA,84848,1106,"35-39 years","female",20,3830,"Other",563.662841796875,563.662841796875,"car",0.166666666666667,2.91,"weekday",3,"20 to 39","3-5km","bicycle",2.91,0.264545454545455,1.16666666666667,1.85181818181818
"84848/1000",NA,84848,1106,"35-39 years","female",20,3831,"Shopping",563.662841796875,563.662841796875,"car",0.0833333333333333,2.53,"weekday",4,"20 to 39","3-5km","bicycle",2.53,0.23,0.583333333333333,1.61
"84848/1000",NA,84848,1106,"35-39 years","female",20,3832,"Other",563.662841796875,563.662841796875,"car",0.25,2.45,"weekday",5,"20 to 39","3-5km","bicycle",2.45,0.222727272727273,1.75,1.55909090909091
"84848/1000",NA,84848,1106,"35-39 years","female",20,3833,"Other",563.662841796875,563.662841796875,"car",0.25,6.31,"weekday",6,"20 to 39","6-10km","car",6.31,0.25,1.75,1.75
"84848/1000",NA,84848,1106,"35-39 years","female",20,3834,"Leisure",563.662841796875,563.662841796875,"car",0.25,6.28,"weekday",7,"20 to 39","6-10km","car",6.28,0.25,1.75,1.75
"84848/1000",NA,84848,1106,"35-39 years","female",20,3835,"Other",563.662841796875,563.662841796875,"car",0.25,3.23,"weekday",8,"20 to 39","3-5km","bicycle",3.23,0.293636363636364,1.75,2.05545454545455
"84848/1000",NA,84848,1106,"35-39 years","female",20,3836,"Leisure",563.662841796875,563.662841796875,"car",0.25,3.21,"weekday",9,"20 to 39","3-5km","bicycle",3.21,0.291818181818182,1.75,2.04272727272727
"84848/1000",NA,84848,1106,"35-39 years","female",20,3837,"Leisure",563.662841796875,563.662841796875,"car",0.25,2.92,"weekday",10,"20 to 39","3-5km","bicycle",2.92,0.265454545454545,1.75,1.85818181818182
"84848/1001",NA,84848,1107,"50-54 years","male",20,3838,"Work",488.224273681641,488.224273681641,"car",0.75,20.07,"weekday",1,"40 to 64",">10km","car",20.07,0.75,5.25,5.25
"84848/1001",NA,84848,1107,"50-54 years","male",20,3839,"Work",488.224273681641,488.224273681641,"car",0.75,19.98,"weekday",2,"40 to 64",">10km","car",19.98,0.75,5.25,5.25
"84848/1002",NA,84848,1108,"15-19 years","male",20,3840,"Shopping",541.848937988281,541.848937988281,"car",0.25,3.13,"weekday",1,"15 to 19","3-5km","bicycle",3.13,0.284545454545455,1.75,1.99181818181818
"84848/1002",NA,84848,1108,"15-19 years","male",20,3841,"Shopping",541.848937988281,541.848937988281,"car",0.25,3.69,"weekday",2,"15 to 19","3-5km","bicycle",3.69,0.335454545454545,1.75,2.34818181818182
"84848/1003",NA,84848,1109,"15-19 years","female",20,3842,"Education",456.759735107422,456.759735107422,"car",0.0833333333333333,2.01,"weekday",1,"15 to 19","3-5km","bicycle",2.01,0.182727272727273,0.583333333333333,1.27909090909091
"84848/1003",NA,84848,1109,"15-19 years","female",20,3843,"Leisure",456.759735107422,456.759735107422,"car",0.25,3.21,"weekday",2,"15 to 19","3-5km","bicycle",3.21,0.291818181818182,1.75,2.04272727272727
"84848/1003",NA,84848,1109,"15-19 years","female",20,3844,"Leisure",456.759735107422,456.759735107422,"car",0.25,2.92,"weekday",3,"15 to 19","3-5km","bicycle",2.92,0.265454545454545,1.75,1.85818181818182
"84849/1000",NA,84849,1110,"70-74 years","female",20,3845,"Leisure",444.963592529297,444.963592529297,"car",2,109.48,"weekday",1,"65 plus",">10km","car",109.48,2,14,14
"84853/1000",NA,84853,1111,"65-69 years","female",20,3846,"Other",304.822784423828,304.822784423828,"car",0.0833333333333333,1.91,"weekday",1,"65 plus","1-2km","bicycle",1.91,0.173636363636364,0.583333333333333,1.21545454545455
"84853/1000",NA,84853,1111,"65-69 years","female",20,3847,"Other",304.822784423828,304.822784423828,"car",0.0833333333333333,2.3,"weekday",2,"65 plus","3-5km","bicycle",2.3,0.209090909090909,0.583333333333333,1.46363636363636
"84854/1000",NA,84854,1112,"65-69 years","male",20,3848,"Work",351.451293945312,351.451293945312,"car",0.666666666666667,17.43,"weekday",1,"65 plus",">10km","car",17.43,0.666666666666667,4.66666666666667,4.66666666666667
"84854/1000",NA,84854,1112,"65-69 years","male",20,3849,"Work",351.451293945312,351.451293945312,"car",0.666666666666667,17.23,"weekday",2,"65 plus",">10km","car",17.23,0.666666666666667,4.66666666666667,4.66666666666667
"84854/1001",NA,84854,1113,"60-64 years","female",20,3850,"Work",437.736572265625,437.736572265625,"car",0.0833333333333333,2.04,"weekday",1,"40 to 64","3-5km","bicycle",2.04,0.185454545454545,0.583333333333333,1.29818181818182
"84854/1001",NA,84854,1113,"60-64 years","female",20,3851,"Work",437.736572265625,437.736572265625,"car",0.0833333333333333,2.43,"weekday",2,"40 to 64","3-5km","bicycle",2.43,0.220909090909091,0.583333333333333,1.54636363636364
"84855/1001",NA,84855,1114,"60-64 years","female",20,3852,"Work",437.736572265625,437.736572265625,"car",0.25,3.71,"weekday",1,"40 to 64","3-5km","bicycle",3.71,0.337272727272727,1.75,2.36090909090909
"84855/1001",NA,84855,1114,"60-64 years","female",20,3853,"Work",437.736572265625,437.736572265625,"car",0.25,3.64,"weekday",2,"40 to 64","3-5km","bicycle",3.64,0.330909090909091,1.75,2.31636363636364
"84856/1000",NA,84856,1115,"65-69 years","female",20,3855,"Shopping",304.822784423828,304.822784423828,"walking",0.166666666666667,0.86,"weekday",2,"65 plus","<1km","walking",0.86,0.166666666666667,1.16666666666667,1.16666666666667
"84856/1000",NA,84856,1115,"65-69 years","female",20,3856,"Shopping",304.822784423828,304.822784423828,"walking",0.166666666666667,0.86,"weekday",3,"65 plus","<1km","walking",0.86,0.166666666666667,1.16666666666667,1.16666666666667
"84858/1000",NA,84858,1117,"70-74 years","male",20,3859,"Shopping",368.036743164062,368.036743164062,"car",0.416666666666667,13.57,"weekday",2,"65 plus",">10km","car",13.57,0.416666666666667,2.91666666666667,2.91666666666667
"84858/1000",NA,84858,1117,"70-74 years","male",20,3860,"Shopping",368.036743164062,368.036743164062,"car",0.416666666666667,13.57,"weekday",3,"65 plus",">10km","car",13.57,0.416666666666667,2.91666666666667,2.91666666666667
"84858/1001",NA,84858,1118,"65-69 years","female",20,3862,"Shopping",304.822784423828,304.822784423828,"car",0.416666666666667,13.57,"weekday",2,"65 plus",">10km","car",13.57,0.416666666666667,2.91666666666667,2.91666666666667
"84858/1001",NA,84858,1118,"65-69 years","female",20,3863,"Shopping",304.822784423828,304.822784423828,"car",0.416666666666667,13.57,"weekday",3,"65 plus",">10km","car",13.57,0.416666666666667,2.91666666666667,2.91666666666667
"84859/1000",NA,84859,1119,"45-49 years","female",20,3864,"Other",589.9345703125,589.9345703125,"car",0.416666666666667,9.42,"weekday",1,"40 to 64","6-10km","car",9.42,0.416666666666667,2.91666666666667,2.91666666666667
"84859/1000",NA,84859,1119,"45-49 years","female",20,3865,"Shopping",589.9345703125,589.9345703125,"car",0.333333333333333,7.1,"weekday",2,"40 to 64","6-10km","car",7.1,0.333333333333333,2.33333333333333,2.33333333333333
"84859/1000",NA,84859,1119,"45-49 years","female",20,3866,"Shopping",589.9345703125,589.9345703125,"car",0.0833333333333333,2.69,"weekday",3,"40 to 64","3-5km","bicycle",2.69,0.244545454545455,0.583333333333333,1.71181818181818
"84859/1000",NA,84859,1119,"45-49 years","female",20,3867,"Other",589.9345703125,589.9345703125,"car",0.0833333333333333,2.95,"weekday",4,"40 to 64","3-5km","bicycle",2.95,0.268181818181818,0.583333333333333,1.87727272727273
"84859/1000",NA,84859,1119,"45-49 years","female",20,3868,"Shopping",589.9345703125,589.9345703125,"car",0.166666666666667,5.61,"weekday",5,"40 to 64","6-10km","car",5.61,0.166666666666667,1.16666666666667,1.16666666666667
"84859/1000",NA,84859,1119,"45-49 years","female",20,3869,"Shopping",589.9345703125,589.9345703125,"car",0.25,8.08,"weekday",6,"40 to 64","6-10km","car",8.08,0.25,1.75,1.75
"84859/1000",NA,84859,1119,"45-49 years","female",20,3870,"Shopping",589.9345703125,589.9345703125,"car",0.25,2.21,"weekday",7,"40 to 64","3-5km","bicycle",2.21,0.200909090909091,1.75,1.40636363636364
"84860/1000",NA,84860,1120,"35-39 years","female",20,3871,"Leisure",634.367553710938,634.367553710938,"walking",0.0833333333333333,0.75,"weekday",1,"20 to 39","<1km","walking",0.75,0.0833333333333333,0.583333333333333,0.583333333333333
"84860/1000",NA,84860,1120,"35-39 years","female",20,3872,"Leisure",634.367553710938,634.367553710938,"walking",0.0833333333333333,0.75,"weekday",2,"20 to 39","<1km","walking",0.75,0.0833333333333333,0.583333333333333,0.583333333333333
"84860/1000",NA,84860,1120,"35-39 years","female",20,3873,"Leisure",634.367553710938,634.367553710938,"car",0.25,11.07,"weekday",3,"20 to 39",">10km","car",11.07,0.25,1.75,1.75
"84860/1000",NA,84860,1120,"35-39 years","female",20,3874,"Leisure",634.367553710938,634.367553710938,"car",0.25,10.97,"weekday",4,"20 to 39",">10km","car",10.97,0.25,1.75,1.75
"84860/1000",NA,84860,1120,"35-39 years","female",20,3875,"Leisure",634.367553710938,634.367553710938,"car",0.25,10.34,"weekday",5,"20 to 39",">10km","car",10.34,0.25,1.75,1.75
"84860/1000",NA,84860,1120,"35-39 years","female",20,3876,"Leisure",634.367553710938,634.367553710938,"car",0.333333333333333,10.28,"weekday",6,"20 to 39",">10km","car",10.28,0.333333333333333,2.33333333333333,2.33333333333333
"84860/1001",NA,84860,1121,"35-39 years","male",20,3877,"Work",754.537231445312,754.537231445312,"car",0.5,9.6,"weekday",1,"20 to 39","6-10km","car",9.6,0.5,3.5,3.5
"84860/1001",NA,84860,1121,"35-39 years","male",20,3878,"Work",754.537231445312,754.537231445312,"car",0.25,2.51,"weekday",2,"20 to 39","3-5km","bicycle",2.51,0.228181818181818,1.75,1.59727272727273
"84861/1000",NA,84861,1122,"45-49 years","male",20,3879,"Work",490.858123779297,490.858123779297,"walking",0.0333333333333333,0.03,"weekday",1,"40 to 64","<1km","walking",0.03,0.0333333333333333,0.233333333333333,0.233333333333333
"84861/1000",NA,84861,1122,"45-49 years","male",20,3880,"Work",490.858123779297,490.858123779297,"public.transport",0.0833333333333333,1.79,"weekday",1,"40 to 64","1-2km","public.transport",1.79,0.0833333333333333,0.583333333333333,0.583333333333333
"84861/1000",NA,84861,1122,"45-49 years","male",20,3881,"Work",490.858123779297,490.858123779297,"walking",0.0166666666666667,0.18,"weekday",1,"40 to 64","<1km","walking",0.18,0.0166666666666667,0.116666666666667,0.116666666666667
"84861/1000",NA,84861,1122,"45-49 years","male",20,3882,"Work",490.858123779297,490.858123779297,"public.transport",0.5,16.11,"weekday",1,"40 to 64",">10km","public.transport",16.11,0.5,3.5,3.5
"84861/1000",NA,84861,1122,"45-49 years","male",20,3883,"Work",490.858123779297,490.858123779297,"walking",0.1,0.8,"weekday",1,"40 to 64","<1km","walking",0.8,0.1,0.7,0.7
"84861/1000",NA,84861,1122,"45-49 years","male",20,3884,"Work",490.858123779297,490.858123779297,"walking",0.0833333333333333,0.8,"weekday",2,"40 to 64","<1km","walking",0.8,0.0833333333333333,0.583333333333333,0.583333333333333
"84861/1000",NA,84861,1122,"45-49 years","male",20,3885,"Work",490.858123779297,490.858123779297,"public.transport",0.566666666666667,16.11,"weekday",2,"40 to 64",">10km","public.transport",16.11,0.566666666666667,3.96666666666667,3.96666666666667
"84861/1000",NA,84861,1122,"45-49 years","male",20,3886,"Work",490.858123779297,490.858123779297,"car",0.0833333333333333,2.43,"weekday",2,"40 to 64","3-5km","bicycle",2.43,0.220909090909091,0.583333333333333,1.54636363636364
"84861/1001",NA,84861,1123,"35-39 years","female",20,3887,"Other",563.662841796875,563.662841796875,"car",0.166666666666667,2.42,"weekday",1,"20 to 39","3-5km","bicycle",2.42,0.22,1.16666666666667,1.54
"84861/1001",NA,84861,1123,"35-39 years","female",20,3888,"Work",563.662841796875,563.662841796875,"car",0.166666666666667,2.52,"weekday",2,"20 to 39","3-5km","bicycle",2.52,0.229090909090909,1.16666666666667,1.60363636363636
"84861/1001",NA,84861,1123,"35-39 years","female",20,3889,"Other",563.662841796875,563.662841796875,"car",0.166666666666667,2.49,"weekday",3,"20 to 39","3-5km","bicycle",2.49,0.226363636363636,1.16666666666667,1.58454545454545
"84861/1001",NA,84861,1123,"35-39 years","female",20,3890,"Other",563.662841796875,563.662841796875,"car",0.25,2.45,"weekday",4,"20 to 39","3-5km","bicycle",2.45,0.222727272727273,1.75,1.55909090909091
"84861/1001",NA,84861,1123,"35-39 years","female",20,3891,"Other",563.662841796875,563.662841796875,"car",0.0833333333333333,2.45,"weekday",5,"20 to 39","3-5km","bicycle",2.45,0.222727272727273,0.583333333333333,1.55909090909091
"84861/1001",NA,84861,1123,"35-39 years","female",20,3892,"Other",563.662841796875,563.662841796875,"car",0.0833333333333333,2.43,"weekday",6,"20 to 39","3-5km","bicycle",2.43,0.220909090909091,0.583333333333333,1.54636363636364
"84862/1000",NA,84862,1124,"75-79 years","male",20,3893,"Shopping",319.961029052734,319.961029052734,"car",0.25,5.48,"weekday",1,"65 plus","6-10km","car",5.48,0.25,1.75,1.75
"84862/1000",NA,84862,1124,"75-79 years","male",20,3894,"Shopping",319.961029052734,319.961029052734,"car",0.25,5.41,"weekday",2,"65 plus","6-10km","car",5.41,0.25,1.75,1.75
"84862/1001",NA,84862,1125,"65-69 years","female",20,3896,"Shopping",304.822784423828,304.822784423828,"car",0.25,5.48,"weekday",1,"65 plus","6-10km","car",5.48,0.25,1.75,1.75
"84862/1001",NA,84862,1125,"65-69 years","female",20,3897,"Shopping",304.822784423828,304.822784423828,"car",0.25,5.41,"weekday",2,"65 plus","6-10km","car",5.41,0.25,1.75,1.75
"84863/1000",NA,84863,1126,"60-64 years","male",20,3899,"Work",407.964630126953,407.964630126953,"car",0.5,13.23,"weekday",1,"40 to 64",">10km","car",13.23,0.5,3.5,3.5
"84863/1000",NA,84863,1126,"60-64 years","male",20,3900,"Work",407.964630126953,407.964630126953,"car",0.416666666666667,13.01,"weekday",2,"40 to 64",">10km","car",13.01,0.416666666666667,2.91666666666667,2.91666666666667
"84863/1001",NA,84863,1127,"60-64 years","female",20,3901,"Leisure",437.736572265625,437.736572265625,"car",0.166666666666667,3.04,"weekday",1,"40 to 64","3-5km","bicycle",3.04,0.276363636363636,1.16666666666667,1.93454545454545
"84863/1001",NA,84863,1127,"60-64 years","female",20,3902,"Shopping",437.736572265625,437.736572265625,"car",0.333333333333333,6.47,"weekday",2,"40 to 64","6-10km","car",6.47,0.333333333333333,2.33333333333333,2.33333333333333
"84863/1001",NA,84863,1127,"60-64 years","female",20,3903,"Shopping",437.736572265625,437.736572265625,"car",0.5,7.71,"weekday",3,"40 to 64","6-10km","car",7.71,0.5,3.5,3.5
"84865/1000",NA,84865,1128,"45-49 years","male",20,3904,"Leisure",708.6845703125,708.6845703125,"car",0.5,15.15,"weekday",1,"40 to 64",">10km","car",15.15,0.5,3.5,3.5
"84865/1000",NA,84865,1128,"45-49 years","male",20,3905,"Leisure",708.6845703125,708.6845703125,"car",0.5,15.58,"weekday",2,"40 to 64",">10km","car",15.58,0.5,3.5,3.5
"84865/1003",NA,84865,1130,"45-49 years","female",20,3908,"Work",848.014831542969,848.014831542969,"car",0.5,15.15,"weekday",1,"40 to 64",">10km","car",15.15,0.5,3.5,3.5
"84865/1003",NA,84865,1130,"45-49 years","female",20,3909,"Work",848.014831542969,848.014831542969,"car",0.5,15.58,"weekday",2,"40 to 64",">10km","car",15.58,0.5,3.5,3.5
"84866/1000",NA,84866,1131,"45-49 years","female",20,3910,"Other",848.014831542969,848.014831542969,"car",0.666666666666667,14.76,"weekday",1,"40 to 64",">10km","car",14.76,0.666666666666667,4.66666666666667,4.66666666666667
"84866/1000",NA,84866,1131,"45-49 years","female",20,3911,"Shopping",848.014831542969,848.014831542969,"car",0.416666666666667,13.63,"weekday",2,"40 to 64",">10km","car",13.63,0.416666666666667,2.91666666666667,2.91666666666667
"84866/1000",NA,84866,1131,"45-49 years","female",20,3912,"Shopping",848.014831542969,848.014831542969,"car",0.116666666666667,1.12,"weekday",3,"40 to 64","1-2km","bicycle",1.12,0.101818181818182,0.816666666666667,0.712727272727273
"84866/1001",NA,84866,1132,"40-44 years","male",20,3913,"Other",800.032165527344,800.032165527344,"car",0.166666666666667,1.45,"weekday",1,"40 to 64","1-2km","bicycle",1.45,0.131818181818182,1.16666666666667,0.922727272727273
"84866/1001",NA,84866,1132,"40-44 years","male",20,3914,"Work",800.032165527344,800.032165527344,"car",0.666666666666667,11.62,"weekday",2,"40 to 64",">10km","car",11.62,0.666666666666667,4.66666666666667,4.66666666666667
"84866/1001",NA,84866,1132,"40-44 years","male",20,3915,"Work",800.032165527344,800.032165527344,"car",0.583333333333333,9.23,"weekday",3,"40 to 64","6-10km","car",9.23,0.583333333333333,4.08333333333333,4.08333333333333
"84866/1002",NA,84866,1133,"15-19 years","male",20,3916,"Education",782.303466796875,782.303466796875,"walking",1.16666666666667,7.43,"weekday",1,"15 to 19","6-10km","walking",7.43,1.16666666666667,8.16666666666667,8.16666666666667
"84866/1002",NA,84866,1133,"15-19 years","male",20,3917,"Education",782.303466796875,782.303466796875,"walking",2.16666666666667,5.25,"weekday",2,"15 to 19","6-10km","walking",5.25,2.16666666666667,15.1666666666667,15.1666666666667
"84866/1002",NA,84866,1133,"15-19 years","male",20,3918,"Education",782.303466796875,782.303466796875,"public.transport",0.666666666666667,7.55,"weekday",2,"15 to 19","6-10km","public.transport",7.55,0.666666666666667,4.66666666666667,4.66666666666667
"84866/1002",NA,84866,1133,"15-19 years","male",20,3919,"Education",782.303466796875,782.303466796875,"walking",0.166666666666667,1.17,"weekday",2,"15 to 19","1-2km","walking",1.17,0.166666666666667,1.16666666666667,1.16666666666667
"84867/1000",NA,84867,1134,"70-74 years","male",20,3921,"Other",368.036743164062,368.036743164062,"car",0.833333333333333,27.59,"weekday",2,"65 plus",">10km","car",27.59,0.833333333333333,5.83333333333333,5.83333333333333
"84867/1000",NA,84867,1134,"70-74 years","male",20,3924,"Other",368.036743164062,368.036743164062,"car",1,27.37,"weekday",5,"65 plus",">10km","car",27.37,1,7,7
"84867/1001",NA,84867,1135,"65-69 years","female",20,3926,"Other",304.822784423828,304.822784423828,"car",0.833333333333333,27.59,"weekday",2,"65 plus",">10km","car",27.59,0.833333333333333,5.83333333333333,5.83333333333333
"84867/1001",NA,84867,1135,"65-69 years","female",20,3929,"Other",304.822784423828,304.822784423828,"car",1,27.37,"weekday",5,"65 plus",">10km","car",27.37,1,7,7
"84868/1000",NA,84868,1136,"60-64 years","male",20,3930,"Work",407.964630126953,407.964630126953,"car",0.25,3.73,"weekday",1,"40 to 64","3-5km","bicycle",3.73,0.339090909090909,1.75,2.37363636363636
"84868/1000",NA,84868,1136,"60-64 years","male",20,3931,"Work",407.964630126953,407.964630126953,"car",0.25,3.66,"weekday",2,"40 to 64","3-5km","bicycle",3.66,0.332727272727273,1.75,2.32909090909091
"84868/1001",NA,84868,1137,"60-64 years","female",20,3932,"Shopping",437.736572265625,437.736572265625,"car",0.0833333333333333,3.09,"weekday",1,"40 to 64","3-5km","bicycle",3.09,0.280909090909091,0.583333333333333,1.96636363636364
"84868/1001",NA,84868,1137,"60-64 years","female",20,3933,"Shopping",437.736572265625,437.736572265625,"car",0.0833333333333333,2.8,"weekday",2,"40 to 64","3-5km","bicycle",2.8,0.254545454545455,0.583333333333333,1.78181818181818
"84868/1001",NA,84868,1137,"60-64 years","female",20,3934,"Other",437.736572265625,437.736572265625,"car",0.25,2.83,"weekday",3,"40 to 64","3-5km","bicycle",2.83,0.257272727272727,1.75,1.80090909090909
"84868/1001",NA,84868,1137,"60-64 years","female",20,3935,"Other",437.736572265625,437.736572265625,"car",0.25,3.01,"weekday",4,"40 to 64","3-5km","bicycle",3.01,0.273636363636364,1.75,1.91545454545455
"84869/1000",NA,84869,1138,"40-44 years","male",20,3936,"Work",554.12841796875,554.12841796875,"car",0.5,18.13,"weekday",1,"40 to 64",">10km","car",18.13,0.5,3.5,3.5
"84869/1000",NA,84869,1138,"40-44 years","male",20,3937,"Other",554.12841796875,554.12841796875,"car",0.75,16.43,"weekday",2,"40 to 64",">10km","car",16.43,0.75,5.25,5.25
"84869/1000",NA,84869,1138,"40-44 years","male",20,3938,"Other",554.12841796875,554.12841796875,"car",0.0833333333333333,2.75,"weekday",3,"40 to 64","3-5km","bicycle",2.75,0.25,0.583333333333333,1.75
"84869/1001",NA,84869,1139,"45-49 years","male",20,3939,"Other",490.858123779297,490.858123779297,"car",0.0833333333333333,2.74,"weekday",1,"40 to 64","3-5km","bicycle",2.74,0.249090909090909,0.583333333333333,1.74363636363636
"84869/1001",NA,84869,1139,"45-49 years","male",20,3940,"Work",490.858123779297,490.858123779297,"car",0.5,19.68,"weekday",2,"40 to 64",">10km","car",19.68,0.5,3.5,3.5
"84869/1001",NA,84869,1139,"45-49 years","male",20,3941,"Work",490.858123779297,490.858123779297,"car",0.5,21.26,"weekday",3,"40 to 64",">10km","car",21.26,0.5,3.5,3.5
"84872/1000",NA,84872,1140,"60-64 years","female",20,3942,"Work",474.000030517578,474.000030517578,"car",7,627.68,"weekday",1,"40 to 64",">10km","car",627.68,7,49,49
"84874/1000",NA,84874,1141,"50-54 years","male",20,3944,"Work",549.466125488281,549.466125488281,"car",0.0833333333333333,1.58,"weekday",2,"40 to 64","1-2km","bicycle",1.58,0.143636363636364,0.583333333333333,1.00545454545455
"84874/1000",NA,84874,1141,"50-54 years","male",20,3945,"Work",549.466125488281,549.466125488281,"car",0.0833333333333333,1.61,"weekday",3,"40 to 64","1-2km","bicycle",1.61,0.146363636363636,0.583333333333333,1.02454545454545
"84874/1000",NA,84874,1141,"50-54 years","male",20,3946,"Other",549.466125488281,549.466125488281,"car",0.25,12.07,"weekday",4,"40 to 64",">10km","car",12.07,0.25,1.75,1.75
"84874/1000",NA,84874,1141,"50-54 years","male",20,3947,"Shopping",549.466125488281,549.466125488281,"car",0.3,9.18,"weekday",5,"40 to 64","6-10km","car",9.18,0.3,2.1,2.1
"84874/1000",NA,84874,1141,"50-54 years","male",20,3948,"Shopping",549.466125488281,549.466125488281,"car",0.166666666666667,4.11,"weekday",6,"40 to 64","3-5km","bicycle",4.11,0.373636363636364,1.16666666666667,2.61545454545455
"84874/1001",NA,84874,1142,"60-64 years","male",20,3949,"Leisure",495.007934570312,495.007934570312,"car",0.116666666666667,4.25,"weekday",1,"40 to 64","3-5km","bicycle",4.25,0.386363636363636,0.816666666666667,2.70454545454545
"84874/1001",NA,84874,1142,"60-64 years","male",20,3950,"Leisure",495.007934570312,495.007934570312,"car",0.166666666666667,4.19,"weekday",2,"40 to 64","3-5km","bicycle",4.19,0.380909090909091,1.16666666666667,2.66636363636364
"84874/1001",NA,84874,1142,"60-64 years","male",20,3951,"Shopping",495.007934570312,495.007934570312,"car",0.0333333333333333,0.33,"weekday",3,"40 to 64","<1km","bicycle",0.33,0.03,0.233333333333333,0.21
"84874/1001",NA,84874,1142,"60-64 years","male",20,3952,"Shopping",495.007934570312,495.007934570312,"car",0.0666666666666667,2.55,"weekday",4,"40 to 64","3-5km","bicycle",2.55,0.231818181818182,0.466666666666667,1.62272727272727
"84874/1001",NA,84874,1142,"60-64 years","male",20,3953,"Leisure",495.007934570312,495.007934570312,"car",0.0833333333333333,1.93,"weekday",5,"40 to 64","1-2km","bicycle",1.93,0.175454545454545,0.583333333333333,1.22818181818182
"84874/1001",NA,84874,1142,"60-64 years","male",20,3954,"Leisure",495.007934570312,495.007934570312,"car",0.166666666666667,4.96,"weekday",6,"40 to 64","3-5km","bicycle",4.96,0.450909090909091,1.16666666666667,3.15636363636364
"84874/1001",NA,84874,1142,"60-64 years","male",20,3955,"Other",495.007934570312,495.007934570312,"car",0.25,12.07,"weekday",7,"40 to 64",">10km","car",12.07,0.25,1.75,1.75
"84874/1001",NA,84874,1142,"60-64 years","male",20,3956,"Shopping",495.007934570312,495.007934570312,"car",0.3,9.18,"weekday",8,"40 to 64","6-10km","car",9.18,0.3,2.1,2.1
"84874/1001",NA,84874,1142,"60-64 years","male",20,3957,"Shopping",495.007934570312,495.007934570312,"car",0.166666666666667,4.11,"weekday",9,"40 to 64","3-5km","bicycle",4.11,0.373636363636364,1.16666666666667,2.61545454545455
"84874/1002",NA,84874,1143,"25-29 years","female",20,3958,"Shopping",1240.35559082031,1240.35559082031,"car",0.0833333333333333,2.1,"weekday",1,"20 to 39","3-5km","bicycle",2.1,0.190909090909091,0.583333333333333,1.33636363636364
"84874/1002",NA,84874,1143,"25-29 years","female",20,3959,"Shopping",1240.35559082031,1240.35559082031,"car",0.0833333333333333,2.49,"weekday",2,"20 to 39","3-5km","bicycle",2.49,0.226363636363636,0.583333333333333,1.58454545454545
"84874/1002",NA,84874,1143,"25-29 years","female",20,3960,"Work",1240.35559082031,1240.35559082031,"car",0.666666666666667,17.3,"weekday",3,"20 to 39",">10km","car",17.3,0.666666666666667,4.66666666666667,4.66666666666667
"84874/1002",NA,84874,1143,"25-29 years","female",20,3961,"Work",1240.35559082031,1240.35559082031,"car",0.416666666666667,17.27,"weekday",4,"20 to 39",">10km","car",17.27,0.416666666666667,2.91666666666667,2.91666666666667
"84875/1000",NA,84875,1144,"50-54 years","male",20,3962,"Shopping",549.466125488281,549.466125488281,"car",0.0833333333333333,1.79,"weekday",1,"40 to 64","1-2km","bicycle",1.79,0.162727272727273,0.583333333333333,1.13909090909091
"84875/1000",NA,84875,1144,"50-54 years","male",20,3963,"Shopping",549.466125488281,549.466125488281,"car",0.0833333333333333,2.18,"weekday",2,"40 to 64","3-5km","bicycle",2.18,0.198181818181818,0.583333333333333,1.38727272727273
"84875/1002",NA,84875,1145,"25-29 years","female",20,3964,"Work",1240.35559082031,1240.35559082031,"car",0.583333333333333,26.29,"weekday",1,"20 to 39",">10km","car",26.29,0.583333333333333,4.08333333333333,4.08333333333333
"84875/1002",NA,84875,1145,"25-29 years","female",20,3965,"Work",1240.35559082031,1240.35559082031,"car",0.666666666666667,26.7,"weekday",2,"20 to 39",">10km","car",26.7,0.666666666666667,4.66666666666667,4.66666666666667
"84877/1000",NA,84877,1146,"55-59 years","female",20,3966,"Shopping",504.977630615234,504.977630615234,"car",0.1,1.9,"weekday",1,"40 to 64","1-2km","bicycle",1.9,0.172727272727273,0.7,1.20909090909091
"84877/1000",NA,84877,1146,"55-59 years","female",20,3967,"Shopping",504.977630615234,504.977630615234,"car",0.0833333333333333,2.29,"weekday",2,"40 to 64","3-5km","bicycle",2.29,0.208181818181818,0.583333333333333,1.45727272727273
"84877/1001",NA,84877,1147,"20-24 years","female",20,3968,"Work",856.685302734375,856.685302734375,"walking",0.0833333333333333,0.21,"weekday",1,"20 to 39","<1km","walking",0.21,0.0833333333333333,0.583333333333333,0.583333333333333
"84877/1001",NA,84877,1147,"20-24 years","female",20,3969,"Work",856.685302734375,856.685302734375,"public.transport",0.1,1.59,"weekday",1,"20 to 39","1-2km","public.transport",1.59,0.1,0.7,0.7
"84877/1001",NA,84877,1147,"20-24 years","female",20,3970,"Work",856.685302734375,856.685302734375,"walking",0.0666666666666667,0.18,"weekday",1,"20 to 39","<1km","walking",0.18,0.0666666666666667,0.466666666666667,0.466666666666667
"84877/1001",NA,84877,1147,"20-24 years","female",20,3971,"Work",856.685302734375,856.685302734375,"public.transport",0.3,16.11,"weekday",1,"20 to 39",">10km","public.transport",16.11,0.3,2.1,2.1
"84877/1001",NA,84877,1147,"20-24 years","female",20,3972,"Work",856.685302734375,856.685302734375,"walking",0.166666666666667,0.23,"weekday",1,"20 to 39","<1km","walking",0.23,0.166666666666667,1.16666666666667,1.16666666666667
"84877/1001",NA,84877,1147,"20-24 years","female",20,3973,"Work",856.685302734375,856.685302734375,"walking",0.166666666666667,0.23,"weekday",2,"20 to 39","<1km","walking",0.23,0.166666666666667,1.16666666666667,1.16666666666667
"84877/1001",NA,84877,1147,"20-24 years","female",20,3974,"Work",856.685302734375,856.685302734375,"public.transport",0.4,13.33,"weekday",2,"20 to 39",">10km","public.transport",13.33,0.4,2.8,2.8
"84877/1001",NA,84877,1147,"20-24 years","female",20,3975,"Work",856.685302734375,856.685302734375,"car",0.166666666666667,3.81,"weekday",2,"20 to 39","3-5km","bicycle",3.81,0.346363636363636,1.16666666666667,2.42454545454545
"84877/1001",NA,84877,1147,"20-24 years","female",20,3976,"Leisure",856.685302734375,856.685302734375,"car",0.333333333333333,14.86,"weekday",3,"20 to 39",">10km","car",14.86,0.333333333333333,2.33333333333333,2.33333333333333
"84877/1001",NA,84877,1147,"20-24 years","female",20,3977,"Leisure",856.685302734375,856.685302734375,"car",0.3,14.16,"weekday",4,"20 to 39",">10km","car",14.16,0.3,2.1,2.1
"84877/1002",NA,84877,1148,"60-64 years","male",20,3978,"Shopping",439.835845947266,439.835845947266,"car",0.1,1.9,"weekday",1,"40 to 64","1-2km","bicycle",1.9,0.172727272727273,0.7,1.20909090909091
"84877/1002",NA,84877,1148,"60-64 years","male",20,3979,"Shopping",439.835845947266,439.835845947266,"car",0.0833333333333333,2.29,"weekday",2,"40 to 64","3-5km","bicycle",2.29,0.208181818181818,0.583333333333333,1.45727272727273
"84877/1002",NA,84877,1148,"60-64 years","male",20,3980,"Work",439.835845947266,439.835845947266,"car",0.5,23.25,"weekday",3,"40 to 64",">10km","car",23.25,0.5,3.5,3.5
"84877/1002",NA,84877,1148,"60-64 years","male",20,3981,"Work",439.835845947266,439.835845947266,"car",0.5,23.3,"weekday",4,"40 to 64",">10km","car",23.3,0.5,3.5,3.5
"84877/1003",NA,84877,1149,"15-19 years","male",20,3982,"Other",541.848937988281,541.848937988281,"car",0.166666666666667,2.55,"weekday",1,"15 to 19","3-5km","bicycle",2.55,0.231818181818182,1.16666666666667,1.62272727272727
"84877/1003",NA,84877,1149,"15-19 years","male",20,3983,"Other",541.848937988281,541.848937988281,"car",0.333333333333333,7.4,"weekday",2,"15 to 19","6-10km","car",7.4,0.333333333333333,2.33333333333333,2.33333333333333
"84877/1003",NA,84877,1149,"15-19 years","male",20,3984,"Other",541.848937988281,541.848937988281,"car",0.416666666666667,7.97,"weekday",3,"15 to 19","6-10km","car",7.97,0.416666666666667,2.91666666666667,2.91666666666667
"84877/1003",NA,84877,1149,"15-19 years","male",20,3985,"Other",541.848937988281,541.848937988281,"car",0.166666666666667,3.59,"weekday",4,"15 to 19","3-5km","bicycle",3.59,0.326363636363636,1.16666666666667,2.28454545454545
"84877/1003",NA,84877,1149,"15-19 years","male",20,3986,"Other",541.848937988281,541.848937988281,"car",0.166666666666667,3.52,"weekday",5,"15 to 19","3-5km","bicycle",3.52,0.32,1.16666666666667,2.24
"84877/1003",NA,84877,1149,"15-19 years","male",20,3987,"Other",541.848937988281,541.848937988281,"car",0.15,3.74,"weekday",6,"15 to 19","3-5km","bicycle",3.74,0.34,1.05,2.38
"84877/1003",NA,84877,1149,"15-19 years","male",20,3988,"Other",541.848937988281,541.848937988281,"car",0.166666666666667,3.81,"weekday",7,"15 to 19","3-5km","bicycle",3.81,0.346363636363636,1.16666666666667,2.42454545454545
"84878/1000",NA,84878,1150,"60-64 years","female",20,3989,"Leisure",437.736572265625,437.736572265625,"walking",1.25,3.04,"weekday",1,"40 to 64","3-5km","walking",3.04,1.25,8.75,8.75
"84878/1000",NA,84878,1150,"60-64 years","female",20,3990,"Leisure",437.736572265625,437.736572265625,"walking",0.75,3.04,"weekday",2,"40 to 64","3-5km","walking",3.04,0.75,5.25,5.25
"84878/1001",NA,84878,1151,"60-64 years","male",20,3991,"Work",407.964630126953,407.964630126953,"other",0.666666666666667,24.38,"weekday",1,"40 to 64",">10km","other",24.38,0.666666666666667,4.66666666666667,4.66666666666667
"84878/1001",NA,84878,1151,"60-64 years","male",20,3992,"Work",407.964630126953,407.964630126953,"other",0.75,24.31,"weekday",2,"40 to 64",">10km","other",24.31,0.75,5.25,5.25
"84879/1000",NA,84879,1152,"50-54 years","female",20,3993,"Shopping",449.832550048828,449.832550048828,"car",0.25,5.63,"weekday",1,"40 to 64","6-10km","car",5.63,0.25,1.75,1.75
"84879/1000",NA,84879,1152,"50-54 years","female",20,3994,"Shopping",449.832550048828,449.832550048828,"car",0.25,5.56,"weekday",2,"40 to 64","6-10km","car",5.56,0.25,1.75,1.75
"84881/1001",NA,84881,1154,"30-34 years","male",20,3996,"Other",198.818878173828,198.818878173828,"car",0.25,11.73,"weekday",1,"20 to 39",">10km","car",11.73,0.25,1.75,1.75
"84881/1001",NA,84881,1154,"30-34 years","male",20,3997,"Other",198.818878173828,198.818878173828,"car",0.333333333333333,11.81,"weekday",2,"20 to 39",">10km","car",11.81,0.333333333333333,2.33333333333333,2.33333333333333
"84881/1001",NA,84881,1154,"30-34 years","male",20,3998,"Work",198.818878173828,198.818878173828,"car",0.333333333333333,9.88,"weekday",3,"20 to 39","6-10km","car",9.88,0.333333333333333,2.33333333333333,2.33333333333333
"84881/1001",NA,84881,1154,"30-34 years","male",20,3999,"Work",198.818878173828,198.818878173828,"car",0.333333333333333,9.94,"weekday",4,"20 to 39","6-10km","car",9.94,0.333333333333333,2.33333333333333,2.33333333333333
"84881/1001",NA,84881,1154,"30-34 years","male",20,4000,"Other",198.818878173828,198.818878173828,"car",0.166666666666667,11.73,"weekday",5,"20 to 39",">10km","car",11.73,0.166666666666667,1.16666666666667,1.16666666666667
"84881/1001",NA,84881,1154,"30-34 years","male",20,4001,"Other",198.818878173828,198.818878173828,"car",0.333333333333333,11.81,"weekday",6,"20 to 39",">10km","car",11.81,0.333333333333333,2.33333333333333,2.33333333333333
"84882/1000",NA,84882,1155,"45-49 years","female",20,4002,"Other",197.133209228516,197.133209228516,"car",0.0833333333333333,2.83,"weekday",1,"40 to 64","3-5km","bicycle",2.83,0.257272727272727,0.583333333333333,1.80090909090909
"84882/1000",NA,84882,1155,"45-49 years","female",20,4003,"Other",197.133209228516,197.133209228516,"car",0.166666666666667,2.75,"weekday",2,"40 to 64","3-5km","bicycle",2.75,0.25,1.16666666666667,1.75
"84882/1000",NA,84882,1155,"45-49 years","female",20,4004,"Other",197.133209228516,197.133209228516,"car",0.166666666666667,2.83,"weekday",3,"40 to 64","3-5km","bicycle",2.83,0.257272727272727,1.16666666666667,1.80090909090909
"84882/1000",NA,84882,1155,"45-49 years","female",20,4005,"Other",197.133209228516,197.133209228516,"car",0.166666666666667,2.75,"weekday",4,"40 to 64","3-5km","bicycle",2.75,0.25,1.16666666666667,1.75
"84882/1001",NA,84882,1156,"40-44 years","male",20,4006,"Work",129.676559448242,129.676559448242,"car",0.416666666666667,9.84,"weekday",1,"40 to 64","6-10km","car",9.84,0.416666666666667,2.91666666666667,2.91666666666667
"84882/1001",NA,84882,1156,"40-44 years","male",20,4007,"Work",129.676559448242,129.676559448242,"car",0.333333333333333,9.77,"weekday",2,"40 to 64","6-10km","car",9.77,0.333333333333333,2.33333333333333,2.33333333333333
"84885/1000",NA,84885,1157,"30-34 years","female",20,4008,"Work",134.708923339844,134.708923339844,"car",0.75,31.27,"weekday",1,"20 to 39",">10km","car",31.27,0.75,5.25,5.25
"84885/1000",NA,84885,1157,"30-34 years","female",20,4009,"Work",134.708923339844,134.708923339844,"car",0.7,31.76,"weekday",2,"20 to 39",">10km","car",31.76,0.7,4.9,4.9
"84885/1001",NA,84885,1158,"25-29 years","male",20,4010,"Work",195.456893920898,195.456893920898,"car",0.216666666666667,9.6,"weekday",1,"20 to 39","6-10km","car",9.6,0.216666666666667,1.51666666666667,1.51666666666667
"84885/1001",NA,84885,1158,"25-29 years","male",20,4011,"Work",195.456893920898,195.456893920898,"car",0.333333333333333,9.67,"weekday",2,"20 to 39","6-10km","car",9.67,0.333333333333333,2.33333333333333,2.33333333333333
"84886/1000",NA,84886,1159,"35-39 years","female",20,4012,"Other",126.796051025391,126.796051025391,"car",0.166666666666667,1.69,"weekday",1,"20 to 39","1-2km","bicycle",1.69,0.153636363636364,1.16666666666667,1.07545454545455
"84886/1000",NA,84886,1159,"35-39 years","female",20,4013,"Work",126.796051025391,126.796051025391,"car",0.333333333333333,8.46,"weekday",2,"20 to 39","6-10km","car",8.46,0.333333333333333,2.33333333333333,2.33333333333333
"84886/1000",NA,84886,1159,"35-39 years","female",20,4014,"Work",126.796051025391,126.796051025391,"car",0.5,10.12,"weekday",3,"20 to 39",">10km","car",10.12,0.5,3.5,3.5
"84886/1000",NA,84886,1159,"35-39 years","female",20,4015,"Other",126.796051025391,126.796051025391,"car",0.0833333333333333,1.69,"weekday",4,"20 to 39","1-2km","bicycle",1.69,0.153636363636364,0.583333333333333,1.07545454545455
"84886/1000",NA,84886,1159,"35-39 years","female",20,4016,"Other",126.796051025391,126.796051025391,"car",0.0833333333333333,1.72,"weekday",5,"20 to 39","1-2km","bicycle",1.72,0.156363636363636,0.583333333333333,1.09454545454545
"84887/1000",NA,84887,1160,"35-39 years","female",20,4017,"Other",108.65584564209,108.65584564209,"car",0.0833333333333333,1.37,"weekday",1,"20 to 39","1-2km","bicycle",1.37,0.124545454545455,0.583333333333333,0.871818181818182
"84887/1000",NA,84887,1160,"35-39 years","female",20,4018,"Shopping",108.65584564209,108.65584564209,"car",0.0833333333333333,1.53,"weekday",2,"20 to 39","1-2km","bicycle",1.53,0.139090909090909,0.583333333333333,0.973636363636364
"84887/1000",NA,84887,1160,"35-39 years","female",20,4019,"Work",108.65584564209,108.65584564209,"car",0.25,7.11,"weekday",3,"20 to 39","6-10km","car",7.11,0.25,1.75,1.75
"84887/1000",NA,84887,1160,"35-39 years","female",20,4020,"Other",108.65584564209,108.65584564209,"car",0.25,8.52,"weekday",4,"20 to 39","6-10km","car",8.52,0.25,1.75,1.75
"84887/1000",NA,84887,1160,"35-39 years","female",20,4021,"Other",108.65584564209,108.65584564209,"car",0.166666666666667,1.44,"weekday",5,"20 to 39","1-2km","bicycle",1.44,0.130909090909091,1.16666666666667,0.916363636363636
"84888/1000",NA,84888,1161,"40-44 years","male",20,4022,"Shopping",129.676559448242,129.676559448242,"car",0.333333333333333,8.07,"weekday",1,"40 to 64","6-10km","car",8.07,0.333333333333333,2.33333333333333,2.33333333333333
"84888/1000",NA,84888,1161,"40-44 years","male",20,4023,"Shopping",129.676559448242,129.676559448242,"car",0.15,2.91,"weekday",2,"40 to 64","3-5km","bicycle",2.91,0.264545454545455,1.05,1.85181818181818
"84888/1000",NA,84888,1161,"40-44 years","male",20,4024,"Shopping",129.676559448242,129.676559448242,"car",0.166666666666667,5.74,"weekday",3,"40 to 64","6-10km","car",5.74,0.166666666666667,1.16666666666667,1.16666666666667
"84888/1001",NA,84888,1162,"35-39 years","female",20,4025,"Other",134.685974121094,134.685974121094,"car",0.25,5.33,"weekday",1,"20 to 39","6-10km","car",5.33,0.25,1.75,1.75
"84888/1001",NA,84888,1162,"35-39 years","female",20,4026,"Other",134.685974121094,134.685974121094,"car",0.15,2.97,"weekday",2,"20 to 39","3-5km","bicycle",2.97,0.27,1.05,1.89
"84888/1001",NA,84888,1162,"35-39 years","female",20,4027,"Work",134.685974121094,134.685974121094,"car",0.0833333333333333,1.68,"weekday",3,"20 to 39","1-2km","bicycle",1.68,0.152727272727273,0.583333333333333,1.06909090909091
"84888/1001",NA,84888,1162,"35-39 years","female",20,4028,"Other",134.685974121094,134.685974121094,"car",0.0833333333333333,1.66,"weekday",4,"20 to 39","1-2km","bicycle",1.66,0.150909090909091,0.583333333333333,1.05636363636364
"84888/1001",NA,84888,1162,"35-39 years","female",20,4029,"Other",134.685974121094,134.685974121094,"car",0.0833333333333333,2.52,"weekday",5,"20 to 39","3-5km","bicycle",2.52,0.229090909090909,0.583333333333333,1.60363636363636
"84888/1001",NA,84888,1162,"35-39 years","female",20,4030,"Other",134.685974121094,134.685974121094,"car",0.15,4.68,"weekday",6,"20 to 39","3-5km","bicycle",4.68,0.425454545454545,1.05,2.97818181818182
"84890/1000",NA,84890,1163,"40-44 years","female",20,4031,"Other",175.531768798828,175.531768798828,"car",0.216666666666667,4.97,"weekday",1,"40 to 64","3-5km","bicycle",4.97,0.451818181818182,1.51666666666667,3.16272727272727
"84890/1000",NA,84890,1163,"40-44 years","female",20,4032,"Other",175.531768798828,175.531768798828,"car",0.166666666666667,4.93,"weekday",2,"40 to 64","3-5km","bicycle",4.93,0.448181818181818,1.16666666666667,3.13727272727273
"84890/1000",NA,84890,1163,"40-44 years","female",20,4033,"Shopping",175.531768798828,175.531768798828,"car",0.0833333333333333,2.59,"weekday",3,"40 to 64","3-5km","bicycle",2.59,0.235454545454545,0.583333333333333,1.64818181818182
"84890/1000",NA,84890,1163,"40-44 years","female",20,4034,"Work",175.531768798828,175.531768798828,"car",0.0833333333333333,0.61,"weekday",4,"40 to 64","<1km","bicycle",0.61,0.0554545454545455,0.583333333333333,0.388181818181818
"84890/1000",NA,84890,1163,"40-44 years","female",20,4035,"Work",175.531768798828,175.531768798828,"car",0.1,2.57,"weekday",5,"40 to 64","3-5km","bicycle",2.57,0.233636363636364,0.7,1.63545454545455
"84890/1000",NA,84890,1163,"40-44 years","female",20,4036,"Other",175.531768798828,175.531768798828,"car",0.583333333333333,31.46,"weekday",6,"40 to 64",">10km","car",31.46,0.583333333333333,4.08333333333333,4.08333333333333
"84890/1000",NA,84890,1163,"40-44 years","female",20,4037,"Other",175.531768798828,175.531768798828,"car",0.716666666666667,31.95,"weekday",7,"40 to 64",">10km","car",31.95,0.716666666666667,5.01666666666667,5.01666666666667
"84893/1000",NA,84893,1164,"40-44 years","female",20,4038,"Other",175.531768798828,175.531768798828,"car",0.166666666666667,2.97,"weekday",1,"40 to 64","3-5km","bicycle",2.97,0.27,1.16666666666667,1.89
"84893/1000",NA,84893,1164,"40-44 years","female",20,4039,"Other",175.531768798828,175.531768798828,"car",0.166666666666667,2.98,"weekday",2,"40 to 64","3-5km","bicycle",2.98,0.270909090909091,1.16666666666667,1.89636363636364
"84893/1000",NA,84893,1164,"40-44 years","female",20,4040,"Other",175.531768798828,175.531768798828,"car",0.166666666666667,2.97,"weekday",3,"40 to 64","3-5km","bicycle",2.97,0.27,1.16666666666667,1.89
"84893/1000",NA,84893,1164,"40-44 years","female",20,4041,"Other",175.531768798828,175.531768798828,"car",0.25,2.98,"weekday",4,"40 to 64","3-5km","bicycle",2.98,0.270909090909091,1.75,1.89636363636364
"84893/1001",NA,84893,1165,"40-44 years","male",20,4042,"Work",129.676559448242,129.676559448242,"car",0.5,11.89,"weekday",1,"40 to 64",">10km","car",11.89,0.5,3.5,3.5
"84893/1001",NA,84893,1165,"40-44 years","male",20,4043,"Work",129.676559448242,129.676559448242,"car",0.333333333333333,11.61,"weekday",2,"40 to 64",">10km","car",11.61,0.333333333333333,2.33333333333333,2.33333333333333
"84894/1000",NA,84894,1166,"40-44 years","female",20,4044,"Work",125.654022216797,125.654022216797,"car",0.25,10.05,"weekday",1,"40 to 64",">10km","car",10.05,0.25,1.75,1.75
"84894/1000",NA,84894,1166,"40-44 years","female",20,4045,"Work",125.654022216797,125.654022216797,"car",0.25,10.08,"weekday",2,"40 to 64",">10km","car",10.08,0.25,1.75,1.75
"84896/1000",NA,84896,1167,"40-44 years","male",20,4046,"Other",122.080093383789,122.080093383789,"car",0.216666666666667,6.83,"weekday",1,"40 to 64","6-10km","car",6.83,0.216666666666667,1.51666666666667,1.51666666666667
"84896/1000",NA,84896,1167,"40-44 years","male",20,4047,"Work",122.080093383789,122.080093383789,"car",0.483333333333333,13.28,"weekday",2,"40 to 64",">10km","car",13.28,0.483333333333333,3.38333333333333,3.38333333333333
"84896/1000",NA,84896,1167,"40-44 years","male",20,4048,"Other",122.080093383789,122.080093383789,"car",0.416666666666667,13.16,"weekday",3,"40 to 64",">10km","car",13.16,0.416666666666667,2.91666666666667,2.91666666666667
"84896/1000",NA,84896,1167,"40-44 years","male",20,4049,"Other",122.080093383789,122.080093383789,"car",0.166666666666667,6.79,"weekday",4,"40 to 64","6-10km","car",6.79,0.166666666666667,1.16666666666667,1.16666666666667
"84899/1001",NA,84899,1168,"40-44 years","female",20,4050,"Other",276.858306884766,276.858306884766,"car",0.0833333333333333,1.2,"weekday",1,"40 to 64","1-2km","bicycle",1.2,0.109090909090909,0.583333333333333,0.763636363636364
"84899/1001",NA,84899,1168,"40-44 years","female",20,4051,"Other",276.858306884766,276.858306884766,"car",0.0833333333333333,1.06,"weekday",2,"40 to 64","1-2km","bicycle",1.06,0.0963636363636364,0.583333333333333,0.674545454545455
"84899/1001",NA,84899,1168,"40-44 years","female",20,4052,"Other",276.858306884766,276.858306884766,"car",0.0833333333333333,1.2,"weekday",3,"40 to 64","1-2km","bicycle",1.2,0.109090909090909,0.583333333333333,0.763636363636364
"84899/1001",NA,84899,1168,"40-44 years","female",20,4053,"Other",276.858306884766,276.858306884766,"car",0.0833333333333333,1.06,"weekday",4,"40 to 64","1-2km","bicycle",1.06,0.0963636363636364,0.583333333333333,0.674545454545455
"84904/1000",NA,84904,1169,"25-29 years","female",20,4054,"Work",242.946258544922,242.946258544922,"car",0.583333333333333,12.53,"weekday",1,"20 to 39",">10km","car",12.53,0.583333333333333,4.08333333333333,4.08333333333333
"84904/1000",NA,84904,1169,"25-29 years","female",20,4055,"Work",242.946258544922,242.946258544922,"car",0.333333333333333,12.28,"weekday",2,"20 to 39",">10km","car",12.28,0.333333333333333,2.33333333333333,2.33333333333333
"84904/1001",NA,84904,1170,"25-29 years","male",20,4056,"Work",195.456893920898,195.456893920898,"car",0.583333333333333,12.53,"weekday",1,"20 to 39",">10km","car",12.53,0.583333333333333,4.08333333333333,4.08333333333333
"84904/1001",NA,84904,1170,"25-29 years","male",20,4057,"Work",195.456893920898,195.456893920898,"car",0.333333333333333,12.28,"weekday",2,"20 to 39",">10km","car",12.28,0.333333333333333,2.33333333333333,2.33333333333333
"84909/1000",NA,84909,1171,"25-29 years","female",20,4058,"Shopping",301.147644042969,301.147644042969,"car",0.166666666666667,4.16,"weekday",1,"20 to 39","3-5km","bicycle",4.16,0.378181818181818,1.16666666666667,2.64727272727273
"84909/1000",NA,84909,1171,"25-29 years","female",20,4059,"Shopping",301.147644042969,301.147644042969,"car",0.25,4.21,"weekday",2,"20 to 39","3-5km","bicycle",4.21,0.382727272727273,1.75,2.67909090909091
"84909/1000",NA,84909,1171,"25-29 years","female",20,4060,"Leisure",301.147644042969,301.147644042969,"car",0.0833333333333333,5.92,"weekday",3,"20 to 39","6-10km","car",5.92,0.0833333333333333,0.583333333333333,0.583333333333333
"84909/1000",NA,84909,1171,"25-29 years","female",20,4061,"Leisure",301.147644042969,301.147644042969,"car",0.0833333333333333,5.87,"weekday",4,"20 to 39","6-10km","car",5.87,0.0833333333333333,0.583333333333333,0.583333333333333
"84909/1001",NA,84909,1172,"25-29 years","male",20,4062,"Work",242.281494140625,242.281494140625,"other",0.416666666666667,10.02,"weekday",1,"20 to 39",">10km","other",10.02,0.416666666666667,2.91666666666667,2.91666666666667
"84909/1001",NA,84909,1172,"25-29 years","male",20,4063,"Work",242.281494140625,242.281494140625,"other",0.416666666666667,10.08,"weekday",2,"20 to 39",">10km","other",10.08,0.416666666666667,2.91666666666667,2.91666666666667
"84909/1001",NA,84909,1172,"25-29 years","male",20,4064,"Leisure",242.281494140625,242.281494140625,"car",0.0833333333333333,5.92,"weekday",3,"20 to 39","6-10km","car",5.92,0.0833333333333333,0.583333333333333,0.583333333333333
"84909/1001",NA,84909,1172,"25-29 years","male",20,4065,"Leisure",242.281494140625,242.281494140625,"car",0.0833333333333333,5.87,"weekday",4,"20 to 39","6-10km","car",5.87,0.0833333333333333,0.583333333333333,0.583333333333333
"84910/1000",NA,84910,1173,"30-34 years","female",20,4066,"Work",190.952270507812,190.952270507812,"car",0.333333333333333,6.03,"weekday",1,"20 to 39","6-10km","car",6.03,0.333333333333333,2.33333333333333,2.33333333333333
"84910/1000",NA,84910,1173,"30-34 years","female",20,4067,"Work",190.952270507812,190.952270507812,"car",0.25,5.98,"weekday",2,"20 to 39","6-10km","car",5.98,0.25,1.75,1.75
"84910/1001",NA,84910,1174,"30-34 years","male",20,4068,"Work",139.366546630859,139.366546630859,"car",0.5,25.83,"weekday",1,"20 to 39",">10km","car",25.83,0.5,3.5,3.5
"84910/1001",NA,84910,1174,"30-34 years","male",20,4069,"Work",139.366546630859,139.366546630859,"car",0.416666666666667,25.5,"weekday",2,"20 to 39",">10km","car",25.5,0.416666666666667,2.91666666666667,2.91666666666667
"84912/1000",NA,84912,1175,"80-84 years","male",20,4070,"Shopping",85.9947814941406,85.9947814941406,"car",0.166666666666667,0.96,"weekday",1,"65 plus","<1km","bicycle",0.96,0.0872727272727273,1.16666666666667,0.610909090909091
"84912/1000",NA,84912,1175,"80-84 years","male",20,4071,"Shopping",85.9947814941406,85.9947814941406,"car",0.166666666666667,0.96,"weekday",2,"65 plus","<1km","bicycle",0.96,0.0872727272727273,1.16666666666667,0.610909090909091
"84914/1000",NA,84914,1176,"30-34 years","female",20,4072,"Work",235.261520385742,235.261520385742,"car",0.416666666666667,14.46,"weekday",1,"20 to 39",">10km","car",14.46,0.416666666666667,2.91666666666667,2.91666666666667
"84914/1000",NA,84914,1176,"30-34 years","female",20,4073,"Work",235.261520385742,235.261520385742,"car",0.333333333333333,14.57,"weekday",2,"20 to 39",">10km","car",14.57,0.333333333333333,2.33333333333333,2.33333333333333
"84915/1000",NA,84915,1177,"40-44 years","female",20,4074,"Work",183.191558837891,183.191558837891,"car",0.916666666666667,47.53,"weekday",1,"40 to 64",">10km","car",47.53,0.916666666666667,6.41666666666667,6.41666666666667
"84915/1000",NA,84915,1177,"40-44 years","female",20,4075,"Shopping",183.191558837891,183.191558837891,"car",0.75,43.99,"weekday",2,"40 to 64",">10km","car",43.99,0.75,5.25,5.25
"84915/1000",NA,84915,1177,"40-44 years","female",20,4076,"Shopping",183.191558837891,183.191558837891,"car",0.166666666666667,5.11,"weekday",3,"40 to 64","6-10km","car",5.11,0.166666666666667,1.16666666666667,1.16666666666667
"84917/1000",NA,84917,1178,"45-49 years","female",20,4077,"Other",368.072875976562,368.072875976562,"car",0.0833333333333333,1.17,"weekday",1,"40 to 64","1-2km","bicycle",1.17,0.106363636363636,0.583333333333333,0.744545454545455
"84917/1000",NA,84917,1178,"45-49 years","female",20,4078,"Other",368.072875976562,368.072875976562,"car",0.0833333333333333,1.2,"weekday",2,"40 to 64","1-2km","bicycle",1.2,0.109090909090909,0.583333333333333,0.763636363636364
"84917/1002",NA,84917,1179,"15-19 years","female",20,4079,"Education",282.893920898438,282.893920898438,"car",0.166666666666667,1.17,"weekday",1,"15 to 19","1-2km","bicycle",1.17,0.106363636363636,1.16666666666667,0.744545454545455
"84917/1002",NA,84917,1179,"15-19 years","female",20,4080,"Work",282.893920898438,282.893920898438,"car",0.166666666666667,4.08,"weekday",2,"15 to 19","3-5km","bicycle",4.08,0.370909090909091,1.16666666666667,2.59636363636364
"84917/1002",NA,84917,1179,"15-19 years","female",20,4081,"Work",282.893920898438,282.893920898438,"car",0.116666666666667,3.16,"weekday",3,"15 to 19","3-5km","bicycle",3.16,0.287272727272727,0.816666666666667,2.01090909090909
"84917/1003",NA,84917,1180,"15-19 years","male",20,4082,"Education",317.808868408203,317.808868408203,"walking",0.166666666666667,0.63,"weekday",1,"15 to 19","<1km","walking",0.63,0.166666666666667,1.16666666666667,1.16666666666667
"84917/1003",NA,84917,1180,"15-19 years","male",20,4083,"Work",317.808868408203,317.808868408203,"walking",0.25,0.88,"weekday",2,"15 to 19","<1km","walking",0.88,0.25,1.75,1.75
"84917/1003",NA,84917,1180,"15-19 years","male",20,4084,"Work",317.808868408203,317.808868408203,"walking",0.166666666666667,1.34,"weekday",3,"15 to 19","1-2km","walking",1.34,0.166666666666667,1.16666666666667,1.16666666666667
"84920/1001",NA,84920,1181,"30-34 years","female",20,4085,"Shopping",190.952270507812,190.952270507812,"car",0.2,4.42,"weekday",1,"20 to 39","3-5km","bicycle",4.42,0.401818181818182,1.4,2.81272727272727
"84920/1001",NA,84920,1181,"30-34 years","female",20,4086,"Shopping",190.952270507812,190.952270507812,"car",0.1,4.24,"weekday",2,"20 to 39","3-5km","bicycle",4.24,0.385454545454545,0.7,2.69818181818182
"84921/1000",NA,84921,1182,"70-74 years","male",20,4087,"Other",152.748306274414,152.748306274414,"car",0.166666666666667,5.22,"weekday",1,"65 plus","6-10km","car",5.22,0.166666666666667,1.16666666666667,1.16666666666667
"84921/1000",NA,84921,1182,"70-74 years","male",20,4088,"Other",152.748306274414,152.748306274414,"walking",0.333333333333333,0.94,"weekday",1,"65 plus","<1km","walking",0.94,0.333333333333333,2.33333333333333,2.33333333333333
"84921/1000",NA,84921,1182,"70-74 years","male",20,4089,"Other",152.748306274414,152.748306274414,"car",0.333333333333333,3.18,"weekday",2,"65 plus","3-5km","bicycle",3.18,0.289090909090909,2.33333333333333,2.02363636363636
"84921/1000",NA,84921,1182,"70-74 years","male",20,4090,"Other",152.748306274414,152.748306274414,"car",0.333333333333333,9.23,"weekday",3,"65 plus","6-10km","car",9.23,0.333333333333333,2.33333333333333,2.33333333333333
"84921/1000",NA,84921,1182,"70-74 years","male",20,4091,"Shopping",152.748306274414,152.748306274414,"car",0.25,7.4,"weekday",4,"65 plus","6-10km","car",7.4,0.25,1.75,1.75
"84921/1000",NA,84921,1182,"70-74 years","male",20,4092,"Shopping",152.748306274414,152.748306274414,"car",0.35,7.42,"weekday",5,"65 plus","6-10km","car",7.42,0.35,2.45,2.45
"84922/1000",NA,84922,1183,"45-49 years","female",20,4093,"Shopping",303.152160644531,303.152160644531,"car",0.25,7.99,"weekday",1,"40 to 64","6-10km","car",7.99,0.25,1.75,1.75
"84922/1000",NA,84922,1183,"45-49 years","female",20,4094,"Shopping",303.152160644531,303.152160644531,"car",0.416666666666667,9.19,"weekday",2,"40 to 64","6-10km","car",9.19,0.416666666666667,2.91666666666667,2.91666666666667
"84922/1001",NA,84922,1184,"50-54 years","male",20,4095,"Work",205.661956787109,205.661956787109,"car",0.5,16.43,"weekday",1,"40 to 64",">10km","car",16.43,0.5,3.5,3.5
"84922/1001",NA,84922,1184,"50-54 years","male",20,4096,"Work",205.661956787109,205.661956787109,"car",0.666666666666667,16.11,"weekday",2,"40 to 64",">10km","car",16.11,0.666666666666667,4.66666666666667,4.66666666666667
"84922/1002",NA,84922,1185,"15-19 years","female",20,4097,"Other",232.997085571289,232.997085571289,"walking",0.166666666666667,0.58,"weekday",1,"15 to 19","<1km","walking",0.58,0.166666666666667,1.16666666666667,1.16666666666667
"84922/1002",NA,84922,1185,"15-19 years","female",20,4098,"Other",232.997085571289,232.997085571289,"walking",0.166666666666667,0.58,"weekday",2,"15 to 19","<1km","walking",0.58,0.166666666666667,1.16666666666667,1.16666666666667
"84922/1002",NA,84922,1185,"15-19 years","female",20,4099,"Other",232.997085571289,232.997085571289,"walking",0.166666666666667,0.58,"weekday",3,"15 to 19","<1km","walking",0.58,0.166666666666667,1.16666666666667,1.16666666666667
"84922/1002",NA,84922,1185,"15-19 years","female",20,4100,"Other",232.997085571289,232.997085571289,"walking",0.166666666666667,0.58,"weekday",4,"15 to 19","<1km","walking",0.58,0.166666666666667,1.16666666666667,1.16666666666667
"84922/1002",NA,84922,1185,"15-19 years","female",20,4101,"Shopping",232.997085571289,232.997085571289,"car",0.25,7.99,"weekday",5,"15 to 19","6-10km","car",7.99,0.25,1.75,1.75
"84922/1002",NA,84922,1185,"15-19 years","female",20,4102,"Shopping",232.997085571289,232.997085571289,"car",0.416666666666667,9.19,"weekday",6,"15 to 19","6-10km","car",9.19,0.416666666666667,2.91666666666667,2.91666666666667
"84924/1000",NA,84924,1186,"40-44 years","female",20,4103,"Other",315.374176025391,315.374176025391,"car",0.166666666666667,2.5,"weekday",1,"40 to 64","3-5km","bicycle",2.5,0.227272727272727,1.16666666666667,1.59090909090909
"84924/1000",NA,84924,1186,"40-44 years","female",20,4104,"Other",315.374176025391,315.374176025391,"car",0.166666666666667,2.51,"weekday",2,"40 to 64","3-5km","bicycle",2.51,0.228181818181818,1.16666666666667,1.59727272727273
"84924/1000",NA,84924,1186,"40-44 years","female",20,4105,"Other",315.374176025391,315.374176025391,"car",0.166666666666667,4.35,"weekday",3,"40 to 64","3-5km","bicycle",4.35,0.395454545454545,1.16666666666667,2.76818181818182
"84924/1000",NA,84924,1186,"40-44 years","female",20,4106,"Other",315.374176025391,315.374176025391,"car",0.166666666666667,4.34,"weekday",4,"40 to 64","3-5km","bicycle",4.34,0.394545454545455,1.16666666666667,2.76181818181818
"84924/1000",NA,84924,1186,"40-44 years","female",20,4107,"Other",315.374176025391,315.374176025391,"car",0.25,2.5,"weekday",5,"40 to 64","3-5km","bicycle",2.5,0.227272727272727,1.75,1.59090909090909
"84924/1000",NA,84924,1186,"40-44 years","female",20,4108,"Other",315.374176025391,315.374176025391,"car",0.216666666666667,2.51,"weekday",6,"40 to 64","3-5km","bicycle",2.51,0.228181818181818,1.51666666666667,1.59727272727273
"84924/1000",NA,84924,1186,"40-44 years","female",20,4109,"Other",315.374176025391,315.374176025391,"car",0.2,3.61,"weekday",7,"40 to 64","3-5km","bicycle",3.61,0.328181818181818,1.4,2.29727272727273
"84924/1000",NA,84924,1186,"40-44 years","female",20,4110,"Other",315.374176025391,315.374176025391,"car",0.25,3.59,"weekday",8,"40 to 64","3-5km","bicycle",3.59,0.326363636363636,1.75,2.28454545454545
"84924/1001",NA,84924,1187,"50-54 years","male",20,4111,"Work",249.704925537109,249.704925537109,"car",0.25,5.12,"weekday",1,"40 to 64","6-10km","car",5.12,0.25,1.75,1.75
"84924/1001",NA,84924,1187,"50-54 years","male",20,4112,"Work",249.704925537109,249.704925537109,"car",0.25,5.36,"weekday",2,"40 to 64","6-10km","car",5.36,0.25,1.75,1.75
"84924/1002",NA,84924,1188,"25-29 years","male",20,4113,"Shopping",452.385925292969,452.385925292969,"car",0.166666666666667,5.65,"weekday",1,"20 to 39","6-10km","car",5.65,0.166666666666667,1.16666666666667,1.16666666666667
"84924/1002",NA,84924,1188,"25-29 years","male",20,4114,"Shopping",452.385925292969,452.385925292969,"car",0.333333333333333,5.61,"weekday",2,"20 to 39","6-10km","car",5.61,0.333333333333333,2.33333333333333,2.33333333333333
"84924/1002",NA,84924,1188,"25-29 years","male",20,4115,"Leisure",452.385925292969,452.385925292969,"car",0.25,5.58,"weekday",3,"20 to 39","6-10km","car",5.58,0.25,1.75,1.75
"84924/1002",NA,84924,1188,"25-29 years","male",20,4116,"Leisure",452.385925292969,452.385925292969,"car",0.25,5.67,"weekday",4,"20 to 39","6-10km","car",5.67,0.25,1.75,1.75
"84926/1000",NA,84926,1189,"35-39 years","male",20,4117,"Leisure",148.682647705078,148.682647705078,"car",0.25,10.4,"weekday",1,"20 to 39",">10km","car",10.4,0.25,1.75,1.75
"84926/1000",NA,84926,1189,"35-39 years","male",20,4118,"Work",148.682647705078,148.682647705078,"car",0.5,18.57,"weekday",2,"20 to 39",">10km","car",18.57,0.5,3.5,3.5
"84926/1000",NA,84926,1189,"35-39 years","male",20,4119,"Work",148.682647705078,148.682647705078,"car",0.5,25.82,"weekday",3,"20 to 39",">10km","car",25.82,0.5,3.5,3.5
"84926/1001",NA,84926,1190,"35-39 years","female",20,4120,"Work",140.541229248047,140.541229248047,"car",0.75,21.06,"weekday",1,"20 to 39",">10km","car",21.06,0.75,5.25,5.25
"84926/1001",NA,84926,1190,"35-39 years","female",20,4121,"Work",140.541229248047,140.541229248047,"car",0.25,21.37,"weekday",2,"20 to 39",">10km","car",21.37,0.25,1.75,1.75
"84929/1000",NA,84929,1191,"30-34 years","male",20,4122,"Work",203.662582397461,203.662582397461,"car",0.416666666666667,15.89,"weekday",1,"20 to 39",">10km","car",15.89,0.416666666666667,2.91666666666667,2.91666666666667
"84929/1000",NA,84929,1191,"30-34 years","male",20,4123,"Work",203.662582397461,203.662582397461,"car",0.416666666666667,15.44,"weekday",2,"20 to 39",">10km","car",15.44,0.416666666666667,2.91666666666667,2.91666666666667
"84929/1001",NA,84929,1192,"30-34 years","male",20,4124,"Other",203.662582397461,203.662582397461,"car",0.5,23.87,"weekday",1,"20 to 39",">10km","car",23.87,0.5,3.5,3.5
"84929/1001",NA,84929,1192,"30-34 years","male",20,4125,"Work",203.662582397461,203.662582397461,"car",0.25,5.27,"weekday",2,"20 to 39","6-10km","car",5.27,0.25,1.75,1.75
"84929/1001",NA,84929,1192,"30-34 years","male",20,4126,"Work",203.662582397461,203.662582397461,"walking",0.166666666666667,0.48,"weekday",2,"20 to 39","<1km","walking",0.48,0.166666666666667,1.16666666666667,1.16666666666667
"84929/1001",NA,84929,1192,"30-34 years","male",20,4127,"Other",203.662582397461,203.662582397461,"walking",0.166666666666667,0.48,"weekday",3,"20 to 39","<1km","walking",0.48,0.166666666666667,1.16666666666667,1.16666666666667
"84929/1001",NA,84929,1192,"30-34 years","male",20,4128,"Other",203.662582397461,203.662582397461,"car",0.25,5.76,"weekday",3,"20 to 39","6-10km","car",5.76,0.25,1.75,1.75
"84929/1001",NA,84929,1192,"30-34 years","male",20,4129,"Work",203.662582397461,203.662582397461,"car",0.666666666666667,30.32,"weekday",4,"20 to 39",">10km","car",30.32,0.666666666666667,4.66666666666667,4.66666666666667
"84929/1001",NA,84929,1192,"30-34 years","male",20,4130,"Work",203.662582397461,203.662582397461,"car",0.416666666666667,8.92,"weekday",5,"20 to 39","6-10km","car",8.92,0.416666666666667,2.91666666666667,2.91666666666667
"84937/1000",NA,84937,1193,"80-84 years","male",20,4131,"Leisure",85.9947814941406,85.9947814941406,"car",0.166666666666667,3.89,"weekday",1,"65 plus","3-5km","bicycle",3.89,0.353636363636364,1.16666666666667,2.47545454545455
"84937/1000",NA,84937,1193,"80-84 years","male",20,4132,"Leisure",85.9947814941406,85.9947814941406,"walking",0.716666666666667,0.73,"weekday",2,"65 plus","<1km","walking",0.73,0.716666666666667,5.01666666666667,5.01666666666667
"84937/1000",NA,84937,1193,"80-84 years","male",20,4133,"Leisure",85.9947814941406,85.9947814941406,"car",0.0833333333333333,4.26,"weekday",3,"65 plus","3-5km","bicycle",4.26,0.387272727272727,0.583333333333333,2.71090909090909
"84937/1001",NA,84937,1194,"70-74 years","female",20,4134,"Leisure",148.091735839844,148.091735839844,"car",0.166666666666667,3.89,"weekday",1,"65 plus","3-5km","bicycle",3.89,0.353636363636364,1.16666666666667,2.47545454545455
"84937/1001",NA,84937,1194,"70-74 years","female",20,4135,"Leisure",148.091735839844,148.091735839844,"walking",0.716666666666667,0.73,"weekday",2,"65 plus","<1km","walking",0.73,0.716666666666667,5.01666666666667,5.01666666666667
"84937/1001",NA,84937,1194,"70-74 years","female",20,4136,"Leisure",148.091735839844,148.091735839844,"car",0.0833333333333333,4.26,"weekday",3,"65 plus","3-5km","bicycle",4.26,0.387272727272727,0.583333333333333,2.71090909090909
"84938/1000",NA,84938,1195,"65-69 years","male",20,4137,"Other",136.799423217773,136.799423217773,"car",0.183333333333333,5.18,"weekday",1,"65 plus","6-10km","car",5.18,0.183333333333333,1.28333333333333,1.28333333333333
"84938/1000",NA,84938,1195,"65-69 years","male",20,4138,"Other",136.799423217773,136.799423217773,"car",0.183333333333333,5.24,"weekday",2,"65 plus","6-10km","car",5.24,0.183333333333333,1.28333333333333,1.28333333333333
"84938/1000",NA,84938,1195,"65-69 years","male",20,4139,"Other",136.799423217773,136.799423217773,"car",0.183333333333333,5.18,"weekday",3,"65 plus","6-10km","car",5.18,0.183333333333333,1.28333333333333,1.28333333333333
"84938/1000",NA,84938,1195,"65-69 years","male",20,4140,"Other",136.799423217773,136.799423217773,"car",0.183333333333333,5.24,"weekday",4,"65 plus","6-10km","car",5.24,0.183333333333333,1.28333333333333,1.28333333333333
"84938/1001",NA,84938,1196,"55-59 years","female",20,4141,"Work",124.50057220459,124.50057220459,"car",0.183333333333333,5.18,"weekday",1,"40 to 64","6-10km","car",5.18,0.183333333333333,1.28333333333333,1.28333333333333
"84938/1001",NA,84938,1196,"55-59 years","female",20,4142,"Work",124.50057220459,124.50057220459,"car",0.183333333333333,5.24,"weekday",2,"40 to 64","6-10km","car",5.24,0.183333333333333,1.28333333333333,1.28333333333333
"84940/1000",NA,84940,1197,"35-39 years","female",20,4143,"Other",101.994979858398,101.994979858398,"car",0.166666666666667,2.45,"weekday",1,"20 to 39","3-5km","bicycle",2.45,0.222727272727273,1.16666666666667,1.55909090909091
"84940/1000",NA,84940,1197,"35-39 years","female",20,4144,"Shopping",101.994979858398,101.994979858398,"car",0.333333333333333,2.82,"weekday",2,"20 to 39","3-5km","bicycle",2.82,0.256363636363636,2.33333333333333,1.79454545454545
"84940/1000",NA,84940,1197,"35-39 years","female",20,4145,"Other",101.994979858398,101.994979858398,"car",0.5,14.04,"weekday",3,"20 to 39",">10km","car",14.04,0.5,3.5,3.5
"84940/1000",NA,84940,1197,"35-39 years","female",20,4146,"Other",101.994979858398,101.994979858398,"car",0.416666666666667,24.76,"weekday",4,"20 to 39",">10km","car",24.76,0.416666666666667,2.91666666666667,2.91666666666667
"84940/1000",NA,84940,1197,"35-39 years","female",20,4147,"Other",101.994979858398,101.994979858398,"car",0.583333333333333,21.92,"weekday",5,"20 to 39",">10km","car",21.92,0.583333333333333,4.08333333333333,4.08333333333333
"84940/1000",NA,84940,1197,"35-39 years","female",20,4148,"Other",101.994979858398,101.994979858398,"car",0.166666666666667,2.45,"weekday",6,"20 to 39","3-5km","bicycle",2.45,0.222727272727273,1.16666666666667,1.55909090909091
"84940/1000",NA,84940,1197,"35-39 years","female",20,4149,"Other",101.994979858398,101.994979858398,"car",0.166666666666667,2.2,"weekday",7,"20 to 39","3-5km","bicycle",2.2,0.2,1.16666666666667,1.4
"84940/1001",NA,84940,1198,"40-44 years","male",20,4150,"Work",121.04647064209,121.04647064209,"car",0.5,22.62,"weekday",1,"40 to 64",">10km","car",22.62,0.5,3.5,3.5
"84940/1001",NA,84940,1198,"40-44 years","male",20,4151,"Work",121.04647064209,121.04647064209,"car",0.5,23,"weekday",2,"40 to 64",">10km","car",23,0.5,3.5,3.5
"84941/1000",NA,84941,1199,"40-44 years","male",20,4152,"Work",121.04647064209,121.04647064209,"car",0.5,16.98,"weekday",1,"40 to 64",">10km","car",16.98,0.5,3.5,3.5
"84941/1001",NA,84941,1200,"35-39 years","female",20,4153,"Other",101.994979858398,101.994979858398,"car",0.333333333333333,14.12,"weekday",1,"20 to 39",">10km","car",14.12,0.333333333333333,2.33333333333333,2.33333333333333
"84941/1001",NA,84941,1200,"35-39 years","female",20,4154,"Work",101.994979858398,101.994979858398,"car",0.666666666666667,18.57,"weekday",2,"20 to 39",">10km","car",18.57,0.666666666666667,4.66666666666667,4.66666666666667
"84941/1001",NA,84941,1200,"35-39 years","female",20,4155,"Work",101.994979858398,101.994979858398,"car",0.166666666666667,6.93,"weekday",3,"20 to 39","6-10km","car",6.93,0.166666666666667,1.16666666666667,1.16666666666667
"84944/1000",NA,84944,1201,"75-79 years","male",20,4156,"Leisure",76.3799514770508,76.3799514770508,"car",0.25,4.51,"weekday",1,"65 plus","3-5km","bicycle",4.51,0.41,1.75,2.87
"84944/1000",NA,84944,1201,"75-79 years","male",20,4157,"Leisure",76.3799514770508,76.3799514770508,"car",0.25,4.37,"weekday",2,"65 plus","3-5km","bicycle",4.37,0.397272727272727,1.75,2.78090909090909
"84944/1000",NA,84944,1201,"75-79 years","male",20,4158,"Work",76.3799514770508,76.3799514770508,"car",0.0833333333333333,2.49,"weekday",3,"65 plus","3-5km","bicycle",2.49,0.226363636363636,0.583333333333333,1.58454545454545
"84944/1000",NA,84944,1201,"75-79 years","male",20,4159,"Work",76.3799514770508,76.3799514770508,"car",0.0833333333333333,2.24,"weekday",4,"65 plus","3-5km","bicycle",2.24,0.203636363636364,0.583333333333333,1.42545454545455
"84944/1000",NA,84944,1201,"75-79 years","male",20,4160,"Work",76.3799514770508,76.3799514770508,"car",0.0833333333333333,2.49,"weekday",5,"65 plus","3-5km","bicycle",2.49,0.226363636363636,0.583333333333333,1.58454545454545
"84944/1000",NA,84944,1201,"75-79 years","male",20,4161,"Work",76.3799514770508,76.3799514770508,"car",0.0833333333333333,2.24,"weekday",6,"65 plus","3-5km","bicycle",2.24,0.203636363636364,0.583333333333333,1.42545454545455
"84944/1001",NA,84944,1202,"60-64 years","female",20,4162,"Leisure",86.5198974609375,86.5198974609375,"car",0.25,4.51,"weekday",1,"40 to 64","3-5km","bicycle",4.51,0.41,1.75,2.87
"84944/1001",NA,84944,1202,"60-64 years","female",20,4163,"Leisure",86.5198974609375,86.5198974609375,"car",0.25,4.37,"weekday",2,"40 to 64","3-5km","bicycle",4.37,0.397272727272727,1.75,2.78090909090909
"84944/1001",NA,84944,1202,"60-64 years","female",20,4164,"Work",86.5198974609375,86.5198974609375,"car",0.25,4.51,"weekday",3,"40 to 64","3-5km","bicycle",4.51,0.41,1.75,2.87
"84944/1001",NA,84944,1202,"60-64 years","female",20,4165,"Work",86.5198974609375,86.5198974609375,"car",0.416666666666667,4.52,"weekday",4,"40 to 64","3-5km","bicycle",4.52,0.410909090909091,2.91666666666667,2.87636363636364
"84944/1001",NA,84944,1202,"60-64 years","female",20,4166,"Work",86.5198974609375,86.5198974609375,"car",0.333333333333333,4.51,"weekday",5,"40 to 64","3-5km","bicycle",4.51,0.41,2.33333333333333,2.87
"84944/1001",NA,84944,1202,"60-64 years","female",20,4167,"Work",86.5198974609375,86.5198974609375,"car",0.333333333333333,4.52,"weekday",6,"40 to 64","3-5km","bicycle",4.52,0.410909090909091,2.33333333333333,2.87636363636364
"84946/1000",NA,84946,1203,"65-69 years","female",20,4168,"Work",108.942321777344,108.942321777344,"car",0.166666666666667,3.97,"weekday",1,"65 plus","3-5km","bicycle",3.97,0.360909090909091,1.16666666666667,2.52636363636364
"84946/1000",NA,84946,1203,"65-69 years","female",20,4169,"Work",108.942321777344,108.942321777344,"car",0.166666666666667,3.95,"weekday",2,"65 plus","3-5km","bicycle",3.95,0.359090909090909,1.16666666666667,2.51363636363636
"84947/1000",NA,84947,1204,"50-54 years","male",20,4170,"Work",76.2739486694336,76.2739486694336,"car",0.433333333333333,13.26,"weekday",1,"40 to 64",">10km","car",13.26,0.433333333333333,3.03333333333333,3.03333333333333
"84947/1000",NA,84947,1204,"50-54 years","male",20,4171,"Work",76.2739486694336,76.2739486694336,"car",0.25,7.07,"weekday",2,"40 to 64","6-10km","car",7.07,0.25,1.75,1.75
"84947/1000",NA,84947,1204,"50-54 years","male",20,4172,"Other",76.2739486694336,76.2739486694336,"car",0.683333333333333,23.57,"weekday",3,"40 to 64",">10km","car",23.57,0.683333333333333,4.78333333333333,4.78333333333333
"84947/1000",NA,84947,1204,"50-54 years","male",20,4173,"Other",76.2739486694336,76.2739486694336,"car",0.15,4.26,"weekday",4,"40 to 64","3-5km","bicycle",4.26,0.387272727272727,1.05,2.71090909090909
"84948/1000",NA,84948,1205,"40-44 years","female",20,4174,"Work",77.7493667602539,77.7493667602539,"car",0.416666666666667,17.94,"weekday",1,"40 to 64",">10km","car",17.94,0.416666666666667,2.91666666666667,2.91666666666667
"84948/1000",NA,84948,1205,"40-44 years","female",20,4175,"Work",77.7493667602539,77.7493667602539,"car",0.5,17.99,"weekday",2,"40 to 64",">10km","car",17.99,0.5,3.5,3.5
"84949/1000",NA,84949,1206,"30-34 years","male",20,4176,"Work",94.9313201904297,94.9313201904297,"car",0.65,24.39,"weekday",1,"20 to 39",">10km","car",24.39,0.65,4.55,4.55
"84949/1000",NA,84949,1206,"30-34 years","male",20,4177,"Other",94.9313201904297,94.9313201904297,"car",0.6,21.49,"weekday",2,"20 to 39",">10km","car",21.49,0.6,4.2,4.2
"84949/1000",NA,84949,1206,"30-34 years","male",20,4178,"Other",94.9313201904297,94.9313201904297,"car",0.15,4.63,"weekday",3,"20 to 39","3-5km","bicycle",4.63,0.420909090909091,1.05,2.94636363636364
"84949/1000",NA,84949,1206,"30-34 years","male",20,4179,"Other",94.9313201904297,94.9313201904297,"car",0.133333333333333,3.99,"weekday",4,"20 to 39","3-5km","bicycle",3.99,0.362727272727273,0.933333333333333,2.53909090909091
"84949/1001",NA,84949,1207,"30-34 years","female",20,4180,"Shopping",72.7955856323242,72.7955856323242,"car",0.25,4.59,"weekday",1,"20 to 39","3-5km","bicycle",4.59,0.417272727272727,1.75,2.92090909090909
"84949/1001",NA,84949,1207,"30-34 years","female",20,4181,"Other",72.7955856323242,72.7955856323242,"car",0.183333333333333,6.16,"weekday",2,"20 to 39","6-10km","car",6.16,0.183333333333333,1.28333333333333,1.28333333333333
"84949/1001",NA,84949,1207,"30-34 years","female",20,4182,"Leisure",72.7955856323242,72.7955856323242,"car",0.0333333333333333,0.45,"weekday",3,"20 to 39","<1km","bicycle",0.45,0.0409090909090909,0.233333333333333,0.286363636363636
"84949/1001",NA,84949,1207,"30-34 years","female",20,4183,"Leisure",72.7955856323242,72.7955856323242,"car",0.15,3.99,"weekday",4,"20 to 39","3-5km","bicycle",3.99,0.362727272727273,1.05,2.53909090909091
"84950/1000",NA,84950,1208,"70-74 years","male",20,4184,"Leisure",68.7407379150391,68.7407379150391,"walking",0.25,1.04,"weekday",1,"65 plus","1-2km","walking",1.04,0.25,1.75,1.75
"84950/1000",NA,84950,1208,"70-74 years","male",20,4185,"Leisure",68.7407379150391,68.7407379150391,"walking",0.666666666666667,1.04,"weekday",2,"65 plus","1-2km","walking",1.04,0.666666666666667,4.66666666666667,4.66666666666667
"84950/1000",NA,84950,1208,"70-74 years","male",20,4186,"Leisure",68.7407379150391,68.7407379150391,"car",0.5,14.16,"weekday",3,"65 plus",">10km","car",14.16,0.5,3.5,3.5
"84950/1000",NA,84950,1208,"70-74 years","male",20,4187,"Leisure",68.7407379150391,68.7407379150391,"car",0.5,14.04,"weekday",4,"65 plus",">10km","car",14.04,0.5,3.5,3.5
"84950/1004",NA,84950,1209,"70-74 years","female",20,4188,"Leisure",74.8938827514648,74.8938827514648,"walking",0.25,1.04,"weekday",1,"65 plus","1-2km","walking",1.04,0.25,1.75,1.75
"84950/1004",NA,84950,1209,"70-74 years","female",20,4189,"Leisure",74.8938827514648,74.8938827514648,"walking",0.666666666666667,1.04,"weekday",2,"65 plus","1-2km","walking",1.04,0.666666666666667,4.66666666666667,4.66666666666667
"84950/1004",NA,84950,1209,"70-74 years","female",20,4190,"Other",74.8938827514648,74.8938827514648,"car",0.5,14.16,"weekday",3,"65 plus",">10km","car",14.16,0.5,3.5,3.5
"84950/1004",NA,84950,1209,"70-74 years","female",20,4191,"Other",74.8938827514648,74.8938827514648,"car",0.5,14.04,"weekday",4,"65 plus",">10km","car",14.04,0.5,3.5,3.5
"84951/1000",NA,84951,1210,"30-34 years","male",20,4192,"Work",94.9313201904297,94.9313201904297,"car",0.666666666666667,23.35,"weekday",1,"20 to 39",">10km","car",23.35,0.666666666666667,4.66666666666667,4.66666666666667
"84951/1000",NA,84951,1210,"30-34 years","male",20,4193,"Work",94.9313201904297,94.9313201904297,"car",0.666666666666667,23.35,"weekday",2,"20 to 39",">10km","car",23.35,0.666666666666667,4.66666666666667,4.66666666666667
"84951/1001",NA,84951,1211,"30-34 years","female",20,4194,"Work",72.7955856323242,72.7955856323242,"car",0.25,6.77,"weekday",1,"20 to 39","6-10km","car",6.77,0.25,1.75,1.75
"84951/1001",NA,84951,1211,"30-34 years","female",20,4195,"Work",72.7955856323242,72.7955856323242,"car",0.333333333333333,6.94,"weekday",2,"20 to 39","6-10km","car",6.94,0.333333333333333,2.33333333333333,2.33333333333333
"84954/1001",NA,84954,1213,"35-39 years","female",20,4197,"Other",136.559432983398,136.559432983398,"car",0.166666666666667,3.03,"weekday",1,"20 to 39","3-5km","bicycle",3.03,0.275454545454545,1.16666666666667,1.92818181818182
"84954/1001",NA,84954,1213,"35-39 years","female",20,4198,"Other",136.559432983398,136.559432983398,"car",0.25,3.03,"weekday",2,"20 to 39","3-5km","bicycle",3.03,0.275454545454545,1.75,1.92818181818182
"84954/1001",NA,84954,1213,"35-39 years","female",20,4199,"Other",136.559432983398,136.559432983398,"car",0.25,3.03,"weekday",3,"20 to 39","3-5km","bicycle",3.03,0.275454545454545,1.75,1.92818181818182
"84954/1001",NA,84954,1213,"35-39 years","female",20,4200,"Other",136.559432983398,136.559432983398,"car",0.25,3.03,"weekday",4,"20 to 39","3-5km","bicycle",3.03,0.275454545454545,1.75,1.92818181818182
"84954/1001",NA,84954,1213,"35-39 years","female",20,4201,"Shopping",136.559432983398,136.559432983398,"car",0.25,5.1,"weekday",5,"20 to 39","6-10km","car",5.1,0.25,1.75,1.75
"84954/1001",NA,84954,1213,"35-39 years","female",20,4202,"Shopping",136.559432983398,136.559432983398,"car",0.25,5.15,"weekday",6,"20 to 39","6-10km","car",5.15,0.25,1.75,1.75
"84955/1000",NA,84955,1214,"50-54 years","male",20,4203,"Work",76.2739486694336,76.2739486694336,"car",0.333333333333333,19.52,"weekday",1,"40 to 64",">10km","car",19.52,0.333333333333333,2.33333333333333,2.33333333333333
"84955/1000",NA,84955,1214,"50-54 years","male",20,4204,"Work",76.2739486694336,76.2739486694336,"car",0.5,20.87,"weekday",2,"40 to 64",">10km","car",20.87,0.5,3.5,3.5
"84955/1001",NA,84955,1215,"25-29 years","female",20,4205,"Work",90.3303756713867,90.3303756713867,"car",0.333333333333333,9.34,"weekday",1,"20 to 39","6-10km","car",9.34,0.333333333333333,2.33333333333333,2.33333333333333
"84955/1001",NA,84955,1215,"25-29 years","female",20,4206,"Work",90.3303756713867,90.3303756713867,"car",0.333333333333333,9.3,"weekday",2,"20 to 39","6-10km","car",9.3,0.333333333333333,2.33333333333333,2.33333333333333
"84957/1001",NA,84957,1216,"30-34 years","male",20,4207,"Work",94.9313201904297,94.9313201904297,"car",0.333333333333333,13.02,"weekday",1,"20 to 39",">10km","car",13.02,0.333333333333333,2.33333333333333,2.33333333333333
"84957/1001",NA,84957,1216,"30-34 years","male",20,4208,"Work",94.9313201904297,94.9313201904297,"car",0.25,13.13,"weekday",2,"20 to 39",">10km","car",13.13,0.25,1.75,1.75
"84958/1002",NA,84958,1217,"15-19 years","female",20,4209,"Education",134.606628417969,134.606628417969,"walking",0.0833333333333333,0.8,"weekday",1,"15 to 19","<1km","walking",0.8,0.0833333333333333,0.583333333333333,0.583333333333333
"84958/1002",NA,84958,1217,"15-19 years","female",20,4210,"Education",134.606628417969,134.606628417969,"public.transport",0.25,5.19,"weekday",1,"15 to 19","6-10km","public.transport",5.19,0.25,1.75,1.75
"84958/1002",NA,84958,1217,"15-19 years","female",20,4211,"Education",134.606628417969,134.606628417969,"walking",0.0833333333333333,0.53,"weekday",1,"15 to 19","<1km","walking",0.53,0.0833333333333333,0.583333333333333,0.583333333333333
"84958/1002",NA,84958,1217,"15-19 years","female",20,4212,"Education",134.606628417969,134.606628417969,"walking",0.0833333333333333,0.53,"weekday",2,"15 to 19","<1km","walking",0.53,0.0833333333333333,0.583333333333333,0.583333333333333
"84958/1002",NA,84958,1217,"15-19 years","female",20,4213,"Education",134.606628417969,134.606628417969,"public.transport",0.25,5.14,"weekday",2,"15 to 19","6-10km","public.transport",5.14,0.25,1.75,1.75
"84958/1002",NA,84958,1217,"15-19 years","female",20,4214,"Education",134.606628417969,134.606628417969,"walking",0.25,0.8,"weekday",2,"15 to 19","<1km","walking",0.8,0.25,1.75,1.75
"84964/1000",NA,84964,1218,"50-54 years","female",20,4215,"Other",69.2914581298828,69.2914581298828,"car",0.25,2.86,"weekday",1,"40 to 64","3-5km","bicycle",2.86,0.26,1.75,1.82
"84964/1000",NA,84964,1218,"50-54 years","female",20,4216,"Other",69.2914581298828,69.2914581298828,"car",0.25,3.13,"weekday",2,"40 to 64","3-5km","bicycle",3.13,0.284545454545455,1.75,1.99181818181818
"84964/1000",NA,84964,1218,"50-54 years","female",20,4217,"Work",69.2914581298828,69.2914581298828,"car",0.983333333333333,47.12,"weekday",3,"40 to 64",">10km","car",47.12,0.983333333333333,6.88333333333333,6.88333333333333
"84964/1000",NA,84964,1218,"50-54 years","female",20,4218,"Leisure",69.2914581298828,69.2914581298828,"car",0.533333333333333,15.43,"weekday",4,"40 to 64",">10km","car",15.43,0.533333333333333,3.73333333333333,3.73333333333333
"84964/1000",NA,84964,1218,"50-54 years","female",20,4219,"Leisure",69.2914581298828,69.2914581298828,"car",1.01666666666667,32.24,"weekday",5,"40 to 64",">10km","car",32.24,1.01666666666667,7.11666666666667,7.11666666666667
"84964/1000",NA,84964,1218,"50-54 years","female",20,4220,"Other",69.2914581298828,69.2914581298828,"car",0.233333333333333,2.86,"weekday",6,"40 to 64","3-5km","bicycle",2.86,0.26,1.63333333333333,1.82
"84964/1000",NA,84964,1218,"50-54 years","female",20,4221,"Other",69.2914581298828,69.2914581298828,"car",0.233333333333333,3.13,"weekday",7,"40 to 64","3-5km","bicycle",3.13,0.284545454545455,1.63333333333333,1.99181818181818
"84964/1001",NA,84964,1219,"45-49 years","male",20,4222,"Other",86.0019607543945,86.0019607543945,"car",0.233333333333333,2.86,"weekday",1,"40 to 64","3-5km","bicycle",2.86,0.26,1.63333333333333,1.82
"84964/1001",NA,84964,1219,"45-49 years","male",20,4223,"Other",86.0019607543945,86.0019607543945,"car",0.25,3.13,"weekday",2,"40 to 64","3-5km","bicycle",3.13,0.284545454545455,1.75,1.99181818181818
"84964/1001",NA,84964,1219,"45-49 years","male",20,4224,"Other",86.0019607543945,86.0019607543945,"car",0.45,20.78,"weekday",3,"40 to 64",">10km","car",20.78,0.45,3.15,3.15
"84964/1001",NA,84964,1219,"45-49 years","male",20,4225,"Other",86.0019607543945,86.0019607543945,"car",0.483333333333333,20.79,"weekday",4,"40 to 64",">10km","car",20.79,0.483333333333333,3.38333333333333,3.38333333333333
"84964/1001",NA,84964,1219,"45-49 years","male",20,4226,"Other",86.0019607543945,86.0019607543945,"car",0.233333333333333,2.86,"weekday",5,"40 to 64","3-5km","bicycle",2.86,0.26,1.63333333333333,1.82
"84964/1001",NA,84964,1219,"45-49 years","male",20,4227,"Other",86.0019607543945,86.0019607543945,"car",0.316666666666667,3.13,"weekday",6,"40 to 64","3-5km","bicycle",3.13,0.284545454545455,2.21666666666667,1.99181818181818
"84964/1001",NA,84964,1219,"45-49 years","male",20,4228,"Other",86.0019607543945,86.0019607543945,"car",0.15,3,"weekday",7,"40 to 64","3-5km","bicycle",3,0.272727272727273,1.05,1.90909090909091
"84964/1001",NA,84964,1219,"45-49 years","male",20,4229,"Other",86.0019607543945,86.0019607543945,"car",0.466666666666667,15.91,"weekday",8,"40 to 64",">10km","car",15.91,0.466666666666667,3.26666666666667,3.26666666666667
"84964/1001",NA,84964,1219,"45-49 years","male",20,4230,"Other",86.0019607543945,86.0019607543945,"car",0.483333333333333,18.59,"weekday",9,"40 to 64",">10km","car",18.59,0.483333333333333,3.38333333333333,3.38333333333333
"84965/1000",NA,84965,1220,"35-39 years","male",20,4231,"Work",66.6014175415039,66.6014175415039,"car",0.833333333333333,35.12,"weekday",1,"20 to 39",">10km","car",35.12,0.833333333333333,5.83333333333333,5.83333333333333
"84965/1000",NA,84965,1220,"35-39 years","male",20,4232,"Work",66.6014175415039,66.6014175415039,"car",0.45,18.51,"weekday",2,"20 to 39",">10km","car",18.51,0.45,3.15,3.15
"84965/1000",NA,84965,1220,"35-39 years","male",20,4233,"Work",66.6014175415039,66.6014175415039,"car",0.916666666666667,18.75,"weekday",3,"20 to 39",">10km","car",18.75,0.916666666666667,6.41666666666667,6.41666666666667
"84965/1000",NA,84965,1220,"35-39 years","male",20,4234,"Work",66.6014175415039,66.6014175415039,"car",0.616666666666667,24.25,"weekday",4,"20 to 39",">10km","car",24.25,0.616666666666667,4.31666666666667,4.31666666666667
"84965/1000",NA,84965,1220,"35-39 years","male",20,4235,"Work",66.6014175415039,66.6014175415039,"car",0.2,3.71,"weekday",5,"20 to 39","3-5km","bicycle",3.71,0.337272727272727,1.4,2.36090909090909
"84965/1000",NA,84965,1220,"35-39 years","male",20,4236,"Work",66.6014175415039,66.6014175415039,"car",0.683333333333333,28.81,"weekday",6,"20 to 39",">10km","car",28.81,0.683333333333333,4.78333333333333,4.78333333333333
"84965/1001",NA,84965,1221,"30-34 years","female",20,4237,"Other",72.7955856323242,72.7955856323242,"car",0.0833333333333333,0.69,"weekday",1,"20 to 39","<1km","bicycle",0.69,0.0627272727272727,0.583333333333333,0.439090909090909
"84965/1001",NA,84965,1221,"30-34 years","female",20,4238,"Shopping",72.7955856323242,72.7955856323242,"car",0.166666666666667,4.23,"weekday",2,"20 to 39","3-5km","bicycle",4.23,0.384545454545455,1.16666666666667,2.69181818181818
"84965/1001",NA,84965,1221,"30-34 years","female",20,4239,"Work",72.7955856323242,72.7955856323242,"car",0.75,20.79,"weekday",3,"20 to 39",">10km","car",20.79,0.75,5.25,5.25
"84965/1001",NA,84965,1221,"30-34 years","female",20,4240,"Other",72.7955856323242,72.7955856323242,"car",0.666666666666667,24.35,"weekday",4,"20 to 39",">10km","car",24.35,0.666666666666667,4.66666666666667,4.66666666666667
"84965/1001",NA,84965,1221,"30-34 years","female",20,4241,"Other",72.7955856323242,72.7955856323242,"car",0.0833333333333333,0.66,"weekday",5,"20 to 39","<1km","bicycle",0.66,0.06,0.583333333333333,0.42
"84965/1001",NA,84965,1221,"30-34 years","female",20,4242,"Leisure",72.7955856323242,72.7955856323242,"walking",0.333333333333333,0.76,"weekday",6,"20 to 39","<1km","walking",0.76,0.333333333333333,2.33333333333333,2.33333333333333
"84965/1001",NA,84965,1221,"30-34 years","female",20,4243,"Leisure",72.7955856323242,72.7955856323242,"walking",0.333333333333333,0.76,"weekday",7,"20 to 39","<1km","walking",0.76,0.333333333333333,2.33333333333333,2.33333333333333
"84966/1000",NA,84966,1222,"35-39 years","male",20,4244,"Work",66.6014175415039,66.6014175415039,"car",0.833333333333333,25.64,"weekday",1,"20 to 39",">10km","car",25.64,0.833333333333333,5.83333333333333,5.83333333333333
"84966/1000",NA,84966,1222,"35-39 years","male",20,4245,"Work",66.6014175415039,66.6014175415039,"car",0.666666666666667,25.21,"weekday",2,"20 to 39",">10km","car",25.21,0.666666666666667,4.66666666666667,4.66666666666667
"84967/1000",NA,84967,1223,"75-79 years","male",20,4246,"Leisure",96.7556304931641,96.7556304931641,"walking",0.0833333333333333,0.4,"weekday",1,"65 plus","<1km","walking",0.4,0.0833333333333333,0.583333333333333,0.583333333333333
"84967/1000",NA,84967,1223,"75-79 years","male",20,4247,"Leisure",96.7556304931641,96.7556304931641,"walking",0.133333333333333,0.4,"weekday",2,"65 plus","<1km","walking",0.4,0.133333333333333,0.933333333333333,0.933333333333333
"84968/1000",NA,84968,1224,"80-84 years","female",20,4248,"Shopping",100.898826599121,100.898826599121,"car",0.0833333333333333,3.24,"weekday",1,"65 plus","3-5km","bicycle",3.24,0.294545454545455,0.583333333333333,2.06181818181818
"84968/1000",NA,84968,1224,"80-84 years","female",20,4249,"Shopping",100.898826599121,100.898826599121,"car",0.0833333333333333,3.2,"weekday",2,"65 plus","3-5km","bicycle",3.2,0.290909090909091,0.583333333333333,2.03636363636364
"84969/1000",NA,84969,1225,"25-29 years","male",20,4250,"Shopping",80.8674468994141,80.8674468994141,"car",0.416666666666667,15.43,"weekday",1,"20 to 39",">10km","car",15.43,0.416666666666667,2.91666666666667,2.91666666666667
"84969/1000",NA,84969,1225,"25-29 years","male",20,4251,"Shopping",80.8674468994141,80.8674468994141,"car",0.416666666666667,15.47,"weekday",2,"20 to 39",">10km","car",15.47,0.416666666666667,2.91666666666667,2.91666666666667
"84969/1001",NA,84969,1226,"25-29 years","female",20,4252,"Work",90.3303756713867,90.3303756713867,"public.transport",0.233333333333333,5.68,"weekday",1,"20 to 39","6-10km","public.transport",5.68,0.233333333333333,1.63333333333333,1.63333333333333
"84969/1001",NA,84969,1226,"25-29 years","female",20,4253,"Work",90.3303756713867,90.3303756713867,"car",0.25,5.72,"weekday",2,"20 to 39","6-10km","car",5.72,0.25,1.75,1.75
"85030/1000",NA,85030,1227,"40-44 years","female",20,4254,"Work",211.447692871094,211.447692871094,"car",0.583333333333333,31.66,"weekday",1,"40 to 64",">10km","car",31.66,0.583333333333333,4.08333333333333,4.08333333333333
"85030/1000",NA,85030,1227,"40-44 years","female",20,4255,"Work",211.447692871094,211.447692871094,"car",0.666666666666667,32.12,"weekday",2,"40 to 64",">10km","car",32.12,0.666666666666667,4.66666666666667,4.66666666666667
"85031/1000",NA,85031,1228,"55-59 years","female",20,4256,"Work",179.280990600586,179.280990600586,"car",0.366666666666667,13.91,"weekday",1,"40 to 64",">10km","car",13.91,0.366666666666667,2.56666666666667,2.56666666666667
"85031/1000",NA,85031,1228,"55-59 years","female",20,4257,"Work",179.280990600586,179.280990600586,"car",0.333333333333333,13.85,"weekday",2,"40 to 64",">10km","car",13.85,0.333333333333333,2.33333333333333,2.33333333333333
"85031/1001",NA,85031,1229,"55-59 years","male",20,4258,"Work",261.203918457031,261.203918457031,"other",0.5,22.16,"weekday",1,"40 to 64",">10km","other",22.16,0.5,3.5,3.5
"85031/1001",NA,85031,1229,"55-59 years","male",20,4259,"Work",261.203918457031,261.203918457031,"other",0.5,22.23,"weekday",2,"40 to 64",">10km","other",22.23,0.5,3.5,3.5
"85038/1000",NA,85038,1230,"60-64 years","female",20,4260,"Other",249.79345703125,249.79345703125,"car",0.5,11.06,"weekday",1,"40 to 64",">10km","car",11.06,0.5,3.5,3.5
"85038/1000",NA,85038,1230,"60-64 years","female",20,4261,"Other",249.79345703125,249.79345703125,"car",1,10.99,"weekday",2,"40 to 64",">10km","car",10.99,1,7,7
"85038/1001",NA,85038,1231,"60-64 years","male",20,4262,"Work",227.791702270508,227.791702270508,"car",0.166666666666667,3.82,"weekday",1,"40 to 64","3-5km","bicycle",3.82,0.347272727272727,1.16666666666667,2.43090909090909
"85038/1001",NA,85038,1231,"60-64 years","male",20,4263,"Work",227.791702270508,227.791702270508,"car",0.166666666666667,3.73,"weekday",2,"40 to 64","3-5km","bicycle",3.73,0.339090909090909,1.16666666666667,2.37363636363636
"85038/1002",NA,85038,1232,"20-24 years","male",20,4264,"Education",589.546936035156,589.546936035156,"car",1,37.35,"weekday",1,"20 to 39",">10km","car",37.35,1,7,7
"85038/1002",NA,85038,1232,"20-24 years","male",20,4265,"Education",589.546936035156,589.546936035156,"car",1,37.67,"weekday",2,"20 to 39",">10km","car",37.67,1,7,7
"85039/1000",NA,85039,1233,"70-74 years","male",20,4267,"Shopping",152.162673950195,152.162673950195,"car",0.0833333333333333,4.45,"weekday",2,"65 plus","3-5km","bicycle",4.45,0.404545454545455,0.583333333333333,2.83181818181818
"85039/1000",NA,85039,1233,"70-74 years","male",20,4268,"Shopping",152.162673950195,152.162673950195,"car",0.0833333333333333,4.32,"weekday",3,"65 plus","3-5km","bicycle",4.32,0.392727272727273,0.583333333333333,2.74909090909091
"85039/1001",NA,85039,1234,"60-64 years","female",20,4270,"Shopping",156.893493652344,156.893493652344,"car",0.0833333333333333,4.45,"weekday",2,"40 to 64","3-5km","bicycle",4.45,0.404545454545455,0.583333333333333,2.83181818181818
"85039/1001",NA,85039,1234,"60-64 years","female",20,4271,"Shopping",156.893493652344,156.893493652344,"car",0.0833333333333333,4.32,"weekday",3,"40 to 64","3-5km","bicycle",4.32,0.392727272727273,0.583333333333333,2.74909090909091
"85040/1000",NA,85040,1235,"35-39 years","male",20,4272,"Work",253.730651855469,253.730651855469,"car",0.166666666666667,6.57,"weekday",1,"20 to 39","6-10km","car",6.57,0.166666666666667,1.16666666666667,1.16666666666667
"85040/1000",NA,85040,1235,"35-39 years","male",20,4273,"Work",253.730651855469,253.730651855469,"car",0.25,6.52,"weekday",2,"20 to 39","6-10km","car",6.52,0.25,1.75,1.75
"85040/1001",NA,85040,1236,"35-39 years","female",20,4274,"Other",234.266296386719,234.266296386719,"car",0.133333333333333,2.97,"weekday",1,"20 to 39","3-5km","bicycle",2.97,0.27,0.933333333333333,1.89
"85040/1001",NA,85040,1236,"35-39 years","female",20,4275,"Other",234.266296386719,234.266296386719,"car",0.133333333333333,2.94,"weekday",2,"20 to 39","3-5km","bicycle",2.94,0.267272727272727,0.933333333333333,1.87090909090909
"85040/1001",NA,85040,1236,"35-39 years","female",20,4276,"Other",234.266296386719,234.266296386719,"car",0.166666666666667,2.97,"weekday",3,"20 to 39","3-5km","bicycle",2.97,0.27,1.16666666666667,1.89
"85040/1001",NA,85040,1236,"35-39 years","female",20,4277,"Other",234.266296386719,234.266296386719,"car",0.15,2.94,"weekday",4,"20 to 39","3-5km","bicycle",2.94,0.267272727272727,1.05,1.87090909090909
"85041/1000",NA,85041,1237,"40-44 years","female",20,4279,"Other",336.650360107422,336.650360107422,"car",0.333333333333333,2.94,"weekday",1,"40 to 64","3-5km","bicycle",2.94,0.267272727272727,2.33333333333333,1.87090909090909
"85041/1000",NA,85041,1237,"40-44 years","female",20,4280,"Work",336.650360107422,336.650360107422,"car",0.916666666666667,37.05,"weekday",2,"40 to 64",">10km","car",37.05,0.916666666666667,6.41666666666667,6.41666666666667
"85041/1000",NA,85041,1237,"40-44 years","female",20,4281,"Work",336.650360107422,336.650360107422,"car",0.666666666666667,39.86,"weekday",3,"40 to 64",">10km","car",39.86,0.666666666666667,4.66666666666667,4.66666666666667
"85041/1000",NA,85041,1237,"40-44 years","female",20,4282,"Other",336.650360107422,336.650360107422,"car",0.333333333333333,2.94,"weekday",4,"40 to 64","3-5km","bicycle",2.94,0.267272727272727,2.33333333333333,1.87090909090909
"85041/1000",NA,85041,1237,"40-44 years","female",20,4283,"Other",336.650360107422,336.650360107422,"car",0.2,2.91,"weekday",5,"40 to 64","3-5km","bicycle",2.91,0.264545454545455,1.4,1.85181818181818
"85042/1000",NA,85042,1238,"70-74 years","female",20,4284,"Shopping",218.71923828125,218.71923828125,"car",0.75,44.02,"weekday",1,"65 plus",">10km","car",44.02,0.75,5.25,5.25
"85042/1000",NA,85042,1238,"70-74 years","female",20,4285,"Shopping",218.71923828125,218.71923828125,"car",0.75,43.45,"weekday",2,"65 plus",">10km","car",43.45,0.75,5.25,5.25
"85044/1000",NA,85044,1239,"45-49 years","female",20,4286,"Work",184.702865600586,184.702865600586,"car",0.866666666666667,25.07,"weekday",1,"40 to 64",">10km","car",25.07,0.866666666666667,6.06666666666667,6.06666666666667
"85044/1000",NA,85044,1239,"45-49 years","female",20,4287,"Work",184.702865600586,184.702865600586,"car",1,25.43,"weekday",2,"40 to 64",">10km","car",25.43,1,7,7
"85044/1001",NA,85044,1240,"20-24 years","male",20,4288,"Work",370.290222167969,370.290222167969,"car",0.266666666666667,4.44,"weekday",1,"20 to 39","3-5km","bicycle",4.44,0.403636363636364,1.86666666666667,2.82545454545455
"85044/1001",NA,85044,1240,"20-24 years","male",20,4289,"Work",370.290222167969,370.290222167969,"car",0.233333333333333,4.28,"weekday",2,"20 to 39","3-5km","bicycle",4.28,0.389090909090909,1.63333333333333,2.72363636363636
"85047/1000",NA,85047,1241,"70-74 years","female",20,4290,"Shopping",171.396911621094,171.396911621094,"car",0.333333333333333,14.75,"weekday",1,"65 plus",">10km","car",14.75,0.333333333333333,2.33333333333333,2.33333333333333
"85047/1000",NA,85047,1241,"70-74 years","female",20,4291,"Shopping",171.396911621094,171.396911621094,"car",0.75,15.07,"weekday",2,"65 plus",">10km","car",15.07,0.75,5.25,5.25
"85047/1000",NA,85047,1241,"70-74 years","female",20,4292,"Shopping",171.396911621094,171.396911621094,"car",1,70.69,"weekday",3,"65 plus",">10km","car",70.69,1,7,7
"85047/1000",NA,85047,1241,"70-74 years","female",20,4293,"Shopping",171.396911621094,171.396911621094,"car",1,70.27,"weekday",4,"65 plus",">10km","car",70.27,1,7,7
"85047/1001",NA,85047,1242,"75-79 years","male",20,4294,"Shopping",146.185394287109,146.185394287109,"car",0.333333333333333,14.75,"weekday",1,"65 plus",">10km","car",14.75,0.333333333333333,2.33333333333333,2.33333333333333
"85047/1001",NA,85047,1242,"75-79 years","male",20,4295,"Shopping",146.185394287109,146.185394287109,"car",0.75,15.07,"weekday",2,"65 plus",">10km","car",15.07,0.75,5.25,5.25
"85047/1001",NA,85047,1242,"75-79 years","male",20,4296,"Leisure",146.185394287109,146.185394287109,"car",1,70.69,"weekday",3,"65 plus",">10km","car",70.69,1,7,7
"85047/1001",NA,85047,1242,"75-79 years","male",20,4297,"Leisure",146.185394287109,146.185394287109,"car",1,70.27,"weekday",4,"65 plus",">10km","car",70.27,1,7,7
"85048/1000",NA,85048,1243,"60-64 years","male",20,4298,"Work",143.074340820312,143.074340820312,"car",0.5,20.18,"weekday",1,"40 to 64",">10km","car",20.18,0.5,3.5,3.5
"85048/1000",NA,85048,1243,"60-64 years","male",20,4299,"Work",143.074340820312,143.074340820312,"car",1,20.43,"weekday",2,"40 to 64",">10km","car",20.43,1,7,7
"85048/1000",NA,85048,1243,"60-64 years","male",20,4300,"Shopping",143.074340820312,143.074340820312,"car",0.0833333333333333,4.36,"weekday",3,"40 to 64","3-5km","bicycle",4.36,0.396363636363636,0.583333333333333,2.77454545454545
"85048/1000",NA,85048,1243,"60-64 years","male",20,4301,"Shopping",143.074340820312,143.074340820312,"car",0.0833333333333333,4.23,"weekday",4,"40 to 64","3-5km","bicycle",4.23,0.384545454545455,0.583333333333333,2.69181818181818
"85048/1001",NA,85048,1244,"70-74 years","female",20,4303,"Shopping",171.396911621094,171.396911621094,"car",0.0833333333333333,4.36,"weekday",2,"65 plus","3-5km","bicycle",4.36,0.396363636363636,0.583333333333333,2.77454545454545
"85048/1001",NA,85048,1244,"70-74 years","female",20,4304,"Shopping",171.396911621094,171.396911621094,"car",0.0833333333333333,4.23,"weekday",3,"65 plus","3-5km","bicycle",4.23,0.384545454545455,0.583333333333333,2.69181818181818
"85049/1000",NA,85049,1245,"60-64 years","male",20,4305,"Work",143.074340820312,143.074340820312,"car",0.666666666666667,33.42,"weekday",1,"40 to 64",">10km","car",33.42,0.666666666666667,4.66666666666667,4.66666666666667
"85049/1000",NA,85049,1245,"60-64 years","male",20,4306,"Work",143.074340820312,143.074340820312,"car",0.666666666666667,33.42,"weekday",2,"40 to 64",">10km","car",33.42,0.666666666666667,4.66666666666667,4.66666666666667
"85050/1000",NA,85050,1246,"55-59 years","male",20,4307,"Work",415.868316650391,415.868316650391,"car",0.166666666666667,3.38,"weekday",1,"40 to 64","3-5km","bicycle",3.38,0.307272727272727,1.16666666666667,2.15090909090909
"85050/1000",NA,85050,1246,"55-59 years","male",20,4308,"Work",415.868316650391,415.868316650391,"car",0.166666666666667,3.35,"weekday",2,"40 to 64","3-5km","bicycle",3.35,0.304545454545455,1.16666666666667,2.13181818181818
"85050/1001",NA,85050,1247,"50-54 years","female",20,4310,"Leisure",308.720367431641,308.720367431641,"car",0.333333333333333,15.8,"weekday",1,"40 to 64",">10km","car",15.8,0.333333333333333,2.33333333333333,2.33333333333333
"85050/1001",NA,85050,1247,"50-54 years","female",20,4311,"Leisure",308.720367431641,308.720367431641,"car",0.333333333333333,16.26,"weekday",2,"40 to 64",">10km","car",16.26,0.333333333333333,2.33333333333333,2.33333333333333
"85050/1002",NA,85050,1248,"25-29 years","female",20,4313,"Work",571.256774902344,571.256774902344,"car",0.0833333333333333,3.84,"weekday",1,"20 to 39","3-5km","bicycle",3.84,0.349090909090909,0.583333333333333,2.44363636363636
"85050/1002",NA,85050,1248,"25-29 years","female",20,4314,"Work",571.256774902344,571.256774902344,"car",0.0833333333333333,3.74,"weekday",2,"20 to 39","3-5km","bicycle",3.74,0.34,0.583333333333333,2.38
"85051/1000",NA,85051,1249,"55-59 years","female",20,4316,"Work",228.78010559082,228.78010559082,"car",0.333333333333333,3.98,"weekday",2,"40 to 64","3-5km","bicycle",3.98,0.361818181818182,2.33333333333333,2.53272727272727
"85051/1000",NA,85051,1249,"55-59 years","female",20,4317,"Work",228.78010559082,228.78010559082,"car",0.25,3.98,"weekday",3,"40 to 64","3-5km","bicycle",3.98,0.361818181818182,1.75,2.53272727272727
"85052/1000",NA,85052,1250,"55-59 years","male",20,4318,"Other",333.321807861328,333.321807861328,"car",0.15,3.52,"weekday",1,"40 to 64","3-5km","bicycle",3.52,0.32,1.05,2.24
"85052/1000",NA,85052,1250,"55-59 years","male",20,4319,"Shopping",333.321807861328,333.321807861328,"car",0.05,1.17,"weekday",2,"40 to 64","1-2km","bicycle",1.17,0.106363636363636,0.35,0.744545454545455
"85052/1000",NA,85052,1250,"55-59 years","male",20,4320,"Work",333.321807861328,333.321807861328,"car",0.316666666666667,15.29,"weekday",3,"40 to 64",">10km","car",15.29,0.316666666666667,2.21666666666667,2.21666666666667
"85052/1000",NA,85052,1250,"55-59 years","male",20,4321,"Work",333.321807861328,333.321807861328,"car",0.4,19.36,"weekday",4,"40 to 64",">10km","car",19.36,0.4,2.8,2.8
"85053/1000",NA,85053,1251,"50-54 years","female",20,4322,"Other",193.905059814453,193.905059814453,"car",0.5,20.6,"weekday",1,"40 to 64",">10km","car",20.6,0.5,3.5,3.5
"85053/1000",NA,85053,1251,"50-54 years","female",20,4323,"Other",193.905059814453,193.905059814453,"walking",0.583333333333333,0.57,"weekday",2,"40 to 64","<1km","walking",0.57,0.583333333333333,4.08333333333333,4.08333333333333
"85053/1000",NA,85053,1251,"50-54 years","female",20,4324,"Other",193.905059814453,193.905059814453,"walking",0.0833333333333333,0.3,"weekday",3,"40 to 64","<1km","walking",0.3,0.0833333333333333,0.583333333333333,0.583333333333333
"85053/1000",NA,85053,1251,"50-54 years","female",20,4325,"Other",193.905059814453,193.905059814453,"car",0.55,21.18,"weekday",3,"40 to 64",">10km","car",21.18,0.55,3.85,3.85
"85057/1000",NA,85057,1252,"40-44 years","male",20,4326,"Work",283.161804199219,283.161804199219,"car",0.416666666666667,17.93,"weekday",1,"40 to 64",">10km","car",17.93,0.416666666666667,2.91666666666667,2.91666666666667
"85057/1000",NA,85057,1252,"40-44 years","male",20,4327,"Work",283.161804199219,283.161804199219,"car",0.583333333333333,18.42,"weekday",2,"40 to 64",">10km","car",18.42,0.583333333333333,4.08333333333333,4.08333333333333
"85057/1001",NA,85057,1253,"40-44 years","female",20,4328,"Other",336.650360107422,336.650360107422,"car",0.0833333333333333,3.43,"weekday",1,"40 to 64","3-5km","bicycle",3.43,0.311818181818182,0.583333333333333,2.18272727272727
"85057/1001",NA,85057,1253,"40-44 years","female",20,4329,"Shopping",336.650360107422,336.650360107422,"car",0.05,1.1,"weekday",2,"40 to 64","1-2km","bicycle",1.1,0.1,0.35,0.7
"85057/1001",NA,85057,1253,"40-44 years","female",20,4330,"Shopping",336.650360107422,336.650360107422,"car",0.0833333333333333,5.23,"weekday",3,"40 to 64","6-10km","car",5.23,0.0833333333333333,0.583333333333333,0.583333333333333
"85057/1001",NA,85057,1253,"40-44 years","female",20,4331,"Other",336.650360107422,336.650360107422,"car",0.0833333333333333,3.43,"weekday",4,"40 to 64","3-5km","bicycle",3.43,0.311818181818182,0.583333333333333,2.18272727272727
"85057/1001",NA,85057,1253,"40-44 years","female",20,4332,"Other",336.650360107422,336.650360107422,"car",0.0833333333333333,3.41,"weekday",5,"40 to 64","3-5km","bicycle",3.41,0.31,0.583333333333333,2.17
"85059/1000",NA,85059,1254,"50-54 years","female",20,4333,"Other",193.905059814453,193.905059814453,"car",0.133333333333333,2.88,"weekday",1,"40 to 64","3-5km","bicycle",2.88,0.261818181818182,0.933333333333333,1.83272727272727
"85059/1000",NA,85059,1254,"50-54 years","female",20,4334,"Work",193.905059814453,193.905059814453,"car",0.333333333333333,8.43,"weekday",2,"40 to 64","6-10km","car",8.43,0.333333333333333,2.33333333333333,2.33333333333333
"85059/1000",NA,85059,1254,"50-54 years","female",20,4335,"Other",193.905059814453,193.905059814453,"car",0.333333333333333,8.55,"weekday",3,"40 to 64","6-10km","car",8.55,0.333333333333333,2.33333333333333,2.33333333333333
"85059/1000",NA,85059,1254,"50-54 years","female",20,4336,"Other",193.905059814453,193.905059814453,"car",0.166666666666667,2.87,"weekday",4,"40 to 64","3-5km","bicycle",2.87,0.260909090909091,1.16666666666667,1.82636363636364
"85061/1000",NA,85061,1255,"40-44 years","female",20,4337,"Other",575.516906738281,575.516906738281,"car",0.166666666666667,1.23,"weekday",1,"40 to 64","1-2km","bicycle",1.23,0.111818181818182,1.16666666666667,0.782727272727273
"85061/1000",NA,85061,1255,"40-44 years","female",20,4338,"Work",575.516906738281,575.516906738281,"car",0.75,19.41,"weekday",2,"40 to 64",">10km","car",19.41,0.75,5.25,5.25
"85061/1000",NA,85061,1255,"40-44 years","female",20,4339,"Shopping",575.516906738281,575.516906738281,"walking",0.0833333333333333,0.18,"weekday",3,"40 to 64","<1km","walking",0.18,0.0833333333333333,0.583333333333333,0.583333333333333
"85061/1000",NA,85061,1255,"40-44 years","female",20,4340,"Work",575.516906738281,575.516906738281,"walking",0.0833333333333333,0.18,"weekday",4,"40 to 64","<1km","walking",0.18,0.0833333333333333,0.583333333333333,0.583333333333333
"85061/1000",NA,85061,1255,"40-44 years","female",20,4341,"Shopping",575.516906738281,575.516906738281,"walking",0.0833333333333333,0.18,"weekday",5,"40 to 64","<1km","walking",0.18,0.0833333333333333,0.583333333333333,0.583333333333333
"85061/1000",NA,85061,1255,"40-44 years","female",20,4342,"Work",575.516906738281,575.516906738281,"walking",0.0833333333333333,0.18,"weekday",6,"40 to 64","<1km","walking",0.18,0.0833333333333333,0.583333333333333,0.583333333333333
"85061/1000",NA,85061,1255,"40-44 years","female",20,4343,"Work",575.516906738281,575.516906738281,"car",1,18.38,"weekday",7,"40 to 64",">10km","car",18.38,1,7,7
"85061/1000",NA,85061,1255,"40-44 years","female",20,4344,"Shopping",575.516906738281,575.516906738281,"car",0.166666666666667,2.26,"weekday",8,"40 to 64","3-5km","bicycle",2.26,0.205454545454545,1.16666666666667,1.43818181818182
"85061/1000",NA,85061,1255,"40-44 years","female",20,4345,"Shopping",575.516906738281,575.516906738281,"car",0.166666666666667,2.62,"weekday",9,"40 to 64","3-5km","bicycle",2.62,0.238181818181818,1.16666666666667,1.66727272727273
"85061/1001",NA,85061,1256,"35-39 years","male",20,4346,"Shopping",670.438781738281,670.438781738281,"car",0.166666666666667,5.55,"weekday",1,"20 to 39","6-10km","car",5.55,0.166666666666667,1.16666666666667,1.16666666666667
"85061/1001",NA,85061,1256,"35-39 years","male",20,4347,"Shopping",670.438781738281,670.438781738281,"car",0.166666666666667,5.57,"weekday",2,"20 to 39","6-10km","car",5.57,0.166666666666667,1.16666666666667,1.16666666666667
"85061/1001",NA,85061,1256,"35-39 years","male",20,4348,"Other",670.438781738281,670.438781738281,"car",0.166666666666667,8.39,"weekday",3,"20 to 39","6-10km","car",8.39,0.166666666666667,1.16666666666667,1.16666666666667
"85061/1001",NA,85061,1256,"35-39 years","male",20,4349,"Other",670.438781738281,670.438781738281,"car",0.166666666666667,8.38,"weekday",4,"20 to 39","6-10km","car",8.38,0.166666666666667,1.16666666666667,1.16666666666667
"85061/1001",NA,85061,1256,"35-39 years","male",20,4350,"Shopping",670.438781738281,670.438781738281,"car",0.0833333333333333,2.4,"weekday",5,"20 to 39","3-5km","bicycle",2.4,0.218181818181818,0.583333333333333,1.52727272727273
"85061/1001",NA,85061,1256,"35-39 years","male",20,4351,"Shopping",670.438781738281,670.438781738281,"car",0.0833333333333333,2.59,"weekday",6,"20 to 39","3-5km","bicycle",2.59,0.235454545454545,0.583333333333333,1.64818181818182
"85061/1001",NA,85061,1256,"35-39 years","male",20,4352,"Other",670.438781738281,670.438781738281,"car",0.0833333333333333,1.23,"weekday",7,"20 to 39","1-2km","bicycle",1.23,0.111818181818182,0.583333333333333,0.782727272727273
"85061/1001",NA,85061,1256,"35-39 years","male",20,4353,"Other",670.438781738281,670.438781738281,"car",0.0833333333333333,1.28,"weekday",8,"20 to 39","1-2km","bicycle",1.28,0.116363636363636,0.583333333333333,0.814545454545455
"85061/1001",NA,85061,1256,"35-39 years","male",20,4354,"Shopping",670.438781738281,670.438781738281,"car",0.166666666666667,2.26,"weekday",9,"20 to 39","3-5km","bicycle",2.26,0.205454545454545,1.16666666666667,1.43818181818182
"85061/1001",NA,85061,1256,"35-39 years","male",20,4355,"Shopping",670.438781738281,670.438781738281,"car",0.166666666666667,2.62,"weekday",10,"20 to 39","3-5km","bicycle",2.62,0.238181818181818,1.16666666666667,1.66727272727273
"85062/1000",NA,85062,1257,"55-59 years","female",20,4356,"Work",468.386108398438,468.386108398438,"car",0.1,2.79,"weekday",1,"40 to 64","3-5km","bicycle",2.79,0.253636363636364,0.7,1.77545454545455
"85062/1000",NA,85062,1257,"55-59 years","female",20,4357,"Work",468.386108398438,468.386108398438,"car",0.116666666666667,2.86,"weekday",2,"40 to 64","3-5km","bicycle",2.86,0.26,0.816666666666667,1.82
"85062/1001",NA,85062,1258,"55-59 years","male",20,4358,"Work",493.582550048828,493.582550048828,"car",0.45,20.82,"weekday",1,"40 to 64",">10km","car",20.82,0.45,3.15,3.15
"85062/1001",NA,85062,1258,"55-59 years","male",20,4359,"Work",493.582550048828,493.582550048828,"car",0.633333333333333,20.38,"weekday",2,"40 to 64",">10km","car",20.38,0.633333333333333,4.43333333333333,4.43333333333333
"85066/1000",NA,85066,1259,"80-84 years","female",20,4360,"Leisure",596.730224609375,596.730224609375,"walking",0.5,0.59,"weekday",1,"65 plus","<1km","walking",0.59,0.5,3.5,3.5
"85066/1000",NA,85066,1259,"80-84 years","female",20,4361,"Leisure",596.730224609375,596.730224609375,"walking",0.333333333333333,0.59,"weekday",2,"65 plus","<1km","walking",0.59,0.333333333333333,2.33333333333333,2.33333333333333
"85066/1000",NA,85066,1259,"80-84 years","female",20,4362,"Other",596.730224609375,596.730224609375,"car",0.166666666666667,2.26,"weekday",3,"65 plus","3-5km","bicycle",2.26,0.205454545454545,1.16666666666667,1.43818181818182
"85066/1000",NA,85066,1259,"80-84 years","female",20,4363,"Other",596.730224609375,596.730224609375,"car",0.133333333333333,2.49,"weekday",4,"65 plus","3-5km","bicycle",2.49,0.226363636363636,0.933333333333333,1.58454545454545
"85066/1000",NA,85066,1259,"80-84 years","female",20,4364,"Shopping",596.730224609375,596.730224609375,"car",0.0833333333333333,1.53,"weekday",5,"65 plus","1-2km","bicycle",1.53,0.139090909090909,0.583333333333333,0.973636363636364
"85066/1000",NA,85066,1259,"80-84 years","female",20,4365,"Shopping",596.730224609375,596.730224609375,"car",0.0833333333333333,1.58,"weekday",6,"65 plus","1-2km","bicycle",1.58,0.143636363636364,0.583333333333333,1.00545454545455
"85068/1000",NA,85068,1260,"40-44 years","female",20,4366,"Other",830.912109375,830.912109375,"car",0.166666666666667,1.51,"weekday",1,"40 to 64","1-2km","bicycle",1.51,0.137272727272727,1.16666666666667,0.960909090909091
"85068/1000",NA,85068,1260,"40-44 years","female",20,4367,"Shopping",830.912109375,830.912109375,"car",0.25,2.79,"weekday",2,"40 to 64","3-5km","bicycle",2.79,0.253636363636364,1.75,1.77545454545455
"85068/1000",NA,85068,1260,"40-44 years","female",20,4368,"Shopping",830.912109375,830.912109375,"car",0.0833333333333333,1.36,"weekday",3,"40 to 64","1-2km","bicycle",1.36,0.123636363636364,0.583333333333333,0.865454545454545
"85068/1000",NA,85068,1260,"40-44 years","female",20,4369,"Shopping",830.912109375,830.912109375,"car",0.516666666666667,10.07,"weekday",4,"40 to 64",">10km","car",10.07,0.516666666666667,3.61666666666667,3.61666666666667
"85068/1000",NA,85068,1260,"40-44 years","female",20,4370,"Shopping",830.912109375,830.912109375,"car",0.433333333333333,10.28,"weekday",5,"40 to 64",">10km","car",10.28,0.433333333333333,3.03333333333333,3.03333333333333
"85068/1001",NA,85068,1261,"45-49 years","male",20,4371,"Work",708.6845703125,708.6845703125,"car",0.616666666666667,25.31,"weekday",1,"40 to 64",">10km","car",25.31,0.616666666666667,4.31666666666667,4.31666666666667
"85068/1001",NA,85068,1261,"45-49 years","male",20,4372,"Work",708.6845703125,708.6845703125,"car",0.566666666666667,22.75,"weekday",2,"40 to 64",">10km","car",22.75,0.566666666666667,3.96666666666667,3.96666666666667
"85068/1001",NA,85068,1261,"45-49 years","male",20,4373,"Work",708.6845703125,708.6845703125,"car",5.98333333333333,369.89,"weekday",3,"40 to 64",">10km","car",369.89,5.98333333333333,41.8833333333333,41.8833333333333
"85068/1002",NA,85068,1262,"15-19 years","female",20,4374,"Shopping",659.454467773438,659.454467773438,"car",0.516666666666667,10.07,"weekday",1,"15 to 19",">10km","car",10.07,0.516666666666667,3.61666666666667,3.61666666666667
"85068/1002",NA,85068,1262,"15-19 years","female",20,4375,"Shopping",659.454467773438,659.454467773438,"car",0.433333333333333,10.28,"weekday",2,"15 to 19",">10km","car",10.28,0.433333333333333,3.03333333333333,3.03333333333333
"85073/1000",NA,85073,1263,"25-29 years","female",20,4376,"Leisure",1022.24871826172,1022.24871826172,"car",0.333333333333333,11.3,"weekday",1,"20 to 39",">10km","car",11.3,0.333333333333333,2.33333333333333,2.33333333333333
"85073/1000",NA,85073,1263,"25-29 years","female",20,4377,"Shopping",1022.24871826172,1022.24871826172,"car",0.583333333333333,12.13,"weekday",2,"20 to 39",">10km","car",12.13,0.583333333333333,4.08333333333333,4.08333333333333
"85073/1000",NA,85073,1263,"25-29 years","female",20,4378,"Shopping",1022.24871826172,1022.24871826172,"car",0.5,18.05,"weekday",3,"20 to 39",">10km","car",18.05,0.5,3.5,3.5
"85073/1001",NA,85073,1264,"30-34 years","male",20,4380,"Work",825.542541503906,825.542541503906,"bicycle",0.833333333333333,16.12,"weekday",1,"20 to 39",">10km","bicycle",16.12,0.833333333333333,5.83333333333333,5.83333333333333
"85073/1001",NA,85073,1264,"30-34 years","male",20,4381,"Work",825.542541503906,825.542541503906,"bicycle",1,16.12,"weekday",2,"20 to 39",">10km","bicycle",16.12,1,7,7
"85075/1000",NA,85075,1265,"45-49 years","male",20,4383,"Leisure",490.858123779297,490.858123779297,"walking",0.0833333333333333,0.33,"weekday",1,"40 to 64","<1km","walking",0.33,0.0833333333333333,0.583333333333333,0.583333333333333
"85075/1000",NA,85075,1265,"45-49 years","male",20,4384,"Leisure",490.858123779297,490.858123779297,"walking",0.0833333333333333,0.33,"weekday",2,"40 to 64","<1km","walking",0.33,0.0833333333333333,0.583333333333333,0.583333333333333
"85075/1001",NA,85075,1266,"40-44 years","female",20,4385,"Leisure",575.516906738281,575.516906738281,"car",0.416666666666667,18.56,"weekday",1,"40 to 64",">10km","car",18.56,0.416666666666667,2.91666666666667,2.91666666666667
"85075/1001",NA,85075,1266,"40-44 years","female",20,4386,"Shopping",575.516906738281,575.516906738281,"car",0.333333333333333,6.54,"weekday",2,"40 to 64","6-10km","car",6.54,0.333333333333333,2.33333333333333,2.33333333333333
"85075/1001",NA,85075,1266,"40-44 years","female",20,4387,"Shopping",575.516906738281,575.516906738281,"car",0.416666666666667,12.69,"weekday",3,"40 to 64",">10km","car",12.69,0.416666666666667,2.91666666666667,2.91666666666667
"85075/1001",NA,85075,1266,"40-44 years","female",20,4388,"Other",575.516906738281,575.516906738281,"car",0.166666666666667,1.34,"weekday",4,"40 to 64","1-2km","bicycle",1.34,0.121818181818182,1.16666666666667,0.852727272727273
"85075/1001",NA,85075,1266,"40-44 years","female",20,4389,"Other",575.516906738281,575.516906738281,"walking",0.416666666666667,1.34,"weekday",5,"40 to 64","1-2km","walking",1.34,0.416666666666667,2.91666666666667,2.91666666666667
"85075/1001",NA,85075,1266,"40-44 years","female",20,4390,"Shopping",575.516906738281,575.516906738281,"walking",0.0833333333333333,0.33,"weekday",6,"40 to 64","<1km","walking",0.33,0.0833333333333333,0.583333333333333,0.583333333333333
"85075/1001",NA,85075,1266,"40-44 years","female",20,4391,"Shopping",575.516906738281,575.516906738281,"walking",0.0833333333333333,0.33,"weekday",7,"40 to 64","<1km","walking",0.33,0.0833333333333333,0.583333333333333,0.583333333333333
"85076/1000",NA,85076,1267,"30-34 years","male",20,4392,"Other",1285.00427246094,1285.00427246094,"car",0.0333333333333333,0.39,"weekday",1,"20 to 39","<1km","bicycle",0.39,0.0354545454545455,0.233333333333333,0.248181818181818
"85076/1000",NA,85076,1267,"30-34 years","male",20,4393,"Work",1285.00427246094,1285.00427246094,"car",0.166666666666667,6.2,"weekday",2,"20 to 39","6-10km","car",6.2,0.166666666666667,1.16666666666667,1.16666666666667
"85076/1000",NA,85076,1267,"30-34 years","male",20,4394,"Work",1285.00427246094,1285.00427246094,"car",0.25,7.5,"weekday",3,"20 to 39","6-10km","car",7.5,0.25,1.75,1.75
"85076/1000",NA,85076,1267,"30-34 years","male",20,4395,"Work",1285.00427246094,1285.00427246094,"car",0.25,14.61,"weekday",4,"20 to 39",">10km","car",14.61,0.25,1.75,1.75
"85076/1000",NA,85076,1267,"30-34 years","male",20,4396,"Work",1285.00427246094,1285.00427246094,"car",0.333333333333333,9.8,"weekday",5,"20 to 39","6-10km","car",9.8,0.333333333333333,2.33333333333333,2.33333333333333
"85076/1000",NA,85076,1267,"30-34 years","male",20,4397,"Work",1285.00427246094,1285.00427246094,"car",0.25,7.42,"weekday",6,"20 to 39","6-10km","car",7.42,0.25,1.75,1.75
"85076/1000",NA,85076,1267,"30-34 years","male",20,4398,"Work",1285.00427246094,1285.00427246094,"car",0.25,7.45,"weekday",7,"20 to 39","6-10km","car",7.45,0.25,1.75,1.75
"85076/1000",NA,85076,1267,"30-34 years","male",20,4399,"Other",1285.00427246094,1285.00427246094,"car",0.0333333333333333,0.39,"weekday",8,"20 to 39","<1km","bicycle",0.39,0.0354545454545455,0.233333333333333,0.248181818181818
"85076/1000",NA,85076,1267,"30-34 years","male",20,4400,"Other",1285.00427246094,1285.00427246094,"car",0.0333333333333333,0.53,"weekday",9,"20 to 39","<1km","bicycle",0.53,0.0481818181818182,0.233333333333333,0.337272727272727
"85076/1001",NA,85076,1268,"30-34 years","male",20,4401,"Other",1285.00427246094,1285.00427246094,"car",0.0333333333333333,0.39,"weekday",1,"20 to 39","<1km","bicycle",0.39,0.0354545454545455,0.233333333333333,0.248181818181818
"85076/1001",NA,85076,1268,"30-34 years","male",20,4402,"Work",1285.00427246094,1285.00427246094,"car",0.166666666666667,6.2,"weekday",2,"20 to 39","6-10km","car",6.2,0.166666666666667,1.16666666666667,1.16666666666667
"85076/1001",NA,85076,1268,"30-34 years","male",20,4403,"Work",1285.00427246094,1285.00427246094,"car",0.25,7.5,"weekday",3,"20 to 39","6-10km","car",7.5,0.25,1.75,1.75
"85076/1001",NA,85076,1268,"30-34 years","male",20,4404,"Work",1285.00427246094,1285.00427246094,"car",0.25,14.61,"weekday",4,"20 to 39",">10km","car",14.61,0.25,1.75,1.75
"85076/1001",NA,85076,1268,"30-34 years","male",20,4405,"Work",1285.00427246094,1285.00427246094,"car",0.333333333333333,9.8,"weekday",5,"20 to 39","6-10km","car",9.8,0.333333333333333,2.33333333333333,2.33333333333333
"85076/1001",NA,85076,1268,"30-34 years","male",20,4406,"Other",1285.00427246094,1285.00427246094,"car",1.16666666666667,33.92,"weekday",6,"20 to 39",">10km","car",33.92,1.16666666666667,8.16666666666667,8.16666666666667
"85076/1001",NA,85076,1268,"30-34 years","male",20,4407,"Other",1285.00427246094,1285.00427246094,"car",0.7,34.43,"weekday",7,"20 to 39",">10km","car",34.43,0.7,4.9,4.9
"85080/1000",NA,85080,1269,"45-49 years","female",20,4408,"Leisure",587.36279296875,587.36279296875,"car",0.0833333333333333,3.04,"weekday",1,"40 to 64","3-5km","bicycle",3.04,0.276363636363636,0.583333333333333,1.93454545454545
"85080/1000",NA,85080,1269,"45-49 years","female",20,4409,"Leisure",587.36279296875,587.36279296875,"car",0.0833333333333333,2.83,"weekday",2,"40 to 64","3-5km","bicycle",2.83,0.257272727272727,0.583333333333333,1.80090909090909
"85080/1000",NA,85080,1269,"45-49 years","female",20,4410,"Work",587.36279296875,587.36279296875,"car",0.166666666666667,3.74,"weekday",3,"40 to 64","3-5km","bicycle",3.74,0.34,1.16666666666667,2.38
"85080/1000",NA,85080,1269,"45-49 years","female",20,4411,"Work",587.36279296875,587.36279296875,"car",0.166666666666667,3.88,"weekday",4,"40 to 64","3-5km","bicycle",3.88,0.352727272727273,1.16666666666667,2.46909090909091
"85080/1001",NA,85080,1270,"50-54 years","male",20,4412,"Other",488.224273681641,488.224273681641,"car",0.25,4.57,"weekday",1,"40 to 64","3-5km","bicycle",4.57,0.415454545454545,1.75,2.90818181818182
"85080/1001",NA,85080,1270,"50-54 years","male",20,4413,"Other",488.224273681641,488.224273681641,"car",0.25,4.57,"weekday",2,"40 to 64","3-5km","bicycle",4.57,0.415454545454545,1.75,2.90818181818182
"85080/1001",NA,85080,1270,"50-54 years","male",20,4414,"Other",488.224273681641,488.224273681641,"car",0.25,4.57,"weekday",3,"40 to 64","3-5km","bicycle",4.57,0.415454545454545,1.75,2.90818181818182
"85080/1001",NA,85080,1270,"50-54 years","male",20,4415,"Other",488.224273681641,488.224273681641,"car",0.166666666666667,4.57,"weekday",4,"40 to 64","3-5km","bicycle",4.57,0.415454545454545,1.16666666666667,2.90818181818182
"85081/1000",NA,85081,1271,"50-54 years","male",20,4417,"Other",549.466125488281,549.466125488281,"car",0.0833333333333333,2.02,"weekday",2,"40 to 64","3-5km","bicycle",2.02,0.183636363636364,0.583333333333333,1.28545454545455
"85081/1000",NA,85081,1271,"50-54 years","male",20,4418,"Other",549.466125488281,549.466125488281,"car",0.0833333333333333,2.37,"weekday",3,"40 to 64","3-5km","bicycle",2.37,0.215454545454545,0.583333333333333,1.50818181818182
"85081/1000",NA,85081,1271,"50-54 years","male",20,4419,"Work",549.466125488281,549.466125488281,"car",0.5,17.58,"weekday",4,"40 to 64",">10km","car",17.58,0.5,3.5,3.5
"85081/1000",NA,85081,1271,"50-54 years","male",20,4420,"Work",549.466125488281,549.466125488281,"car",0.5,17.38,"weekday",5,"40 to 64",">10km","car",17.38,0.5,3.5,3.5
"85081/1001",NA,85081,1272,"50-54 years","female",20,4421,"Work",545.808776855469,545.808776855469,"car",0.583333333333333,18.39,"weekday",1,"40 to 64",">10km","car",18.39,0.583333333333333,4.08333333333333,4.08333333333333
"85081/1001",NA,85081,1272,"50-54 years","female",20,4422,"Work",545.808776855469,545.808776855469,"car",0.833333333333333,17.8,"weekday",2,"40 to 64",">10km","car",17.8,0.833333333333333,5.83333333333333,5.83333333333333
"85081/1002",NA,85081,1273,"20-24 years","male",20,4424,"Work",1088.4951171875,1088.4951171875,"car",0.0833333333333333,2.02,"weekday",1,"20 to 39","3-5km","bicycle",2.02,0.183636363636364,0.583333333333333,1.28545454545455
"85081/1002",NA,85081,1273,"20-24 years","male",20,4425,"Work",1088.4951171875,1088.4951171875,"car",0.166666666666667,2.37,"weekday",2,"20 to 39","3-5km","bicycle",2.37,0.215454545454545,1.16666666666667,1.50818181818182
"85083/1000",NA,85083,1274,"50-54 years","male",20,4426,"Other",488.224273681641,488.224273681641,"car",0.25,10.73,"weekday",1,"40 to 64",">10km","car",10.73,0.25,1.75,1.75
"85083/1000",NA,85083,1274,"50-54 years","male",20,4427,"Work",488.224273681641,488.224273681641,"car",0.416666666666667,8.48,"weekday",2,"40 to 64","6-10km","car",8.48,0.416666666666667,2.91666666666667,2.91666666666667
"85083/1000",NA,85083,1274,"50-54 years","male",20,4428,"Other",488.224273681641,488.224273681641,"car",0.5,8.35,"weekday",3,"40 to 64","6-10km","car",8.35,0.5,3.5,3.5
"85083/1000",NA,85083,1274,"50-54 years","male",20,4429,"Other",488.224273681641,488.224273681641,"car",0.75,10.66,"weekday",4,"40 to 64",">10km","car",10.66,0.75,5.25,5.25
"85083/1000",NA,85083,1274,"50-54 years","male",20,4430,"Leisure",488.224273681641,488.224273681641,"car",0.25,1.92,"weekday",5,"40 to 64","1-2km","bicycle",1.92,0.174545454545455,1.75,1.22181818181818
"85083/1000",NA,85083,1274,"50-54 years","male",20,4431,"Leisure",488.224273681641,488.224273681641,"car",0.166666666666667,1.92,"weekday",6,"40 to 64","1-2km","bicycle",1.92,0.174545454545455,1.16666666666667,1.22181818181818
"85086/1000",NA,85086,1275,"40-44 years","female",20,4432,"Other",830.912109375,830.912109375,"car",0.0833333333333333,2.55,"weekday",1,"40 to 64","3-5km","bicycle",2.55,0.231818181818182,0.583333333333333,1.62272727272727
"85086/1000",NA,85086,1275,"40-44 years","female",20,4433,"Other",830.912109375,830.912109375,"car",0.166666666666667,3.05,"weekday",2,"40 to 64","3-5km","bicycle",3.05,0.277272727272727,1.16666666666667,1.94090909090909
"85086/1000",NA,85086,1275,"40-44 years","female",20,4434,"Other",830.912109375,830.912109375,"car",0.166666666666667,3.04,"weekday",3,"40 to 64","3-5km","bicycle",3.04,0.276363636363636,1.16666666666667,1.93454545454545
"85086/1000",NA,85086,1275,"40-44 years","female",20,4435,"Other",830.912109375,830.912109375,"car",0.166666666666667,2.99,"weekday",4,"40 to 64","3-5km","bicycle",2.99,0.271818181818182,1.16666666666667,1.90272727272727
"85086/1000",NA,85086,1275,"40-44 years","female",20,4436,"Other",830.912109375,830.912109375,"car",0.25,3.04,"weekday",5,"40 to 64","3-5km","bicycle",3.04,0.276363636363636,1.75,1.93454545454545
"85086/1000",NA,85086,1275,"40-44 years","female",20,4437,"Other",830.912109375,830.912109375,"car",0.333333333333333,2.51,"weekday",6,"40 to 64","3-5km","bicycle",2.51,0.228181818181818,2.33333333333333,1.59727272727273
"85086/1001",NA,85086,1276,"15-19 years","male",20,4438,"Education",782.303466796875,782.303466796875,"walking",0.0833333333333333,0.52,"weekday",1,"15 to 19","<1km","walking",0.52,0.0833333333333333,0.583333333333333,0.583333333333333
"85086/1001",NA,85086,1276,"15-19 years","male",20,4439,"Education",782.303466796875,782.303466796875,"walking",0.0833333333333333,0.52,"weekday",2,"15 to 19","<1km","walking",0.52,0.0833333333333333,0.583333333333333,0.583333333333333
"85086/1002",NA,85086,1277,"15-19 years","female",20,4440,"Other",659.454467773438,659.454467773438,"car",0.0833333333333333,2.55,"weekday",1,"15 to 19","3-5km","bicycle",2.55,0.231818181818182,0.583333333333333,1.62272727272727
"85086/1002",NA,85086,1277,"15-19 years","female",20,4441,"Education",659.454467773438,659.454467773438,"car",0.166666666666667,3.05,"weekday",2,"15 to 19","3-5km","bicycle",3.05,0.277272727272727,1.16666666666667,1.94090909090909
"85086/1002",NA,85086,1277,"15-19 years","female",20,4442,"Other",659.454467773438,659.454467773438,"car",0.25,3.04,"weekday",3,"15 to 19","3-5km","bicycle",3.04,0.276363636363636,1.75,1.93454545454545
"85086/1002",NA,85086,1277,"15-19 years","female",20,4443,"Other",659.454467773438,659.454467773438,"car",0.333333333333333,2.51,"weekday",4,"15 to 19","3-5km","bicycle",2.51,0.228181818181818,2.33333333333333,1.59727272727273
"85088/1000",NA,85088,1278,"60-64 years","male",20,4444,"Work",441.761657714844,441.761657714844,"car",0.25,5.33,"weekday",1,"40 to 64","6-10km","car",5.33,0.25,1.75,1.75
"85088/1000",NA,85088,1278,"60-64 years","male",20,4445,"Work",441.761657714844,441.761657714844,"car",0.25,5.34,"weekday",2,"40 to 64","6-10km","car",5.34,0.25,1.75,1.75
"85088/1000",NA,85088,1278,"60-64 years","male",20,4446,"Other",441.761657714844,441.761657714844,"car",0.0833333333333333,3.07,"weekday",3,"40 to 64","3-5km","bicycle",3.07,0.279090909090909,0.583333333333333,1.95363636363636
"85088/1000",NA,85088,1278,"60-64 years","male",20,4447,"Other",441.761657714844,441.761657714844,"car",0.0833333333333333,3.03,"weekday",4,"40 to 64","3-5km","bicycle",3.03,0.275454545454545,0.583333333333333,1.92818181818182
"85088/1000",NA,85088,1278,"60-64 years","male",20,4448,"Other",441.761657714844,441.761657714844,"car",0.0833333333333333,3.07,"weekday",5,"40 to 64","3-5km","bicycle",3.07,0.279090909090909,0.583333333333333,1.95363636363636
"85088/1000",NA,85088,1278,"60-64 years","male",20,4449,"Other",441.761657714844,441.761657714844,"car",0.0333333333333333,1.75,"weekday",6,"40 to 64","1-2km","bicycle",1.75,0.159090909090909,0.233333333333333,1.11363636363636
"85088/1000",NA,85088,1278,"60-64 years","male",20,4450,"Other",441.761657714844,441.761657714844,"car",0.0833333333333333,2.41,"weekday",7,"40 to 64","3-5km","bicycle",2.41,0.219090909090909,0.583333333333333,1.53363636363636
"85089/1000",NA,85089,1279,"20-24 years","male",20,4451,"Work",971.409545898438,971.409545898438,"bicycle",0.833333333333333,9.31,"weekday",1,"20 to 39","6-10km","bicycle",9.31,0.833333333333333,5.83333333333333,5.83333333333333
"85089/1000",NA,85089,1279,"20-24 years","male",20,4452,"Work",971.409545898438,971.409545898438,"bicycle",1.16666666666667,9.31,"weekday",2,"20 to 39","6-10km","bicycle",9.31,1.16666666666667,8.16666666666667,8.16666666666667
"85091/1000",NA,85091,1280,"45-49 years","female",20,4453,"Other",587.36279296875,587.36279296875,"car",0.333333333333333,3.32,"weekday",1,"40 to 64","3-5km","bicycle",3.32,0.301818181818182,2.33333333333333,2.11272727272727
"85091/1000",NA,85091,1280,"45-49 years","female",20,4454,"Shopping",587.36279296875,587.36279296875,"car",0.166666666666667,2.1,"weekday",2,"40 to 64","3-5km","bicycle",2.1,0.190909090909091,1.16666666666667,1.33636363636364
"85091/1000",NA,85091,1280,"45-49 years","female",20,4455,"Other",587.36279296875,587.36279296875,"car",0.166666666666667,1.93,"weekday",3,"40 to 64","1-2km","bicycle",1.93,0.175454545454545,1.16666666666667,1.22818181818182
"85091/1000",NA,85091,1280,"45-49 years","female",20,4456,"Shopping",587.36279296875,587.36279296875,"car",0.166666666666667,2.53,"weekday",4,"40 to 64","3-5km","bicycle",2.53,0.23,1.16666666666667,1.61
"85091/1000",NA,85091,1280,"45-49 years","female",20,4457,"Shopping",587.36279296875,587.36279296875,"car",0.166666666666667,3.06,"weekday",5,"40 to 64","3-5km","bicycle",3.06,0.278181818181818,1.16666666666667,1.94727272727273
"85091/1000",NA,85091,1280,"45-49 years","female",20,4458,"Other",587.36279296875,587.36279296875,"car",0.15,3.32,"weekday",6,"40 to 64","3-5km","bicycle",3.32,0.301818181818182,1.05,2.11272727272727
"85091/1000",NA,85091,1280,"45-49 years","female",20,4459,"Other",587.36279296875,587.36279296875,"car",0.333333333333333,3.33,"weekday",7,"40 to 64","3-5km","bicycle",3.33,0.302727272727273,2.33333333333333,2.11909090909091
"85091/1000",NA,85091,1280,"45-49 years","female",20,4460,"Other",587.36279296875,587.36279296875,"car",0.116666666666667,2.98,"weekday",8,"40 to 64","3-5km","bicycle",2.98,0.270909090909091,0.816666666666667,1.89636363636364
"85091/1000",NA,85091,1280,"45-49 years","female",20,4461,"Other",587.36279296875,587.36279296875,"car",0.133333333333333,3.06,"weekday",9,"40 to 64","3-5km","bicycle",3.06,0.278181818181818,0.933333333333333,1.94727272727273
"85091/1001",NA,85091,1281,"45-49 years","male",20,4462,"Work",490.858123779297,490.858123779297,"car",0.0833333333333333,2.81,"weekday",1,"40 to 64","3-5km","bicycle",2.81,0.255454545454545,0.583333333333333,1.78818181818182
"85091/1001",NA,85091,1281,"45-49 years","male",20,4463,"Work",490.858123779297,490.858123779297,"public.transport",0.416666666666667,13.2,"weekday",1,"40 to 64",">10km","public.transport",13.2,0.416666666666667,2.91666666666667,2.91666666666667
"85091/1001",NA,85091,1281,"45-49 years","male",20,4464,"Work",490.858123779297,490.858123779297,"walking",0.1,0.55,"weekday",1,"40 to 64","<1km","walking",0.55,0.1,0.7,0.7
"85091/1001",NA,85091,1281,"45-49 years","male",20,4465,"Work",490.858123779297,490.858123779297,"walking",0.25,0.55,"weekday",2,"40 to 64","<1km","walking",0.55,0.25,1.75,1.75
"85091/1001",NA,85091,1281,"45-49 years","male",20,4466,"Work",490.858123779297,490.858123779297,"public.transport",0.433333333333333,12.93,"weekday",2,"40 to 64",">10km","public.transport",12.93,0.433333333333333,3.03333333333333,3.03333333333333
"85091/1001",NA,85091,1281,"45-49 years","male",20,4467,"Work",490.858123779297,490.858123779297,"car",0.216666666666667,2.83,"weekday",2,"40 to 64","3-5km","bicycle",2.83,0.257272727272727,1.51666666666667,1.80090909090909
"85091/1002",NA,85091,1282,"15-19 years","male",20,4468,"Education",541.848937988281,541.848937988281,"car",0.333333333333333,3.32,"weekday",1,"15 to 19","3-5km","bicycle",3.32,0.301818181818182,2.33333333333333,2.11272727272727
"85091/1002",NA,85091,1282,"15-19 years","male",20,4469,"Leisure",541.848937988281,541.848937988281,"walking",0.25,1.22,"weekday",2,"15 to 19","1-2km","walking",1.22,0.25,1.75,1.75
"85091/1002",NA,85091,1282,"15-19 years","male",20,4470,"Leisure",541.848937988281,541.848937988281,"car",0.133333333333333,3.06,"weekday",3,"15 to 19","3-5km","bicycle",3.06,0.278181818181818,0.933333333333333,1.94727272727273
"85093/1000",NA,85093,1283,"60-64 years","male",20,4471,"Leisure",407.964630126953,407.964630126953,"bicycle",0.5,6.01,"weekday",1,"40 to 64","6-10km","bicycle",6.01,0.5,3.5,3.5
"85093/1000",NA,85093,1283,"60-64 years","male",20,4472,"Leisure",407.964630126953,407.964630126953,"bicycle",1,6.01,"weekday",2,"40 to 64","6-10km","bicycle",6.01,1,7,7
"85093/1000",NA,85093,1283,"60-64 years","male",20,4473,"Work",407.964630126953,407.964630126953,"car",0.5,26.69,"weekday",3,"40 to 64",">10km","car",26.69,0.5,3.5,3.5
"85093/1000",NA,85093,1283,"60-64 years","male",20,4474,"Work",407.964630126953,407.964630126953,"car",0.75,36.08,"weekday",4,"40 to 64",">10km","car",36.08,0.75,5.25,5.25
"85093/1000",NA,85093,1283,"60-64 years","male",20,4475,"Work",407.964630126953,407.964630126953,"car",0.333333333333333,11.42,"weekday",5,"40 to 64",">10km","car",11.42,0.333333333333333,2.33333333333333,2.33333333333333
"85093/1001",NA,85093,1284,"55-59 years","female",20,4476,"Leisure",468.386108398438,468.386108398438,"car",0.166666666666667,2.3,"weekday",1,"40 to 64","3-5km","bicycle",2.3,0.209090909090909,1.16666666666667,1.46363636363636
"85093/1001",NA,85093,1284,"55-59 years","female",20,4477,"Leisure",468.386108398438,468.386108398438,"car",0.166666666666667,2.27,"weekday",2,"40 to 64","3-5km","bicycle",2.27,0.206363636363636,1.16666666666667,1.44454545454545
"85095/1001",NA,85095,1285,"30-34 years","male",20,4478,"Work",1001.68023681641,1001.68023681641,"car",0.333333333333333,3.55,"weekday",1,"20 to 39","3-5km","bicycle",3.55,0.322727272727273,2.33333333333333,2.25909090909091
"85095/1001",NA,85095,1285,"30-34 years","male",20,4479,"Work",1001.68023681641,1001.68023681641,"car",0.333333333333333,3.57,"weekday",2,"20 to 39","3-5km","bicycle",3.57,0.324545454545455,2.33333333333333,2.27181818181818
"85097/1000",NA,85097,1286,"35-39 years","male",20,4480,"Work",670.438781738281,670.438781738281,"car",0.5,18.34,"weekday",1,"20 to 39",">10km","car",18.34,0.5,3.5,3.5
"85097/1000",NA,85097,1286,"35-39 years","male",20,4481,"Work",670.438781738281,670.438781738281,"car",0.416666666666667,17.96,"weekday",2,"20 to 39",">10km","car",17.96,0.416666666666667,2.91666666666667,2.91666666666667
"85097/1001",NA,85097,1287,"40-44 years","female",20,4482,"Other",575.516906738281,575.516906738281,"car",0.333333333333333,2.71,"weekday",1,"40 to 64","3-5km","bicycle",2.71,0.246363636363636,2.33333333333333,1.72454545454545
"85097/1001",NA,85097,1287,"40-44 years","female",20,4483,"Other",575.516906738281,575.516906738281,"car",0.333333333333333,2.73,"weekday",2,"40 to 64","3-5km","bicycle",2.73,0.248181818181818,2.33333333333333,1.73727272727273
"85097/1001",NA,85097,1287,"40-44 years","female",20,4484,"Other",575.516906738281,575.516906738281,"car",0.333333333333333,2.71,"weekday",3,"40 to 64","3-5km","bicycle",2.71,0.246363636363636,2.33333333333333,1.72454545454545
"85097/1001",NA,85097,1287,"40-44 years","female",20,4485,"Other",575.516906738281,575.516906738281,"car",0.333333333333333,2.73,"weekday",4,"40 to 64","3-5km","bicycle",2.73,0.248181818181818,2.33333333333333,1.73727272727273
"85101/1000",NA,85101,1288,"35-39 years","male",20,4486,"Leisure",621.857666015625,621.857666015625,"walking",0.0833333333333333,0.06,"weekday",1,"20 to 39","<1km","walking",0.06,0.0833333333333333,0.583333333333333,0.583333333333333
"85101/1000",NA,85101,1288,"35-39 years","male",20,4487,"Leisure",621.857666015625,621.857666015625,"walking",0.0833333333333333,0.06,"weekday",2,"20 to 39","<1km","walking",0.06,0.0833333333333333,0.583333333333333,0.583333333333333
"85101/1001",NA,85101,1289,"55-59 years","female",20,4488,"Shopping",468.386108398438,468.386108398438,"car",0.166666666666667,2.72,"weekday",1,"40 to 64","3-5km","bicycle",2.72,0.247272727272727,1.16666666666667,1.73090909090909
"85101/1001",NA,85101,1289,"55-59 years","female",20,4489,"Shopping",468.386108398438,468.386108398438,"car",0.166666666666667,2.69,"weekday",2,"40 to 64","3-5km","bicycle",2.69,0.244545454545455,1.16666666666667,1.71181818181818
"85102/1000",NA,85102,1290,"50-54 years","male",20,4490,"Other",452.846740722656,452.846740722656,"car",0.15,3.05,"weekday",1,"40 to 64","3-5km","bicycle",3.05,0.277272727272727,1.05,1.94090909090909
"85102/1000",NA,85102,1290,"50-54 years","male",20,4491,"Other",452.846740722656,452.846740722656,"car",0.116666666666667,3.06,"weekday",2,"40 to 64","3-5km","bicycle",3.06,0.278181818181818,0.816666666666667,1.94727272727273
"85102/1000",NA,85102,1290,"50-54 years","male",20,4492,"Shopping",452.846740722656,452.846740722656,"car",0.183333333333333,4.91,"weekday",3,"40 to 64","3-5km","bicycle",4.91,0.446363636363636,1.28333333333333,3.12454545454545
"85102/1000",NA,85102,1290,"50-54 years","male",20,4493,"Other",452.846740722656,452.846740722656,"car",0.3,12.55,"weekday",4,"40 to 64",">10km","car",12.55,0.3,2.1,2.1
"85102/1000",NA,85102,1290,"50-54 years","male",20,4494,"Other",452.846740722656,452.846740722656,"car",0.283333333333333,16.07,"weekday",5,"40 to 64",">10km","car",16.07,0.283333333333333,1.98333333333333,1.98333333333333
"85102/1001",NA,85102,1291,"50-54 years","female",20,4495,"Work",449.832550048828,449.832550048828,"car",0.233333333333333,5.84,"weekday",1,"40 to 64","6-10km","car",5.84,0.233333333333333,1.63333333333333,1.63333333333333
"85102/1001",NA,85102,1291,"50-54 years","female",20,4496,"Work",449.832550048828,449.832550048828,"car",0.25,5.81,"weekday",2,"40 to 64","6-10km","car",5.81,0.25,1.75,1.75
"85102/1001",NA,85102,1291,"50-54 years","female",20,4497,"Other",449.832550048828,449.832550048828,"car",0.15,3.05,"weekday",3,"40 to 64","3-5km","bicycle",3.05,0.277272727272727,1.05,1.94090909090909
"85102/1001",NA,85102,1291,"50-54 years","female",20,4498,"Other",449.832550048828,449.832550048828,"car",0.116666666666667,3.06,"weekday",4,"40 to 64","3-5km","bicycle",3.06,0.278181818181818,0.816666666666667,1.94727272727273
"85102/1001",NA,85102,1291,"50-54 years","female",20,4499,"Shopping",449.832550048828,449.832550048828,"car",0.183333333333333,4.91,"weekday",5,"40 to 64","3-5km","bicycle",4.91,0.446363636363636,1.28333333333333,3.12454545454545
"85102/1001",NA,85102,1291,"50-54 years","female",20,4500,"Other",449.832550048828,449.832550048828,"car",0.3,12.55,"weekday",6,"40 to 64",">10km","car",12.55,0.3,2.1,2.1
"85102/1001",NA,85102,1291,"50-54 years","female",20,4501,"Other",449.832550048828,449.832550048828,"car",0.283333333333333,16.07,"weekday",7,"40 to 64",">10km","car",16.07,0.283333333333333,1.98333333333333,1.98333333333333
"85103/1000",NA,85103,1292,"60-64 years","female",20,4502,"Leisure",437.736572265625,437.736572265625,"car",0.25,8.44,"weekday",1,"40 to 64","6-10km","car",8.44,0.25,1.75,1.75
"85103/1000",NA,85103,1292,"60-64 years","female",20,4503,"Leisure",437.736572265625,437.736572265625,"car",0.25,8.54,"weekday",2,"40 to 64","6-10km","car",8.54,0.25,1.75,1.75
"85103/1000",NA,85103,1292,"60-64 years","female",20,4504,"Leisure",437.736572265625,437.736572265625,"car",0.25,4.23,"weekday",3,"40 to 64","3-5km","bicycle",4.23,0.384545454545455,1.75,2.69181818181818
"85103/1000",NA,85103,1292,"60-64 years","female",20,4505,"Leisure",437.736572265625,437.736572265625,"car",0.25,4.42,"weekday",4,"40 to 64","3-5km","bicycle",4.42,0.401818181818182,1.75,2.81272727272727
"85103/1000",NA,85103,1292,"60-64 years","female",20,4506,"Leisure",437.736572265625,437.736572265625,"car",0.416666666666667,21.05,"weekday",5,"40 to 64",">10km","car",21.05,0.416666666666667,2.91666666666667,2.91666666666667
"85103/1000",NA,85103,1292,"60-64 years","female",20,4507,"Leisure",437.736572265625,437.736572265625,"car",0.25,21.14,"weekday",6,"40 to 64",">10km","car",21.14,0.25,1.75,1.75
"85103/1001",NA,85103,1293,"70-74 years","male",20,4508,"Shopping",368.036743164062,368.036743164062,"car",0.25,2.76,"weekday",1,"65 plus","3-5km","bicycle",2.76,0.250909090909091,1.75,1.75636363636364
"85103/1001",NA,85103,1293,"70-74 years","male",20,4509,"Shopping",368.036743164062,368.036743164062,"car",0.166666666666667,2.74,"weekday",2,"65 plus","3-5km","bicycle",2.74,0.249090909090909,1.16666666666667,1.74363636363636
"85103/1001",NA,85103,1293,"70-74 years","male",20,4510,"Leisure",368.036743164062,368.036743164062,"car",0.666666666666667,24.35,"weekday",3,"65 plus",">10km","car",24.35,0.666666666666667,4.66666666666667,4.66666666666667
"85103/1001",NA,85103,1293,"70-74 years","male",20,4511,"Leisure",368.036743164062,368.036743164062,"car",0.666666666666667,24.95,"weekday",4,"65 plus",">10km","car",24.95,0.666666666666667,4.66666666666667,4.66666666666667
"85104/1000",NA,85104,1294,"60-64 years","female",20,4512,"Work",471.933685302734,471.933685302734,"car",0.75,19.52,"weekday",1,"40 to 64",">10km","car",19.52,0.75,5.25,5.25
"85104/1000",NA,85104,1294,"60-64 years","female",20,4513,"Work",471.933685302734,471.933685302734,"car",0.916666666666667,19.13,"weekday",2,"40 to 64",">10km","car",19.13,0.916666666666667,6.41666666666667,6.41666666666667
"85104/1001",NA,85104,1295,"60-64 years","male",20,4514,"Leisure",439.835845947266,439.835845947266,"bicycle",1,13.6,"weekday",1,"40 to 64",">10km","bicycle",13.6,1,7,7
"85104/1001",NA,85104,1295,"60-64 years","male",20,4515,"Leisure",439.835845947266,439.835845947266,"bicycle",1.5,13.6,"weekday",2,"40 to 64",">10km","bicycle",13.6,1.5,10.5,10.5
"85104/1002",NA,85104,1296,"20-24 years","female",20,4516,"Leisure",856.685302734375,856.685302734375,"car",0.416666666666667,8.66,"weekday",1,"20 to 39","6-10km","car",8.66,0.416666666666667,2.91666666666667,2.91666666666667
"85104/1002",NA,85104,1296,"20-24 years","female",20,4517,"Leisure",856.685302734375,856.685302734375,"car",0.416666666666667,8.67,"weekday",2,"20 to 39","6-10km","car",8.67,0.416666666666667,2.91666666666667,2.91666666666667
"85104/1002",NA,85104,1296,"20-24 years","female",20,4518,"Work",856.685302734375,856.685302734375,"car",0.233333333333333,9.19,"weekday",3,"20 to 39","6-10km","car",9.19,0.233333333333333,1.63333333333333,1.63333333333333
"85104/1002",NA,85104,1296,"20-24 years","female",20,4519,"Work",856.685302734375,856.685302734375,"car",0.25,9.17,"weekday",4,"20 to 39","6-10km","car",9.17,0.25,1.75,1.75
"85104/1003",NA,85104,1297,"25-29 years","male",20,4520,"Work",1056.84216308594,1056.84216308594,"walking",0.116666666666667,0.51,"weekday",1,"20 to 39","<1km","walking",0.51,0.116666666666667,0.816666666666667,0.816666666666667
"85104/1003",NA,85104,1297,"25-29 years","male",20,4521,"Work",1056.84216308594,1056.84216308594,"public.transport",0.6,14.31,"weekday",1,"20 to 39",">10km","public.transport",14.31,0.6,4.2,4.2
"85104/1003",NA,85104,1297,"25-29 years","male",20,4522,"Work",1056.84216308594,1056.84216308594,"walking",0.166666666666667,0.32,"weekday",1,"20 to 39","<1km","walking",0.32,0.166666666666667,1.16666666666667,1.16666666666667
"85104/1003",NA,85104,1297,"25-29 years","male",20,4523,"Work",1056.84216308594,1056.84216308594,"walking",0.166666666666667,0.32,"weekday",2,"20 to 39","<1km","walking",0.32,0.166666666666667,1.16666666666667,1.16666666666667
"85104/1003",NA,85104,1297,"25-29 years","male",20,4524,"Work",1056.84216308594,1056.84216308594,"public.transport",0.583333333333333,14.27,"weekday",2,"20 to 39",">10km","public.transport",14.27,0.583333333333333,4.08333333333333,4.08333333333333
"85104/1003",NA,85104,1297,"25-29 years","male",20,4525,"Work",1056.84216308594,1056.84216308594,"walking",0.116666666666667,0.51,"weekday",2,"20 to 39","<1km","walking",0.51,0.116666666666667,0.816666666666667,0.816666666666667
"85109/1000",NA,85109,1298,"60-64 years","male",20,4526,"Other",407.964630126953,407.964630126953,"car",0.5,18.74,"weekday",1,"40 to 64",">10km","car",18.74,0.5,3.5,3.5
"85109/1000",NA,85109,1298,"60-64 years","male",20,4527,"Other",407.964630126953,407.964630126953,"car",1.5,20.07,"weekday",2,"40 to 64",">10km","car",20.07,1.5,10.5,10.5
"85109/1000",NA,85109,1298,"60-64 years","male",20,4528,"Work",407.964630126953,407.964630126953,"car",0.25,4.21,"weekday",3,"40 to 64","3-5km","bicycle",4.21,0.382727272727273,1.75,2.67909090909091
"85109/1000",NA,85109,1298,"60-64 years","male",20,4529,"Work",407.964630126953,407.964630126953,"car",0.166666666666667,4.27,"weekday",4,"40 to 64","3-5km","bicycle",4.27,0.388181818181818,1.16666666666667,2.71727272727273
"85109/1001",NA,85109,1299,"55-59 years","female",20,4530,"Work",468.386108398438,468.386108398438,"car",0.5,20.57,"weekday",1,"40 to 64",">10km","car",20.57,0.5,3.5,3.5
"85109/1001",NA,85109,1299,"55-59 years","female",20,4531,"Work",468.386108398438,468.386108398438,"car",0.5,21.05,"weekday",2,"40 to 64",">10km","car",21.05,0.5,3.5,3.5
"85110/1000",NA,85110,1300,"70-74 years","female",20,4532,"Leisure",410.921569824219,410.921569824219,"car",0.5,10.51,"weekday",1,"65 plus",">10km","car",10.51,0.5,3.5,3.5
"85110/1000",NA,85110,1300,"70-74 years","female",20,4533,"Leisure",410.921569824219,410.921569824219,"car",0.5,11.35,"weekday",2,"65 plus",">10km","car",11.35,0.5,3.5,3.5
"85110/1000",NA,85110,1300,"70-74 years","female",20,4534,"Other",410.921569824219,410.921569824219,"car",0.166666666666667,2.92,"weekday",3,"65 plus","3-5km","bicycle",2.92,0.265454545454545,1.16666666666667,1.85818181818182
"85110/1000",NA,85110,1300,"70-74 years","female",20,4535,"Other",410.921569824219,410.921569824219,"car",0.15,3.04,"weekday",4,"65 plus","3-5km","bicycle",3.04,0.276363636363636,1.05,1.93454545454545
"85110/1001",NA,85110,1301,"80-84 years","male",20,4536,"Leisure",491.522796630859,491.522796630859,"car",0.5,13.95,"weekday",1,"65 plus",">10km","car",13.95,0.5,3.5,3.5
"85110/1001",NA,85110,1301,"80-84 years","male",20,4537,"Leisure",491.522796630859,491.522796630859,"car",0.5,13.95,"weekday",2,"65 plus",">10km","car",13.95,0.5,3.5,3.5
"85110/1001",NA,85110,1301,"80-84 years","male",20,4538,"Other",491.522796630859,491.522796630859,"car",0.25,4.32,"weekday",3,"65 plus","3-5km","bicycle",4.32,0.392727272727273,1.75,2.74909090909091
"85110/1001",NA,85110,1301,"80-84 years","male",20,4539,"Other",491.522796630859,491.522796630859,"car",0.333333333333333,4.1,"weekday",4,"65 plus","3-5km","bicycle",4.1,0.372727272727273,2.33333333333333,2.60909090909091
"85112/1000",NA,85112,1302,"45-49 years","female",20,4540,"Other",587.36279296875,587.36279296875,"car",0.5,13.7,"weekday",1,"40 to 64",">10km","car",13.7,0.5,3.5,3.5
"85112/1000",NA,85112,1302,"45-49 years","female",20,4541,"Other",587.36279296875,587.36279296875,"car",0.666666666666667,13.75,"weekday",2,"40 to 64",">10km","car",13.75,0.666666666666667,4.66666666666667,4.66666666666667
"85112/1000",NA,85112,1302,"45-49 years","female",20,4542,"Other",587.36279296875,587.36279296875,"car",0.5,10.95,"weekday",3,"40 to 64",">10km","car",10.95,0.5,3.5,3.5
"85112/1000",NA,85112,1302,"45-49 years","female",20,4543,"Other",587.36279296875,587.36279296875,"car",0.833333333333333,10.84,"weekday",4,"40 to 64",">10km","car",10.84,0.833333333333333,5.83333333333333,5.83333333333333
"85112/1000",NA,85112,1302,"45-49 years","female",20,4544,"Other",587.36279296875,587.36279296875,"car",0.333333333333333,13.7,"weekday",5,"40 to 64",">10km","car",13.7,0.333333333333333,2.33333333333333,2.33333333333333
"85112/1000",NA,85112,1302,"45-49 years","female",20,4545,"Other",587.36279296875,587.36279296875,"car",0.333333333333333,4.2,"weekday",6,"40 to 64","3-5km","bicycle",4.2,0.381818181818182,2.33333333333333,2.67272727272727
"85112/1000",NA,85112,1302,"45-49 years","female",20,4546,"Other",587.36279296875,587.36279296875,"car",0.416666666666667,10.84,"weekday",7,"40 to 64",">10km","car",10.84,0.416666666666667,2.91666666666667,2.91666666666667
"85112/1002",NA,85112,1303,"15-19 years","male",20,4547,"Education",541.848937988281,541.848937988281,"car",0.5,13.7,"weekday",1,"15 to 19",">10km","car",13.7,0.5,3.5,3.5
"85112/1002",NA,85112,1303,"15-19 years","male",20,4548,"Other",541.848937988281,541.848937988281,"car",0.333333333333333,4.2,"weekday",2,"15 to 19","3-5km","bicycle",4.2,0.381818181818182,2.33333333333333,2.67272727272727
"85112/1002",NA,85112,1303,"15-19 years","male",20,4549,"Other",541.848937988281,541.848937988281,"car",0.416666666666667,10.84,"weekday",3,"15 to 19",">10km","car",10.84,0.416666666666667,2.91666666666667,2.91666666666667
"85112/1003",NA,85112,1304,"15-19 years","female",20,4550,"Education",456.759735107422,456.759735107422,"car",0.5,10.95,"weekday",1,"15 to 19",">10km","car",10.95,0.5,3.5,3.5
"85112/1003",NA,85112,1304,"15-19 years","female",20,4551,"Education",456.759735107422,456.759735107422,"car",0.416666666666667,10.84,"weekday",2,"15 to 19",">10km","car",10.84,0.416666666666667,2.91666666666667,2.91666666666667
"85113/1000",NA,85113,1305,"60-64 years","male",20,4552,"Work",407.964630126953,407.964630126953,"car",1.5,20.65,"weekday",1,"40 to 64",">10km","car",20.65,1.5,10.5,10.5
"85113/1000",NA,85113,1305,"60-64 years","male",20,4553,"Work",407.964630126953,407.964630126953,"car",0.5,11.22,"weekday",2,"40 to 64",">10km","car",11.22,0.5,3.5,3.5
"85113/1000",NA,85113,1305,"60-64 years","male",20,4554,"Work",407.964630126953,407.964630126953,"car",0.5,14.94,"weekday",3,"40 to 64",">10km","car",14.94,0.5,3.5,3.5
"85113/1001",NA,85113,1306,"55-59 years","female",20,4555,"Shopping",468.386108398438,468.386108398438,"car",0.25,3.08,"weekday",1,"40 to 64","3-5km","bicycle",3.08,0.28,1.75,1.96
"85113/1001",NA,85113,1306,"55-59 years","female",20,4556,"Shopping",468.386108398438,468.386108398438,"car",0.25,3.03,"weekday",2,"40 to 64","3-5km","bicycle",3.03,0.275454545454545,1.75,1.92818181818182
"85114/1000",NA,85114,1307,"70-74 years","female",20,4557,"Leisure",444.963592529297,444.963592529297,"walking",0.5,0.27,"weekday",1,"65 plus","<1km","walking",0.27,0.5,3.5,3.5
"85114/1000",NA,85114,1307,"70-74 years","female",20,4558,"Leisure",444.963592529297,444.963592529297,"walking",0.5,0.27,"weekday",2,"65 plus","<1km","walking",0.27,0.5,3.5,3.5
"85114/1000",NA,85114,1307,"70-74 years","female",20,4559,"Leisure",444.963592529297,444.963592529297,"car",0.333333333333333,6.32,"weekday",3,"65 plus","6-10km","car",6.32,0.333333333333333,2.33333333333333,2.33333333333333
"85114/1000",NA,85114,1307,"70-74 years","female",20,4560,"Leisure",444.963592529297,444.963592529297,"car",0.333333333333333,6.25,"weekday",4,"65 plus","6-10km","car",6.25,0.333333333333333,2.33333333333333,2.33333333333333
"85114/1000",NA,85114,1307,"70-74 years","female",20,4561,"Leisure",444.963592529297,444.963592529297,"walking",0.333333333333333,2.29,"weekday",5,"65 plus","3-5km","walking",2.29,0.333333333333333,2.33333333333333,2.33333333333333
"85114/1000",NA,85114,1307,"70-74 years","female",20,4562,"Leisure",444.963592529297,444.963592529297,"walking",0.416666666666667,2.29,"weekday",6,"65 plus","3-5km","walking",2.29,0.416666666666667,2.91666666666667,2.91666666666667
"85116/1000",NA,85116,1308,"55-59 years","male",20,4563,"Work",768.28955078125,768.28955078125,"car",0.5,12.79,"weekday",1,"40 to 64",">10km","car",12.79,0.5,3.5,3.5
"85116/1000",NA,85116,1308,"55-59 years","male",20,4564,"Work",768.28955078125,768.28955078125,"car",0.333333333333333,7.05,"weekday",2,"40 to 64","6-10km","car",7.05,0.333333333333333,2.33333333333333,2.33333333333333
"85116/1000",NA,85116,1308,"55-59 years","male",20,4565,"Work",768.28955078125,768.28955078125,"car",0.25,15.86,"weekday",3,"40 to 64",">10km","car",15.86,0.25,1.75,1.75
"85116/1001",NA,85116,1309,"50-54 years","female",20,4566,"Other",700.190185546875,700.190185546875,"car",0.25,2.3,"weekday",1,"40 to 64","3-5km","bicycle",2.3,0.209090909090909,1.75,1.46363636363636
"85116/1001",NA,85116,1309,"50-54 years","female",20,4567,"Other",700.190185546875,700.190185546875,"car",0.0833333333333333,2.26,"weekday",2,"40 to 64","3-5km","bicycle",2.26,0.205454545454545,0.583333333333333,1.43818181818182
"85116/1001",NA,85116,1309,"50-54 years","female",20,4568,"Other",700.190185546875,700.190185546875,"car",0.25,2.3,"weekday",3,"40 to 64","3-5km","bicycle",2.3,0.209090909090909,1.75,1.46363636363636
"85116/1001",NA,85116,1309,"50-54 years","female",20,4569,"Other",700.190185546875,700.190185546875,"car",0.166666666666667,2.26,"weekday",4,"40 to 64","3-5km","bicycle",2.26,0.205454545454545,1.16666666666667,1.43818181818182
"85116/1002",NA,85116,1310,"30-34 years","female",20,4570,"Education",1036.71923828125,1036.71923828125,"car",0.5,22.31,"weekday",1,"20 to 39",">10km","car",22.31,0.5,3.5,3.5
"85116/1002",NA,85116,1310,"30-34 years","female",20,4571,"Education",1036.71923828125,1036.71923828125,"car",0.5,22.15,"weekday",2,"20 to 39",">10km","car",22.15,0.5,3.5,3.5
"85116/1002",NA,85116,1310,"30-34 years","female",20,4572,"Leisure",1036.71923828125,1036.71923828125,"car",0.25,2.85,"weekday",3,"20 to 39","3-5km","bicycle",2.85,0.259090909090909,1.75,1.81363636363636
"85116/1002",NA,85116,1310,"30-34 years","female",20,4573,"Leisure",1036.71923828125,1036.71923828125,"car",0.25,2.71,"weekday",4,"20 to 39","3-5km","bicycle",2.71,0.246363636363636,1.75,1.72454545454545
"85116/1008",NA,85116,1311,"20-24 years","female",20,4574,"Shopping",1236.85375976562,1236.85375976562,"car",0.25,2.62,"weekday",1,"20 to 39","3-5km","bicycle",2.62,0.238181818181818,1.75,1.66727272727273
"85116/1008",NA,85116,1311,"20-24 years","female",20,4575,"Shopping",1236.85375976562,1236.85375976562,"car",0.166666666666667,2.64,"weekday",2,"20 to 39","3-5km","bicycle",2.64,0.24,1.16666666666667,1.68
"85116/1008",NA,85116,1311,"20-24 years","female",20,4576,"Leisure",1236.85375976562,1236.85375976562,"car",0.25,2.85,"weekday",3,"20 to 39","3-5km","bicycle",2.85,0.259090909090909,1.75,1.81363636363636
"85116/1008",NA,85116,1311,"20-24 years","female",20,4577,"Leisure",1236.85375976562,1236.85375976562,"car",0.25,2.71,"weekday",4,"20 to 39","3-5km","bicycle",2.71,0.246363636363636,1.75,1.72454545454545
"85116/1009",NA,85116,1312,"15-19 years","female",20,4578,"Education",659.454467773438,659.454467773438,"car",0.25,2.3,"weekday",1,"15 to 19","3-5km","bicycle",2.3,0.209090909090909,1.75,1.46363636363636
"85116/1009",NA,85116,1312,"15-19 years","female",20,4579,"Education",659.454467773438,659.454467773438,"car",0.166666666666667,2.26,"weekday",2,"15 to 19","3-5km","bicycle",2.26,0.205454545454545,1.16666666666667,1.43818181818182
"85123/1000",NA,85123,1313,"60-64 years","male",20,4580,"Work",126.624420166016,126.624420166016,"car",0.333333333333333,9.6,"weekday",1,"40 to 64","6-10km","car",9.6,0.333333333333333,2.33333333333333,2.33333333333333
"85123/1000",NA,85123,1313,"60-64 years","male",20,4581,"Work",126.624420166016,126.624420166016,"car",0.333333333333333,9.24,"weekday",2,"40 to 64","6-10km","car",9.24,0.333333333333333,2.33333333333333,2.33333333333333
"85123/1001",NA,85123,1314,"65-69 years","female",20,4582,"Shopping",101.395683288574,101.395683288574,"car",0.166666666666667,3.63,"weekday",1,"65 plus","3-5km","bicycle",3.63,0.33,1.16666666666667,2.31
"85123/1001",NA,85123,1314,"65-69 years","female",20,4583,"Shopping",101.395683288574,101.395683288574,"car",0.166666666666667,3.71,"weekday",2,"65 plus","3-5km","bicycle",3.71,0.337272727272727,1.16666666666667,2.36090909090909
"85129/1000",NA,85129,1315,"65-69 years","female",20,4584,"Leisure",89.9724197387695,89.9724197387695,"walking",0.5,1.61,"weekday",1,"65 plus","1-2km","walking",1.61,0.5,3.5,3.5
"85129/1000",NA,85129,1315,"65-69 years","female",20,4585,"Leisure",89.9724197387695,89.9724197387695,"walking",0.25,1.61,"weekday",2,"65 plus","1-2km","walking",1.61,0.25,1.75,1.75
"85131/1000",NA,85131,1316,"65-69 years","male",20,4586,"Leisure",125.863647460938,125.863647460938,"car",0.0833333333333333,2.13,"weekday",1,"65 plus","3-5km","bicycle",2.13,0.193636363636364,0.583333333333333,1.35545454545455
"85131/1000",NA,85131,1316,"65-69 years","male",20,4587,"Other",125.863647460938,125.863647460938,"car",0.0833333333333333,1.85,"weekday",2,"65 plus","1-2km","bicycle",1.85,0.168181818181818,0.583333333333333,1.17727272727273
"85131/1000",NA,85131,1316,"65-69 years","male",20,4588,"Other",125.863647460938,125.863647460938,"car",0.15,3.29,"weekday",3,"65 plus","3-5km","bicycle",3.29,0.299090909090909,1.05,2.09363636363636
"85132/1000",NA,85132,1317,"25-29 years","female",20,4589,"Other",242.946258544922,242.946258544922,"walking",0.25,1.57,"weekday",1,"20 to 39","1-2km","walking",1.57,0.25,1.75,1.75
"85132/1000",NA,85132,1317,"25-29 years","female",20,4590,"Other",242.946258544922,242.946258544922,"walking",0.25,1.57,"weekday",2,"20 to 39","1-2km","walking",1.57,0.25,1.75,1.75
"85132/1000",NA,85132,1317,"25-29 years","female",20,4591,"Other",242.946258544922,242.946258544922,"walking",0.25,1.57,"weekday",3,"20 to 39","1-2km","walking",1.57,0.25,1.75,1.75
"85132/1000",NA,85132,1317,"25-29 years","female",20,4592,"Other",242.946258544922,242.946258544922,"walking",0.25,1.57,"weekday",4,"20 to 39","1-2km","walking",1.57,0.25,1.75,1.75
"85133/1000",NA,85133,1318,"30-34 years","male",20,4593,"Leisure",160.394088745117,160.394088745117,"car",0.333333333333333,11.27,"weekday",1,"20 to 39",">10km","car",11.27,0.333333333333333,2.33333333333333,2.33333333333333
"85133/1000",NA,85133,1318,"30-34 years","male",20,4594,"Shopping",160.394088745117,160.394088745117,"car",0.166666666666667,8.04,"weekday",2,"20 to 39","6-10km","car",8.04,0.166666666666667,1.16666666666667,1.16666666666667
"85133/1000",NA,85133,1318,"30-34 years","male",20,4595,"Shopping",160.394088745117,160.394088745117,"car",0.2,7.46,"weekday",3,"20 to 39","6-10km","car",7.46,0.2,1.4,1.4
"85133/1001",NA,85133,1319,"60-64 years","male",20,4596,"Leisure",126.624420166016,126.624420166016,"car",0.333333333333333,11.27,"weekday",1,"40 to 64",">10km","car",11.27,0.333333333333333,2.33333333333333,2.33333333333333
"85133/1001",NA,85133,1319,"60-64 years","male",20,4597,"Shopping",126.624420166016,126.624420166016,"car",0.166666666666667,8.04,"weekday",2,"40 to 64","6-10km","car",8.04,0.166666666666667,1.16666666666667,1.16666666666667
"85133/1001",NA,85133,1319,"60-64 years","male",20,4598,"Shopping",126.624420166016,126.624420166016,"car",0.2,7.46,"weekday",3,"40 to 64","6-10km","car",7.46,0.2,1.4,1.4
"85135/1000",NA,85135,1320,"15-19 years","female",20,4599,"Other",340.53564453125,340.53564453125,"car",0.25,5.36,"weekday",1,"15 to 19","6-10km","car",5.36,0.25,1.75,1.75
"85135/1000",NA,85135,1320,"15-19 years","female",20,4600,"Other",340.53564453125,340.53564453125,"car",0.25,5.43,"weekday",2,"15 to 19","6-10km","car",5.43,0.25,1.75,1.75
"85135/1000",NA,85135,1320,"15-19 years","female",20,4601,"Other",340.53564453125,340.53564453125,"car",0.25,5.36,"weekday",3,"15 to 19","6-10km","car",5.36,0.25,1.75,1.75
"85135/1000",NA,85135,1320,"15-19 years","female",20,4602,"Other",340.53564453125,340.53564453125,"car",0.233333333333333,5.43,"weekday",4,"15 to 19","6-10km","car",5.43,0.233333333333333,1.63333333333333,1.63333333333333
"85135/1001",NA,85135,1321,"40-44 years","male",20,4603,"Work",204.532974243164,204.532974243164,"car",0.333333333333333,17.15,"weekday",1,"40 to 64",">10km","car",17.15,0.333333333333333,2.33333333333333,2.33333333333333
"85135/1001",NA,85135,1321,"40-44 years","male",20,4604,"Work",204.532974243164,204.532974243164,"car",0.333333333333333,16.73,"weekday",2,"40 to 64",">10km","car",16.73,0.333333333333333,2.33333333333333,2.33333333333333
"85136/1000",NA,85136,1322,"30-34 years","female",20,4605,"Other",166.980453491211,166.980453491211,"car",0.25,2.37,"weekday",1,"20 to 39","3-5km","bicycle",2.37,0.215454545454545,1.75,1.50818181818182
"85136/1000",NA,85136,1322,"30-34 years","female",20,4606,"Other",166.980453491211,166.980453491211,"car",0.166666666666667,2.52,"weekday",2,"20 to 39","3-5km","bicycle",2.52,0.229090909090909,1.16666666666667,1.60363636363636
"85136/1000",NA,85136,1322,"30-34 years","female",20,4607,"Other",166.980453491211,166.980453491211,"car",0.183333333333333,2.37,"weekday",3,"20 to 39","3-5km","bicycle",2.37,0.215454545454545,1.28333333333333,1.50818181818182
"85136/1000",NA,85136,1322,"30-34 years","female",20,4608,"Other",166.980453491211,166.980453491211,"car",0.0833333333333333,1.85,"weekday",4,"20 to 39","1-2km","bicycle",1.85,0.168181818181818,0.583333333333333,1.17727272727273
"85136/1000",NA,85136,1322,"30-34 years","female",20,4609,"Other",166.980453491211,166.980453491211,"car",0.116666666666667,2.33,"weekday",5,"20 to 39","3-5km","bicycle",2.33,0.211818181818182,0.816666666666667,1.48272727272727
"85136/1001",NA,85136,1323,"55-59 years","female",20,4610,"Other",187.210632324219,187.210632324219,"car",0.183333333333333,2.37,"weekday",1,"40 to 64","3-5km","bicycle",2.37,0.215454545454545,1.28333333333333,1.50818181818182
"85136/1001",NA,85136,1323,"55-59 years","female",20,4611,"Other",187.210632324219,187.210632324219,"car",0.0833333333333333,1.85,"weekday",2,"40 to 64","1-2km","bicycle",1.85,0.168181818181818,0.583333333333333,1.17727272727273
"85136/1001",NA,85136,1323,"55-59 years","female",20,4612,"Other",187.210632324219,187.210632324219,"car",0.116666666666667,2.33,"weekday",3,"40 to 64","3-5km","bicycle",2.33,0.211818181818182,0.816666666666667,1.48272727272727
"85137/1000",NA,85137,1324,"30-34 years","female",20,4613,"Other",119.532577514648,119.532577514648,"car",0.25,3.11,"weekday",1,"20 to 39","3-5km","bicycle",3.11,0.282727272727273,1.75,1.97909090909091
"85137/1000",NA,85137,1324,"30-34 years","female",20,4614,"Other",119.532577514648,119.532577514648,"car",0.0333333333333333,3.08,"weekday",2,"20 to 39","3-5km","bicycle",3.08,0.28,0.233333333333333,1.96
"85138/1000",NA,85138,1325,"35-39 years","male",20,4615,"Work",174.027191162109,174.027191162109,"car",0.25,10.99,"weekday",1,"20 to 39",">10km","car",10.99,0.25,1.75,1.75
"85138/1000",NA,85138,1325,"35-39 years","male",20,4616,"Work",174.027191162109,174.027191162109,"car",0.25,10.96,"weekday",2,"20 to 39",">10km","car",10.96,0.25,1.75,1.75
"85138/1001",NA,85138,1326,"25-29 years","female",20,4617,"Other",301.147644042969,301.147644042969,"car",0.116666666666667,1.38,"weekday",1,"20 to 39","1-2km","bicycle",1.38,0.125454545454545,0.816666666666667,0.878181818181818
"85138/1001",NA,85138,1326,"25-29 years","female",20,4618,"Other",301.147644042969,301.147644042969,"car",0.0833333333333333,1.48,"weekday",2,"20 to 39","1-2km","bicycle",1.48,0.134545454545455,0.583333333333333,0.941818181818182
"85138/1001",NA,85138,1326,"25-29 years","female",20,4619,"Other",301.147644042969,301.147644042969,"car",0.0833333333333333,1.38,"weekday",3,"20 to 39","1-2km","bicycle",1.38,0.125454545454545,0.583333333333333,0.878181818181818
"85138/1001",NA,85138,1326,"25-29 years","female",20,4620,"Other",301.147644042969,301.147644042969,"car",0.0833333333333333,1.48,"weekday",4,"20 to 39","1-2km","bicycle",1.48,0.134545454545455,0.583333333333333,0.941818181818182
"85142/1000",NA,85142,1327,"30-34 years","female",20,4621,"Other",157.198715209961,157.198715209961,"car",0.166666666666667,1.75,"weekday",1,"20 to 39","1-2km","bicycle",1.75,0.159090909090909,1.16666666666667,1.11363636363636
"85142/1000",NA,85142,1327,"30-34 years","female",20,4622,"Other",157.198715209961,157.198715209961,"car",0.166666666666667,1.7,"weekday",2,"20 to 39","1-2km","bicycle",1.7,0.154545454545455,1.16666666666667,1.08181818181818
"85142/1000",NA,85142,1327,"30-34 years","female",20,4623,"Other",157.198715209961,157.198715209961,"car",0.25,1.75,"weekday",3,"20 to 39","1-2km","bicycle",1.75,0.159090909090909,1.75,1.11363636363636
"85142/1000",NA,85142,1327,"30-34 years","female",20,4624,"Other",157.198715209961,157.198715209961,"car",0.2,1.7,"weekday",4,"20 to 39","1-2km","bicycle",1.7,0.154545454545455,1.4,1.08181818181818
"85143/1000",NA,85143,1328,"30-34 years","female",20,4625,"Other",157.198715209961,157.198715209961,"car",0.166666666666667,1.53,"weekday",1,"20 to 39","1-2km","bicycle",1.53,0.139090909090909,1.16666666666667,0.973636363636364
"85143/1000",NA,85143,1328,"30-34 years","female",20,4626,"Other",157.198715209961,157.198715209961,"car",0.333333333333333,6.43,"weekday",2,"20 to 39","6-10km","car",6.43,0.333333333333333,2.33333333333333,2.33333333333333
"85143/1000",NA,85143,1328,"30-34 years","female",20,4627,"Shopping",157.198715209961,157.198715209961,"car",0.1,2.37,"weekday",3,"20 to 39","3-5km","bicycle",2.37,0.215454545454545,0.7,1.50818181818182
"85143/1000",NA,85143,1328,"30-34 years","female",20,4628,"Work",157.198715209961,157.198715209961,"car",0.25,13.15,"weekday",4,"20 to 39",">10km","car",13.15,0.25,1.75,1.75
"85143/1000",NA,85143,1328,"30-34 years","female",20,4629,"Other",157.198715209961,157.198715209961,"car",0.5,12.86,"weekday",5,"20 to 39",">10km","car",12.86,0.5,3.5,3.5
"85143/1000",NA,85143,1328,"30-34 years","female",20,4630,"Leisure",157.198715209961,157.198715209961,"car",0.333333333333333,4.4,"weekday",6,"20 to 39","3-5km","bicycle",4.4,0.4,2.33333333333333,2.8
"85143/1000",NA,85143,1328,"30-34 years","female",20,4631,"Leisure",157.198715209961,157.198715209961,"car",0.25,3.01,"weekday",7,"20 to 39","3-5km","bicycle",3.01,0.273636363636364,1.75,1.91545454545455
"85145/1000",NA,85145,1329,"30-34 years","female",20,4632,"Other",157.198715209961,157.198715209961,"car",0.333333333333333,2.14,"weekday",1,"20 to 39","3-5km","bicycle",2.14,0.194545454545455,2.33333333333333,1.36181818181818
"85145/1000",NA,85145,1329,"30-34 years","female",20,4633,"Other",157.198715209961,157.198715209961,"car",0.283333333333333,2.28,"weekday",2,"20 to 39","3-5km","bicycle",2.28,0.207272727272727,1.98333333333333,1.45090909090909
"85145/1000",NA,85145,1329,"30-34 years","female",20,4634,"Shopping",157.198715209961,157.198715209961,"car",0.116666666666667,3.29,"weekday",3,"20 to 39","3-5km","bicycle",3.29,0.299090909090909,0.816666666666667,2.09363636363636
"85145/1000",NA,85145,1329,"30-34 years","female",20,4635,"Other",157.198715209961,157.198715209961,"car",0.166666666666667,1.15,"weekday",4,"20 to 39","1-2km","bicycle",1.15,0.104545454545455,1.16666666666667,0.731818181818182
"85145/1000",NA,85145,1329,"30-34 years","female",20,4636,"Other",157.198715209961,157.198715209961,"car",0.25,2.28,"weekday",5,"20 to 39","3-5km","bicycle",2.28,0.207272727272727,1.75,1.45090909090909
"85147/1000",NA,85147,1330,"55-59 years","female",20,4637,"Work",176.243804931641,176.243804931641,"car",0.416666666666667,10.14,"weekday",1,"40 to 64",">10km","car",10.14,0.416666666666667,2.91666666666667,2.91666666666667
"85147/1000",NA,85147,1330,"55-59 years","female",20,4638,"Work",176.243804931641,176.243804931641,"car",0.3,10.13,"weekday",2,"40 to 64",">10km","car",10.13,0.3,2.1,2.1
"85148/1000",NA,85148,1331,"25-29 years","female",20,4639,"Work",242.946258544922,242.946258544922,"car",0.283333333333333,7.44,"weekday",1,"20 to 39","6-10km","car",7.44,0.283333333333333,1.98333333333333,1.98333333333333
"85148/1000",NA,85148,1331,"25-29 years","female",20,4640,"Work",242.946258544922,242.946258544922,"car",0.283333333333333,7.39,"weekday",2,"20 to 39","6-10km","car",7.39,0.283333333333333,1.98333333333333,1.98333333333333
"85148/1001",NA,85148,1332,"30-34 years","male",20,4641,"Work",160.394088745117,160.394088745117,"car",3.16666666666667,165.95,"weekday",1,"20 to 39",">10km","car",165.95,3.16666666666667,22.1666666666667,22.1666666666667
"85148/1001",NA,85148,1332,"30-34 years","male",20,4642,"Work",160.394088745117,160.394088745117,"car",0.416666666666667,17.14,"weekday",2,"20 to 39",">10km","car",17.14,0.416666666666667,2.91666666666667,2.91666666666667
"85153/1001",NA,85153,1333,"45-49 years","female",20,4643,"Work",253.594482421875,253.594482421875,"car",0.333333333333333,18.78,"weekday",1,"40 to 64",">10km","car",18.78,0.333333333333333,2.33333333333333,2.33333333333333
"85153/1001",NA,85153,1333,"45-49 years","female",20,4644,"Work",253.594482421875,253.594482421875,"car",0.733333333333333,17.12,"weekday",2,"40 to 64",">10km","car",17.12,0.733333333333333,5.13333333333333,5.13333333333333
"85153/1002",NA,85153,1334,"20-24 years","female",20,4645,"Work",210.157943725586,210.157943725586,"car",0.25,1.6,"weekday",1,"20 to 39","1-2km","bicycle",1.6,0.145454545454545,1.75,1.01818181818182
"85153/1002",NA,85153,1334,"20-24 years","female",20,4646,"Work",210.157943725586,210.157943725586,"car",0.25,1.63,"weekday",2,"20 to 39","1-2km","bicycle",1.63,0.148181818181818,1.75,1.03727272727273
"85154/1001",NA,85154,1335,"55-59 years","male",20,4647,"Shopping",288.880584716797,288.880584716797,"car",0.25,8.25,"weekday",1,"40 to 64","6-10km","car",8.25,0.25,1.75,1.75
"85154/1001",NA,85154,1335,"55-59 years","male",20,4648,"Shopping",288.880584716797,288.880584716797,"car",0.25,8.21,"weekday",2,"40 to 64","6-10km","car",8.21,0.25,1.75,1.75
"85154/1002",NA,85154,1336,"30-34 years","male",20,4649,"Leisure",295.600555419922,295.600555419922,"car",0.333333333333333,12.37,"weekday",1,"20 to 39",">10km","car",12.37,0.333333333333333,2.33333333333333,2.33333333333333
"85154/1002",NA,85154,1336,"30-34 years","male",20,4650,"Leisure",295.600555419922,295.600555419922,"car",0.416666666666667,12.42,"weekday",2,"20 to 39",">10km","car",12.42,0.416666666666667,2.91666666666667,2.91666666666667
"85154/1002",NA,85154,1336,"30-34 years","male",20,4651,"Work",295.600555419922,295.600555419922,"car",0.25,6.45,"weekday",3,"20 to 39","6-10km","car",6.45,0.25,1.75,1.75
"85154/1002",NA,85154,1336,"30-34 years","male",20,4652,"Work",295.600555419922,295.600555419922,"car",0.416666666666667,6.38,"weekday",4,"20 to 39","6-10km","car",6.38,0.416666666666667,2.91666666666667,2.91666666666667
"85156/1000",NA,85156,1337,"20-24 years","male",20,4653,"Education",167.402557373047,167.402557373047,"car",0.5,8.44,"weekday",1,"20 to 39","6-10km","car",8.44,0.5,3.5,3.5
"85156/1000",NA,85156,1337,"20-24 years","male",20,4654,"Education",167.402557373047,167.402557373047,"car",0.5,8.38,"weekday",2,"20 to 39","6-10km","car",8.38,0.5,3.5,3.5
"85157/1000",NA,85157,1338,"25-29 years","female",20,4655,"Other",178.791854858398,178.791854858398,"car",0.5,16.11,"weekday",1,"20 to 39",">10km","car",16.11,0.5,3.5,3.5
"85157/1000",NA,85157,1338,"25-29 years","female",20,4656,"Other",178.791854858398,178.791854858398,"car",0.5,14.3,"weekday",2,"20 to 39",">10km","car",14.3,0.5,3.5,3.5
"85157/1001",NA,85157,1339,"25-29 years","male",20,4657,"Work",213.285980224609,213.285980224609,"other",0.416666666666667,31.99,"weekday",1,"20 to 39",">10km","other",31.99,0.416666666666667,2.91666666666667,2.91666666666667
"85157/1001",NA,85157,1339,"25-29 years","male",20,4658,"Work",213.285980224609,213.285980224609,"other",0.5,29.9,"weekday",2,"20 to 39",">10km","other",29.9,0.5,3.5,3.5
"85158/1000",NA,85158,1340,"20-24 years","male",20,4659,"Work",135.873886108398,135.873886108398,"car",0.466666666666667,15.73,"weekday",1,"20 to 39",">10km","car",15.73,0.466666666666667,3.26666666666667,3.26666666666667
"85158/1000",NA,85158,1340,"20-24 years","male",20,4660,"Work",135.873886108398,135.873886108398,"car",0.6,14.05,"weekday",2,"20 to 39",">10km","car",14.05,0.6,4.2,4.2
"85158/1001",NA,85158,1341,"55-59 years","female",20,4661,"Work",124.50057220459,124.50057220459,"car",0.566666666666667,15.33,"weekday",1,"40 to 64",">10km","car",15.33,0.566666666666667,3.96666666666667,3.96666666666667
"85158/1001",NA,85158,1341,"55-59 years","female",20,4662,"Work",124.50057220459,124.50057220459,"car",0.45,13.43,"weekday",2,"40 to 64",">10km","car",13.43,0.45,3.15,3.15
"85159/1000",NA,85159,1342,"30-34 years","male",20,4663,"Work",243.462539672852,243.462539672852,"car",0.833333333333333,41.27,"weekday",1,"20 to 39",">10km","car",41.27,0.833333333333333,5.83333333333333,5.83333333333333
"85159/1000",NA,85159,1342,"30-34 years","male",20,4664,"Leisure",243.462539672852,243.462539672852,"car",0.666666666666667,37.92,"weekday",2,"20 to 39",">10km","car",37.92,0.666666666666667,4.66666666666667,4.66666666666667
"85159/1000",NA,85159,1342,"30-34 years","male",20,4665,"Leisure",243.462539672852,243.462539672852,"car",0.333333333333333,12.38,"weekday",3,"20 to 39",">10km","car",12.38,0.333333333333333,2.33333333333333,2.33333333333333
"85159/1001",NA,85159,1343,"30-34 years","female",20,4666,"Other",333.578796386719,333.578796386719,"car",0.0833333333333333,5.7,"weekday",1,"20 to 39","6-10km","car",5.7,0.0833333333333333,0.583333333333333,0.583333333333333
"85159/1001",NA,85159,1343,"30-34 years","female",20,4667,"Other",333.578796386719,333.578796386719,"car",0.0833333333333333,5.61,"weekday",2,"20 to 39","6-10km","car",5.61,0.0833333333333333,0.583333333333333,0.583333333333333
"85159/1001",NA,85159,1343,"30-34 years","female",20,4668,"Leisure",333.578796386719,333.578796386719,"car",0.333333333333333,11.96,"weekday",3,"20 to 39",">10km","car",11.96,0.333333333333333,2.33333333333333,2.33333333333333
"85159/1001",NA,85159,1343,"30-34 years","female",20,4669,"Leisure",333.578796386719,333.578796386719,"car",0.333333333333333,12.02,"weekday",4,"20 to 39",">10km","car",12.02,0.333333333333333,2.33333333333333,2.33333333333333
"85159/1001",NA,85159,1343,"30-34 years","female",20,4670,"Other",333.578796386719,333.578796386719,"car",0.333333333333333,5.7,"weekday",5,"20 to 39","6-10km","car",5.7,0.333333333333333,2.33333333333333,2.33333333333333
"85159/1001",NA,85159,1343,"30-34 years","female",20,4671,"Other",333.578796386719,333.578796386719,"car",0.35,11.54,"weekday",6,"20 to 39",">10km","car",11.54,0.35,2.45,2.45
"85159/1001",NA,85159,1343,"30-34 years","female",20,4672,"Other",333.578796386719,333.578796386719,"car",0.666666666666667,12.56,"weekday",7,"20 to 39",">10km","car",12.56,0.666666666666667,4.66666666666667,4.66666666666667
"85161/1000",NA,85161,1344,"20-24 years","male",20,4673,"Work",135.873886108398,135.873886108398,"car",0.333333333333333,6.85,"weekday",1,"20 to 39","6-10km","car",6.85,0.333333333333333,2.33333333333333,2.33333333333333
"85161/1000",NA,85161,1344,"20-24 years","male",20,4674,"Work",135.873886108398,135.873886108398,"car",0.333333333333333,6.85,"weekday",2,"20 to 39","6-10km","car",6.85,0.333333333333333,2.33333333333333,2.33333333333333
"85161/1001",NA,85161,1345,"20-24 years","female",20,4675,"Shopping",143.811325073242,143.811325073242,"car",0.166666666666667,3.94,"weekday",1,"20 to 39","3-5km","bicycle",3.94,0.358181818181818,1.16666666666667,2.50727272727273
"85161/1001",NA,85161,1345,"20-24 years","female",20,4676,"Shopping",143.811325073242,143.811325073242,"car",0.166666666666667,4.57,"weekday",2,"20 to 39","3-5km","bicycle",4.57,0.415454545454545,1.16666666666667,2.90818181818182
"85162/1000",NA,85162,1346,"40-44 years","male",20,4677,"Other",369.611175537109,369.611175537109,"car",0.183333333333333,6.27,"weekday",1,"40 to 64","6-10km","car",6.27,0.183333333333333,1.28333333333333,1.28333333333333
"85162/1000",NA,85162,1346,"40-44 years","male",20,4678,"Other",369.611175537109,369.611175537109,"car",0.233333333333333,8.64,"weekday",2,"40 to 64","6-10km","car",8.64,0.233333333333333,1.63333333333333,1.63333333333333
"85162/1000",NA,85162,1346,"40-44 years","male",20,4679,"Work",369.611175537109,369.611175537109,"car",0.55,27.01,"weekday",3,"40 to 64",">10km","car",27.01,0.55,3.85,3.85
"85162/1000",NA,85162,1346,"40-44 years","male",20,4680,"Other",369.611175537109,369.611175537109,"car",0.633333333333333,27.24,"weekday",4,"40 to 64",">10km","car",27.24,0.633333333333333,4.43333333333333,4.43333333333333
"85162/1000",NA,85162,1346,"40-44 years","male",20,4681,"Other",369.611175537109,369.611175537109,"car",0.216666666666667,8.68,"weekday",5,"40 to 64","6-10km","car",8.68,0.216666666666667,1.51666666666667,1.51666666666667
"85162/1000",NA,85162,1346,"40-44 years","male",20,4682,"Other",369.611175537109,369.611175537109,"car",0.166666666666667,6.28,"weekday",6,"40 to 64","6-10km","car",6.28,0.166666666666667,1.16666666666667,1.16666666666667
"85164/1000",NA,85164,1347,"20-24 years","female",20,4683,"Work",143.811325073242,143.811325073242,"car",0.416666666666667,13.08,"weekday",1,"20 to 39",">10km","car",13.08,0.416666666666667,2.91666666666667,2.91666666666667
"85164/1000",NA,85164,1347,"20-24 years","female",20,4684,"Work",143.811325073242,143.811325073242,"car",0.383333333333333,13.19,"weekday",2,"20 to 39",">10km","car",13.19,0.383333333333333,2.68333333333333,2.68333333333333
"85165/1000",NA,85165,1348,"25-29 years","male",20,4685,"Education",213.285980224609,213.285980224609,"car",0.5,21.01,"weekday",1,"20 to 39",">10km","car",21.01,0.5,3.5,3.5
"85165/1000",NA,85165,1348,"25-29 years","male",20,4686,"Education",213.285980224609,213.285980224609,"car",0.5,21.1,"weekday",2,"20 to 39",">10km","car",21.1,0.5,3.5,3.5
"85165/1001",NA,85165,1349,"25-29 years","female",20,4687,"Work",178.791854858398,178.791854858398,"car",0.25,6.88,"weekday",1,"20 to 39","6-10km","car",6.88,0.25,1.75,1.75
"85165/1001",NA,85165,1349,"25-29 years","female",20,4688,"Work",178.791854858398,178.791854858398,"car",0.25,6.9,"weekday",2,"20 to 39","6-10km","car",6.9,0.25,1.75,1.75
"85166/1001",NA,85166,1351,"30-34 years","male",20,4690,"Work",203.662582397461,203.662582397461,"car",0.25,8.49,"weekday",1,"20 to 39","6-10km","car",8.49,0.25,1.75,1.75
"85169/1000",NA,85169,1352,"55-59 years","female",20,4691,"Other",181.938278198242,181.938278198242,"car",0.666666666666667,18.84,"weekday",1,"40 to 64",">10km","car",18.84,0.666666666666667,4.66666666666667,4.66666666666667
"85169/1000",NA,85169,1352,"55-59 years","female",20,4692,"Other",181.938278198242,181.938278198242,"car",0.883333333333333,18.82,"weekday",2,"40 to 64",">10km","car",18.82,0.883333333333333,6.18333333333333,6.18333333333333
"85169/1000",NA,85169,1352,"55-59 years","female",20,4693,"Shopping",181.938278198242,181.938278198242,"car",0.1,6.21,"weekday",3,"40 to 64","6-10km","car",6.21,0.1,0.7,0.7
"85169/1000",NA,85169,1352,"55-59 years","female",20,4694,"Shopping",181.938278198242,181.938278198242,"car",0.183333333333333,7.64,"weekday",4,"40 to 64","6-10km","car",7.64,0.183333333333333,1.28333333333333,1.28333333333333
"85169/1000",NA,85169,1352,"55-59 years","female",20,4695,"Shopping",181.938278198242,181.938278198242,"car",0.4,5.27,"weekday",5,"40 to 64","6-10km","car",5.27,0.4,2.8,2.8
"85169/1001",NA,85169,1353,"60-64 years","male",20,4696,"Other",210.90705871582,210.90705871582,"car",0.666666666666667,18.84,"weekday",1,"40 to 64",">10km","car",18.84,0.666666666666667,4.66666666666667,4.66666666666667
"85169/1001",NA,85169,1353,"60-64 years","male",20,4697,"Other",210.90705871582,210.90705871582,"car",0.883333333333333,18.82,"weekday",2,"40 to 64",">10km","car",18.82,0.883333333333333,6.18333333333333,6.18333333333333
"85169/1001",NA,85169,1353,"60-64 years","male",20,4698,"Shopping",210.90705871582,210.90705871582,"car",0.1,6.21,"weekday",3,"40 to 64","6-10km","car",6.21,0.1,0.7,0.7
"85169/1001",NA,85169,1353,"60-64 years","male",20,4699,"Shopping",210.90705871582,210.90705871582,"car",0.183333333333333,7.64,"weekday",4,"40 to 64","6-10km","car",7.64,0.183333333333333,1.28333333333333,1.28333333333333
"85169/1001",NA,85169,1353,"60-64 years","male",20,4700,"Shopping",210.90705871582,210.90705871582,"car",0.4,5.27,"weekday",5,"40 to 64","6-10km","car",5.27,0.4,2.8,2.8
"85170/1000",NA,85170,1355,"40-44 years","female",20,4702,"Other",148.689193725586,148.689193725586,"car",0.4,11.09,"weekday",1,"40 to 64",">10km","car",11.09,0.4,2.8,2.8
"85170/1000",NA,85170,1355,"40-44 years","female",20,4703,"Work",148.689193725586,148.689193725586,"car",0.05,1.05,"weekday",2,"40 to 64","1-2km","bicycle",1.05,0.0954545454545455,0.35,0.668181818181818
"85170/1000",NA,85170,1355,"40-44 years","female",20,4704,"Other",148.689193725586,148.689193725586,"car",0.233333333333333,4.29,"weekday",3,"40 to 64","3-5km","bicycle",4.29,0.39,1.63333333333333,2.73
"85170/1000",NA,85170,1355,"40-44 years","female",20,4705,"Other",148.689193725586,148.689193725586,"car",0.316666666666667,8.74,"weekday",4,"40 to 64","6-10km","car",8.74,0.316666666666667,2.21666666666667,2.21666666666667
"85172/1000",NA,85172,1356,"50-54 years","male",20,4706,"Work",172.041442871094,172.041442871094,"car",0.25,11.65,"weekday",1,"40 to 64",">10km","car",11.65,0.25,1.75,1.75
"85172/1000",NA,85172,1356,"50-54 years","male",20,4707,"Work",172.041442871094,172.041442871094,"car",0.25,11.55,"weekday",2,"40 to 64",">10km","car",11.55,0.25,1.75,1.75
"85174/1000",NA,85174,1357,"30-34 years","female",20,4708,"Other",279.047119140625,279.047119140625,"car",0.0833333333333333,0.83,"weekday",1,"20 to 39","<1km","bicycle",0.83,0.0754545454545455,0.583333333333333,0.528181818181818
"85174/1000",NA,85174,1357,"30-34 years","female",20,4709,"Other",279.047119140625,279.047119140625,"car",0.25,3.54,"weekday",2,"20 to 39","3-5km","bicycle",3.54,0.321818181818182,1.75,2.25272727272727
"85174/1000",NA,85174,1357,"30-34 years","female",20,4710,"Other",279.047119140625,279.047119140625,"car",0.333333333333333,17.13,"weekday",3,"20 to 39",">10km","car",17.13,0.333333333333333,2.33333333333333,2.33333333333333
"85174/1000",NA,85174,1357,"30-34 years","female",20,4711,"Other",279.047119140625,279.047119140625,"car",0.85,18.14,"weekday",4,"20 to 39",">10km","car",18.14,0.85,5.95,5.95
"85174/1000",NA,85174,1357,"30-34 years","female",20,4712,"Other",279.047119140625,279.047119140625,"car",0.0833333333333333,0.83,"weekday",5,"20 to 39","<1km","bicycle",0.83,0.0754545454545455,0.583333333333333,0.528181818181818
"85174/1000",NA,85174,1357,"30-34 years","female",20,4713,"Other",279.047119140625,279.047119140625,"car",0.0833333333333333,0.82,"weekday",6,"20 to 39","<1km","bicycle",0.82,0.0745454545454545,0.583333333333333,0.521818181818182
"85174/1001",NA,85174,1358,"45-49 years","male",20,4714,"Work",185.775009155273,185.775009155273,"car",0.75,29.52,"weekday",1,"40 to 64",">10km","car",29.52,0.75,5.25,5.25
"85174/1001",NA,85174,1358,"45-49 years","male",20,4715,"Work",185.775009155273,185.775009155273,"car",0.833333333333333,29.67,"weekday",2,"40 to 64",">10km","car",29.67,0.833333333333333,5.83333333333333,5.83333333333333
"85176/1001",NA,85176,1359,"45-49 years","female",20,4716,"Work",253.594482421875,253.594482421875,"car",0.666666666666667,31.24,"weekday",1,"40 to 64",">10km","car",31.24,0.666666666666667,4.66666666666667,4.66666666666667
"85176/1001",NA,85176,1359,"45-49 years","female",20,4717,"Work",253.594482421875,253.594482421875,"car",1.65,30.8,"weekday",2,"40 to 64",">10km","car",30.8,1.65,11.55,11.55
"85177/1000",NA,85177,1360,"30-34 years","male",20,4718,"Shopping",139.366546630859,139.366546630859,"car",0.25,7.49,"weekday",1,"20 to 39","6-10km","car",7.49,0.25,1.75,1.75
"85177/1000",NA,85177,1360,"30-34 years","male",20,4719,"Shopping",139.366546630859,139.366546630859,"car",0.25,8.15,"weekday",2,"20 to 39","6-10km","car",8.15,0.25,1.75,1.75
"85177/1004",NA,85177,1361,"25-29 years","female",20,4720,"Work",178.791854858398,178.791854858398,"car",0.333333333333333,7.98,"weekday",1,"20 to 39","6-10km","car",7.98,0.333333333333333,2.33333333333333,2.33333333333333
"85177/1004",NA,85177,1361,"25-29 years","female",20,4721,"Work",178.791854858398,178.791854858398,"public.transport",1.41666666666667,28.38,"weekday",1,"20 to 39",">10km","public.transport",28.38,1.41666666666667,9.91666666666667,9.91666666666667
"85177/1004",NA,85177,1361,"25-29 years","female",20,4722,"Work",178.791854858398,178.791854858398,"walking",0.25,0.38,"weekday",1,"20 to 39","<1km","walking",0.38,0.25,1.75,1.75
"85177/1004",NA,85177,1361,"25-29 years","female",20,4723,"Work",178.791854858398,178.791854858398,"walking",0.25,0.38,"weekday",2,"20 to 39","<1km","walking",0.38,0.25,1.75,1.75
"85177/1004",NA,85177,1361,"25-29 years","female",20,4724,"Work",178.791854858398,178.791854858398,"public.transport",1.5,28.53,"weekday",2,"20 to 39",">10km","public.transport",28.53,1.5,10.5,10.5
"85177/1004",NA,85177,1361,"25-29 years","female",20,4725,"Work",178.791854858398,178.791854858398,"car",0.25,8.94,"weekday",2,"20 to 39","6-10km","car",8.94,0.25,1.75,1.75
"85177/1004",NA,85177,1361,"25-29 years","female",20,4726,"Shopping",178.791854858398,178.791854858398,"car",0.25,7.49,"weekday",3,"20 to 39","6-10km","car",7.49,0.25,1.75,1.75
"85177/1004",NA,85177,1361,"25-29 years","female",20,4727,"Shopping",178.791854858398,178.791854858398,"car",0.25,8.15,"weekday",4,"20 to 39","6-10km","car",8.15,0.25,1.75,1.75
"85178/1001",NA,85178,1362,"50-54 years","female",20,4728,"Work",176.780258178711,176.780258178711,"car",0.5,21.37,"weekday",1,"40 to 64",">10km","car",21.37,0.5,3.5,3.5
"85178/1001",NA,85178,1362,"50-54 years","female",20,4729,"Work",176.780258178711,176.780258178711,"car",0.75,19.86,"weekday",2,"40 to 64",">10km","car",19.86,0.75,5.25,5.25
"85178/1002",NA,85178,1363,"50-54 years","male",20,4730,"Work",172.041442871094,172.041442871094,"car",0.333333333333333,14.91,"weekday",1,"40 to 64",">10km","car",14.91,0.333333333333333,2.33333333333333,2.33333333333333
"85178/1002",NA,85178,1363,"50-54 years","male",20,4731,"Work",172.041442871094,172.041442871094,"car",0.333333333333333,13.36,"weekday",2,"40 to 64",">10km","car",13.36,0.333333333333333,2.33333333333333,2.33333333333333
"85179/1001",NA,85179,1364,"50-54 years","female",20,4732,"Work",211.326843261719,211.326843261719,"car",0.333333333333333,7.95,"weekday",1,"40 to 64","6-10km","car",7.95,0.333333333333333,2.33333333333333,2.33333333333333
"85179/1001",NA,85179,1364,"50-54 years","female",20,4733,"Work",211.326843261719,211.326843261719,"car",0.333333333333333,8.14,"weekday",2,"40 to 64","6-10km","car",8.14,0.333333333333333,2.33333333333333,2.33333333333333
"85179/1004",NA,85179,1365,"20-24 years","female",20,4734,"Work",251.227233886719,251.227233886719,"car",0.5,11.18,"weekday",1,"20 to 39",">10km","car",11.18,0.5,3.5,3.5
"85179/1004",NA,85179,1365,"20-24 years","female",20,4735,"Work",251.227233886719,251.227233886719,"car",0.5,11,"weekday",2,"20 to 39",">10km","car",11,0.5,3.5,3.5
"85179/1005",NA,85179,1366,"20-24 years","male",20,4736,"Work",237.361145019531,237.361145019531,"car",0.5,11.66,"weekday",1,"20 to 39",">10km","car",11.66,0.5,3.5,3.5
"85179/1005",NA,85179,1366,"20-24 years","male",20,4737,"Work",237.361145019531,237.361145019531,"car",0.5,11.75,"weekday",2,"20 to 39",">10km","car",11.75,0.5,3.5,3.5
"85182/1000",NA,85182,1367,"60-64 years","male",20,4738,"Work",93.5367965698242,93.5367965698242,"car",0.25,19.38,"weekday",1,"40 to 64",">10km","car",19.38,0.25,1.75,1.75
"85182/1000",NA,85182,1367,"60-64 years","male",20,4739,"Work",93.5367965698242,93.5367965698242,"car",0.25,19.41,"weekday",2,"40 to 64",">10km","car",19.41,0.25,1.75,1.75
"85182/1001",NA,85182,1368,"60-64 years","female",20,4740,"Work",86.5198974609375,86.5198974609375,"car",0.166666666666667,2.61,"weekday",1,"40 to 64","3-5km","bicycle",2.61,0.237272727272727,1.16666666666667,1.66090909090909
"85182/1001",NA,85182,1368,"60-64 years","female",20,4741,"Work",86.5198974609375,86.5198974609375,"car",0.0833333333333333,2.68,"weekday",2,"40 to 64","3-5km","bicycle",2.68,0.243636363636364,0.583333333333333,1.70545454545455
"85184/1000",NA,85184,1369,"40-44 years","male",20,4742,"Work",83.0692977905273,83.0692977905273,"car",0.85,22.78,"weekday",1,"40 to 64",">10km","car",22.78,0.85,5.95,5.95
"85184/1000",NA,85184,1369,"40-44 years","male",20,4743,"Work",83.0692977905273,83.0692977905273,"car",1.16666666666667,22.55,"weekday",2,"40 to 64",">10km","car",22.55,1.16666666666667,8.16666666666667,8.16666666666667
"85184/1001",NA,85184,1370,"35-39 years","female",20,4744,"Other",69.9950256347656,69.9950256347656,"car",0.666666666666667,22.44,"weekday",1,"20 to 39",">10km","car",22.44,0.666666666666667,4.66666666666667,4.66666666666667
"85184/1001",NA,85184,1370,"35-39 years","female",20,4745,"Other",69.9950256347656,69.9950256347656,"car",0.75,22.58,"weekday",2,"20 to 39",">10km","car",22.58,0.75,5.25,5.25
"85185/1000",NA,85185,1371,"70-74 years","female",20,4746,"Shopping",74.8938827514648,74.8938827514648,"car",0.25,2.32,"weekday",1,"65 plus","3-5km","bicycle",2.32,0.210909090909091,1.75,1.47636363636364
"85185/1000",NA,85185,1371,"70-74 years","female",20,4747,"Shopping",74.8938827514648,74.8938827514648,"car",0.25,2.31,"weekday",2,"65 plus","3-5km","bicycle",2.31,0.21,1.75,1.47
"85185/1001",NA,85185,1372,"80-84 years","male",20,4748,"Shopping",111.738418579102,111.738418579102,"car",0.25,2.32,"weekday",1,"65 plus","3-5km","bicycle",2.32,0.210909090909091,1.75,1.47636363636364
"85185/1001",NA,85185,1372,"80-84 years","male",20,4749,"Shopping",111.738418579102,111.738418579102,"car",0.25,2.31,"weekday",2,"65 plus","3-5km","bicycle",2.31,0.21,1.75,1.47
"85186/1000",NA,85186,1373,"30-34 years","female",20,4750,"Shopping",72.7955856323242,72.7955856323242,"car",0.166666666666667,2.33,"weekday",1,"20 to 39","3-5km","bicycle",2.33,0.211818181818182,1.16666666666667,1.48272727272727
"85186/1000",NA,85186,1373,"30-34 years","female",20,4751,"Shopping",72.7955856323242,72.7955856323242,"car",0.25,2.39,"weekday",2,"20 to 39","3-5km","bicycle",2.39,0.217272727272727,1.75,1.52090909090909
"85186/1001",NA,85186,1374,"35-39 years","male",20,4752,"Work",66.6014175415039,66.6014175415039,"car",0.833333333333333,44.08,"weekday",1,"20 to 39",">10km","car",44.08,0.833333333333333,5.83333333333333,5.83333333333333
"85186/1001",NA,85186,1374,"35-39 years","male",20,4753,"Work",66.6014175415039,66.6014175415039,"car",0.916666666666667,44.61,"weekday",2,"20 to 39",">10km","car",44.61,0.916666666666667,6.41666666666667,6.41666666666667
"85188/1000",NA,85188,1375,"60-64 years","male",20,4754,"Work",93.5367965698242,93.5367965698242,"car",0.416666666666667,22.05,"weekday",1,"40 to 64",">10km","car",22.05,0.416666666666667,2.91666666666667,2.91666666666667
"85188/1000",NA,85188,1375,"60-64 years","male",20,4755,"Work",93.5367965698242,93.5367965698242,"car",0.5,21.78,"weekday",2,"40 to 64",">10km","car",21.78,0.5,3.5,3.5
"85188/1001",NA,85188,1376,"65-69 years","female",20,4756,"Work",86.0002593994141,86.0002593994141,"car",0.166666666666667,2.15,"weekday",1,"65 plus","3-5km","bicycle",2.15,0.195454545454545,1.16666666666667,1.36818181818182
"85188/1001",NA,85188,1376,"65-69 years","female",20,4758,"Shopping",86.0002593994141,86.0002593994141,"car",0.166666666666667,2.12,"weekday",3,"65 plus","3-5km","bicycle",2.12,0.192727272727273,1.16666666666667,1.34909090909091
"85189/1000",NA,85189,1377,"65-69 years","female",20,4759,"Leisure",108.942321777344,108.942321777344,"walking",0.25,2.17,"weekday",1,"65 plus","3-5km","walking",2.17,0.25,1.75,1.75
"85189/1000",NA,85189,1377,"65-69 years","female",20,4760,"Leisure",108.942321777344,108.942321777344,"walking",0.333333333333333,2.17,"weekday",2,"65 plus","3-5km","walking",2.17,0.333333333333333,2.33333333333333,2.33333333333333
"85189/1000",NA,85189,1377,"65-69 years","female",20,4761,"Other",108.942321777344,108.942321777344,"car",0.283333333333333,8.01,"weekday",3,"65 plus","6-10km","car",8.01,0.283333333333333,1.98333333333333,1.98333333333333
"85189/1000",NA,85189,1377,"65-69 years","female",20,4762,"Other",108.942321777344,108.942321777344,"car",0.25,7.95,"weekday",4,"65 plus","6-10km","car",7.95,0.25,1.75,1.75
"85194/1000",NA,85194,1378,"35-39 years","male",20,4763,"Other",129.938522338867,129.938522338867,"car",0.166666666666667,2.5,"weekday",1,"20 to 39","3-5km","bicycle",2.5,0.227272727272727,1.16666666666667,1.59090909090909
"85194/1000",NA,85194,1378,"35-39 years","male",20,4764,"Other",129.938522338867,129.938522338867,"car",0.0833333333333333,2.65,"weekday",2,"20 to 39","3-5km","bicycle",2.65,0.240909090909091,0.583333333333333,1.68636363636364
"85194/1000",NA,85194,1378,"35-39 years","male",20,4765,"Other",129.938522338867,129.938522338867,"car",0.0833333333333333,2.5,"weekday",3,"20 to 39","3-5km","bicycle",2.5,0.227272727272727,0.583333333333333,1.59090909090909
"85194/1000",NA,85194,1378,"35-39 years","male",20,4766,"Other",129.938522338867,129.938522338867,"car",0.333333333333333,2.65,"weekday",4,"20 to 39","3-5km","bicycle",2.65,0.240909090909091,2.33333333333333,1.68636363636364
"85196/1000",NA,85196,1379,"25-29 years","male",20,4767,"Work",80.8674468994141,80.8674468994141,"car",0.666666666666667,33.22,"weekday",1,"20 to 39",">10km","car",33.22,0.666666666666667,4.66666666666667,4.66666666666667
"85196/1000",NA,85196,1379,"25-29 years","male",20,4768,"Work",80.8674468994141,80.8674468994141,"car",0.916666666666667,33.44,"weekday",2,"20 to 39",">10km","car",33.44,0.916666666666667,6.41666666666667,6.41666666666667
"85196/1001",NA,85196,1380,"25-29 years","female",20,4769,"Work",90.3303756713867,90.3303756713867,"car",0.5,16.03,"weekday",1,"20 to 39",">10km","car",16.03,0.5,3.5,3.5
"85196/1001",NA,85196,1380,"25-29 years","female",20,4770,"Work",90.3303756713867,90.3303756713867,"car",0.666666666666667,15.96,"weekday",2,"20 to 39",">10km","car",15.96,0.666666666666667,4.66666666666667,4.66666666666667
"85198/1000",NA,85198,1381,"55-59 years","female",20,4771,"Education",94.9781875610352,94.9781875610352,"car",1,77.08,"weekday",1,"40 to 64",">10km","car",77.08,1,7,7
"85198/1000",NA,85198,1381,"55-59 years","female",20,4772,"Education",94.9781875610352,94.9781875610352,"car",1,77.09,"weekday",2,"40 to 64",">10km","car",77.09,1,7,7
"85198/1001",NA,85198,1382,"55-59 years","male",20,4773,"Work",86.312614440918,86.312614440918,"car",0.25,5.42,"weekday",1,"40 to 64","6-10km","car",5.42,0.25,1.75,1.75
"85198/1001",NA,85198,1382,"55-59 years","male",20,4774,"Work",86.312614440918,86.312614440918,"car",0.25,6.33,"weekday",2,"40 to 64","6-10km","car",6.33,0.25,1.75,1.75
"85199/1000",NA,85199,1383,"60-64 years","male",20,4775,"Other",118.489356994629,118.489356994629,"car",0.75,19.74,"weekday",1,"40 to 64",">10km","car",19.74,0.75,5.25,5.25
"85199/1000",NA,85199,1383,"60-64 years","male",20,4776,"Other",118.489356994629,118.489356994629,"walking",0.0833333333333333,0.15,"weekday",1,"40 to 64","<1km","walking",0.15,0.0833333333333333,0.583333333333333,0.583333333333333
"85199/1000",NA,85199,1383,"60-64 years","male",20,4777,"Other",118.489356994629,118.489356994629,"public.transport",0.233333333333333,2.8,"weekday",1,"40 to 64","3-5km","public.transport",2.8,0.233333333333333,1.63333333333333,1.63333333333333
"85199/1000",NA,85199,1383,"60-64 years","male",20,4778,"Other",118.489356994629,118.489356994629,"walking",0.166666666666667,0.42,"weekday",1,"40 to 64","<1km","walking",0.42,0.166666666666667,1.16666666666667,1.16666666666667
"85199/1000",NA,85199,1383,"60-64 years","male",20,4779,"Other",118.489356994629,118.489356994629,"walking",0.116666666666667,0.45,"weekday",2,"40 to 64","<1km","walking",0.45,0.116666666666667,0.816666666666667,0.816666666666667
"85199/1000",NA,85199,1383,"60-64 years","male",20,4780,"Other",118.489356994629,118.489356994629,"public.transport",0.166666666666667,2.8,"weekday",2,"40 to 64","3-5km","public.transport",2.8,0.166666666666667,1.16666666666667,1.16666666666667
"85199/1000",NA,85199,1383,"60-64 years","male",20,4781,"Other",118.489356994629,118.489356994629,"walking",0.15,0.14,"weekday",2,"40 to 64","<1km","walking",0.14,0.15,1.05,1.05
"85199/1000",NA,85199,1383,"60-64 years","male",20,4782,"Other",118.489356994629,118.489356994629,"car",0.583333333333333,19.83,"weekday",2,"40 to 64",">10km","car",19.83,0.583333333333333,4.08333333333333,4.08333333333333
"85200/1000",NA,85200,1384,"45-49 years","male",20,4783,"Work",167.788757324219,167.788757324219,"car",0.583333333333333,16.89,"weekday",1,"40 to 64",">10km","car",16.89,0.583333333333333,4.08333333333333,4.08333333333333
"85200/1000",NA,85200,1384,"45-49 years","male",20,4784,"Work",167.788757324219,167.788757324219,"car",0.666666666666667,16.88,"weekday",2,"40 to 64",">10km","car",16.88,0.666666666666667,4.66666666666667,4.66666666666667
"85200/1001",NA,85200,1385,"60-64 years","female",20,4785,"Leisure",168.799240112305,168.799240112305,"car",1,24.82,"weekday",1,"40 to 64",">10km","car",24.82,1,7,7
"85200/1001",NA,85200,1385,"60-64 years","female",20,4786,"Leisure",168.799240112305,168.799240112305,"car",1,24.76,"weekday",2,"40 to 64",">10km","car",24.76,1,7,7
"85200/1002",NA,85200,1386,"30-34 years","male",20,4787,"Work",185.209823608398,185.209823608398,"car",0.5,24.63,"weekday",1,"20 to 39",">10km","car",24.63,0.5,3.5,3.5
"85200/1002",NA,85200,1386,"30-34 years","male",20,4788,"Work",185.209823608398,185.209823608398,"car",0.5,24.53,"weekday",2,"20 to 39",">10km","car",24.53,0.5,3.5,3.5
"85200/1003",NA,85200,1387,"30-34 years","female",20,4789,"Other",142.02326965332,142.02326965332,"car",0.25,6.74,"weekday",1,"20 to 39","6-10km","car",6.74,0.25,1.75,1.75
"85200/1003",NA,85200,1387,"30-34 years","female",20,4790,"Work",142.02326965332,142.02326965332,"car",0.75,16.05,"weekday",2,"20 to 39",">10km","car",16.05,0.75,5.25,5.25
"85200/1003",NA,85200,1387,"30-34 years","female",20,4791,"Other",142.02326965332,142.02326965332,"car",0.5,16.05,"weekday",3,"20 to 39",">10km","car",16.05,0.5,3.5,3.5
"85200/1003",NA,85200,1387,"30-34 years","female",20,4792,"Other",142.02326965332,142.02326965332,"car",0.25,6.78,"weekday",4,"20 to 39","6-10km","car",6.78,0.25,1.75,1.75
"85206/1000",NA,85206,1388,"35-39 years","male",20,4793,"Work",66.6014175415039,66.6014175415039,"car",0.5,44.49,"weekday",1,"20 to 39",">10km","car",44.49,0.5,3.5,3.5
"85206/1000",NA,85206,1388,"35-39 years","male",20,4794,"Work",66.6014175415039,66.6014175415039,"car",0.683333333333333,44.75,"weekday",2,"20 to 39",">10km","car",44.75,0.683333333333333,4.78333333333333,4.78333333333333
"85206/1001",NA,85206,1389,"40-44 years","female",20,4795,"Shopping",77.7493667602539,77.7493667602539,"car",0.0833333333333333,2.64,"weekday",1,"40 to 64","3-5km","bicycle",2.64,0.24,0.583333333333333,1.68
"85206/1001",NA,85206,1389,"40-44 years","female",20,4796,"Shopping",77.7493667602539,77.7493667602539,"car",0.0833333333333333,2.43,"weekday",2,"40 to 64","3-5km","bicycle",2.43,0.220909090909091,0.583333333333333,1.54636363636364
"85270/1000",NA,85270,1390,"60-64 years","male",20,4797,"Other",143.074340820312,143.074340820312,"car",0.333333333333333,17.41,"weekday",1,"40 to 64",">10km","car",17.41,0.333333333333333,2.33333333333333,2.33333333333333
"85270/1000",NA,85270,1390,"60-64 years","male",20,4798,"Other",143.074340820312,143.074340820312,"car",0.333333333333333,17.42,"weekday",2,"40 to 64",">10km","car",17.42,0.333333333333333,2.33333333333333,2.33333333333333
"85270/1001",NA,85270,1391,"60-64 years","female",20,4799,"Other",156.893493652344,156.893493652344,"car",0.333333333333333,7.44,"weekday",1,"40 to 64","6-10km","car",7.44,0.333333333333333,2.33333333333333,2.33333333333333
"85270/1001",NA,85270,1391,"60-64 years","female",20,4800,"Other",156.893493652344,156.893493652344,"car",0.333333333333333,7.44,"weekday",2,"40 to 64","6-10km","car",7.44,0.333333333333333,2.33333333333333,2.33333333333333
"85272/1000",NA,85272,1392,"65-69 years","male",20,4801,"Shopping",151.590209960938,151.590209960938,"car",0.25,5.06,"weekday",1,"65 plus","6-10km","car",5.06,0.25,1.75,1.75
"85272/1000",NA,85272,1392,"65-69 years","male",20,4802,"Shopping",151.590209960938,151.590209960938,"car",0.25,4.99,"weekday",2,"65 plus","3-5km","bicycle",4.99,0.453636363636364,1.75,3.17545454545455
"85272/1000",NA,85272,1392,"65-69 years","male",20,4803,"Shopping",151.590209960938,151.590209960938,"car",0.25,11.06,"weekday",3,"65 plus",">10km","car",11.06,0.25,1.75,1.75
"85272/1000",NA,85272,1392,"65-69 years","male",20,4804,"Shopping",151.590209960938,151.590209960938,"car",0.25,11.12,"weekday",4,"65 plus",">10km","car",11.12,0.25,1.75,1.75
"85272/1001",NA,85272,1393,"65-69 years","female",20,4805,"Other",158.535507202148,158.535507202148,"car",0.633333333333333,29.69,"weekday",1,"65 plus",">10km","car",29.69,0.633333333333333,4.43333333333333,4.43333333333333
"85272/1001",NA,85272,1393,"65-69 years","female",20,4806,"Leisure",158.535507202148,158.535507202148,"car",0.433333333333333,14.36,"weekday",2,"65 plus",">10km","car",14.36,0.433333333333333,3.03333333333333,3.03333333333333
"85272/1001",NA,85272,1393,"65-69 years","female",20,4807,"Leisure",158.535507202148,158.535507202148,"car",0.633333333333333,28.21,"weekday",3,"65 plus",">10km","car",28.21,0.633333333333333,4.43333333333333,4.43333333333333
"85273/1000",NA,85273,1394,"45-49 years","male",20,4809,"Other",241.737762451172,241.737762451172,"car",0.166666666666667,3.38,"weekday",2,"40 to 64","3-5km","bicycle",3.38,0.307272727272727,1.16666666666667,2.15090909090909
"85273/1000",NA,85273,1394,"45-49 years","male",20,4810,"Shopping",241.737762451172,241.737762451172,"car",0.0833333333333333,2.71,"weekday",3,"40 to 64","3-5km","bicycle",2.71,0.246363636363636,0.583333333333333,1.72454545454545
"85273/1000",NA,85273,1394,"45-49 years","male",20,4811,"Shopping",241.737762451172,241.737762451172,"car",0.25,5.53,"weekday",4,"40 to 64","6-10km","car",5.53,0.25,1.75,1.75
"85273/1000",NA,85273,1394,"45-49 years","male",20,4812,"Other",241.737762451172,241.737762451172,"car",0.166666666666667,3.38,"weekday",5,"40 to 64","3-5km","bicycle",3.38,0.307272727272727,1.16666666666667,2.15090909090909
"85273/1000",NA,85273,1394,"45-49 years","male",20,4813,"Other",241.737762451172,241.737762451172,"car",0.333333333333333,3.64,"weekday",6,"40 to 64","3-5km","bicycle",3.64,0.330909090909091,2.33333333333333,2.31636363636364
"85274/1001",NA,85274,1395,"60-64 years","female",20,4814,"Shopping",156.893493652344,156.893493652344,"car",0.25,10.53,"weekday",1,"40 to 64",">10km","car",10.53,0.25,1.75,1.75
"85274/1001",NA,85274,1395,"60-64 years","female",20,4815,"Shopping",156.893493652344,156.893493652344,"car",0.25,10.35,"weekday",2,"40 to 64",">10km","car",10.35,0.25,1.75,1.75
"85276/1000",NA,85276,1396,"60-64 years","male",20,4816,"Shopping",143.074340820312,143.074340820312,"car",0.25,7.31,"weekday",1,"40 to 64","6-10km","car",7.31,0.25,1.75,1.75
"85276/1000",NA,85276,1396,"60-64 years","male",20,4817,"Shopping",143.074340820312,143.074340820312,"car",0.25,7.19,"weekday",2,"40 to 64","6-10km","car",7.19,0.25,1.75,1.75
"85276/1001",NA,85276,1397,"55-59 years","female",20,4818,"Shopping",179.280990600586,179.280990600586,"car",0.25,7.31,"weekday",1,"40 to 64","6-10km","car",7.31,0.25,1.75,1.75
"85276/1001",NA,85276,1397,"55-59 years","female",20,4819,"Shopping",179.280990600586,179.280990600586,"car",0.25,7.19,"weekday",2,"40 to 64","6-10km","car",7.19,0.25,1.75,1.75
"85278/1000",NA,85278,1398,"50-54 years","female",20,4820,"Shopping",193.905059814453,193.905059814453,"car",0.25,7.71,"weekday",1,"40 to 64","6-10km","car",7.71,0.25,1.75,1.75
"85278/1000",NA,85278,1398,"50-54 years","female",20,4821,"Shopping",193.905059814453,193.905059814453,"car",0.25,7.72,"weekday",2,"40 to 64","6-10km","car",7.72,0.25,1.75,1.75
"85278/1000",NA,85278,1398,"50-54 years","female",20,4822,"Leisure",193.905059814453,193.905059814453,"car",0.166666666666667,4.47,"weekday",3,"40 to 64","3-5km","bicycle",4.47,0.406363636363636,1.16666666666667,2.84454545454545
"85278/1000",NA,85278,1398,"50-54 years","female",20,4823,"Leisure",193.905059814453,193.905059814453,"car",0.333333333333333,4.47,"weekday",4,"40 to 64","3-5km","bicycle",4.47,0.406363636363636,2.33333333333333,2.84454545454545
"85278/1001",NA,85278,1399,"65-69 years","male",20,4824,"Work",151.590209960938,151.590209960938,"car",0.633333333333333,35.6,"weekday",1,"65 plus",">10km","car",35.6,0.633333333333333,4.43333333333333,4.43333333333333
"85278/1001",NA,85278,1399,"65-69 years","male",20,4825,"Work",151.590209960938,151.590209960938,"car",0.916666666666667,33.8,"weekday",2,"65 plus",">10km","car",33.8,0.916666666666667,6.41666666666667,6.41666666666667
"85280/1000",NA,85280,1400,"35-39 years","male",20,4826,"Work",253.730651855469,253.730651855469,"car",0.25,10.09,"weekday",1,"20 to 39",">10km","car",10.09,0.25,1.75,1.75
"85280/1000",NA,85280,1400,"35-39 years","male",20,4827,"Work",253.730651855469,253.730651855469,"car",0.25,10.06,"weekday",2,"20 to 39",">10km","car",10.06,0.25,1.75,1.75
"85281/1000",NA,85281,1401,"55-59 years","female",20,4828,"Shopping",285.437072753906,285.437072753906,"car",0.25,9.56,"weekday",1,"40 to 64","6-10km","car",9.56,0.25,1.75,1.75
"85281/1000",NA,85281,1401,"55-59 years","female",20,4829,"Shopping",285.437072753906,285.437072753906,"car",0.366666666666667,9.73,"weekday",2,"40 to 64","6-10km","car",9.73,0.366666666666667,2.56666666666667,2.56666666666667
"85281/1001",NA,85281,1402,"60-64 years","male",20,4830,"Work",227.791702270508,227.791702270508,"bicycle",0.25,3.05,"weekday",1,"40 to 64","3-5km","bicycle",3.05,0.25,1.75,1.75
"85281/1001",NA,85281,1402,"60-64 years","male",20,4831,"Work",227.791702270508,227.791702270508,"public.transport",0.666666666666667,35.77,"weekday",1,"40 to 64",">10km","public.transport",35.77,0.666666666666667,4.66666666666667,4.66666666666667
"85281/1001",NA,85281,1402,"60-64 years","male",20,4832,"Work",227.791702270508,227.791702270508,"walking",0.25,0.86,"weekday",1,"40 to 64","<1km","walking",0.86,0.25,1.75,1.75
"85281/1001",NA,85281,1402,"60-64 years","male",20,4833,"Leisure",227.791702270508,227.791702270508,"walking",0.166666666666667,1.27,"weekday",2,"40 to 64","1-2km","walking",1.27,0.166666666666667,1.16666666666667,1.16666666666667
"85281/1001",NA,85281,1402,"60-64 years","male",20,4834,"Work",227.791702270508,227.791702270508,"walking",0.25,1.27,"weekday",3,"40 to 64","1-2km","walking",1.27,0.25,1.75,1.75
"85281/1001",NA,85281,1402,"60-64 years","male",20,4835,"Work",227.791702270508,227.791702270508,"walking",0.25,0.86,"weekday",4,"40 to 64","<1km","walking",0.86,0.25,1.75,1.75
"85281/1001",NA,85281,1402,"60-64 years","male",20,4836,"Work",227.791702270508,227.791702270508,"public.transport",0.666666666666667,35.77,"weekday",4,"40 to 64",">10km","public.transport",35.77,0.666666666666667,4.66666666666667,4.66666666666667
"85281/1001",NA,85281,1402,"60-64 years","male",20,4837,"Work",227.791702270508,227.791702270508,"bicycle",0.25,3.05,"weekday",4,"40 to 64","3-5km","bicycle",3.05,0.25,1.75,1.75
"85281/1003",NA,85281,1403,"15-19 years","female",20,4838,"Shopping",310.010620117188,310.010620117188,"car",0.25,9.56,"weekday",1,"15 to 19","6-10km","car",9.56,0.25,1.75,1.75
"85281/1003",NA,85281,1403,"15-19 years","female",20,4839,"Shopping",310.010620117188,310.010620117188,"car",0.366666666666667,9.73,"weekday",2,"15 to 19","6-10km","car",9.73,0.366666666666667,2.56666666666667,2.56666666666667
"85282/1000",NA,85282,1404,"70-74 years","male",20,4840,"Shopping",152.162673950195,152.162673950195,"car",0.166666666666667,6.83,"weekday",1,"65 plus","6-10km","car",6.83,0.166666666666667,1.16666666666667,1.16666666666667
"85282/1000",NA,85282,1404,"70-74 years","male",20,4841,"Leisure",152.162673950195,152.162673950195,"car",0.75,69.43,"weekday",2,"65 plus",">10km","car",69.43,0.75,5.25,5.25
"85282/1000",NA,85282,1404,"70-74 years","male",20,4842,"Leisure",152.162673950195,152.162673950195,"car",0.75,64.87,"weekday",3,"65 plus",">10km","car",64.87,0.75,5.25,5.25
"85282/1001",NA,85282,1405,"25-29 years","female",20,4843,"Shopping",358.802307128906,358.802307128906,"car",0.166666666666667,6.83,"weekday",1,"20 to 39","6-10km","car",6.83,0.166666666666667,1.16666666666667,1.16666666666667
"85282/1001",NA,85282,1405,"25-29 years","female",20,4844,"Leisure",358.802307128906,358.802307128906,"car",0.75,69.43,"weekday",2,"20 to 39",">10km","car",69.43,0.75,5.25,5.25
"85282/1001",NA,85282,1405,"25-29 years","female",20,4845,"Leisure",358.802307128906,358.802307128906,"car",0.75,64.87,"weekday",3,"20 to 39",">10km","car",64.87,0.75,5.25,5.25
"85284/1000",NA,85284,1406,"65-69 years","female",20,4846,"Other",158.535507202148,158.535507202148,"car",0.166666666666667,6.32,"weekday",1,"65 plus","6-10km","car",6.32,0.166666666666667,1.16666666666667,1.16666666666667
"85284/1000",NA,85284,1406,"65-69 years","female",20,4847,"Other",158.535507202148,158.535507202148,"car",0.166666666666667,6.34,"weekday",2,"65 plus","6-10km","car",6.34,0.166666666666667,1.16666666666667,1.16666666666667
"85284/1001",NA,85284,1407,"65-69 years","male",20,4848,"Other",151.590209960938,151.590209960938,"car",0.166666666666667,6.32,"weekday",1,"65 plus","6-10km","car",6.32,0.166666666666667,1.16666666666667,1.16666666666667
"85284/1001",NA,85284,1407,"65-69 years","male",20,4849,"Other",151.590209960938,151.590209960938,"car",0.166666666666667,6.34,"weekday",2,"65 plus","6-10km","car",6.34,0.166666666666667,1.16666666666667,1.16666666666667
"85284/1001",NA,85284,1407,"65-69 years","male",20,4850,"Leisure",151.590209960938,151.590209960938,"car",0.416666666666667,11.46,"weekday",3,"65 plus",">10km","car",11.46,0.416666666666667,2.91666666666667,2.91666666666667
"85284/1001",NA,85284,1407,"65-69 years","male",20,4851,"Leisure",151.590209960938,151.590209960938,"car",0.416666666666667,11.46,"weekday",4,"65 plus",">10km","car",11.46,0.416666666666667,2.91666666666667,2.91666666666667
"85285/1000",NA,85285,1408,"75-79 years","female",20,4852,"Other",181.604446411133,181.604446411133,"car",0.416666666666667,16.53,"weekday",1,"65 plus",">10km","car",16.53,0.416666666666667,2.91666666666667,2.91666666666667
"85285/1000",NA,85285,1408,"75-79 years","female",20,4853,"Other",181.604446411133,181.604446411133,"car",0.583333333333333,16.5,"weekday",2,"65 plus",">10km","car",16.5,0.583333333333333,4.08333333333333,4.08333333333333
"85285/1001",NA,85285,1409,"75-79 years","male",20,4854,"Other",146.185394287109,146.185394287109,"car",0.416666666666667,16.53,"weekday",1,"65 plus",">10km","car",16.53,0.416666666666667,2.91666666666667,2.91666666666667
"85285/1001",NA,85285,1409,"75-79 years","male",20,4855,"Other",146.185394287109,146.185394287109,"car",0.583333333333333,16.5,"weekday",2,"65 plus",">10km","car",16.5,0.583333333333333,4.08333333333333,4.08333333333333
"85286/1000",NA,85286,1410,"40-44 years","female",20,4856,"Other",460.510681152344,460.510681152344,"car",0.583333333333333,10.63,"weekday",1,"40 to 64",">10km","car",10.63,0.583333333333333,4.08333333333333,4.08333333333333
"85286/1000",NA,85286,1410,"40-44 years","female",20,4857,"Other",460.510681152344,460.510681152344,"car",0.416666666666667,18.77,"weekday",2,"40 to 64",">10km","car",18.77,0.416666666666667,2.91666666666667,2.91666666666667
"85286/1000",NA,85286,1410,"40-44 years","female",20,4858,"Other",460.510681152344,460.510681152344,"car",0.583333333333333,11.62,"weekday",3,"40 to 64",">10km","car",11.62,0.583333333333333,4.08333333333333,4.08333333333333
"85286/1000",NA,85286,1410,"40-44 years","female",20,4859,"Other",460.510681152344,460.510681152344,"car",0.366666666666667,10.63,"weekday",4,"40 to 64",">10km","car",10.63,0.366666666666667,2.56666666666667,2.56666666666667
"85286/1000",NA,85286,1410,"40-44 years","female",20,4860,"Other",460.510681152344,460.510681152344,"car",0.333333333333333,10.44,"weekday",5,"40 to 64",">10km","car",10.44,0.333333333333333,2.33333333333333,2.33333333333333
"85286/1001",NA,85286,1411,"40-44 years","male",20,4861,"Other",387.342620849609,387.342620849609,"car",0.583333333333333,10.63,"weekday",1,"40 to 64",">10km","car",10.63,0.583333333333333,4.08333333333333,4.08333333333333
"85286/1001",NA,85286,1411,"40-44 years","male",20,4862,"Other",387.342620849609,387.342620849609,"car",0.416666666666667,18.77,"weekday",2,"40 to 64",">10km","car",18.77,0.416666666666667,2.91666666666667,2.91666666666667
"85286/1001",NA,85286,1411,"40-44 years","male",20,4863,"Other",387.342620849609,387.342620849609,"car",0.583333333333333,11.62,"weekday",3,"40 to 64",">10km","car",11.62,0.583333333333333,4.08333333333333,4.08333333333333
"85286/1001",NA,85286,1411,"40-44 years","male",20,4864,"Leisure",387.342620849609,387.342620849609,"car",0.2,8.62,"weekday",4,"40 to 64","6-10km","car",8.62,0.2,1.4,1.4
"85286/1001",NA,85286,1411,"40-44 years","male",20,4865,"Leisure",387.342620849609,387.342620849609,"car",0.25,8.57,"weekday",5,"40 to 64","6-10km","car",8.57,0.25,1.75,1.75
"85291/1000",NA,85291,1412,"60-64 years","male",20,4866,"Work",143.074340820312,143.074340820312,"car",0.183333333333333,3.66,"weekday",1,"40 to 64","3-5km","bicycle",3.66,0.332727272727273,1.28333333333333,2.32909090909091
"85291/1000",NA,85291,1412,"60-64 years","male",20,4867,"Work",143.074340820312,143.074340820312,"car",0.166666666666667,3.69,"weekday",2,"40 to 64","3-5km","bicycle",3.69,0.335454545454545,1.16666666666667,2.34818181818182
"85292/1000",NA,85292,1413,"35-39 years","female",20,4868,"Work",234.266296386719,234.266296386719,"car",0.25,4.45,"weekday",1,"20 to 39","3-5km","bicycle",4.45,0.404545454545455,1.75,2.83181818181818
"85292/1000",NA,85292,1413,"35-39 years","female",20,4869,"Work",234.266296386719,234.266296386719,"public.transport",0.666666666666667,36.46,"weekday",1,"20 to 39",">10km","public.transport",36.46,0.666666666666667,4.66666666666667,4.66666666666667
"85292/1000",NA,85292,1413,"35-39 years","female",20,4870,"Work",234.266296386719,234.266296386719,"walking",0.166666666666667,0.86,"weekday",1,"20 to 39","<1km","walking",0.86,0.166666666666667,1.16666666666667,1.16666666666667
"85292/1000",NA,85292,1413,"35-39 years","female",20,4871,"Work",234.266296386719,234.266296386719,"walking",0.166666666666667,0.86,"weekday",2,"20 to 39","<1km","walking",0.86,0.166666666666667,1.16666666666667,1.16666666666667
"85292/1000",NA,85292,1413,"35-39 years","female",20,4872,"Work",234.266296386719,234.266296386719,"public.transport",0.7,36.46,"weekday",2,"20 to 39",">10km","public.transport",36.46,0.7,4.9,4.9
"85292/1000",NA,85292,1413,"35-39 years","female",20,4873,"Work",234.266296386719,234.266296386719,"car",0.166666666666667,4.33,"weekday",2,"20 to 39","3-5km","bicycle",4.33,0.393636363636364,1.16666666666667,2.75545454545455
"85293/1000",NA,85293,1414,"30-34 years","male",20,4874,"Other",365.13720703125,365.13720703125,"car",0.166666666666667,5.03,"weekday",1,"20 to 39","6-10km","car",5.03,0.166666666666667,1.16666666666667,1.16666666666667
"85293/1000",NA,85293,1414,"30-34 years","male",20,4875,"Other",365.13720703125,365.13720703125,"car",0.166666666666667,5.47,"weekday",2,"20 to 39","6-10km","car",5.47,0.166666666666667,1.16666666666667,1.16666666666667
"85294/1000",NA,85294,1415,"80-84 years","male",20,4876,"Shopping",272.403411865234,272.403411865234,"car",0.25,9.38,"weekday",1,"65 plus","6-10km","car",9.38,0.25,1.75,1.75
"85294/1000",NA,85294,1415,"80-84 years","male",20,4877,"Shopping",272.403411865234,272.403411865234,"car",0.25,9.26,"weekday",2,"65 plus","6-10km","car",9.26,0.25,1.75,1.75
"85294/1000",NA,85294,1415,"80-84 years","male",20,4878,"Shopping",272.403411865234,272.403411865234,"car",0.333333333333333,10.52,"weekday",3,"65 plus",">10km","car",10.52,0.333333333333333,2.33333333333333,2.33333333333333
"85294/1000",NA,85294,1415,"80-84 years","male",20,4879,"Shopping",272.403411865234,272.403411865234,"car",0.416666666666667,10.58,"weekday",4,"65 plus",">10km","car",10.58,0.416666666666667,2.91666666666667,2.91666666666667
"85295/1000",NA,85295,1416,"70-74 years","female",20,4880,"Other",218.71923828125,218.71923828125,"car",0.366666666666667,13.76,"weekday",1,"65 plus",">10km","car",13.76,0.366666666666667,2.56666666666667,2.56666666666667
"85295/1000",NA,85295,1416,"70-74 years","female",20,4881,"Other",218.71923828125,218.71923828125,"car",0.3,10.85,"weekday",2,"65 plus",">10km","car",10.85,0.3,2.1,2.1
"85295/1000",NA,85295,1416,"70-74 years","female",20,4882,"Other",218.71923828125,218.71923828125,"car",0.25,5.51,"weekday",3,"65 plus","6-10km","car",5.51,0.25,1.75,1.75
"85297/1000",NA,85297,1417,"60-64 years","male",20,4883,"Other",402.593353271484,402.593353271484,"car",0.25,3.36,"weekday",1,"40 to 64","3-5km","bicycle",3.36,0.305454545454545,1.75,2.13818181818182
"85297/1000",NA,85297,1417,"60-64 years","male",20,4884,"Other",402.593353271484,402.593353271484,"car",0.25,3.36,"weekday",2,"40 to 64","3-5km","bicycle",3.36,0.305454545454545,1.75,2.13818181818182
"85297/1000",NA,85297,1417,"60-64 years","male",20,4885,"Other",402.593353271484,402.593353271484,"car",0.5,27.92,"weekday",3,"40 to 64",">10km","car",27.92,0.5,3.5,3.5
"85297/1000",NA,85297,1417,"60-64 years","male",20,4886,"Other",402.593353271484,402.593353271484,"other",0.75,24.31,"weekday",4,"40 to 64",">10km","other",24.31,0.75,5.25,5.25
"85297/1000",NA,85297,1417,"60-64 years","male",20,4887,"Other",402.593353271484,402.593353271484,"car",1,39.44,"weekday",5,"40 to 64",">10km","car",39.44,1,7,7
"85297/1000",NA,85297,1417,"60-64 years","male",20,4888,"Other",402.593353271484,402.593353271484,"car",0.5,29.2,"weekday",6,"40 to 64",">10km","car",29.2,0.5,3.5,3.5
"85297/1000",NA,85297,1417,"60-64 years","male",20,4889,"Other",402.593353271484,402.593353271484,"car",0.5,11.15,"weekday",7,"40 to 64",">10km","car",11.15,0.5,3.5,3.5
"85297/1001",NA,85297,1418,"60-64 years","female",20,4890,"Other",441.478698730469,441.478698730469,"car",0.5,27.92,"weekday",1,"40 to 64",">10km","car",27.92,0.5,3.5,3.5
"85297/1001",NA,85297,1418,"60-64 years","female",20,4891,"Other",441.478698730469,441.478698730469,"other",0.75,24.31,"weekday",2,"40 to 64",">10km","other",24.31,0.75,5.25,5.25
"85297/1001",NA,85297,1418,"60-64 years","female",20,4892,"Other",441.478698730469,441.478698730469,"car",1,39.44,"weekday",3,"40 to 64",">10km","car",39.44,1,7,7
"85297/1001",NA,85297,1418,"60-64 years","female",20,4893,"Other",441.478698730469,441.478698730469,"car",0.5,29.2,"weekday",4,"40 to 64",">10km","car",29.2,0.5,3.5,3.5
"85297/1001",NA,85297,1418,"60-64 years","female",20,4894,"Other",441.478698730469,441.478698730469,"car",0.5,11.15,"weekday",5,"40 to 64",">10km","car",11.15,0.5,3.5,3.5
"85297/1004",NA,85297,1419,"30-34 years","female",20,4895,"Shopping",698.810424804688,698.810424804688,"car",0.333333333333333,27.25,"weekday",1,"20 to 39",">10km","car",27.25,0.333333333333333,2.33333333333333,2.33333333333333
"85297/1004",NA,85297,1419,"30-34 years","female",20,4896,"Work",698.810424804688,698.810424804688,"car",0.333333333333333,6.23,"weekday",2,"20 to 39","6-10km","car",6.23,0.333333333333333,2.33333333333333,2.33333333333333
"85297/1004",NA,85297,1419,"30-34 years","female",20,4897,"Work",698.810424804688,698.810424804688,"car",0.5,25.37,"weekday",3,"20 to 39",">10km","car",25.37,0.5,3.5,3.5
"85297/1004",NA,85297,1419,"30-34 years","female",20,4898,"Other",698.810424804688,698.810424804688,"car",1,21.38,"weekday",4,"20 to 39",">10km","car",21.38,1,7,7
"85297/1004",NA,85297,1419,"30-34 years","female",20,4899,"Other",698.810424804688,698.810424804688,"car",1,21.37,"weekday",5,"20 to 39",">10km","car",21.37,1,7,7
"85297/1005",NA,85297,1420,"35-39 years","male",20,4900,"Shopping",448.437194824219,448.437194824219,"car",0.166666666666667,3.82,"weekday",1,"20 to 39","3-5km","bicycle",3.82,0.347272727272727,1.16666666666667,2.43090909090909
"85297/1005",NA,85297,1420,"35-39 years","male",20,4901,"Other",448.437194824219,448.437194824219,"car",0.166666666666667,2.07,"weekday",2,"20 to 39","3-5km","bicycle",2.07,0.188181818181818,1.16666666666667,1.31727272727273
"85297/1005",NA,85297,1420,"35-39 years","male",20,4902,"Leisure",448.437194824219,448.437194824219,"car",0.25,12.41,"weekday",3,"20 to 39",">10km","car",12.41,0.25,1.75,1.75
"85297/1005",NA,85297,1420,"35-39 years","male",20,4903,"Other",448.437194824219,448.437194824219,"car",0.25,12.42,"weekday",4,"20 to 39",">10km","car",12.42,0.25,1.75,1.75
"85297/1005",NA,85297,1420,"35-39 years","male",20,4904,"Other",448.437194824219,448.437194824219,"car",0.25,5.78,"weekday",5,"20 to 39","6-10km","car",5.78,0.25,1.75,1.75
"85297/1006",NA,85297,1421,"25-29 years","female",20,4905,"Shopping",1009.62487792969,1009.62487792969,"car",0.166666666666667,3.82,"weekday",1,"20 to 39","3-5km","bicycle",3.82,0.347272727272727,1.16666666666667,2.43090909090909
"85297/1006",NA,85297,1421,"25-29 years","female",20,4906,"Other",1009.62487792969,1009.62487792969,"car",0.166666666666667,2.07,"weekday",2,"20 to 39","3-5km","bicycle",2.07,0.188181818181818,1.16666666666667,1.31727272727273
"85297/1006",NA,85297,1421,"25-29 years","female",20,4907,"Leisure",1009.62487792969,1009.62487792969,"car",0.25,12.41,"weekday",3,"20 to 39",">10km","car",12.41,0.25,1.75,1.75
"85297/1006",NA,85297,1421,"25-29 years","female",20,4908,"Other",1009.62487792969,1009.62487792969,"car",0.25,12.42,"weekday",4,"20 to 39",">10km","car",12.42,0.25,1.75,1.75
"85297/1006",NA,85297,1421,"25-29 years","female",20,4909,"Other",1009.62487792969,1009.62487792969,"car",0.25,5.78,"weekday",5,"20 to 39","6-10km","car",5.78,0.25,1.75,1.75
"85298/1000",NA,85298,1422,"65-69 years","male",20,4910,"Shopping",151.590209960938,151.590209960938,"car",0.5,17.96,"weekday",1,"65 plus",">10km","car",17.96,0.5,3.5,3.5
"85298/1000",NA,85298,1422,"65-69 years","male",20,4911,"Shopping",151.590209960938,151.590209960938,"car",0.5,17.95,"weekday",2,"65 plus",">10km","car",17.95,0.5,3.5,3.5
"85298/1000",NA,85298,1422,"65-69 years","male",20,4912,"Shopping",151.590209960938,151.590209960938,"car",0.133333333333333,3.89,"weekday",3,"65 plus","3-5km","bicycle",3.89,0.353636363636364,0.933333333333333,2.47545454545455
"85298/1000",NA,85298,1422,"65-69 years","male",20,4913,"Shopping",151.590209960938,151.590209960938,"car",0.216666666666667,3.89,"weekday",4,"65 plus","3-5km","bicycle",3.89,0.353636363636364,1.51666666666667,2.47545454545455
"85298/1001",NA,85298,1423,"65-69 years","female",20,4914,"Shopping",158.535507202148,158.535507202148,"car",0.5,17.96,"weekday",1,"65 plus",">10km","car",17.96,0.5,3.5,3.5
"85298/1001",NA,85298,1423,"65-69 years","female",20,4915,"Shopping",158.535507202148,158.535507202148,"car",0.5,17.95,"weekday",2,"65 plus",">10km","car",17.95,0.5,3.5,3.5
"85299/1001",NA,85299,1424,"55-59 years","female",20,4916,"Work",179.280990600586,179.280990600586,"car",0.3,7.4,"weekday",1,"40 to 64","6-10km","car",7.4,0.3,2.1,2.1
"85299/1001",NA,85299,1424,"55-59 years","female",20,4917,"Shopping",179.280990600586,179.280990600586,"car",0.133333333333333,2.1,"weekday",2,"40 to 64","3-5km","bicycle",2.1,0.190909090909091,0.933333333333333,1.33636363636364
"85299/1001",NA,85299,1424,"55-59 years","female",20,4918,"Shopping",179.280990600586,179.280990600586,"car",0.283333333333333,9.11,"weekday",3,"40 to 64","6-10km","car",9.11,0.283333333333333,1.98333333333333,1.98333333333333
"85299/1001",NA,85299,1424,"55-59 years","female",20,4919,"Other",179.280990600586,179.280990600586,"car",0.0833333333333333,4.28,"weekday",4,"40 to 64","3-5km","bicycle",4.28,0.389090909090909,0.583333333333333,2.72363636363636
"85299/1001",NA,85299,1424,"55-59 years","female",20,4920,"Other",179.280990600586,179.280990600586,"car",0.0833333333333333,4.28,"weekday",5,"40 to 64","3-5km","bicycle",4.28,0.389090909090909,0.583333333333333,2.72363636363636
"85300/1000",NA,85300,1425,"15-19 years","female",20,4921,"Education",514.0546875,514.0546875,"car",0.0833333333333333,1.64,"weekday",1,"15 to 19","1-2km","bicycle",1.64,0.149090909090909,0.583333333333333,1.04363636363636
"85300/1000",NA,85300,1425,"15-19 years","female",20,4922,"Education",514.0546875,514.0546875,"public.transport",0.433333333333333,13.55,"weekday",1,"15 to 19",">10km","public.transport",13.55,0.433333333333333,3.03333333333333,3.03333333333333
"85300/1000",NA,85300,1425,"15-19 years","female",20,4923,"Education",514.0546875,514.0546875,"walking",0.183333333333333,0.81,"weekday",1,"15 to 19","<1km","walking",0.81,0.183333333333333,1.28333333333333,1.28333333333333
"85300/1000",NA,85300,1425,"15-19 years","female",20,4924,"Other",514.0546875,514.0546875,"car",0.183333333333333,2.07,"weekday",2,"15 to 19","3-5km","bicycle",2.07,0.188181818181818,1.28333333333333,1.31727272727273
"85300/1000",NA,85300,1425,"15-19 years","female",20,4925,"Other",514.0546875,514.0546875,"car",0.516666666666667,14.47,"weekday",3,"15 to 19",">10km","car",14.47,0.516666666666667,3.61666666666667,3.61666666666667
"85300/1001",NA,85300,1426,"40-44 years","female",20,4926,"Other",647.70849609375,647.70849609375,"car",0.0833333333333333,1.64,"weekday",1,"40 to 64","1-2km","bicycle",1.64,0.149090909090909,0.583333333333333,1.04363636363636
"85300/1001",NA,85300,1426,"40-44 years","female",20,4927,"Other",647.70849609375,647.70849609375,"car",0.0833333333333333,1.79,"weekday",2,"40 to 64","1-2km","bicycle",1.79,0.162727272727273,0.583333333333333,1.13909090909091
"85300/1001",NA,85300,1426,"40-44 years","female",20,4928,"Other",647.70849609375,647.70849609375,"car",0.55,12.55,"weekday",3,"40 to 64",">10km","car",12.55,0.55,3.85,3.85
"85300/1001",NA,85300,1426,"40-44 years","female",20,4929,"Leisure",647.70849609375,647.70849609375,"car",0.35,4.49,"weekday",4,"40 to 64","3-5km","bicycle",4.49,0.408181818181818,2.45,2.85727272727273
"85300/1001",NA,85300,1426,"40-44 years","female",20,4930,"Leisure",647.70849609375,647.70849609375,"car",0.6,14.47,"weekday",5,"40 to 64",">10km","car",14.47,0.6,4.2,4.2
"85300/1001",NA,85300,1426,"40-44 years","female",20,4931,"Other",647.70849609375,647.70849609375,"car",0.333333333333333,12.55,"weekday",6,"40 to 64",">10km","car",12.55,0.333333333333333,2.33333333333333,2.33333333333333
"85300/1001",NA,85300,1426,"40-44 years","female",20,4932,"Other",647.70849609375,647.70849609375,"car",0.5,12.5,"weekday",7,"40 to 64",">10km","car",12.5,0.5,3.5,3.5
"85300/1001",NA,85300,1426,"40-44 years","female",20,4933,"Other",647.70849609375,647.70849609375,"car",0.416666666666667,14.71,"weekday",8,"40 to 64",">10km","car",14.71,0.416666666666667,2.91666666666667,2.91666666666667
"85300/1001",NA,85300,1426,"40-44 years","female",20,4934,"Other",647.70849609375,647.70849609375,"car",0.516666666666667,14.47,"weekday",9,"40 to 64",">10km","car",14.47,0.516666666666667,3.61666666666667,3.61666666666667
"85301/1000",NA,85301,1427,"35-39 years","female",20,4935,"Shopping",563.662841796875,563.662841796875,"car",0.05,2.43,"weekday",1,"20 to 39","3-5km","bicycle",2.43,0.220909090909091,0.35,1.54636363636364
"85301/1000",NA,85301,1427,"35-39 years","female",20,4936,"Shopping",563.662841796875,563.662841796875,"car",0.05,2.4,"weekday",2,"20 to 39","3-5km","bicycle",2.4,0.218181818181818,0.35,1.52727272727273
"85301/1001",NA,85301,1428,"45-49 years","male",20,4937,"Work",490.858123779297,490.858123779297,"car",0.466666666666667,23.93,"weekday",1,"40 to 64",">10km","car",23.93,0.466666666666667,3.26666666666667,3.26666666666667
"85301/1001",NA,85301,1428,"45-49 years","male",20,4938,"Work",490.858123779297,490.858123779297,"car",0.716666666666667,24.36,"weekday",2,"40 to 64",">10km","car",24.36,0.716666666666667,5.01666666666667,5.01666666666667
"85303/1001",NA,85303,1429,"45-49 years","male",20,4939,"Leisure",455.289733886719,455.289733886719,"car",0.0833333333333333,1.66,"weekday",1,"40 to 64","1-2km","bicycle",1.66,0.150909090909091,0.583333333333333,1.05636363636364
"85303/1001",NA,85303,1429,"45-49 years","male",20,4940,"Leisure",455.289733886719,455.289733886719,"car",0.0833333333333333,1.63,"weekday",2,"40 to 64","1-2km","bicycle",1.63,0.148181818181818,0.583333333333333,1.03727272727273
"85303/1001",NA,85303,1429,"45-49 years","male",20,4941,"Shopping",455.289733886719,455.289733886719,"car",0.0833333333333333,1.79,"weekday",3,"40 to 64","1-2km","bicycle",1.79,0.162727272727273,0.583333333333333,1.13909090909091
"85303/1001",NA,85303,1429,"45-49 years","male",20,4942,"Shopping",455.289733886719,455.289733886719,"car",0.0833333333333333,1.76,"weekday",4,"40 to 64","1-2km","bicycle",1.76,0.16,0.583333333333333,1.12
"85303/1001",NA,85303,1429,"45-49 years","male",20,4943,"Shopping",455.289733886719,455.289733886719,"car",0.0833333333333333,1.66,"weekday",5,"40 to 64","1-2km","bicycle",1.66,0.150909090909091,0.583333333333333,1.05636363636364
"85303/1001",NA,85303,1429,"45-49 years","male",20,4944,"Shopping",455.289733886719,455.289733886719,"car",0.0833333333333333,1.63,"weekday",6,"40 to 64","1-2km","bicycle",1.63,0.148181818181818,0.583333333333333,1.03727272727273
"85303/1001",NA,85303,1429,"45-49 years","male",20,4945,"Shopping",455.289733886719,455.289733886719,"car",0.0833333333333333,1.66,"weekday",7,"40 to 64","1-2km","bicycle",1.66,0.150909090909091,0.583333333333333,1.05636363636364
"85303/1001",NA,85303,1429,"45-49 years","male",20,4946,"Shopping",455.289733886719,455.289733886719,"car",0.0833333333333333,1.63,"weekday",8,"40 to 64","1-2km","bicycle",1.63,0.148181818181818,0.583333333333333,1.03727272727273
"85304/1000",NA,85304,1430,"65-69 years","female",20,4947,"Shopping",304.822784423828,304.822784423828,"car",0.266666666666667,10.99,"weekday",1,"65 plus",">10km","car",10.99,0.266666666666667,1.86666666666667,1.86666666666667
"85304/1000",NA,85304,1430,"65-69 years","female",20,4948,"Shopping",304.822784423828,304.822784423828,"car",0.25,5.84,"weekday",2,"65 plus","6-10km","car",5.84,0.25,1.75,1.75
"85304/1000",NA,85304,1430,"65-69 years","female",20,4949,"Shopping",304.822784423828,304.822784423828,"car",1.41666666666667,14.51,"weekday",3,"65 plus",">10km","car",14.51,1.41666666666667,9.91666666666667,9.91666666666667
"85304/1001",NA,85304,1431,"70-74 years","male",20,4950,"Shopping",368.036743164062,368.036743164062,"car",0.266666666666667,10.99,"weekday",1,"65 plus",">10km","car",10.99,0.266666666666667,1.86666666666667,1.86666666666667
"85304/1001",NA,85304,1431,"70-74 years","male",20,4951,"Shopping",368.036743164062,368.036743164062,"car",0.25,5.84,"weekday",2,"65 plus","6-10km","car",5.84,0.25,1.75,1.75
"85304/1001",NA,85304,1431,"70-74 years","male",20,4952,"Shopping",368.036743164062,368.036743164062,"car",1.41666666666667,14.51,"weekday",3,"65 plus",">10km","car",14.51,1.41666666666667,9.91666666666667,9.91666666666667
"85305/1000",NA,85305,1432,"65-69 years","male",20,4953,"Work",426.436920166016,426.436920166016,"walking",0.166666666666667,1.37,"weekday",1,"65 plus","1-2km","walking",1.37,0.166666666666667,1.16666666666667,1.16666666666667
"85305/1000",NA,85305,1432,"65-69 years","male",20,4954,"Work",426.436920166016,426.436920166016,"public.transport",0.616666666666667,19.54,"weekday",1,"65 plus",">10km","public.transport",19.54,0.616666666666667,4.31666666666667,4.31666666666667
"85305/1000",NA,85305,1432,"65-69 years","male",20,4955,"Work",426.436920166016,426.436920166016,"walking",0.166666666666667,0.65,"weekday",1,"65 plus","<1km","walking",0.65,0.166666666666667,1.16666666666667,1.16666666666667
"85305/1000",NA,85305,1432,"65-69 years","male",20,4956,"Work",426.436920166016,426.436920166016,"walking",0.166666666666667,0.65,"weekday",2,"65 plus","<1km","walking",0.65,0.166666666666667,1.16666666666667,1.16666666666667
"85305/1000",NA,85305,1432,"65-69 years","male",20,4957,"Work",426.436920166016,426.436920166016,"public.transport",0.7,19.66,"weekday",2,"65 plus",">10km","public.transport",19.66,0.7,4.9,4.9
"85305/1000",NA,85305,1432,"65-69 years","male",20,4958,"Work",426.436920166016,426.436920166016,"walking",0.166666666666667,1.37,"weekday",2,"65 plus","1-2km","walking",1.37,0.166666666666667,1.16666666666667,1.16666666666667
"85307/1000",NA,85307,1433,"25-29 years","female",20,4959,"Shopping",1102.109375,1102.109375,"car",0.0666666666666667,1.63,"weekday",1,"20 to 39","1-2km","bicycle",1.63,0.148181818181818,0.466666666666667,1.03727272727273
"85307/1000",NA,85307,1433,"25-29 years","female",20,4960,"Shopping",1102.109375,1102.109375,"car",0.0666666666666667,1.6,"weekday",2,"20 to 39","1-2km","bicycle",1.6,0.145454545454545,0.466666666666667,1.01818181818182
"85308/1000",NA,85308,1434,"45-49 years","female",20,4961,"Work",661.040344238281,661.040344238281,"car",0.666666666666667,26.06,"weekday",1,"40 to 64",">10km","car",26.06,0.666666666666667,4.66666666666667,4.66666666666667
"85308/1000",NA,85308,1434,"45-49 years","female",20,4962,"Shopping",661.040344238281,661.040344238281,"car",0.5,14.41,"weekday",2,"40 to 64",">10km","car",14.41,0.5,3.5,3.5
"85308/1000",NA,85308,1434,"45-49 years","female",20,4963,"Other",661.040344238281,661.040344238281,"car",0.333333333333333,6.7,"weekday",3,"40 to 64","6-10km","car",6.7,0.333333333333333,2.33333333333333,2.33333333333333
"85308/1000",NA,85308,1434,"45-49 years","female",20,4964,"Other",661.040344238281,661.040344238281,"car",0.05,4.95,"weekday",4,"40 to 64","3-5km","bicycle",4.95,0.45,0.35,3.15
"85308/1000",NA,85308,1434,"45-49 years","female",20,4965,"Other",661.040344238281,661.040344238281,"walking",0.0833333333333333,0.57,"weekday",5,"40 to 64","<1km","walking",0.57,0.0833333333333333,0.583333333333333,0.583333333333333
"85308/1000",NA,85308,1434,"45-49 years","female",20,4966,"Other",661.040344238281,661.040344238281,"walking",0.333333333333333,0.57,"weekday",6,"40 to 64","<1km","walking",0.57,0.333333333333333,2.33333333333333,2.33333333333333
"85308/1001",NA,85308,1435,"50-54 years","male",20,4967,"Other",549.466125488281,549.466125488281,"car",0.0833333333333333,2.22,"weekday",1,"40 to 64","3-5km","bicycle",2.22,0.201818181818182,0.583333333333333,1.41272727272727
"85308/1001",NA,85308,1435,"50-54 years","male",20,4968,"Other",549.466125488281,549.466125488281,"car",0.0833333333333333,2.48,"weekday",2,"40 to 64","3-5km","bicycle",2.48,0.225454545454545,0.583333333333333,1.57818181818182
"85308/1001",NA,85308,1435,"50-54 years","male",20,4969,"Other",549.466125488281,549.466125488281,"car",0.0666666666666667,1.83,"weekday",3,"40 to 64","1-2km","bicycle",1.83,0.166363636363636,0.466666666666667,1.16454545454545
"85308/1001",NA,85308,1435,"50-54 years","male",20,4970,"Other",549.466125488281,549.466125488281,"car",1.03333333333333,30.46,"weekday",4,"40 to 64",">10km","car",30.46,1.03333333333333,7.23333333333333,7.23333333333333
"85308/1001",NA,85308,1435,"50-54 years","male",20,4971,"Shopping",549.466125488281,549.466125488281,"car",0.0833333333333333,3.03,"weekday",5,"40 to 64","3-5km","bicycle",3.03,0.275454545454545,0.583333333333333,1.92818181818182
"85308/1001",NA,85308,1435,"50-54 years","male",20,4972,"Shopping",549.466125488281,549.466125488281,"car",0.833333333333333,31.02,"weekday",6,"40 to 64",">10km","car",31.02,0.833333333333333,5.83333333333333,5.83333333333333
"85308/1001",NA,85308,1435,"50-54 years","male",20,4973,"Other",549.466125488281,549.466125488281,"car",0.0833333333333333,2.22,"weekday",7,"40 to 64","3-5km","bicycle",2.22,0.201818181818182,0.583333333333333,1.41272727272727
"85308/1001",NA,85308,1435,"50-54 years","male",20,4974,"Other",549.466125488281,549.466125488281,"car",0.0833333333333333,2.48,"weekday",8,"40 to 64","3-5km","bicycle",2.48,0.225454545454545,0.583333333333333,1.57818181818182
"85308/1001",NA,85308,1435,"50-54 years","male",20,4975,"Shopping",549.466125488281,549.466125488281,"car",0.0833333333333333,1.76,"weekday",9,"40 to 64","1-2km","bicycle",1.76,0.16,0.583333333333333,1.12
"85308/1001",NA,85308,1435,"50-54 years","male",20,4976,"Shopping",549.466125488281,549.466125488281,"car",0.0833333333333333,1.73,"weekday",10,"40 to 64","1-2km","bicycle",1.73,0.157272727272727,0.583333333333333,1.10090909090909
"85308/1001",NA,85308,1435,"50-54 years","male",20,4977,"Other",549.466125488281,549.466125488281,"walking",0.0833333333333333,0.57,"weekday",11,"40 to 64","<1km","walking",0.57,0.0833333333333333,0.583333333333333,0.583333333333333
"85308/1001",NA,85308,1435,"50-54 years","male",20,4978,"Other",549.466125488281,549.466125488281,"walking",0.333333333333333,0.57,"weekday",12,"40 to 64","<1km","walking",0.57,0.333333333333333,2.33333333333333,2.33333333333333
"85311/1001",NA,85311,1436,"40-44 years","male",20,4979,"Other",554.12841796875,554.12841796875,"car",0.5,15.89,"weekday",1,"40 to 64",">10km","car",15.89,0.5,3.5,3.5
"85311/1001",NA,85311,1436,"40-44 years","male",20,4980,"Work",554.12841796875,554.12841796875,"car",0.416666666666667,6.21,"weekday",2,"40 to 64","6-10km","car",6.21,0.416666666666667,2.91666666666667,2.91666666666667
"85311/1001",NA,85311,1436,"40-44 years","male",20,4981,"Other",554.12841796875,554.12841796875,"car",0.25,6.44,"weekday",3,"40 to 64","6-10km","car",6.44,0.25,1.75,1.75
"85311/1001",NA,85311,1436,"40-44 years","male",20,4982,"Other",554.12841796875,554.12841796875,"car",0.5,15.99,"weekday",4,"40 to 64",">10km","car",15.99,0.5,3.5,3.5
"85311/1001",NA,85311,1436,"40-44 years","male",20,4983,"Other",554.12841796875,554.12841796875,"car",0.25,13,"weekday",5,"40 to 64",">10km","car",13,0.25,1.75,1.75
"85311/1001",NA,85311,1436,"40-44 years","male",20,4984,"Other",554.12841796875,554.12841796875,"car",0.25,12.81,"weekday",6,"40 to 64",">10km","car",12.81,0.25,1.75,1.75
"85311/1002",NA,85311,1437,"15-19 years","male",20,4985,"Education",541.848937988281,541.848937988281,"car",0.5,15.89,"weekday",1,"15 to 19",">10km","car",15.89,0.5,3.5,3.5
"85311/1002",NA,85311,1437,"15-19 years","male",20,4986,"Education",541.848937988281,541.848937988281,"car",0.5,15.99,"weekday",2,"15 to 19",">10km","car",15.99,0.5,3.5,3.5
"85311/1002",NA,85311,1437,"15-19 years","male",20,4987,"Leisure",541.848937988281,541.848937988281,"car",0.25,13,"weekday",3,"15 to 19",">10km","car",13,0.25,1.75,1.75
"85311/1002",NA,85311,1437,"15-19 years","male",20,4988,"Leisure",541.848937988281,541.848937988281,"car",0.25,12.81,"weekday",4,"15 to 19",">10km","car",12.81,0.25,1.75,1.75
"85314/1000",NA,85314,1438,"45-49 years","female",20,4989,"Other",587.36279296875,587.36279296875,"car",0.166666666666667,7.44,"weekday",1,"40 to 64","6-10km","car",7.44,0.166666666666667,1.16666666666667,1.16666666666667
"85314/1000",NA,85314,1438,"45-49 years","female",20,4990,"Leisure",587.36279296875,587.36279296875,"car",0.5,14.66,"weekday",2,"40 to 64",">10km","car",14.66,0.5,3.5,3.5
"85314/1000",NA,85314,1438,"45-49 years","female",20,4991,"Leisure",587.36279296875,587.36279296875,"walking",0.5,1.67,"weekday",3,"40 to 64","1-2km","walking",1.67,0.5,3.5,3.5
"85314/1000",NA,85314,1438,"45-49 years","female",20,4992,"Leisure",587.36279296875,587.36279296875,"public.transport",0.5,13.52,"weekday",4,"40 to 64",">10km","public.transport",13.52,0.5,3.5,3.5
"85314/1000",NA,85314,1438,"45-49 years","female",20,4993,"Leisure",587.36279296875,587.36279296875,"car",0.25,7.4,"weekday",4,"40 to 64","6-10km","car",7.4,0.25,1.75,1.75
"85314/1002",NA,85314,1439,"70-74 years","female",20,4994,"Leisure",443.023803710938,443.023803710938,"car",0.25,1.28,"weekday",1,"65 plus","1-2km","bicycle",1.28,0.116363636363636,1.75,0.814545454545455
"85314/1002",NA,85314,1439,"70-74 years","female",20,4995,"Leisure",443.023803710938,443.023803710938,"public.transport",0.333333333333333,9.98,"weekday",1,"65 plus","6-10km","public.transport",9.98,0.333333333333333,2.33333333333333,2.33333333333333
"85314/1002",NA,85314,1439,"70-74 years","female",20,4996,"Leisure",443.023803710938,443.023803710938,"walking",0.166666666666667,0.27,"weekday",1,"65 plus","<1km","walking",0.27,0.166666666666667,1.16666666666667,1.16666666666667
"85314/1002",NA,85314,1439,"70-74 years","female",20,4997,"Leisure",443.023803710938,443.023803710938,"walking",0.0833333333333333,0.27,"weekday",2,"65 plus","<1km","walking",0.27,0.0833333333333333,0.583333333333333,0.583333333333333
"85314/1002",NA,85314,1439,"70-74 years","female",20,4998,"Leisure",443.023803710938,443.023803710938,"public.transport",0.166666666666667,10.15,"weekday",2,"65 plus",">10km","public.transport",10.15,0.166666666666667,1.16666666666667,1.16666666666667
"85314/1002",NA,85314,1439,"70-74 years","female",20,4999,"Leisure",443.023803710938,443.023803710938,"car",0.166666666666667,1.43,"weekday",2,"65 plus","1-2km","bicycle",1.43,0.13,1.16666666666667,0.91
"85314/1002",NA,85314,1439,"70-74 years","female",20,5000,"Leisure",443.023803710938,443.023803710938,"walking",0.283333333333333,1.19,"weekday",3,"65 plus","1-2km","walking",1.19,0.283333333333333,1.98333333333333,1.98333333333333
"85314/1002",NA,85314,1439,"70-74 years","female",20,5001,"Leisure",443.023803710938,443.023803710938,"walking",0.3,1.19,"weekday",4,"65 plus","1-2km","walking",1.19,0.3,2.1,2.1
"85315/1000",NA,85315,1440,"55-59 years","female",20,5002,"Work",507.188659667969,507.188659667969,"car",0.15,9.67,"weekday",1,"40 to 64","6-10km","car",9.67,0.15,1.05,1.05
"85315/1000",NA,85315,1440,"55-59 years","female",20,5003,"Other",507.188659667969,507.188659667969,"car",0.25,6.25,"weekday",2,"40 to 64","6-10km","car",6.25,0.25,1.75,1.75
"85315/1000",NA,85315,1440,"55-59 years","female",20,5004,"Work",507.188659667969,507.188659667969,"car",0.666666666666667,6.56,"weekday",3,"40 to 64","6-10km","car",6.56,0.666666666666667,4.66666666666667,4.66666666666667
"85315/1000",NA,85315,1440,"55-59 years","female",20,5005,"Leisure",507.188659667969,507.188659667969,"car",1.08333333333333,18.21,"weekday",4,"40 to 64",">10km","car",18.21,1.08333333333333,7.58333333333333,7.58333333333333
"85315/1000",NA,85315,1440,"55-59 years","female",20,5006,"Leisure",507.188659667969,507.188659667969,"car",0.5,27.38,"weekday",5,"40 to 64",">10km","car",27.38,0.5,3.5,3.5
"85317/1000",NA,85317,1441,"25-29 years","female",20,5007,"Work",1022.24871826172,1022.24871826172,"car",0.666666666666667,26.01,"weekday",1,"20 to 39",">10km","car",26.01,0.666666666666667,4.66666666666667,4.66666666666667
"85317/1000",NA,85317,1441,"25-29 years","female",20,5008,"Work",1022.24871826172,1022.24871826172,"car",0.666666666666667,25.34,"weekday",2,"20 to 39",">10km","car",25.34,0.666666666666667,4.66666666666667,4.66666666666667
"85317/1001",NA,85317,1442,"25-29 years","male",20,5009,"Work",980.261657714844,980.261657714844,"car",0.833333333333333,20.41,"weekday",1,"20 to 39",">10km","car",20.41,0.833333333333333,5.83333333333333,5.83333333333333
"85317/1001",NA,85317,1442,"25-29 years","male",20,5010,"Work",980.261657714844,980.261657714844,"car",0.583333333333333,20.56,"weekday",2,"20 to 39",">10km","car",20.56,0.583333333333333,4.08333333333333,4.08333333333333
"85319/1000",NA,85319,1443,"60-64 years","female",20,5011,"Work",474.000030517578,474.000030517578,"car",0.25,10.05,"weekday",1,"40 to 64",">10km","car",10.05,0.25,1.75,1.75
"85319/1000",NA,85319,1443,"60-64 years","female",20,5012,"Shopping",474.000030517578,474.000030517578,"car",0.166666666666667,2.99,"weekday",2,"40 to 64","3-5km","bicycle",2.99,0.271818181818182,1.16666666666667,1.90272727272727
"85319/1000",NA,85319,1443,"60-64 years","female",20,5013,"Shopping",474.000030517578,474.000030517578,"car",0.333333333333333,10.26,"weekday",3,"40 to 64",">10km","car",10.26,0.333333333333333,2.33333333333333,2.33333333333333
"85319/1000",NA,85319,1443,"60-64 years","female",20,5014,"Shopping",474.000030517578,474.000030517578,"car",0.0833333333333333,0.96,"weekday",4,"40 to 64","<1km","bicycle",0.96,0.0872727272727273,0.583333333333333,0.610909090909091
"85319/1000",NA,85319,1443,"60-64 years","female",20,5015,"Leisure",474.000030517578,474.000030517578,"car",0.0833333333333333,1.75,"weekday",5,"40 to 64","1-2km","bicycle",1.75,0.159090909090909,0.583333333333333,1.11363636363636
"85319/1000",NA,85319,1443,"60-64 years","female",20,5016,"Leisure",474.000030517578,474.000030517578,"car",0.0833333333333333,1.48,"weekday",6,"40 to 64","1-2km","bicycle",1.48,0.134545454545455,0.583333333333333,0.941818181818182
"85320/1001",NA,85320,1444,"85-89 years","male",20,5017,"Other",364.267669677734,364.267669677734,"car",0.5,18.02,"weekday",1,"65 plus",">10km","car",18.02,0.5,3.5,3.5
"85320/1001",NA,85320,1444,"85-89 years","male",20,5018,"Shopping",364.267669677734,364.267669677734,"car",0.25,6.82,"weekday",2,"65 plus","6-10km","car",6.82,0.25,1.75,1.75
"85320/1001",NA,85320,1444,"85-89 years","male",20,5019,"Shopping",364.267669677734,364.267669677734,"car",0.166666666666667,1.22,"weekday",3,"65 plus","1-2km","bicycle",1.22,0.110909090909091,1.16666666666667,0.776363636363636
"85320/1001",NA,85320,1444,"85-89 years","male",20,5020,"Shopping",364.267669677734,364.267669677734,"car",0.25,10.48,"weekday",4,"65 plus",">10km","car",10.48,0.25,1.75,1.75
"85321/1001",NA,85321,1446,"50-54 years","female",20,5022,"Work",700.190185546875,700.190185546875,"car",0.0833333333333333,1.99,"weekday",1,"40 to 64","1-2km","bicycle",1.99,0.180909090909091,0.583333333333333,1.26636363636364
"85321/1001",NA,85321,1446,"50-54 years","female",20,5023,"Work",700.190185546875,700.190185546875,"car",0.0833333333333333,1.97,"weekday",2,"40 to 64","1-2km","bicycle",1.97,0.179090909090909,0.583333333333333,1.25363636363636
"85321/1001",NA,85321,1446,"50-54 years","female",20,5024,"Work",700.190185546875,700.190185546875,"car",0.0833333333333333,1.85,"weekday",3,"40 to 64","1-2km","bicycle",1.85,0.168181818181818,0.583333333333333,1.17727272727273
"85321/1003",NA,85321,1447,"15-19 years","female",20,5025,"Education",659.454467773438,659.454467773438,"walking",0.366666666666667,1.41,"weekday",1,"15 to 19","1-2km","walking",1.41,0.366666666666667,2.56666666666667,2.56666666666667
"85321/1003",NA,85321,1447,"15-19 years","female",20,5026,"Education",659.454467773438,659.454467773438,"public.transport",0.483333333333333,13.15,"weekday",1,"15 to 19",">10km","public.transport",13.15,0.483333333333333,3.38333333333333,3.38333333333333
"85321/1003",NA,85321,1447,"15-19 years","female",20,5027,"Education",659.454467773438,659.454467773438,"walking",0.25,1.01,"weekday",1,"15 to 19","1-2km","walking",1.01,0.25,1.75,1.75
"85321/1003",NA,85321,1447,"15-19 years","female",20,5028,"Education",659.454467773438,659.454467773438,"walking",0.25,1.01,"weekday",2,"15 to 19","1-2km","walking",1.01,0.25,1.75,1.75
"85321/1003",NA,85321,1447,"15-19 years","female",20,5029,"Education",659.454467773438,659.454467773438,"public.transport",0.566666666666667,12.85,"weekday",2,"15 to 19",">10km","public.transport",12.85,0.566666666666667,3.96666666666667,3.96666666666667
"85321/1003",NA,85321,1447,"15-19 years","female",20,5030,"Education",659.454467773438,659.454467773438,"walking",0.383333333333333,1.41,"weekday",2,"15 to 19","1-2km","walking",1.41,0.383333333333333,2.68333333333333,2.68333333333333
"85322/1000",NA,85322,1448,"65-69 years","male",20,5031,"Leisure",351.451293945312,351.451293945312,"walking",0.116666666666667,1.44,"weekday",1,"65 plus","1-2km","walking",1.44,0.116666666666667,0.816666666666667,0.816666666666667
"85322/1000",NA,85322,1448,"65-69 years","male",20,5032,"Shopping",351.451293945312,351.451293945312,"car",0.0833333333333333,1.53,"weekday",2,"65 plus","1-2km","bicycle",1.53,0.139090909090909,0.583333333333333,0.973636363636364
"85322/1000",NA,85322,1448,"65-69 years","male",20,5033,"Shopping",351.451293945312,351.451293945312,"walking",0.266666666666667,1.98,"weekday",3,"65 plus","1-2km","walking",1.98,0.266666666666667,1.86666666666667,1.86666666666667
"85322/1000",NA,85322,1448,"65-69 years","male",20,5034,"Shopping",351.451293945312,351.451293945312,"car",0.516666666666667,22.66,"weekday",4,"65 plus",">10km","car",22.66,0.516666666666667,3.61666666666667,3.61666666666667
"85322/1000",NA,85322,1448,"65-69 years","male",20,5035,"Shopping",351.451293945312,351.451293945312,"car",0.616666666666667,22.54,"weekday",5,"65 plus",">10km","car",22.54,0.616666666666667,4.31666666666667,4.31666666666667
"85322/1000",NA,85322,1448,"65-69 years","male",20,5036,"Leisure",351.451293945312,351.451293945312,"walking",0.266666666666667,2.45,"weekday",6,"65 plus","3-5km","walking",2.45,0.266666666666667,1.86666666666667,1.86666666666667
"85322/1000",NA,85322,1448,"65-69 years","male",20,5037,"Leisure",351.451293945312,351.451293945312,"walking",0.45,2.45,"weekday",7,"65 plus","3-5km","walking",2.45,0.45,3.15,3.15
"85322/1003",NA,85322,1449,"70-74 years","female",20,5038,"Leisure",410.921569824219,410.921569824219,"car",0.0833333333333333,1.46,"weekday",1,"65 plus","1-2km","bicycle",1.46,0.132727272727273,0.583333333333333,0.929090909090909
"85322/1003",NA,85322,1449,"70-74 years","female",20,5039,"Leisure",410.921569824219,410.921569824219,"car",0.0833333333333333,1.53,"weekday",2,"65 plus","1-2km","bicycle",1.53,0.139090909090909,0.583333333333333,0.973636363636364
"85322/1003",NA,85322,1449,"70-74 years","female",20,5040,"Leisure",410.921569824219,410.921569824219,"car",0.0833333333333333,1.97,"weekday",3,"65 plus","1-2km","bicycle",1.97,0.179090909090909,0.583333333333333,1.25363636363636
"85322/1003",NA,85322,1449,"70-74 years","female",20,5041,"Shopping",410.921569824219,410.921569824219,"car",0.566666666666667,14.94,"weekday",4,"65 plus",">10km","car",14.94,0.566666666666667,3.96666666666667,3.96666666666667
"85322/1003",NA,85322,1449,"70-74 years","female",20,5042,"Shopping",410.921569824219,410.921569824219,"car",0.466666666666667,14.7,"weekday",5,"65 plus",">10km","car",14.7,0.466666666666667,3.26666666666667,3.26666666666667
"85322/1003",NA,85322,1449,"70-74 years","female",20,5043,"Leisure",410.921569824219,410.921569824219,"walking",0.266666666666667,2.45,"weekday",6,"65 plus","3-5km","walking",2.45,0.266666666666667,1.86666666666667,1.86666666666667
"85322/1003",NA,85322,1449,"70-74 years","female",20,5044,"Leisure",410.921569824219,410.921569824219,"walking",0.45,2.45,"weekday",7,"65 plus","3-5km","walking",2.45,0.45,3.15,3.15
"85323/1000",NA,85323,1450,"25-29 years","female",20,5045,"Work",1102.109375,1102.109375,"car",1,21.32,"weekday",1,"20 to 39",">10km","car",21.32,1,7,7
"85323/1000",NA,85323,1450,"25-29 years","female",20,5046,"Work",1102.109375,1102.109375,"car",1,21.32,"weekday",2,"20 to 39",">10km","car",21.32,1,7,7
"85323/1001",NA,85323,1451,"25-29 years","male",20,5047,"Other",1056.84216308594,1056.84216308594,"car",0.166666666666667,6.62,"weekday",1,"20 to 39","6-10km","car",6.62,0.166666666666667,1.16666666666667,1.16666666666667
"85323/1001",NA,85323,1451,"25-29 years","male",20,5048,"Work",1056.84216308594,1056.84216308594,"car",0.333333333333333,12.55,"weekday",2,"20 to 39",">10km","car",12.55,0.333333333333333,2.33333333333333,2.33333333333333
"85323/1001",NA,85323,1451,"25-29 years","male",20,5049,"Other",1056.84216308594,1056.84216308594,"car",0.333333333333333,11.1,"weekday",3,"20 to 39",">10km","car",11.1,0.333333333333333,2.33333333333333,2.33333333333333
"85323/1001",NA,85323,1451,"25-29 years","male",20,5050,"Other",1056.84216308594,1056.84216308594,"car",0.166666666666667,6.7,"weekday",4,"20 to 39","6-10km","car",6.7,0.166666666666667,1.16666666666667,1.16666666666667
"85326/1000",NA,85326,1452,"75-79 years","female",20,5051,"Leisure",445.019683837891,445.019683837891,"walking",0.25,0.95,"weekday",1,"65 plus","<1km","walking",0.95,0.25,1.75,1.75
"85326/1000",NA,85326,1452,"75-79 years","female",20,5052,"Leisure",445.019683837891,445.019683837891,"walking",0.25,0.95,"weekday",2,"65 plus","<1km","walking",0.95,0.25,1.75,1.75
"85326/1000",NA,85326,1452,"75-79 years","female",20,5053,"Shopping",445.019683837891,445.019683837891,"car",0.25,10.55,"weekday",3,"65 plus",">10km","car",10.55,0.25,1.75,1.75
"85326/1000",NA,85326,1452,"75-79 years","female",20,5054,"Shopping",445.019683837891,445.019683837891,"car",0.25,10.47,"weekday",4,"65 plus",">10km","car",10.47,0.25,1.75,1.75
"85327/1000",NA,85327,1453,"35-39 years","male",20,5055,"Work",670.438781738281,670.438781738281,"car",0.666666666666667,21.24,"weekday",1,"20 to 39",">10km","car",21.24,0.666666666666667,4.66666666666667,4.66666666666667
"85327/1000",NA,85327,1453,"35-39 years","male",20,5056,"Work",670.438781738281,670.438781738281,"walking",0.25,0.3,"weekday",2,"20 to 39","<1km","walking",0.3,0.25,1.75,1.75
"85327/1000",NA,85327,1453,"35-39 years","male",20,5057,"Work",670.438781738281,670.438781738281,"public.transport",0.6,19.53,"weekday",2,"20 to 39",">10km","public.transport",19.53,0.6,4.2,4.2
"85327/1000",NA,85327,1453,"35-39 years","male",20,5058,"Work",670.438781738281,670.438781738281,"car",0.15,1.75,"weekday",2,"20 to 39","1-2km","bicycle",1.75,0.159090909090909,1.05,1.11363636363636
"85327/1001",NA,85327,1454,"30-34 years","female",20,5059,"Other",718.065612792969,718.065612792969,"car",0.666666666666667,21.24,"weekday",1,"20 to 39",">10km","car",21.24,0.666666666666667,4.66666666666667,4.66666666666667
"85327/1001",NA,85327,1454,"30-34 years","female",20,5060,"Other",718.065612792969,718.065612792969,"car",0.566666666666667,21.25,"weekday",2,"20 to 39",">10km","car",21.25,0.566666666666667,3.96666666666667,3.96666666666667
"85327/1001",NA,85327,1454,"30-34 years","female",20,5061,"Other",718.065612792969,718.065612792969,"car",0.133333333333333,1.6,"weekday",3,"20 to 39","1-2km","bicycle",1.6,0.145454545454545,0.933333333333333,1.01818181818182
"85327/1001",NA,85327,1454,"30-34 years","female",20,5062,"Other",718.065612792969,718.065612792969,"car",0.15,1.75,"weekday",4,"20 to 39","1-2km","bicycle",1.75,0.159090909090909,1.05,1.11363636363636
"85330/1000",NA,85330,1455,"70-74 years","male",20,5063,"Other",368.036743164062,368.036743164062,"car",0.166666666666667,1.98,"weekday",1,"65 plus","1-2km","bicycle",1.98,0.18,1.16666666666667,1.26
"85330/1000",NA,85330,1455,"70-74 years","male",20,5064,"Other",368.036743164062,368.036743164062,"car",0.166666666666667,1.43,"weekday",2,"65 plus","1-2km","bicycle",1.43,0.13,1.16666666666667,0.91
"85330/1000",NA,85330,1455,"70-74 years","male",20,5065,"Other",368.036743164062,368.036743164062,"car",0.25,5.16,"weekday",3,"65 plus","6-10km","car",5.16,0.25,1.75,1.75
"85330/1000",NA,85330,1455,"70-74 years","male",20,5066,"Other",368.036743164062,368.036743164062,"car",0.166666666666667,5.62,"weekday",4,"65 plus","6-10km","car",5.62,0.166666666666667,1.16666666666667,1.16666666666667
"85330/1000",NA,85330,1455,"70-74 years","male",20,5067,"Other",368.036743164062,368.036743164062,"car",0.166666666666667,1.98,"weekday",5,"65 plus","1-2km","bicycle",1.98,0.18,1.16666666666667,1.26
"85330/1000",NA,85330,1455,"70-74 years","male",20,5068,"Other",368.036743164062,368.036743164062,"car",0.166666666666667,1.43,"weekday",6,"65 plus","1-2km","bicycle",1.43,0.13,1.16666666666667,0.91
"85330/1000",NA,85330,1455,"70-74 years","male",20,5069,"Other",368.036743164062,368.036743164062,"car",0.25,5.16,"weekday",7,"65 plus","6-10km","car",5.16,0.25,1.75,1.75
"85330/1000",NA,85330,1455,"70-74 years","male",20,5070,"Other",368.036743164062,368.036743164062,"car",0.25,5.62,"weekday",8,"65 plus","6-10km","car",5.62,0.25,1.75,1.75
"85330/1001",NA,85330,1456,"55-59 years","female",20,5071,"Work",468.386108398438,468.386108398438,"car",0.166666666666667,1.98,"weekday",1,"40 to 64","1-2km","bicycle",1.98,0.18,1.16666666666667,1.26
"85330/1001",NA,85330,1456,"55-59 years","female",20,5072,"Work",468.386108398438,468.386108398438,"car",0.166666666666667,1.43,"weekday",2,"40 to 64","1-2km","bicycle",1.43,0.13,1.16666666666667,0.91
"85334/1000",NA,85334,1457,"35-39 years","male",20,5073,"Shopping",621.857666015625,621.857666015625,"car",0.0833333333333333,1.8,"weekday",1,"20 to 39","1-2km","bicycle",1.8,0.163636363636364,0.583333333333333,1.14545454545455
"85334/1000",NA,85334,1457,"35-39 years","male",20,5074,"Shopping",621.857666015625,621.857666015625,"car",0.0833333333333333,1.74,"weekday",2,"20 to 39","1-2km","bicycle",1.74,0.158181818181818,0.583333333333333,1.10727272727273
"85334/1001",NA,85334,1458,"30-34 years","female",20,5075,"Work",666.033386230469,666.033386230469,"car",0.5,16.75,"weekday",1,"20 to 39",">10km","car",16.75,0.5,3.5,3.5
"85334/1001",NA,85334,1458,"30-34 years","female",20,5076,"Work",666.033386230469,666.033386230469,"public.transport",0.166666666666667,2.92,"weekday",2,"20 to 39","3-5km","public.transport",2.92,0.166666666666667,1.16666666666667,1.16666666666667
"85334/1001",NA,85334,1458,"30-34 years","female",20,5077,"Work",666.033386230469,666.033386230469,"car",0.333333333333333,18.49,"weekday",3,"20 to 39",">10km","car",18.49,0.333333333333333,2.33333333333333,2.33333333333333
"85339/1000",NA,85339,1459,"70-74 years","male",20,5078,"Shopping",398.526031494141,398.526031494141,"car",0.166666666666667,4.77,"weekday",1,"65 plus","3-5km","bicycle",4.77,0.433636363636364,1.16666666666667,3.03545454545455
"85339/1000",NA,85339,1459,"70-74 years","male",20,5079,"Shopping",398.526031494141,398.526031494141,"car",0.166666666666667,4.8,"weekday",2,"65 plus","3-5km","bicycle",4.8,0.436363636363636,1.16666666666667,3.05454545454545
"85340/1000",NA,85340,1460,"35-39 years","male",20,5080,"Work",967.957153320312,967.957153320312,"car",0.25,5.75,"weekday",1,"20 to 39","6-10km","car",5.75,0.25,1.75,1.75
"85340/1000",NA,85340,1460,"35-39 years","male",20,5081,"Work",967.957153320312,967.957153320312,"car",0.166666666666667,5.76,"weekday",2,"20 to 39","6-10km","car",5.76,0.166666666666667,1.16666666666667,1.16666666666667
"85340/1000",NA,85340,1460,"35-39 years","male",20,5082,"Work",967.957153320312,967.957153320312,"car",0.333333333333333,5.75,"weekday",3,"20 to 39","6-10km","car",5.75,0.333333333333333,2.33333333333333,2.33333333333333
"85340/1000",NA,85340,1460,"35-39 years","male",20,5083,"Work",967.957153320312,967.957153320312,"car",0.25,5.76,"weekday",4,"20 to 39","6-10km","car",5.76,0.25,1.75,1.75
"85340/1001",NA,85340,1461,"35-39 years","female",20,5084,"Other",813.797668457031,813.797668457031,"car",0.25,5.75,"weekday",1,"20 to 39","6-10km","car",5.75,0.25,1.75,1.75
"85340/1001",NA,85340,1461,"35-39 years","female",20,5085,"Other",813.797668457031,813.797668457031,"car",0.25,5.76,"weekday",2,"20 to 39","6-10km","car",5.76,0.25,1.75,1.75
"85340/1001",NA,85340,1461,"35-39 years","female",20,5086,"Other",813.797668457031,813.797668457031,"car",0.116666666666667,2.35,"weekday",3,"20 to 39","3-5km","bicycle",2.35,0.213636363636364,0.816666666666667,1.49545454545455
"85340/1001",NA,85340,1461,"35-39 years","female",20,5087,"Other",813.797668457031,813.797668457031,"car",0.0833333333333333,1.6,"weekday",4,"20 to 39","1-2km","bicycle",1.6,0.145454545454545,0.583333333333333,1.01818181818182
"85340/1001",NA,85340,1461,"35-39 years","female",20,5088,"Other",813.797668457031,813.797668457031,"car",0.166666666666667,2.35,"weekday",5,"20 to 39","3-5km","bicycle",2.35,0.213636363636364,1.16666666666667,1.49545454545455
"85340/1001",NA,85340,1461,"35-39 years","female",20,5089,"Other",813.797668457031,813.797668457031,"car",0.166666666666667,4.46,"weekday",6,"20 to 39","3-5km","bicycle",4.46,0.405454545454545,1.16666666666667,2.83818181818182
"85340/1001",NA,85340,1461,"35-39 years","female",20,5090,"Other",813.797668457031,813.797668457031,"car",0.166666666666667,5.76,"weekday",7,"20 to 39","6-10km","car",5.76,0.166666666666667,1.16666666666667,1.16666666666667
"85343/1000",NA,85343,1462,"25-29 years","male",20,5091,"Shopping",1189.41027832031,1189.41027832031,"car",0.25,9.81,"weekday",1,"20 to 39","6-10km","car",9.81,0.25,1.75,1.75
"85343/1000",NA,85343,1462,"25-29 years","male",20,5092,"Shopping",1189.41027832031,1189.41027832031,"car",0.25,9.8,"weekday",2,"20 to 39","6-10km","car",9.8,0.25,1.75,1.75
"85343/1001",NA,85343,1463,"60-64 years","female",20,5093,"Shopping",531.132019042969,531.132019042969,"car",0.25,9.81,"weekday",1,"40 to 64","6-10km","car",9.81,0.25,1.75,1.75
"85343/1001",NA,85343,1463,"60-64 years","female",20,5094,"Shopping",531.132019042969,531.132019042969,"car",0.25,9.8,"weekday",2,"40 to 64","6-10km","car",9.8,0.25,1.75,1.75
"85344/1000",NA,85344,1464,"25-29 years","female",20,5095,"Shopping",1240.35559082031,1240.35559082031,"car",0.666666666666667,13.02,"weekday",1,"20 to 39",">10km","car",13.02,0.666666666666667,4.66666666666667,4.66666666666667
"85344/1000",NA,85344,1464,"25-29 years","female",20,5096,"Shopping",1240.35559082031,1240.35559082031,"car",0.75,12.73,"weekday",2,"20 to 39",">10km","car",12.73,0.75,5.25,5.25
"85344/1001",NA,85344,1465,"25-29 years","male",20,5097,"Shopping",1189.41027832031,1189.41027832031,"car",0.666666666666667,13.02,"weekday",1,"20 to 39",">10km","car",13.02,0.666666666666667,4.66666666666667,4.66666666666667
"85344/1001",NA,85344,1465,"25-29 years","male",20,5098,"Shopping",1189.41027832031,1189.41027832031,"car",0.75,12.73,"weekday",2,"20 to 39",">10km","car",12.73,0.75,5.25,5.25
"85344/1002",NA,85344,1466,"20-24 years","male",20,5099,"Work",1088.4951171875,1088.4951171875,"car",0.75,11.42,"weekday",1,"20 to 39",">10km","car",11.42,0.75,5.25,5.25
"85344/1002",NA,85344,1466,"20-24 years","male",20,5100,"Work",1088.4951171875,1088.4951171875,"car",1,11.19,"weekday",2,"20 to 39",">10km","car",11.19,1,7,7
"85344/1002",NA,85344,1466,"20-24 years","male",20,5101,"Leisure",1088.4951171875,1088.4951171875,"car",1,71.46,"weekday",3,"20 to 39",">10km","car",71.46,1,7,7
"85345/1000",NA,85345,1467,"30-34 years","male",20,5102,"Work",1001.68023681641,1001.68023681641,"car",0.333333333333333,5.97,"weekday",1,"20 to 39","6-10km","car",5.97,0.333333333333333,2.33333333333333,2.33333333333333
"85345/1000",NA,85345,1467,"30-34 years","male",20,5103,"Work",1001.68023681641,1001.68023681641,"car",0.333333333333333,6.07,"weekday",2,"20 to 39","6-10km","car",6.07,0.333333333333333,2.33333333333333,2.33333333333333
"85348/1000",NA,85348,1468,"35-39 years","male",20,5104,"Other",754.537231445312,754.537231445312,"car",0.25,9.43,"weekday",1,"20 to 39","6-10km","car",9.43,0.25,1.75,1.75
"85348/1000",NA,85348,1468,"35-39 years","male",20,5105,"Other",754.537231445312,754.537231445312,"car",0.433333333333333,9.18,"weekday",2,"20 to 39","6-10km","car",9.18,0.433333333333333,3.03333333333333,3.03333333333333
"85348/1000",NA,85348,1468,"35-39 years","male",20,5106,"Other",754.537231445312,754.537231445312,"car",0.25,9.43,"weekday",3,"20 to 39","6-10km","car",9.43,0.25,1.75,1.75
"85348/1000",NA,85348,1468,"35-39 years","male",20,5107,"Other",754.537231445312,754.537231445312,"car",0.416666666666667,9.18,"weekday",4,"20 to 39","6-10km","car",9.18,0.416666666666667,2.91666666666667,2.91666666666667
"85349/1000",NA,85349,1469,"55-59 years","male",20,5108,"Work",598.893310546875,598.893310546875,"car",0.333333333333333,11.18,"weekday",1,"40 to 64",">10km","car",11.18,0.333333333333333,2.33333333333333,2.33333333333333
"85349/1000",NA,85349,1469,"55-59 years","male",20,5109,"Shopping",598.893310546875,598.893310546875,"car",0.25,10.05,"weekday",2,"40 to 64",">10km","car",10.05,0.25,1.75,1.75
"85349/1000",NA,85349,1469,"55-59 years","male",20,5110,"Shopping",598.893310546875,598.893310546875,"car",0.333333333333333,8.3,"weekday",3,"40 to 64","6-10km","car",8.3,0.333333333333333,2.33333333333333,2.33333333333333
"85349/1001",NA,85349,1470,"45-49 years","female",20,5111,"Shopping",661.040344238281,661.040344238281,"car",0.166666666666667,2.64,"weekday",1,"40 to 64","3-5km","bicycle",2.64,0.24,1.16666666666667,1.68
"85349/1001",NA,85349,1470,"45-49 years","female",20,5112,"Shopping",661.040344238281,661.040344238281,"car",0.166666666666667,2.63,"weekday",2,"40 to 64","3-5km","bicycle",2.63,0.239090909090909,1.16666666666667,1.67363636363636
"85349/1001",NA,85349,1470,"45-49 years","female",20,5113,"Shopping",661.040344238281,661.040344238281,"car",0.666666666666667,17.16,"weekday",3,"40 to 64",">10km","car",17.16,0.666666666666667,4.66666666666667,4.66666666666667
"85349/1001",NA,85349,1470,"45-49 years","female",20,5114,"Shopping",661.040344238281,661.040344238281,"car",0.666666666666667,17.13,"weekday",4,"40 to 64",">10km","car",17.13,0.666666666666667,4.66666666666667,4.66666666666667
"85349/1002",NA,85349,1471,"20-24 years","female",20,5115,"Work",964.146118164062,964.146118164062,"car",1.16666666666667,18.26,"weekday",1,"20 to 39",">10km","car",18.26,1.16666666666667,8.16666666666667,8.16666666666667
"85350/1000",NA,85350,1472,"30-34 years","male",20,5116,"Leisure",825.542541503906,825.542541503906,"car",0.0833333333333333,2.88,"weekday",1,"20 to 39","3-5km","bicycle",2.88,0.261818181818182,0.583333333333333,1.83272727272727
"85350/1000",NA,85350,1472,"30-34 years","male",20,5117,"Leisure",825.542541503906,825.542541503906,"car",0.166666666666667,4.03,"weekday",2,"20 to 39","3-5km","bicycle",4.03,0.366363636363636,1.16666666666667,2.56454545454545
"85350/1000",NA,85350,1472,"30-34 years","male",20,5118,"Leisure",825.542541503906,825.542541503906,"car",0.166666666666667,3.82,"weekday",3,"20 to 39","3-5km","bicycle",3.82,0.347272727272727,1.16666666666667,2.43090909090909
"85352/1000",NA,85352,1473,"55-59 years","female",20,5119,"Work",468.386108398438,468.386108398438,"car",0.5,26.24,"weekday",1,"40 to 64",">10km","car",26.24,0.5,3.5,3.5
"85352/1000",NA,85352,1473,"55-59 years","female",20,5120,"Work",468.386108398438,468.386108398438,"car",0.5,26.39,"weekday",2,"40 to 64",">10km","car",26.39,0.5,3.5,3.5
"85352/1001",NA,85352,1474,"50-54 years","male",20,5121,"Work",452.846740722656,452.846740722656,"other",0.5,15.37,"weekday",1,"40 to 64",">10km","other",15.37,0.5,3.5,3.5
"85352/1001",NA,85352,1474,"50-54 years","male",20,5122,"Work",452.846740722656,452.846740722656,"other",0.5,15.14,"weekday",2,"40 to 64",">10km","other",15.14,0.5,3.5,3.5
"85353/1000",NA,85353,1475,"20-24 years","female",20,5123,"Education",856.685302734375,856.685302734375,"walking",0.0833333333333333,0.23,"weekday",1,"20 to 39","<1km","walking",0.23,0.0833333333333333,0.583333333333333,0.583333333333333
"85353/1000",NA,85353,1475,"20-24 years","female",20,5124,"Education",856.685302734375,856.685302734375,"public.transport",0.5,14.98,"weekday",1,"20 to 39",">10km","public.transport",14.98,0.5,3.5,3.5
"85353/1000",NA,85353,1475,"20-24 years","female",20,5125,"Education",856.685302734375,856.685302734375,"walking",0.0833333333333333,0.26,"weekday",1,"20 to 39","<1km","walking",0.26,0.0833333333333333,0.583333333333333,0.583333333333333
"85353/1000",NA,85353,1475,"20-24 years","female",20,5126,"Education",856.685302734375,856.685302734375,"walking",0.0833333333333333,0.29,"weekday",2,"20 to 39","<1km","walking",0.29,0.0833333333333333,0.583333333333333,0.583333333333333
"85353/1000",NA,85353,1475,"20-24 years","female",20,5127,"Education",856.685302734375,856.685302734375,"public.transport",0.7,15.1,"weekday",2,"20 to 39",">10km","public.transport",15.1,0.7,4.9,4.9
"85353/1000",NA,85353,1475,"20-24 years","female",20,5128,"Education",856.685302734375,856.685302734375,"walking",0.0833333333333333,0.36,"weekday",2,"20 to 39","<1km","walking",0.36,0.0833333333333333,0.583333333333333,0.583333333333333
"85353/1000",NA,85353,1475,"20-24 years","female",20,5129,"Leisure",856.685302734375,856.685302734375,"car",1.16666666666667,13.09,"weekday",3,"20 to 39",">10km","car",13.09,1.16666666666667,8.16666666666667,8.16666666666667
"85353/1000",NA,85353,1475,"20-24 years","female",20,5130,"Leisure",856.685302734375,856.685302734375,"car",0.4,12.75,"weekday",4,"20 to 39",">10km","car",12.75,0.4,2.8,2.8
"85353/1002",NA,85353,1476,"20-24 years","male",20,5131,"Work",967.1748046875,967.1748046875,"car",0.75,23.42,"weekday",1,"20 to 39",">10km","car",23.42,0.75,5.25,5.25
"85353/1002",NA,85353,1476,"20-24 years","male",20,5132,"Work",967.1748046875,967.1748046875,"car",0.75,23.22,"weekday",2,"20 to 39",">10km","car",23.22,0.75,5.25,5.25
"85353/1003",NA,85353,1477,"20-24 years","male",20,5133,"Other",967.1748046875,967.1748046875,"car",0.416666666666667,19.85,"weekday",1,"20 to 39",">10km","car",19.85,0.416666666666667,2.91666666666667,2.91666666666667
"85353/1003",NA,85353,1477,"20-24 years","male",20,5134,"Other",967.1748046875,967.1748046875,"car",0.666666666666667,14.37,"weekday",2,"20 to 39",">10km","car",14.37,0.666666666666667,4.66666666666667,4.66666666666667
"85353/1003",NA,85353,1477,"20-24 years","male",20,5135,"Other",967.1748046875,967.1748046875,"car",0.5,13.09,"weekday",3,"20 to 39",">10km","car",13.09,0.5,3.5,3.5
"85353/1003",NA,85353,1477,"20-24 years","male",20,5136,"Other",967.1748046875,967.1748046875,"car",0.4,12.75,"weekday",4,"20 to 39",">10km","car",12.75,0.4,2.8,2.8
"85354/1000",NA,85354,1478,"30-34 years","female",20,5137,"Work",718.065612792969,718.065612792969,"walking",0.25,0.3,"weekday",1,"20 to 39","<1km","walking",0.3,0.25,1.75,1.75
"85354/1000",NA,85354,1478,"30-34 years","female",20,5138,"Work",718.065612792969,718.065612792969,"public.transport",0.266666666666667,10.84,"weekday",1,"20 to 39",">10km","public.transport",10.84,0.266666666666667,1.86666666666667,1.86666666666667
"85354/1000",NA,85354,1478,"30-34 years","female",20,5139,"Work",718.065612792969,718.065612792969,"walking",0.0833333333333333,0.32,"weekday",1,"20 to 39","<1km","walking",0.32,0.0833333333333333,0.583333333333333,0.583333333333333
"85354/1000",NA,85354,1478,"30-34 years","female",20,5140,"Work",718.065612792969,718.065612792969,"walking",0.0833333333333333,0.4,"weekday",2,"20 to 39","<1km","walking",0.4,0.0833333333333333,0.583333333333333,0.583333333333333
"85354/1000",NA,85354,1478,"30-34 years","female",20,5141,"Work",718.065612792969,718.065612792969,"public.transport",0.483333333333333,10.79,"weekday",2,"20 to 39",">10km","public.transport",10.79,0.483333333333333,3.38333333333333,3.38333333333333
"85354/1000",NA,85354,1478,"30-34 years","female",20,5142,"Work",718.065612792969,718.065612792969,"walking",0.216666666666667,0.3,"weekday",2,"20 to 39","<1km","walking",0.3,0.216666666666667,1.51666666666667,1.51666666666667
"85356/1000",NA,85356,1479,"25-29 years","male",20,5143,"Leisure",980.261657714844,980.261657714844,"walking",0.116666666666667,0.43,"weekday",1,"20 to 39","<1km","walking",0.43,0.116666666666667,0.816666666666667,0.816666666666667
"85356/1000",NA,85356,1479,"25-29 years","male",20,5144,"Leisure",980.261657714844,980.261657714844,"walking",0.133333333333333,0.43,"weekday",2,"20 to 39","<1km","walking",0.43,0.133333333333333,0.933333333333333,0.933333333333333
"85356/1001",NA,85356,1480,"25-29 years","male",20,5145,"Leisure",980.261657714844,980.261657714844,"walking",0.116666666666667,0.43,"weekday",1,"20 to 39","<1km","walking",0.43,0.116666666666667,0.816666666666667,0.816666666666667
"85356/1001",NA,85356,1480,"25-29 years","male",20,5146,"Leisure",980.261657714844,980.261657714844,"walking",0.133333333333333,0.43,"weekday",2,"20 to 39","<1km","walking",0.43,0.133333333333333,0.933333333333333,0.933333333333333
"85357/1001",NA,85357,1481,"45-49 years","male",20,5147,"Shopping",455.289733886719,455.289733886719,"car",0.0833333333333333,2,"weekday",1,"40 to 64","1-2km","bicycle",2,0.181818181818182,0.583333333333333,1.27272727272727
"85357/1001",NA,85357,1481,"45-49 years","male",20,5148,"Shopping",455.289733886719,455.289733886719,"car",0.0833333333333333,1.95,"weekday",2,"40 to 64","1-2km","bicycle",1.95,0.177272727272727,0.583333333333333,1.24090909090909
"85358/1000",NA,85358,1482,"35-39 years","male",20,5149,"Shopping",967.957153320312,967.957153320312,"car",0.25,8.23,"weekday",1,"20 to 39","6-10km","car",8.23,0.25,1.75,1.75
"85358/1000",NA,85358,1482,"35-39 years","male",20,5150,"Shopping",967.957153320312,967.957153320312,"car",0.166666666666667,6.84,"weekday",2,"20 to 39","6-10km","car",6.84,0.166666666666667,1.16666666666667,1.16666666666667
"85358/1000",NA,85358,1482,"35-39 years","male",20,5151,"Shopping",967.957153320312,967.957153320312,"car",0.333333333333333,9.42,"weekday",3,"20 to 39","6-10km","car",9.42,0.333333333333333,2.33333333333333,2.33333333333333
"85358/1000",NA,85358,1482,"35-39 years","male",20,5152,"Shopping",967.957153320312,967.957153320312,"car",0.416666666666667,11.05,"weekday",4,"20 to 39",">10km","car",11.05,0.416666666666667,2.91666666666667,2.91666666666667
"85358/1000",NA,85358,1482,"35-39 years","male",20,5153,"Shopping",967.957153320312,967.957153320312,"car",0.25,2.86,"weekday",5,"20 to 39","3-5km","bicycle",2.86,0.26,1.75,1.82
"85358/1000",NA,85358,1482,"35-39 years","male",20,5154,"Other",967.957153320312,967.957153320312,"car",0.166666666666667,2.88,"weekday",6,"20 to 39","3-5km","bicycle",2.88,0.261818181818182,1.16666666666667,1.83272727272727
"85358/1000",NA,85358,1482,"35-39 years","male",20,5155,"Other",967.957153320312,967.957153320312,"car",0.166666666666667,2.86,"weekday",7,"20 to 39","3-5km","bicycle",2.86,0.26,1.16666666666667,1.82
"85358/1001",NA,85358,1483,"35-39 years","female",20,5156,"Shopping",813.797668457031,813.797668457031,"car",0.333333333333333,9.42,"weekday",1,"20 to 39","6-10km","car",9.42,0.333333333333333,2.33333333333333,2.33333333333333
"85358/1001",NA,85358,1483,"35-39 years","female",20,5157,"Shopping",813.797668457031,813.797668457031,"car",0.416666666666667,11.05,"weekday",2,"20 to 39",">10km","car",11.05,0.416666666666667,2.91666666666667,2.91666666666667
"85358/1001",NA,85358,1483,"35-39 years","female",20,5158,"Shopping",813.797668457031,813.797668457031,"car",0.25,2.86,"weekday",3,"20 to 39","3-5km","bicycle",2.86,0.26,1.75,1.82
"85359/1001",NA,85359,1484,"30-34 years","male",20,5159,"Work",1001.68023681641,1001.68023681641,"car",0.5,25.96,"weekday",1,"20 to 39",">10km","car",25.96,0.5,3.5,3.5
"85359/1001",NA,85359,1484,"30-34 years","male",20,5160,"Work",1001.68023681641,1001.68023681641,"car",0.75,26.32,"weekday",2,"20 to 39",">10km","car",26.32,0.75,5.25,5.25
"85360/1000",NA,85360,1485,"40-44 years","female",20,5161,"Shopping",141.607559204102,141.607559204102,"car",0.333333333333333,9.49,"weekday",1,"40 to 64","6-10km","car",9.49,0.333333333333333,2.33333333333333,2.33333333333333
"85360/1000",NA,85360,1485,"40-44 years","female",20,5162,"Leisure",141.607559204102,141.607559204102,"car",1.5,52.92,"weekday",2,"40 to 64",">10km","car",52.92,1.5,10.5,10.5
"85360/1000",NA,85360,1485,"40-44 years","female",20,5163,"Leisure",141.607559204102,141.607559204102,"car",1.33333333333333,47.43,"weekday",3,"40 to 64",">10km","car",47.43,1.33333333333333,9.33333333333333,9.33333333333333
"85360/1000",NA,85360,1485,"40-44 years","female",20,5164,"Shopping",141.607559204102,141.607559204102,"walking",0.25,1.04,"weekday",4,"40 to 64","1-2km","walking",1.04,0.25,1.75,1.75
"85360/1000",NA,85360,1485,"40-44 years","female",20,5165,"Shopping",141.607559204102,141.607559204102,"walking",0.333333333333333,1.04,"weekday",5,"40 to 64","1-2km","walking",1.04,0.333333333333333,2.33333333333333,2.33333333333333
"85360/1001",NA,85360,1486,"40-44 years","male",20,5166,"Shopping",104.61457824707,104.61457824707,"car",0.333333333333333,9.49,"weekday",1,"40 to 64","6-10km","car",9.49,0.333333333333333,2.33333333333333,2.33333333333333
"85360/1001",NA,85360,1486,"40-44 years","male",20,5167,"Leisure",104.61457824707,104.61457824707,"car",1.5,52.92,"weekday",2,"40 to 64",">10km","car",52.92,1.5,10.5,10.5
"85360/1001",NA,85360,1486,"40-44 years","male",20,5168,"Leisure",104.61457824707,104.61457824707,"car",1.33333333333333,47.43,"weekday",3,"40 to 64",">10km","car",47.43,1.33333333333333,9.33333333333333,9.33333333333333
"85360/1001",NA,85360,1486,"40-44 years","male",20,5169,"Shopping",104.61457824707,104.61457824707,"walking",0.25,1.04,"weekday",4,"40 to 64","1-2km","walking",1.04,0.25,1.75,1.75
"85360/1001",NA,85360,1486,"40-44 years","male",20,5170,"Shopping",104.61457824707,104.61457824707,"walking",0.333333333333333,1.04,"weekday",5,"40 to 64","1-2km","walking",1.04,0.333333333333333,2.33333333333333,2.33333333333333
"85361/1000",NA,85361,1487,"35-39 years","female",20,5171,"Work",108.65584564209,108.65584564209,"car",0.5,29.86,"weekday",1,"20 to 39",">10km","car",29.86,0.5,3.5,3.5
"85361/1000",NA,85361,1487,"35-39 years","female",20,5172,"Shopping",108.65584564209,108.65584564209,"car",0.75,29.2,"weekday",2,"20 to 39",">10km","car",29.2,0.75,5.25,5.25
"85361/1000",NA,85361,1487,"35-39 years","female",20,5173,"Shopping",108.65584564209,108.65584564209,"car",0.166666666666667,2.08,"weekday",3,"20 to 39","3-5km","bicycle",2.08,0.189090909090909,1.16666666666667,1.32363636363636
"85361/1001",NA,85361,1488,"40-44 years","male",20,5174,"Other",104.61457824707,104.61457824707,"car",0.133333333333333,5.26,"weekday",1,"40 to 64","6-10km","car",5.26,0.133333333333333,0.933333333333333,0.933333333333333
"85361/1001",NA,85361,1488,"40-44 years","male",20,5175,"Other",104.61457824707,104.61457824707,"car",0.166666666666667,5.39,"weekday",2,"40 to 64","6-10km","car",5.39,0.166666666666667,1.16666666666667,1.16666666666667
"85362/1000",NA,85362,1489,"40-44 years","female",20,5176,"Work",141.607559204102,141.607559204102,"car",0.333333333333333,17.6,"weekday",1,"40 to 64",">10km","car",17.6,0.333333333333333,2.33333333333333,2.33333333333333
"85362/1000",NA,85362,1489,"40-44 years","female",20,5177,"Shopping",141.607559204102,141.607559204102,"car",0.0833333333333333,0.54,"weekday",2,"40 to 64","<1km","bicycle",0.54,0.0490909090909091,0.583333333333333,0.343636363636364
"85362/1000",NA,85362,1489,"40-44 years","female",20,5178,"Shopping",141.607559204102,141.607559204102,"car",0.5,14.81,"weekday",3,"40 to 64",">10km","car",14.81,0.5,3.5,3.5
"85362/1000",NA,85362,1489,"40-44 years","female",20,5179,"Shopping",141.607559204102,141.607559204102,"car",0.166666666666667,2.77,"weekday",4,"40 to 64","3-5km","bicycle",2.77,0.251818181818182,1.16666666666667,1.76272727272727
"85362/1001",NA,85362,1490,"35-39 years","male",20,5180,"Work",140.393783569336,140.393783569336,"car",0.166666666666667,4.59,"weekday",1,"20 to 39","3-5km","bicycle",4.59,0.417272727272727,1.16666666666667,2.92090909090909
"85362/1001",NA,85362,1490,"35-39 years","male",20,5181,"Work",140.393783569336,140.393783569336,"car",0.166666666666667,4.4,"weekday",2,"20 to 39","3-5km","bicycle",4.4,0.4,1.16666666666667,2.8
"85363/1000",NA,85363,1491,"30-34 years","female",20,5182,"Other",166.980453491211,166.980453491211,"car",0.333333333333333,7.92,"weekday",1,"20 to 39","6-10km","car",7.92,0.333333333333333,2.33333333333333,2.33333333333333
"85363/1000",NA,85363,1491,"30-34 years","female",20,5183,"Other",166.980453491211,166.980453491211,"car",0.366666666666667,8.09,"weekday",2,"20 to 39","6-10km","car",8.09,0.366666666666667,2.56666666666667,2.56666666666667
"85363/1000",NA,85363,1491,"30-34 years","female",20,5184,"Work",166.980453491211,166.980453491211,"car",0.833333333333333,24.88,"weekday",3,"20 to 39",">10km","car",24.88,0.833333333333333,5.83333333333333,5.83333333333333
"85363/1003",NA,85363,1492,"30-34 years","male",20,5185,"Work",198.818878173828,198.818878173828,"car",0.666666666666667,23.76,"weekday",1,"20 to 39",">10km","car",23.76,0.666666666666667,4.66666666666667,4.66666666666667
"85363/1003",NA,85363,1492,"30-34 years","male",20,5186,"Work",198.818878173828,198.818878173828,"car",0.833333333333333,23.09,"weekday",2,"20 to 39",">10km","car",23.09,0.833333333333333,5.83333333333333,5.83333333333333
"85365/1000",NA,85365,1493,"25-29 years","female",20,5187,"Shopping",242.946258544922,242.946258544922,"car",0.166666666666667,5.43,"weekday",1,"20 to 39","6-10km","car",5.43,0.166666666666667,1.16666666666667,1.16666666666667
"85365/1000",NA,85365,1493,"25-29 years","female",20,5188,"Shopping",242.946258544922,242.946258544922,"car",0.166666666666667,5.58,"weekday",2,"20 to 39","6-10km","car",5.58,0.166666666666667,1.16666666666667,1.16666666666667
"85366/1001",NA,85366,1494,"45-49 years","male",20,5189,"Other",171.093643188477,171.093643188477,"car",0.0833333333333333,1.49,"weekday",1,"40 to 64","1-2km","bicycle",1.49,0.135454545454545,0.583333333333333,0.948181818181818
"85366/1001",NA,85366,1494,"45-49 years","male",20,5190,"Other",171.093643188477,171.093643188477,"car",0.0833333333333333,1.48,"weekday",2,"40 to 64","1-2km","bicycle",1.48,0.134545454545455,0.583333333333333,0.941818181818182
"85366/1001",NA,85366,1494,"45-49 years","male",20,5191,"Shopping",171.093643188477,171.093643188477,"car",0.333333333333333,11.07,"weekday",3,"40 to 64",">10km","car",11.07,0.333333333333333,2.33333333333333,2.33333333333333
"85366/1001",NA,85366,1494,"45-49 years","male",20,5192,"Shopping",171.093643188477,171.093643188477,"car",0.5,10.9,"weekday",4,"40 to 64",">10km","car",10.9,0.5,3.5,3.5
"85366/1001",NA,85366,1494,"45-49 years","male",20,5193,"Other",171.093643188477,171.093643188477,"car",0.0833333333333333,1.49,"weekday",5,"40 to 64","1-2km","bicycle",1.49,0.135454545454545,0.583333333333333,0.948181818181818
"85366/1001",NA,85366,1494,"45-49 years","male",20,5194,"Other",171.093643188477,171.093643188477,"car",0.0833333333333333,1.48,"weekday",6,"40 to 64","1-2km","bicycle",1.48,0.134545454545455,0.583333333333333,0.941818181818182
"85368/1000",NA,85368,1495,"45-49 years","male",20,5195,"Other",146.615966796875,146.615966796875,"car",0.333333333333333,8.6,"weekday",1,"40 to 64","6-10km","car",8.6,0.333333333333333,2.33333333333333,2.33333333333333
"85368/1000",NA,85368,1495,"45-49 years","male",20,5196,"Other",146.615966796875,146.615966796875,"car",0.5,18.81,"weekday",2,"40 to 64",">10km","car",18.81,0.5,3.5,3.5
"85368/1000",NA,85368,1495,"45-49 years","male",20,5197,"Work",146.615966796875,146.615966796875,"car",0.5,21.22,"weekday",3,"40 to 64",">10km","car",21.22,0.5,3.5,3.5
"85368/1000",NA,85368,1495,"45-49 years","male",20,5198,"Shopping",146.615966796875,146.615966796875,"car",0.583333333333333,18.28,"weekday",4,"40 to 64",">10km","car",18.28,0.583333333333333,4.08333333333333,4.08333333333333
"85368/1000",NA,85368,1495,"45-49 years","male",20,5199,"Shopping",146.615966796875,146.615966796875,"car",0.583333333333333,15.02,"weekday",5,"40 to 64",">10km","car",15.02,0.583333333333333,4.08333333333333,4.08333333333333
"85371/1000",NA,85371,1496,"60-64 years","male",20,5200,"Work",126.624420166016,126.624420166016,"car",0.25,10.72,"weekday",1,"40 to 64",">10km","car",10.72,0.25,1.75,1.75
"85371/1000",NA,85371,1496,"60-64 years","male",20,5201,"Work",126.624420166016,126.624420166016,"car",0.0833333333333333,3.12,"weekday",2,"40 to 64","3-5km","bicycle",3.12,0.283636363636364,0.583333333333333,1.98545454545455
"85371/1000",NA,85371,1496,"60-64 years","male",20,5202,"Shopping",126.624420166016,126.624420166016,"car",0.166666666666667,2.57,"weekday",3,"40 to 64","3-5km","bicycle",2.57,0.233636363636364,1.16666666666667,1.63545454545455
"85371/1000",NA,85371,1496,"60-64 years","male",20,5203,"Shopping",126.624420166016,126.624420166016,"car",0.166666666666667,2.99,"weekday",4,"40 to 64","3-5km","bicycle",2.99,0.271818181818182,1.16666666666667,1.90272727272727
"85371/1000",NA,85371,1496,"60-64 years","male",20,5204,"Shopping",126.624420166016,126.624420166016,"car",0.166666666666667,5.02,"weekday",5,"40 to 64","6-10km","car",5.02,0.166666666666667,1.16666666666667,1.16666666666667
"85371/1000",NA,85371,1496,"60-64 years","male",20,5205,"Shopping",126.624420166016,126.624420166016,"car",0.166666666666667,5.06,"weekday",6,"40 to 64","6-10km","car",5.06,0.166666666666667,1.16666666666667,1.16666666666667
"85371/1001",NA,85371,1497,"15-19 years","male",20,5206,"Other",164.362716674805,164.362716674805,"car",0.166666666666667,2.57,"weekday",1,"15 to 19","3-5km","bicycle",2.57,0.233636363636364,1.16666666666667,1.63545454545455
"85371/1001",NA,85371,1497,"15-19 years","male",20,5207,"Other",164.362716674805,164.362716674805,"car",0.166666666666667,2.99,"weekday",2,"15 to 19","3-5km","bicycle",2.99,0.271818181818182,1.16666666666667,1.90272727272727
"85375/1000",NA,85375,1498,"60-64 years","male",20,5208,"Work",112.358879089355,112.358879089355,"car",0.0666666666666667,2.01,"weekday",1,"40 to 64","3-5km","bicycle",2.01,0.182727272727273,0.466666666666667,1.27909090909091
"85375/1000",NA,85375,1498,"60-64 years","male",20,5209,"Work",112.358879089355,112.358879089355,"public.transport",0.583333333333333,22.91,"weekday",1,"40 to 64",">10km","public.transport",22.91,0.583333333333333,4.08333333333333,4.08333333333333
"85375/1000",NA,85375,1498,"60-64 years","male",20,5210,"Work",112.358879089355,112.358879089355,"walking",0.0333333333333333,0.19,"weekday",1,"40 to 64","<1km","walking",0.19,0.0333333333333333,0.233333333333333,0.233333333333333
"85375/1000",NA,85375,1498,"60-64 years","male",20,5211,"Work",112.358879089355,112.358879089355,"public.transport",0.183333333333333,3.24,"weekday",1,"40 to 64","3-5km","public.transport",3.24,0.183333333333333,1.28333333333333,1.28333333333333
"85375/1000",NA,85375,1498,"60-64 years","male",20,5212,"Work",112.358879089355,112.358879089355,"walking",0.0333333333333333,0.19,"weekday",1,"40 to 64","<1km","walking",0.19,0.0333333333333333,0.233333333333333,0.233333333333333
"85375/1000",NA,85375,1498,"60-64 years","male",20,5213,"Work",112.358879089355,112.358879089355,"walking",0.0333333333333333,0.19,"weekday",2,"40 to 64","<1km","walking",0.19,0.0333333333333333,0.233333333333333,0.233333333333333
"85375/1000",NA,85375,1498,"60-64 years","male",20,5214,"Work",112.358879089355,112.358879089355,"public.transport",0.15,3.28,"weekday",2,"40 to 64","3-5km","public.transport",3.28,0.15,1.05,1.05
"85375/1000",NA,85375,1498,"60-64 years","male",20,5215,"Work",112.358879089355,112.358879089355,"walking",0.0333333333333333,0.18,"weekday",2,"40 to 64","<1km","walking",0.18,0.0333333333333333,0.233333333333333,0.233333333333333
"85375/1000",NA,85375,1498,"60-64 years","male",20,5216,"Work",112.358879089355,112.358879089355,"public.transport",0.616666666666667,22.91,"weekday",2,"40 to 64",">10km","public.transport",22.91,0.616666666666667,4.31666666666667,4.31666666666667
"85375/1000",NA,85375,1498,"60-64 years","male",20,5217,"Work",112.358879089355,112.358879089355,"car",0.0833333333333333,2.03,"weekday",2,"40 to 64","3-5km","bicycle",2.03,0.184545454545455,0.583333333333333,1.29181818181818
"85376/1000",NA,85376,1499,"45-49 years","male",20,5218,"Leisure",130.098175048828,130.098175048828,"car",0.5,18.52,"weekday",1,"40 to 64",">10km","car",18.52,0.5,3.5,3.5
"85376/1000",NA,85376,1499,"45-49 years","male",20,5219,"Leisure",130.098175048828,130.098175048828,"car",0.5,19.35,"weekday",2,"40 to 64",">10km","car",19.35,0.5,3.5,3.5
"85380/1000",NA,85380,1500,"40-44 years","male",20,5220,"Other",204.532974243164,204.532974243164,"car",0.516666666666667,17.17,"weekday",1,"40 to 64",">10km","car",17.17,0.516666666666667,3.61666666666667,3.61666666666667
"85380/1000",NA,85380,1500,"40-44 years","male",20,5221,"Shopping",204.532974243164,204.532974243164,"car",0.283333333333333,7.87,"weekday",2,"40 to 64","6-10km","car",7.87,0.283333333333333,1.98333333333333,1.98333333333333
"85380/1000",NA,85380,1500,"40-44 years","male",20,5222,"Shopping",204.532974243164,204.532974243164,"car",0.25,10.58,"weekday",3,"40 to 64",">10km","car",10.58,0.25,1.75,1.75
"85380/1000",NA,85380,1500,"40-44 years","male",20,5223,"Other",204.532974243164,204.532974243164,"car",0.25,17.17,"weekday",4,"40 to 64",">10km","car",17.17,0.25,1.75,1.75
"85380/1000",NA,85380,1500,"40-44 years","male",20,5224,"Other",204.532974243164,204.532974243164,"car",0.416666666666667,16.05,"weekday",5,"40 to 64",">10km","car",16.05,0.416666666666667,2.91666666666667,2.91666666666667
"85380/1001",NA,85380,1501,"35-39 years","female",20,5225,"Other",212.434097290039,212.434097290039,"car",0.516666666666667,17.17,"weekday",1,"20 to 39",">10km","car",17.17,0.516666666666667,3.61666666666667,3.61666666666667
"85380/1001",NA,85380,1501,"35-39 years","female",20,5226,"Shopping",212.434097290039,212.434097290039,"car",0.283333333333333,7.87,"weekday",2,"20 to 39","6-10km","car",7.87,0.283333333333333,1.98333333333333,1.98333333333333
"85380/1001",NA,85380,1501,"35-39 years","female",20,5227,"Shopping",212.434097290039,212.434097290039,"car",0.25,10.58,"weekday",3,"20 to 39",">10km","car",10.58,0.25,1.75,1.75
"85380/1001",NA,85380,1501,"35-39 years","female",20,5228,"Other",212.434097290039,212.434097290039,"car",0.25,17.17,"weekday",4,"20 to 39",">10km","car",17.17,0.25,1.75,1.75
"85380/1001",NA,85380,1501,"35-39 years","female",20,5229,"Other",212.434097290039,212.434097290039,"car",0.416666666666667,16.05,"weekday",5,"20 to 39",">10km","car",16.05,0.416666666666667,2.91666666666667,2.91666666666667
"85381/1000",NA,85381,1502,"40-44 years","female",20,5230,"Work",125.654022216797,125.654022216797,"car",0.0833333333333333,4.34,"weekday",1,"40 to 64","3-5km","bicycle",4.34,0.394545454545455,0.583333333333333,2.76181818181818
"85381/1000",NA,85381,1502,"40-44 years","female",20,5231,"Work",125.654022216797,125.654022216797,"car",0.25,4.5,"weekday",2,"40 to 64","3-5km","bicycle",4.5,0.409090909090909,1.75,2.86363636363636
"85381/1000",NA,85381,1502,"40-44 years","female",20,5232,"Leisure",125.654022216797,125.654022216797,"walking",0.5,2.63,"weekday",3,"40 to 64","3-5km","walking",2.63,0.5,3.5,3.5
"85381/1000",NA,85381,1502,"40-44 years","female",20,5233,"Leisure",125.654022216797,125.654022216797,"walking",0.5,2.63,"weekday",4,"40 to 64","3-5km","walking",2.63,0.5,3.5,3.5
"85382/1002",NA,85382,1503,"30-34 years","female",20,5234,"Work",263.370697021484,263.370697021484,"car",0.333333333333333,9.64,"weekday",1,"20 to 39","6-10km","car",9.64,0.333333333333333,2.33333333333333,2.33333333333333
"85382/1002",NA,85382,1503,"30-34 years","female",20,5235,"Work",263.370697021484,263.370697021484,"car",0.5,9.34,"weekday",2,"20 to 39","6-10km","car",9.34,0.5,3.5,3.5
"85382/1003",NA,85382,1504,"15-19 years","female",20,5236,"Education",340.53564453125,340.53564453125,"public.transport",0.5,5.5,"weekday",1,"15 to 19","6-10km","public.transport",5.5,0.5,3.5,3.5
"85382/1003",NA,85382,1504,"15-19 years","female",20,5237,"Education",340.53564453125,340.53564453125,"public.transport",0.5,5.48,"weekday",2,"15 to 19","6-10km","public.transport",5.48,0.5,3.5,3.5
"85382/1004",NA,85382,1505,"15-19 years","male",20,5238,"Education",321.347106933594,321.347106933594,"public.transport",0.5,5.5,"weekday",1,"15 to 19","6-10km","public.transport",5.5,0.5,3.5,3.5
"85382/1004",NA,85382,1505,"15-19 years","male",20,5239,"Education",321.347106933594,321.347106933594,"public.transport",0.5,5.48,"weekday",2,"15 to 19","6-10km","public.transport",5.48,0.5,3.5,3.5
"85388/1000",NA,85388,1506,"30-34 years","female",20,5240,"Work",119.532577514648,119.532577514648,"car",0.316666666666667,9.21,"weekday",1,"20 to 39","6-10km","car",9.21,0.316666666666667,2.21666666666667,2.21666666666667
"85388/1000",NA,85388,1506,"30-34 years","female",20,5241,"Work",119.532577514648,119.532577514648,"car",0.25,9.25,"weekday",2,"20 to 39","6-10km","car",9.25,0.25,1.75,1.75
"85394/1000",NA,85394,1507,"35-39 years","male",20,5242,"Other",217.276641845703,217.276641845703,"car",0.333333333333333,9.85,"weekday",1,"20 to 39","6-10km","car",9.85,0.333333333333333,2.33333333333333,2.33333333333333
"85394/1000",NA,85394,1507,"35-39 years","male",20,5243,"Other",217.276641845703,217.276641845703,"car",0.416666666666667,9.71,"weekday",2,"20 to 39","6-10km","car",9.71,0.416666666666667,2.91666666666667,2.91666666666667
"85394/1002",NA,85394,1508,"40-44 years","male",20,5244,"Work",309.189117431641,309.189117431641,"car",0.75,24.49,"weekday",1,"40 to 64",">10km","car",24.49,0.75,5.25,5.25
"85394/1002",NA,85394,1508,"40-44 years","male",20,5245,"Work",309.189117431641,309.189117431641,"car",0.75,24.63,"weekday",2,"40 to 64",">10km","car",24.63,0.75,5.25,5.25
"85395/1001",NA,85395,1509,"70-74 years","female",20,5246,"Leisure",148.091735839844,148.091735839844,"car",0.333333333333333,22.98,"weekday",1,"65 plus",">10km","car",22.98,0.333333333333333,2.33333333333333,2.33333333333333
"85395/1001",NA,85395,1509,"70-74 years","female",20,5247,"Leisure",148.091735839844,148.091735839844,"car",0.333333333333333,22.37,"weekday",2,"65 plus",">10km","car",22.37,0.333333333333333,2.33333333333333,2.33333333333333
"85398/1001",NA,85398,1510,"75-79 years","male",20,5248,"Other",121.247848510742,121.247848510742,"car",0.166666666666667,4.72,"weekday",1,"65 plus","3-5km","bicycle",4.72,0.429090909090909,1.16666666666667,3.00363636363636
"85398/1001",NA,85398,1510,"75-79 years","male",20,5249,"Other",121.247848510742,121.247848510742,"car",0.283333333333333,3.36,"weekday",2,"65 plus","3-5km","bicycle",3.36,0.305454545454545,1.98333333333333,2.13818181818182
"85398/1001",NA,85398,1510,"75-79 years","male",20,5250,"Other",121.247848510742,121.247848510742,"car",0.25,4.72,"weekday",3,"65 plus","3-5km","bicycle",4.72,0.429090909090909,1.75,3.00363636363636
"85398/1001",NA,85398,1510,"75-79 years","male",20,5251,"Other",121.247848510742,121.247848510742,"car",0.333333333333333,3.36,"weekday",4,"65 plus","3-5km","bicycle",3.36,0.305454545454545,2.33333333333333,2.13818181818182
"85401/1001",NA,85401,1511,"45-49 years","male",20,5252,"Work",127.12606048584,127.12606048584,"car",0.333333333333333,6.04,"weekday",1,"40 to 64","6-10km","car",6.04,0.333333333333333,2.33333333333333,2.33333333333333
"85401/1001",NA,85401,1511,"45-49 years","male",20,5253,"Work",127.12606048584,127.12606048584,"car",0.416666666666667,6.1,"weekday",2,"40 to 64","6-10km","car",6.1,0.416666666666667,2.91666666666667,2.91666666666667
"85401/1001",NA,85401,1511,"45-49 years","male",20,5254,"Work",127.12606048584,127.12606048584,"car",0.5,9.08,"weekday",3,"40 to 64","6-10km","car",9.08,0.5,3.5,3.5
"85403/1000",NA,85403,1512,"40-44 years","female",20,5255,"Work",315.374176025391,315.374176025391,"car",0.416666666666667,17.76,"weekday",1,"40 to 64",">10km","car",17.76,0.416666666666667,2.91666666666667,2.91666666666667
"85403/1000",NA,85403,1512,"40-44 years","female",20,5256,"Work",315.374176025391,315.374176025391,"car",0.416666666666667,16.8,"weekday",2,"40 to 64",">10km","car",16.8,0.416666666666667,2.91666666666667,2.91666666666667
"85403/1001",NA,85403,1513,"20-24 years","female",20,5257,"Work",305.028106689453,305.028106689453,"car",0.416666666666667,17.76,"weekday",1,"20 to 39",">10km","car",17.76,0.416666666666667,2.91666666666667,2.91666666666667
"85403/1001",NA,85403,1513,"20-24 years","female",20,5258,"Work",305.028106689453,305.028106689453,"car",0.5,16.8,"weekday",2,"20 to 39",">10km","car",16.8,0.5,3.5,3.5
"85403/1002",NA,85403,1514,"15-19 years","male",20,5259,"Education",317.808868408203,317.808868408203,"walking",0.333333333333333,2.03,"weekday",1,"15 to 19","3-5km","walking",2.03,0.333333333333333,2.33333333333333,2.33333333333333
"85403/1002",NA,85403,1514,"15-19 years","male",20,5260,"Education",317.808868408203,317.808868408203,"walking",0.416666666666667,2.03,"weekday",2,"15 to 19","3-5km","walking",2.03,0.416666666666667,2.91666666666667,2.91666666666667
"85403/1003",NA,85403,1515,"15-19 years","female",20,5261,"Education",282.893920898438,282.893920898438,"walking",0.333333333333333,2.03,"weekday",1,"15 to 19","3-5km","walking",2.03,0.333333333333333,2.33333333333333,2.33333333333333
"85403/1003",NA,85403,1515,"15-19 years","female",20,5262,"Education",282.893920898438,282.893920898438,"walking",0.416666666666667,2.03,"weekday",2,"15 to 19","3-5km","walking",2.03,0.416666666666667,2.91666666666667,2.91666666666667
"85405/1000",NA,85405,1516,"35-39 years","female",20,5263,"Work",245.514633178711,245.514633178711,"walking",0.333333333333333,0.88,"weekday",1,"20 to 39","<1km","walking",0.88,0.333333333333333,2.33333333333333,2.33333333333333
"85405/1000",NA,85405,1516,"35-39 years","female",20,5264,"Work",245.514633178711,245.514633178711,"public.transport",0.25,2.56,"weekday",1,"20 to 39","3-5km","public.transport",2.56,0.25,1.75,1.75
"85405/1000",NA,85405,1516,"35-39 years","female",20,5265,"Work",245.514633178711,245.514633178711,"walking",0.25,0.93,"weekday",1,"20 to 39","<1km","walking",0.93,0.25,1.75,1.75
"85405/1000",NA,85405,1516,"35-39 years","female",20,5266,"Work",245.514633178711,245.514633178711,"walking",0.25,0.93,"weekday",2,"20 to 39","<1km","walking",0.93,0.25,1.75,1.75
"85405/1000",NA,85405,1516,"35-39 years","female",20,5267,"Work",245.514633178711,245.514633178711,"public.transport",0.2,2.56,"weekday",2,"20 to 39","3-5km","public.transport",2.56,0.2,1.4,1.4
"85405/1000",NA,85405,1516,"35-39 years","female",20,5268,"Work",245.514633178711,245.514633178711,"walking",0.333333333333333,0.88,"weekday",2,"20 to 39","<1km","walking",0.88,0.333333333333333,2.33333333333333,2.33333333333333
"85405/1001",NA,85405,1517,"35-39 years","male",20,5269,"Work",259.737060546875,259.737060546875,"car",0.583333333333333,21.73,"weekday",1,"20 to 39",">10km","car",21.73,0.583333333333333,4.08333333333333,4.08333333333333
"85405/1001",NA,85405,1517,"35-39 years","male",20,5270,"Work",259.737060546875,259.737060546875,"car",0.833333333333333,21.72,"weekday",2,"20 to 39",">10km","car",21.72,0.833333333333333,5.83333333333333,5.83333333333333
"85406/1001",NA,85406,1518,"25-29 years","male",20,5271,"Other",372.594085693359,372.594085693359,"car",0.166666666666667,4.68,"weekday",1,"20 to 39","3-5km","bicycle",4.68,0.425454545454545,1.16666666666667,2.97818181818182
"85406/1001",NA,85406,1518,"25-29 years","male",20,5272,"Other",372.594085693359,372.594085693359,"car",0.0666666666666667,0.58,"weekday",2,"20 to 39","<1km","bicycle",0.58,0.0527272727272727,0.466666666666667,0.369090909090909
"85406/1001",NA,85406,1518,"25-29 years","male",20,5273,"Work",372.594085693359,372.594085693359,"car",0.05,0.47,"weekday",3,"20 to 39","<1km","bicycle",0.47,0.0427272727272727,0.35,0.299090909090909
"85406/1001",NA,85406,1518,"25-29 years","male",20,5274,"Other",372.594085693359,372.594085693359,"car",0.0833333333333333,1.08,"weekday",4,"20 to 39","1-2km","bicycle",1.08,0.0981818181818182,0.583333333333333,0.687272727272727
"85406/1001",NA,85406,1518,"25-29 years","male",20,5275,"Other",372.594085693359,372.594085693359,"car",0.116666666666667,1.81,"weekday",5,"20 to 39","1-2km","bicycle",1.81,0.164545454545455,0.816666666666667,1.15181818181818
"85406/1001",NA,85406,1518,"25-29 years","male",20,5276,"Other",372.594085693359,372.594085693359,"car",0.166666666666667,3.28,"weekday",6,"20 to 39","3-5km","bicycle",3.28,0.298181818181818,1.16666666666667,2.08727272727273
"85406/1003",NA,85406,1519,"15-19 years","female",20,5277,"Education",232.997085571289,232.997085571289,"car",0.166666666666667,4.68,"weekday",1,"15 to 19","3-5km","bicycle",4.68,0.425454545454545,1.16666666666667,2.97818181818182
"85406/1003",NA,85406,1519,"15-19 years","female",20,5278,"Education",232.997085571289,232.997085571289,"car",0.166666666666667,3.28,"weekday",2,"15 to 19","3-5km","bicycle",3.28,0.298181818181818,1.16666666666667,2.08727272727273
"85407/1000",NA,85407,1520,"35-39 years","female",20,5279,"Other",205.37922668457,205.37922668457,"car",0.166666666666667,3.26,"weekday",1,"20 to 39","3-5km","bicycle",3.26,0.296363636363636,1.16666666666667,2.07454545454545
"85407/1000",NA,85407,1520,"35-39 years","female",20,5280,"Work",205.37922668457,205.37922668457,"car",0.216666666666667,1.81,"weekday",2,"20 to 39","1-2km","bicycle",1.81,0.164545454545455,1.51666666666667,1.15181818181818
"85407/1000",NA,85407,1520,"35-39 years","female",20,5281,"Other",205.37922668457,205.37922668457,"car",0.0833333333333333,1.86,"weekday",3,"20 to 39","1-2km","bicycle",1.86,0.169090909090909,0.583333333333333,1.18363636363636
"85407/1000",NA,85407,1520,"35-39 years","female",20,5282,"Other",205.37922668457,205.37922668457,"car",0.0833333333333333,3.26,"weekday",4,"20 to 39","3-5km","bicycle",3.26,0.296363636363636,0.583333333333333,2.07454545454545
"85407/1001",NA,85407,1521,"15-19 years","male",20,5283,"Work",218.963638305664,218.963638305664,"walking",0.333333333333333,1.31,"weekday",1,"15 to 19","1-2km","walking",1.31,0.333333333333333,2.33333333333333,2.33333333333333
"85407/1001",NA,85407,1521,"15-19 years","male",20,5284,"Work",218.963638305664,218.963638305664,"walking",0.333333333333333,1.31,"weekday",2,"15 to 19","1-2km","walking",1.31,0.333333333333333,2.33333333333333,2.33333333333333
"85410/1000",NA,85410,1522,"70-74 years","male",20,5285,"Shopping",123.979629516602,123.979629516602,"car",0.25,8.18,"weekday",1,"65 plus","6-10km","car",8.18,0.25,1.75,1.75
"85410/1000",NA,85410,1522,"70-74 years","male",20,5286,"Shopping",123.979629516602,123.979629516602,"car",0.25,8.03,"weekday",2,"65 plus","6-10km","car",8.03,0.25,1.75,1.75
"85410/1001",NA,85410,1523,"65-69 years","female",20,5287,"Shopping",129.623992919922,129.623992919922,"car",0.25,8.18,"weekday",1,"65 plus","6-10km","car",8.18,0.25,1.75,1.75
"85410/1001",NA,85410,1523,"65-69 years","female",20,5288,"Shopping",129.623992919922,129.623992919922,"car",0.25,8.03,"weekday",2,"65 plus","6-10km","car",8.03,0.25,1.75,1.75
"85411/1000",NA,85411,1524,"35-39 years","female",20,5289,"Work",140.541229248047,140.541229248047,"car",0.166666666666667,4.6,"weekday",1,"20 to 39","3-5km","bicycle",4.6,0.418181818181818,1.16666666666667,2.92727272727273
"85411/1000",NA,85411,1524,"35-39 years","female",20,5290,"Work",140.541229248047,140.541229248047,"car",0.166666666666667,4.11,"weekday",2,"20 to 39","3-5km","bicycle",4.11,0.373636363636364,1.16666666666667,2.61545454545455
"85411/1000",NA,85411,1524,"35-39 years","female",20,5291,"Work",140.541229248047,140.541229248047,"car",0.166666666666667,4.6,"weekday",3,"20 to 39","3-5km","bicycle",4.6,0.418181818181818,1.16666666666667,2.92727272727273
"85411/1000",NA,85411,1524,"35-39 years","female",20,5292,"Work",140.541229248047,140.541229248047,"car",0.166666666666667,4.11,"weekday",4,"20 to 39","3-5km","bicycle",4.11,0.373636363636364,1.16666666666667,2.61545454545455
"85414/1000",NA,85414,1525,"45-49 years","male",20,5293,"Other",127.12606048584,127.12606048584,"car",0.166666666666667,3.41,"weekday",1,"40 to 64","3-5km","bicycle",3.41,0.31,1.16666666666667,2.17
"85414/1000",NA,85414,1525,"45-49 years","male",20,5294,"Work",127.12606048584,127.12606048584,"car",0.233333333333333,9.05,"weekday",2,"40 to 64","6-10km","car",9.05,0.233333333333333,1.63333333333333,1.63333333333333
"85414/1000",NA,85414,1525,"45-49 years","male",20,5295,"Other",127.12606048584,127.12606048584,"car",0.25,8.73,"weekday",3,"40 to 64","6-10km","car",8.73,0.25,1.75,1.75
"85414/1000",NA,85414,1525,"45-49 years","male",20,5296,"Other",127.12606048584,127.12606048584,"car",0.166666666666667,2.6,"weekday",4,"40 to 64","3-5km","bicycle",2.6,0.236363636363636,1.16666666666667,1.65454545454545
"85416/1000",NA,85416,1526,"50-54 years","male",20,5297,"Leisure",117.728157043457,117.728157043457,"car",0.333333333333333,9.16,"weekday",1,"40 to 64","6-10km","car",9.16,0.333333333333333,2.33333333333333,2.33333333333333
"85416/1000",NA,85416,1526,"50-54 years","male",20,5298,"Leisure",117.728157043457,117.728157043457,"car",0.333333333333333,9.2,"weekday",2,"40 to 64","6-10km","car",9.2,0.333333333333333,2.33333333333333,2.33333333333333
"85417/1000",NA,85417,1527,"35-39 years","male",20,5299,"Other",217.276641845703,217.276641845703,"car",0.0833333333333333,1.14,"weekday",1,"20 to 39","1-2km","bicycle",1.14,0.103636363636364,0.583333333333333,0.725454545454545
"85417/1000",NA,85417,1527,"35-39 years","male",20,5300,"Work",217.276641845703,217.276641845703,"car",0.416666666666667,15.34,"weekday",2,"20 to 39",">10km","car",15.34,0.416666666666667,2.91666666666667,2.91666666666667
"85417/1000",NA,85417,1527,"35-39 years","male",20,5301,"Work",217.276641845703,217.276641845703,"car",0.5,15.99,"weekday",3,"20 to 39",">10km","car",15.99,0.5,3.5,3.5
"85417/1000",NA,85417,1527,"35-39 years","male",20,5302,"Shopping",217.276641845703,217.276641845703,"car",0.0833333333333333,2.14,"weekday",4,"20 to 39","3-5km","bicycle",2.14,0.194545454545455,0.583333333333333,1.36181818181818
"85417/1000",NA,85417,1527,"35-39 years","male",20,5303,"Shopping",217.276641845703,217.276641845703,"car",0.116666666666667,2.14,"weekday",5,"20 to 39","3-5km","bicycle",2.14,0.194545454545455,0.816666666666667,1.36181818181818
"85417/1001",NA,85417,1528,"60-64 years","female",20,5304,"Work",243.137283325195,243.137283325195,"car",0.666666666666667,29.51,"weekday",1,"40 to 64",">10km","car",29.51,0.666666666666667,4.66666666666667,4.66666666666667
"85417/1001",NA,85417,1528,"60-64 years","female",20,5305,"Work",243.137283325195,243.137283325195,"car",0.75,29.37,"weekday",2,"40 to 64",">10km","car",29.37,0.75,5.25,5.25
"85417/1002",NA,85417,1529,"25-29 years","female",20,5306,"Leisure",261.276580810547,261.276580810547,"car",0.0833333333333333,1.14,"weekday",1,"20 to 39","1-2km","bicycle",1.14,0.103636363636364,0.583333333333333,0.725454545454545
"85417/1002",NA,85417,1529,"25-29 years","female",20,5307,"Leisure",261.276580810547,261.276580810547,"walking",0.166666666666667,1.09,"weekday",2,"20 to 39","1-2km","walking",1.09,0.166666666666667,1.16666666666667,1.16666666666667
"85417/1002",NA,85417,1529,"25-29 years","female",20,5308,"Shopping",261.276580810547,261.276580810547,"car",0.0833333333333333,2.14,"weekday",3,"20 to 39","3-5km","bicycle",2.14,0.194545454545455,0.583333333333333,1.36181818181818
"85417/1002",NA,85417,1529,"25-29 years","female",20,5309,"Shopping",261.276580810547,261.276580810547,"car",0.116666666666667,2.14,"weekday",4,"20 to 39","3-5km","bicycle",2.14,0.194545454545455,0.816666666666667,1.36181818181818
"85418/1000",NA,85418,1530,"25-29 years","male",20,5310,"Work",213.285980224609,213.285980224609,"car",0.583333333333333,12.18,"weekday",1,"20 to 39",">10km","car",12.18,0.583333333333333,4.08333333333333,4.08333333333333
"85418/1000",NA,85418,1530,"25-29 years","male",20,5311,"Work",213.285980224609,213.285980224609,"car",0.533333333333333,12.22,"weekday",2,"20 to 39",">10km","car",12.22,0.533333333333333,3.73333333333333,3.73333333333333
"85418/1001",NA,85418,1531,"25-29 years","male",20,5312,"Other",213.285980224609,213.285980224609,"car",0.333333333333333,13.59,"weekday",1,"20 to 39",">10km","car",13.59,0.333333333333333,2.33333333333333,2.33333333333333
"85418/1001",NA,85418,1531,"25-29 years","male",20,5313,"Leisure",213.285980224609,213.285980224609,"car",0.5,26.42,"weekday",2,"20 to 39",">10km","car",26.42,0.5,3.5,3.5
"85418/1001",NA,85418,1531,"25-29 years","male",20,5314,"Other",213.285980224609,213.285980224609,"car",0.416666666666667,25.68,"weekday",3,"20 to 39",">10km","car",25.68,0.416666666666667,2.91666666666667,2.91666666666667
"85418/1001",NA,85418,1531,"25-29 years","male",20,5315,"Other",213.285980224609,213.285980224609,"car",0.333333333333333,13.96,"weekday",4,"20 to 39",">10km","car",13.96,0.333333333333333,2.33333333333333,2.33333333333333
"85419/1000",NA,85419,1532,"60-64 years","female",20,5316,"Work",166.379119873047,166.379119873047,"car",0.166666666666667,10.7,"weekday",1,"40 to 64",">10km","car",10.7,0.166666666666667,1.16666666666667,1.16666666666667
"85419/1000",NA,85419,1532,"60-64 years","female",20,5317,"Work",166.379119873047,166.379119873047,"car",0.25,10.76,"weekday",2,"40 to 64",">10km","car",10.76,0.25,1.75,1.75
"85420/1001",NA,85420,1533,"45-49 years","female",20,5318,"Other",122.150421142578,122.150421142578,"car",0.166666666666667,0.88,"weekday",1,"40 to 64","<1km","bicycle",0.88,0.08,1.16666666666667,0.56
"85420/1001",NA,85420,1533,"45-49 years","female",20,5319,"Work",122.150421142578,122.150421142578,"car",0.833333333333333,24.48,"weekday",2,"40 to 64",">10km","car",24.48,0.833333333333333,5.83333333333333,5.83333333333333
"85420/1001",NA,85420,1533,"45-49 years","female",20,5320,"Other",122.150421142578,122.150421142578,"car",0.666666666666667,24.46,"weekday",3,"40 to 64",">10km","car",24.46,0.666666666666667,4.66666666666667,4.66666666666667
"85420/1001",NA,85420,1533,"45-49 years","female",20,5321,"Other",122.150421142578,122.150421142578,"car",0.0833333333333333,0.92,"weekday",4,"40 to 64","<1km","bicycle",0.92,0.0836363636363636,0.583333333333333,0.585454545454545
"85424/1000",NA,85424,1534,"50-54 years","female",20,5322,"Work",106.351432800293,106.351432800293,"car",0.333333333333333,6,"weekday",1,"40 to 64","6-10km","car",6,0.333333333333333,2.33333333333333,2.33333333333333
"85424/1000",NA,85424,1534,"50-54 years","female",20,5323,"Work",106.351432800293,106.351432800293,"car",0.333333333333333,6.08,"weekday",2,"40 to 64","6-10km","car",6.08,0.333333333333333,2.33333333333333,2.33333333333333
"85424/1001",NA,85424,1535,"50-54 years","male",20,5324,"Work",117.068450927734,117.068450927734,"car",0.25,5.71,"weekday",1,"40 to 64","6-10km","car",5.71,0.25,1.75,1.75
"85424/1001",NA,85424,1535,"50-54 years","male",20,5325,"Other",117.068450927734,117.068450927734,"car",0.366666666666667,6.51,"weekday",2,"40 to 64","6-10km","car",6.51,0.366666666666667,2.56666666666667,2.56666666666667
"85424/1001",NA,85424,1535,"50-54 years","male",20,5326,"Other",117.068450927734,117.068450927734,"car",0.333333333333333,6.52,"weekday",3,"40 to 64","6-10km","car",6.52,0.333333333333333,2.33333333333333,2.33333333333333
"85424/1001",NA,85424,1535,"50-54 years","male",20,5327,"Other",117.068450927734,117.068450927734,"car",0.333333333333333,5.92,"weekday",4,"40 to 64","6-10km","car",5.92,0.333333333333333,2.33333333333333,2.33333333333333
"85424/1002",NA,85424,1536,"15-19 years","female",20,5328,"Education",105.895034790039,105.895034790039,"car",0.333333333333333,6,"weekday",1,"15 to 19","6-10km","car",6,0.333333333333333,2.33333333333333,2.33333333333333
"85424/1002",NA,85424,1536,"15-19 years","female",20,5329,"Education",105.895034790039,105.895034790039,"car",0.333333333333333,6.08,"weekday",2,"15 to 19","6-10km","car",6.08,0.333333333333333,2.33333333333333,2.33333333333333
"85428/1000",NA,85428,1537,"65-69 years","female",20,5330,"Other",86.0002593994141,86.0002593994141,"car",1,10.16,"weekday",1,"65 plus",">10km","car",10.16,1,7,7
"85428/1000",NA,85428,1537,"65-69 years","female",20,5331,"Other",86.0002593994141,86.0002593994141,"car",1.25,85.39,"weekday",2,"65 plus",">10km","car",85.39,1.25,8.75,8.75
"85428/1001",NA,85428,1538,"60-64 years","male",20,5332,"Other",93.5367965698242,93.5367965698242,"car",1,10.16,"weekday",1,"40 to 64",">10km","car",10.16,1,7,7
"85428/1001",NA,85428,1538,"60-64 years","male",20,5333,"Other",93.5367965698242,93.5367965698242,"car",1.25,85.39,"weekday",2,"40 to 64",">10km","car",85.39,1.25,8.75,8.75
"85430/1000",NA,85430,1539,"50-54 years","female",20,5334,"Leisure",135.186767578125,135.186767578125,"car",0.333333333333333,8.71,"weekday",1,"40 to 64","6-10km","car",8.71,0.333333333333333,2.33333333333333,2.33333333333333
"85430/1000",NA,85430,1539,"50-54 years","female",20,5335,"Work",135.186767578125,135.186767578125,"car",0.25,3.75,"weekday",2,"40 to 64","3-5km","bicycle",3.75,0.340909090909091,1.75,2.38636363636364
"85430/1000",NA,85430,1539,"50-54 years","female",20,5336,"Leisure",135.186767578125,135.186767578125,"car",0.25,3.53,"weekday",3,"40 to 64","3-5km","bicycle",3.53,0.320909090909091,1.75,2.24636363636364
"85430/1000",NA,85430,1539,"50-54 years","female",20,5337,"Leisure",135.186767578125,135.186767578125,"car",0.333333333333333,8.78,"weekday",4,"40 to 64","6-10km","car",8.78,0.333333333333333,2.33333333333333,2.33333333333333
"85430/1001",NA,85430,1540,"20-24 years","female",20,5338,"Leisure",178.773422241211,178.773422241211,"car",0.0833333333333333,1.64,"weekday",1,"20 to 39","1-2km","bicycle",1.64,0.149090909090909,0.583333333333333,1.04363636363636
"85430/1001",NA,85430,1540,"20-24 years","female",20,5339,"Leisure",178.773422241211,178.773422241211,"car",0.0833333333333333,1.58,"weekday",2,"20 to 39","1-2km","bicycle",1.58,0.143636363636364,0.583333333333333,1.00545454545455
"85430/1002",NA,85430,1541,"15-19 years","female",20,5340,"Education",134.606628417969,134.606628417969,"car",0.0166666666666667,0.3,"weekday",1,"15 to 19","<1km","bicycle",0.3,0.0272727272727273,0.116666666666667,0.190909090909091
"85430/1002",NA,85430,1541,"15-19 years","female",20,5341,"Education",134.606628417969,134.606628417969,"car",0.0166666666666667,0.3,"weekday",2,"15 to 19","<1km","bicycle",0.3,0.0272727272727273,0.116666666666667,0.190909090909091
"85430/1002",NA,85430,1541,"15-19 years","female",20,5342,"Work",134.606628417969,134.606628417969,"car",0.25,7.26,"weekday",3,"15 to 19","6-10km","car",7.26,0.25,1.75,1.75
"85430/1002",NA,85430,1541,"15-19 years","female",20,5343,"Work",134.606628417969,134.606628417969,"car",0.25,7.33,"weekday",4,"15 to 19","6-10km","car",7.33,0.25,1.75,1.75
"85432/1000",NA,85432,1542,"50-54 years","female",20,5344,"Work",100.969757080078,100.969757080078,"car",0.583333333333333,28.11,"weekday",1,"40 to 64",">10km","car",28.11,0.583333333333333,4.08333333333333,4.08333333333333
"85432/1000",NA,85432,1542,"50-54 years","female",20,5345,"Work",100.969757080078,100.969757080078,"car",1,28.5,"weekday",2,"40 to 64",">10km","car",28.5,1,7,7
"85432/1001",NA,85432,1543,"50-54 years","male",20,5346,"Work",111.144454956055,111.144454956055,"car",0.666666666666667,28.97,"weekday",1,"40 to 64",">10km","car",28.97,0.666666666666667,4.66666666666667,4.66666666666667
"85432/1001",NA,85432,1543,"50-54 years","male",20,5347,"Work",111.144454956055,111.144454956055,"car",0.666666666666667,28.89,"weekday",2,"40 to 64",">10km","car",28.89,0.666666666666667,4.66666666666667,4.66666666666667
"85432/1002",NA,85432,1544,"15-19 years","male",20,5348,"Education",162.666137695312,162.666137695312,"walking",0.15,0.24,"weekday",1,"15 to 19","<1km","walking",0.24,0.15,1.05,1.05
"85432/1002",NA,85432,1544,"15-19 years","male",20,5349,"Education",162.666137695312,162.666137695312,"public.transport",0.1,3,"weekday",1,"15 to 19","3-5km","public.transport",3,0.1,0.7,0.7
"85432/1002",NA,85432,1544,"15-19 years","male",20,5350,"Education",162.666137695312,162.666137695312,"walking",0.05,0.09,"weekday",1,"15 to 19","<1km","walking",0.09,0.05,0.35,0.35
"85432/1002",NA,85432,1544,"15-19 years","male",20,5351,"Education",162.666137695312,162.666137695312,"walking",0.05,0.09,"weekday",2,"15 to 19","<1km","walking",0.09,0.05,0.35,0.35
"85432/1002",NA,85432,1544,"15-19 years","male",20,5352,"Education",162.666137695312,162.666137695312,"public.transport",0.15,2.67,"weekday",2,"15 to 19","3-5km","public.transport",2.67,0.15,1.05,1.05
"85432/1002",NA,85432,1544,"15-19 years","male",20,5353,"Education",162.666137695312,162.666137695312,"walking",0.166666666666667,0.24,"weekday",2,"15 to 19","<1km","walking",0.24,0.166666666666667,1.16666666666667,1.16666666666667
"85432/1003",NA,85432,1545,"15-19 years","female",20,5354,"Education",100.53645324707,100.53645324707,"walking",0.15,0.24,"weekday",1,"15 to 19","<1km","walking",0.24,0.15,1.05,1.05
"85432/1003",NA,85432,1545,"15-19 years","female",20,5355,"Education",100.53645324707,100.53645324707,"public.transport",0.1,3,"weekday",1,"15 to 19","3-5km","public.transport",3,0.1,0.7,0.7
"85432/1003",NA,85432,1545,"15-19 years","female",20,5356,"Education",100.53645324707,100.53645324707,"walking",0.05,0.09,"weekday",1,"15 to 19","<1km","walking",0.09,0.05,0.35,0.35
"85432/1003",NA,85432,1545,"15-19 years","female",20,5357,"Education",100.53645324707,100.53645324707,"walking",0.05,0.09,"weekday",2,"15 to 19","<1km","walking",0.09,0.05,0.35,0.35
"85432/1003",NA,85432,1545,"15-19 years","female",20,5358,"Education",100.53645324707,100.53645324707,"public.transport",0.15,2.67,"weekday",2,"15 to 19","3-5km","public.transport",2.67,0.15,1.05,1.05
"85432/1003",NA,85432,1545,"15-19 years","female",20,5359,"Education",100.53645324707,100.53645324707,"walking",0.166666666666667,0.24,"weekday",2,"15 to 19","<1km","walking",0.24,0.166666666666667,1.16666666666667,1.16666666666667
"85433/1000",NA,85433,1546,"50-54 years","male",20,5360,"Shopping",76.2739486694336,76.2739486694336,"car",0.15,4.02,"weekday",1,"40 to 64","3-5km","bicycle",4.02,0.365454545454545,1.05,2.55818181818182
"85433/1000",NA,85433,1546,"50-54 years","male",20,5361,"Leisure",76.2739486694336,76.2739486694336,"car",0.15,4.16,"weekday",2,"40 to 64","3-5km","bicycle",4.16,0.378181818181818,1.05,2.64727272727273
"85433/1000",NA,85433,1546,"50-54 years","male",20,5362,"Leisure",76.2739486694336,76.2739486694336,"car",0.25,6.4,"weekday",3,"40 to 64","6-10km","car",6.4,0.25,1.75,1.75
"85433/1001",NA,85433,1547,"50-54 years","female",20,5363,"Leisure",69.2914581298828,69.2914581298828,"car",0.25,10.99,"weekday",1,"40 to 64",">10km","car",10.99,0.25,1.75,1.75
"85433/1001",NA,85433,1547,"50-54 years","female",20,5364,"Leisure",69.2914581298828,69.2914581298828,"car",0.25,11.1,"weekday",2,"40 to 64",">10km","car",11.1,0.25,1.75,1.75
"85433/1001",NA,85433,1547,"50-54 years","female",20,5365,"Leisure",69.2914581298828,69.2914581298828,"car",0.15,4.02,"weekday",3,"40 to 64","3-5km","bicycle",4.02,0.365454545454545,1.05,2.55818181818182
"85433/1001",NA,85433,1547,"50-54 years","female",20,5366,"Leisure",69.2914581298828,69.2914581298828,"car",0.15,4.16,"weekday",4,"40 to 64","3-5km","bicycle",4.16,0.378181818181818,1.05,2.64727272727273
"85433/1001",NA,85433,1547,"50-54 years","female",20,5367,"Leisure",69.2914581298828,69.2914581298828,"car",0.25,6.4,"weekday",5,"40 to 64","6-10km","car",6.4,0.25,1.75,1.75
"85433/1001",NA,85433,1547,"50-54 years","female",20,5368,"Other",69.2914581298828,69.2914581298828,"car",0.0833333333333333,1.12,"weekday",6,"40 to 64","1-2km","bicycle",1.12,0.101818181818182,0.583333333333333,0.712727272727273
"85433/1001",NA,85433,1547,"50-54 years","female",20,5369,"Other",69.2914581298828,69.2914581298828,"car",0.0833333333333333,0.85,"weekday",7,"40 to 64","<1km","bicycle",0.85,0.0772727272727273,0.583333333333333,0.540909090909091
"85433/1001",NA,85433,1547,"50-54 years","female",20,5370,"Leisure",69.2914581298828,69.2914581298828,"car",0.25,6.41,"weekday",8,"40 to 64","6-10km","car",6.41,0.25,1.75,1.75
"85433/1001",NA,85433,1547,"50-54 years","female",20,5371,"Leisure",69.2914581298828,69.2914581298828,"car",0.25,6.4,"weekday",9,"40 to 64","6-10km","car",6.4,0.25,1.75,1.75
"85436/1000",NA,85436,1548,"55-59 years","female",20,5372,"Work",138.399810791016,138.399810791016,"car",1.01666666666667,24.27,"weekday",1,"40 to 64",">10km","car",24.27,1.01666666666667,7.11666666666667,7.11666666666667
"85436/1000",NA,85436,1548,"55-59 years","female",20,5373,"Work",138.399810791016,138.399810791016,"car",1.2,18.11,"weekday",2,"40 to 64",">10km","car",18.11,1.2,8.4,8.4
"85436/1000",NA,85436,1548,"55-59 years","female",20,5374,"Work",138.399810791016,138.399810791016,"car",0.133333333333333,7.74,"weekday",3,"40 to 64","6-10km","car",7.74,0.133333333333333,0.933333333333333,0.933333333333333
"85436/1000",NA,85436,1548,"55-59 years","female",20,5375,"Other",138.399810791016,138.399810791016,"car",0.416666666666667,11.44,"weekday",4,"40 to 64",">10km","car",11.44,0.416666666666667,2.91666666666667,2.91666666666667
"85436/1000",NA,85436,1548,"55-59 years","female",20,5376,"Other",138.399810791016,138.399810791016,"car",0.166666666666667,0.91,"weekday",5,"40 to 64","<1km","bicycle",0.91,0.0827272727272727,1.16666666666667,0.579090909090909
"85436/1001",NA,85436,1549,"55-59 years","female",20,5377,"Work",138.399810791016,138.399810791016,"car",0.5,21.25,"weekday",1,"40 to 64",">10km","car",21.25,0.5,3.5,3.5
"85436/1001",NA,85436,1549,"55-59 years","female",20,5378,"Work",138.399810791016,138.399810791016,"car",0.5,13.41,"weekday",2,"40 to 64",">10km","car",13.41,0.5,3.5,3.5
"85436/1001",NA,85436,1549,"55-59 years","female",20,5379,"Work",138.399810791016,138.399810791016,"car",0.166666666666667,5.27,"weekday",3,"40 to 64","6-10km","car",5.27,0.166666666666667,1.16666666666667,1.16666666666667
"85436/1001",NA,85436,1549,"55-59 years","female",20,5380,"Work",138.399810791016,138.399810791016,"car",0.333333333333333,10.18,"weekday",4,"40 to 64",">10km","car",10.18,0.333333333333333,2.33333333333333,2.33333333333333
"85439/1000",NA,85439,1550,"20-24 years","male",20,5381,"Leisure",170.835174560547,170.835174560547,"car",0.0833333333333333,2.11,"weekday",1,"20 to 39","3-5km","bicycle",2.11,0.191818181818182,0.583333333333333,1.34272727272727
"85439/1000",NA,85439,1550,"20-24 years","male",20,5382,"Leisure",170.835174560547,170.835174560547,"car",0.0833333333333333,2.14,"weekday",2,"20 to 39","3-5km","bicycle",2.14,0.194545454545455,0.583333333333333,1.36181818181818
"85439/1000",NA,85439,1550,"20-24 years","male",20,5383,"Work",170.835174560547,170.835174560547,"car",0.733333333333333,30.83,"weekday",3,"20 to 39",">10km","car",30.83,0.733333333333333,5.13333333333333,5.13333333333333
"85439/1000",NA,85439,1550,"20-24 years","male",20,5384,"Work",170.835174560547,170.835174560547,"car",0.8,31.18,"weekday",4,"20 to 39",">10km","car",31.18,0.8,5.6,5.6
"85439/1004",NA,85439,1551,"25-29 years","male",20,5385,"Leisure",117.837989807129,117.837989807129,"car",0.0833333333333333,2.11,"weekday",1,"20 to 39","3-5km","bicycle",2.11,0.191818181818182,0.583333333333333,1.34272727272727
"85439/1004",NA,85439,1551,"25-29 years","male",20,5386,"Leisure",117.837989807129,117.837989807129,"car",0.0833333333333333,2.14,"weekday",2,"20 to 39","3-5km","bicycle",2.14,0.194545454545455,0.583333333333333,1.36181818181818
"85439/1004",NA,85439,1551,"25-29 years","male",20,5387,"Work",117.837989807129,117.837989807129,"car",1.16666666666667,49.73,"weekday",3,"20 to 39",">10km","car",49.73,1.16666666666667,8.16666666666667,8.16666666666667
"85439/1004",NA,85439,1551,"25-29 years","male",20,5388,"Work",117.837989807129,117.837989807129,"car",0.583333333333333,13.08,"weekday",4,"20 to 39",">10km","car",13.08,0.583333333333333,4.08333333333333,4.08333333333333
"85439/1004",NA,85439,1551,"25-29 years","male",20,5389,"Work",117.837989807129,117.837989807129,"car",0.366666666666667,4.09,"weekday",5,"20 to 39","3-5km","bicycle",4.09,0.371818181818182,2.56666666666667,2.60272727272727
"85439/1004",NA,85439,1551,"25-29 years","male",20,5390,"Work",117.837989807129,117.837989807129,"car",0.333333333333333,4.5,"weekday",6,"20 to 39","3-5km","bicycle",4.5,0.409090909090909,2.33333333333333,2.86363636363636
"85439/1004",NA,85439,1551,"25-29 years","male",20,5391,"Work",117.837989807129,117.837989807129,"car",0.816666666666667,51.63,"weekday",7,"20 to 39",">10km","car",51.63,0.816666666666667,5.71666666666667,5.71666666666667
"85439/1004",NA,85439,1551,"25-29 years","male",20,5392,"Work",117.837989807129,117.837989807129,"car",0.0833333333333333,1.86,"weekday",8,"20 to 39","1-2km","bicycle",1.86,0.169090909090909,0.583333333333333,1.18363636363636
"85443/1000",NA,85443,1552,"65-69 years","male",20,5393,"Shopping",91.5599975585938,91.5599975585938,"car",0.25,2.36,"weekday",1,"65 plus","3-5km","bicycle",2.36,0.214545454545455,1.75,1.50181818181818
"85443/1000",NA,85443,1552,"65-69 years","male",20,5394,"Shopping",91.5599975585938,91.5599975585938,"car",0.25,2.09,"weekday",2,"65 plus","3-5km","bicycle",2.09,0.19,1.75,1.33
"85443/1000",NA,85443,1552,"65-69 years","male",20,5395,"Shopping",91.5599975585938,91.5599975585938,"car",0.25,2.36,"weekday",3,"65 plus","3-5km","bicycle",2.36,0.214545454545455,1.75,1.50181818181818
"85443/1000",NA,85443,1552,"65-69 years","male",20,5396,"Shopping",91.5599975585938,91.5599975585938,"car",0.25,2.09,"weekday",4,"65 plus","3-5km","bicycle",2.09,0.19,1.75,1.33
"85443/1000",NA,85443,1552,"65-69 years","male",20,5397,"Shopping",91.5599975585938,91.5599975585938,"car",0.333333333333333,7.49,"weekday",5,"65 plus","6-10km","car",7.49,0.333333333333333,2.33333333333333,2.33333333333333
"85443/1000",NA,85443,1552,"65-69 years","male",20,5398,"Shopping",91.5599975585938,91.5599975585938,"car",0.333333333333333,7.6,"weekday",6,"65 plus","6-10km","car",7.6,0.333333333333333,2.33333333333333,2.33333333333333
"85443/1001",NA,85443,1553,"65-69 years","female",20,5399,"Leisure",86.0002593994141,86.0002593994141,"car",0.25,7.12,"weekday",1,"65 plus","6-10km","car",7.12,0.25,1.75,1.75
"85443/1001",NA,85443,1553,"65-69 years","female",20,5400,"Leisure",86.0002593994141,86.0002593994141,"car",0.25,7.2,"weekday",2,"65 plus","6-10km","car",7.2,0.25,1.75,1.75
"85444/1000",NA,85444,1554,"50-54 years","female",20,5401,"Work",69.2914581298828,69.2914581298828,"car",0.416666666666667,11.94,"weekday",1,"40 to 64",">10km","car",11.94,0.416666666666667,2.91666666666667,2.91666666666667
"85444/1000",NA,85444,1554,"50-54 years","female",20,5402,"Work",69.2914581298828,69.2914581298828,"car",0.333333333333333,11.96,"weekday",2,"40 to 64",">10km","car",11.96,0.333333333333333,2.33333333333333,2.33333333333333
"85444/1001",NA,85444,1555,"50-54 years","male",20,5403,"Work",76.2739486694336,76.2739486694336,"car",0.15,1.45,"weekday",1,"40 to 64","1-2km","bicycle",1.45,0.131818181818182,1.05,0.922727272727273
"85444/1001",NA,85444,1555,"50-54 years","male",20,5404,"Work",76.2739486694336,76.2739486694336,"car",0.15,1.46,"weekday",2,"40 to 64","1-2km","bicycle",1.46,0.132727272727273,1.05,0.929090909090909
"85445/1000",NA,85445,1556,"60-64 years","male",20,5405,"Shopping",118.489356994629,118.489356994629,"car",0.416666666666667,7.67,"weekday",1,"40 to 64","6-10km","car",7.67,0.416666666666667,2.91666666666667,2.91666666666667
"85445/1000",NA,85445,1556,"60-64 years","male",20,5406,"Shopping",118.489356994629,118.489356994629,"car",0.2,7.78,"weekday",2,"40 to 64","6-10km","car",7.78,0.2,1.4,1.4
"85445/1000",NA,85445,1556,"60-64 years","male",20,5407,"Shopping",118.489356994629,118.489356994629,"car",1.16666666666667,30.27,"weekday",3,"40 to 64",">10km","car",30.27,1.16666666666667,8.16666666666667,8.16666666666667
"85445/1000",NA,85445,1556,"60-64 years","male",20,5408,"Leisure",118.489356994629,118.489356994629,"car",1.08333333333333,30.03,"weekday",4,"40 to 64",">10km","car",30.03,1.08333333333333,7.58333333333333,7.58333333333333
"85445/1000",NA,85445,1556,"60-64 years","male",20,5409,"Leisure",118.489356994629,118.489356994629,"car",0.166666666666667,2.4,"weekday",5,"40 to 64","3-5km","bicycle",2.4,0.218181818181818,1.16666666666667,1.52727272727273
"85511/1001",NA,85511,1557,"45-49 years","male",20,5410,"Work",189.435119628906,189.435119628906,"car",0.833333333333333,19.46,"weekday",1,"40 to 64",">10km","car",19.46,0.833333333333333,5.83333333333333,5.83333333333333
"85511/1001",NA,85511,1557,"45-49 years","male",20,5411,"Shopping",189.435119628906,189.435119628906,"car",0.916666666666667,18.12,"weekday",2,"40 to 64",">10km","car",18.12,0.916666666666667,6.41666666666667,6.41666666666667
"85511/1001",NA,85511,1557,"45-49 years","male",20,5412,"Shopping",189.435119628906,189.435119628906,"car",0.166666666666667,1.92,"weekday",3,"40 to 64","1-2km","bicycle",1.92,0.174545454545455,1.16666666666667,1.22181818181818
"85515/1000",NA,85515,1558,"30-34 years","male",20,5413,"Other",455.562774658203,455.562774658203,"car",0.166666666666667,2.97,"weekday",1,"20 to 39","3-5km","bicycle",2.97,0.27,1.16666666666667,1.89
"85515/1000",NA,85515,1558,"30-34 years","male",20,5414,"Work",455.562774658203,455.562774658203,"car",0.5,12.22,"weekday",2,"20 to 39",">10km","car",12.22,0.5,3.5,3.5
"85515/1000",NA,85515,1558,"30-34 years","male",20,5415,"Other",455.562774658203,455.562774658203,"car",0.5,12.19,"weekday",3,"20 to 39",">10km","car",12.19,0.5,3.5,3.5
"85515/1000",NA,85515,1558,"30-34 years","male",20,5416,"Other",455.562774658203,455.562774658203,"car",0.166666666666667,2.97,"weekday",4,"20 to 39","3-5km","bicycle",2.97,0.27,1.16666666666667,1.89
"85515/1001",NA,85515,1559,"25-29 years","female",20,5417,"Work",571.256774902344,571.256774902344,"car",0.5,8.57,"weekday",1,"20 to 39","6-10km","car",8.57,0.5,3.5,3.5
"85515/1001",NA,85515,1559,"25-29 years","female",20,5418,"Shopping",571.256774902344,571.256774902344,"car",0.0833333333333333,0.66,"weekday",2,"20 to 39","<1km","bicycle",0.66,0.06,0.583333333333333,0.42
"85515/1001",NA,85515,1559,"25-29 years","female",20,5419,"Shopping",571.256774902344,571.256774902344,"car",0.5,8.18,"weekday",3,"20 to 39","6-10km","car",8.18,0.5,3.5,3.5
"85516/1000",NA,85516,1560,"45-49 years","female",20,5420,"Work",184.702865600586,184.702865600586,"car",0.5,8.11,"weekday",1,"40 to 64","6-10km","car",8.11,0.5,3.5,3.5
"85516/1000",NA,85516,1560,"45-49 years","female",20,5421,"Shopping",184.702865600586,184.702865600586,"car",0.0833333333333333,0.62,"weekday",2,"40 to 64","<1km","bicycle",0.62,0.0563636363636364,0.583333333333333,0.394545454545455
"85516/1000",NA,85516,1560,"45-49 years","female",20,5422,"Work",184.702865600586,184.702865600586,"car",0.0833333333333333,0.57,"weekday",3,"40 to 64","<1km","bicycle",0.57,0.0518181818181818,0.583333333333333,0.362727272727273
"85516/1000",NA,85516,1560,"45-49 years","female",20,5423,"Work",184.702865600586,184.702865600586,"car",0.666666666666667,8.02,"weekday",4,"40 to 64","6-10km","car",8.02,0.666666666666667,4.66666666666667,4.66666666666667
"85516/1001",NA,85516,1561,"40-44 years","male",20,5424,"Work",177.851913452148,177.851913452148,"car",0.75,40.88,"weekday",1,"40 to 64",">10km","car",40.88,0.75,5.25,5.25
"85516/1001",NA,85516,1561,"40-44 years","male",20,5425,"Work",177.851913452148,177.851913452148,"car",0.666666666666667,40.98,"weekday",2,"40 to 64",">10km","car",40.98,0.666666666666667,4.66666666666667,4.66666666666667
"85517/1000",NA,85517,1562,"65-69 years","male",20,5426,"Other",193.443954467773,193.443954467773,"car",0.0833333333333333,2.44,"weekday",1,"65 plus","3-5km","bicycle",2.44,0.221818181818182,0.583333333333333,1.55272727272727
"85517/1000",NA,85517,1562,"65-69 years","male",20,5427,"Other",193.443954467773,193.443954467773,"car",0.0833333333333333,2.44,"weekday",2,"65 plus","3-5km","bicycle",2.44,0.221818181818182,0.583333333333333,1.55272727272727
"85517/1000",NA,85517,1562,"65-69 years","male",20,5428,"Leisure",193.443954467773,193.443954467773,"walking",0.25,0.78,"weekday",3,"65 plus","<1km","walking",0.78,0.25,1.75,1.75
"85517/1000",NA,85517,1562,"65-69 years","male",20,5429,"Leisure",193.443954467773,193.443954467773,"walking",0.25,0.78,"weekday",4,"65 plus","<1km","walking",0.78,0.25,1.75,1.75
"85517/1000",NA,85517,1562,"65-69 years","male",20,5430,"Leisure",193.443954467773,193.443954467773,"walking",0.25,0.78,"weekday",5,"65 plus","<1km","walking",0.78,0.25,1.75,1.75
"85517/1000",NA,85517,1562,"65-69 years","male",20,5431,"Leisure",193.443954467773,193.443954467773,"walking",0.25,0.78,"weekday",6,"65 plus","<1km","walking",0.78,0.25,1.75,1.75
"85517/1000",NA,85517,1562,"65-69 years","male",20,5432,"Leisure",193.443954467773,193.443954467773,"walking",0.25,0.78,"weekday",7,"65 plus","<1km","walking",0.78,0.25,1.75,1.75
"85517/1000",NA,85517,1562,"65-69 years","male",20,5433,"Leisure",193.443954467773,193.443954467773,"walking",0.25,0.78,"weekday",8,"65 plus","<1km","walking",0.78,0.25,1.75,1.75
"85518/1000",NA,85518,1563,"75-79 years","male",20,5434,"Shopping",186.546875,186.546875,"car",0.166666666666667,3.84,"weekday",1,"65 plus","3-5km","bicycle",3.84,0.349090909090909,1.16666666666667,2.44363636363636
"85518/1000",NA,85518,1563,"75-79 years","male",20,5435,"Shopping",186.546875,186.546875,"car",0.166666666666667,3.89,"weekday",2,"65 plus","3-5km","bicycle",3.89,0.353636363636364,1.16666666666667,2.47545454545455
"85519/1002",NA,85519,1564,"45-49 years","female",20,5436,"Work",402.263244628906,402.263244628906,"car",1,19.53,"weekday",1,"40 to 64",">10km","car",19.53,1,7,7
"85519/1002",NA,85519,1564,"45-49 years","female",20,5437,"Work",402.263244628906,402.263244628906,"car",0.75,19.61,"weekday",2,"40 to 64",">10km","car",19.61,0.75,5.25,5.25
"85521/1000",NA,85521,1565,"35-39 years","female",20,5438,"Leisure",234.266296386719,234.266296386719,"walking",0.183333333333333,0.91,"weekday",1,"20 to 39","<1km","walking",0.91,0.183333333333333,1.28333333333333,1.28333333333333
"85521/1000",NA,85521,1565,"35-39 years","female",20,5440,"Shopping",234.266296386719,234.266296386719,"walking",0.0833333333333333,0.68,"weekday",3,"20 to 39","<1km","walking",0.68,0.0833333333333333,0.583333333333333,0.583333333333333
"85521/1000",NA,85521,1565,"35-39 years","female",20,5441,"Shopping",234.266296386719,234.266296386719,"walking",0.116666666666667,0.52,"weekday",4,"20 to 39","<1km","walking",0.52,0.116666666666667,0.816666666666667,0.816666666666667
"85521/1000",NA,85521,1565,"35-39 years","female",20,5442,"Shopping",234.266296386719,234.266296386719,"walking",0.283333333333333,1.35,"weekday",5,"20 to 39","1-2km","walking",1.35,0.283333333333333,1.98333333333333,1.98333333333333
"85521/1001",NA,85521,1566,"35-39 years","male",20,5443,"Work",253.730651855469,253.730651855469,"car",0.25,3.29,"weekday",1,"20 to 39","3-5km","bicycle",3.29,0.299090909090909,1.75,2.09363636363636
"85521/1001",NA,85521,1566,"35-39 years","male",20,5444,"Work",253.730651855469,253.730651855469,"car",1.61666666666667,130.8,"weekday",2,"20 to 39",">10km","car",130.8,1.61666666666667,11.3166666666667,11.3166666666667
"85522/1001",NA,85522,1567,"15-19 years","female",20,5445,"Work",310.010620117188,310.010620117188,"car",0.166666666666667,1.96,"weekday",1,"15 to 19","1-2km","bicycle",1.96,0.178181818181818,1.16666666666667,1.24727272727273
"85522/1001",NA,85522,1567,"15-19 years","female",20,5446,"Work",310.010620117188,310.010620117188,"car",0.25,1.89,"weekday",2,"15 to 19","1-2km","bicycle",1.89,0.171818181818182,1.75,1.20272727272727
"85522/1001",NA,85522,1567,"15-19 years","female",20,5447,"Leisure",310.010620117188,310.010620117188,"car",0.25,2.23,"weekday",3,"15 to 19","3-5km","bicycle",2.23,0.202727272727273,1.75,1.41909090909091
"85522/1001",NA,85522,1567,"15-19 years","female",20,5448,"Leisure",310.010620117188,310.010620117188,"car",0.25,1.89,"weekday",4,"15 to 19","1-2km","bicycle",1.89,0.171818181818182,1.75,1.20272727272727
"85524/1000",NA,85524,1568,"85-89 years","male",20,5449,"Other",312.533752441406,312.533752441406,"car",0.166666666666667,5.3,"weekday",1,"65 plus","6-10km","car",5.3,0.166666666666667,1.16666666666667,1.16666666666667
"85524/1000",NA,85524,1568,"85-89 years","male",20,5450,"Other",312.533752441406,312.533752441406,"car",0.166666666666667,5.28,"weekday",2,"65 plus","6-10km","car",5.28,0.166666666666667,1.16666666666667,1.16666666666667
"85525/1000",NA,85525,1569,"55-59 years","female",20,5451,"Other",285.437072753906,285.437072753906,"car",0.333333333333333,5.32,"weekday",1,"40 to 64","6-10km","car",5.32,0.333333333333333,2.33333333333333,2.33333333333333
"85525/1000",NA,85525,1569,"55-59 years","female",20,5452,"Work",285.437072753906,285.437072753906,"car",0.0833333333333333,0.52,"weekday",2,"40 to 64","<1km","bicycle",0.52,0.0472727272727273,0.583333333333333,0.330909090909091
"85525/1000",NA,85525,1569,"55-59 years","female",20,5453,"Work",285.437072753906,285.437072753906,"walking",0.0833333333333333,0.52,"weekday",2,"40 to 64","<1km","walking",0.52,0.0833333333333333,0.583333333333333,0.583333333333333
"85525/1000",NA,85525,1569,"55-59 years","female",20,5454,"Work",285.437072753906,285.437072753906,"public.transport",0.416666666666667,10.94,"weekday",2,"40 to 64",">10km","public.transport",10.94,0.416666666666667,2.91666666666667,2.91666666666667
"85525/1000",NA,85525,1569,"55-59 years","female",20,5455,"Work",285.437072753906,285.437072753906,"walking",0.0833333333333333,0.3,"weekday",2,"40 to 64","<1km","walking",0.3,0.0833333333333333,0.583333333333333,0.583333333333333
"85525/1000",NA,85525,1569,"55-59 years","female",20,5456,"Work",285.437072753906,285.437072753906,"walking",0.0833333333333333,0.3,"weekday",3,"40 to 64","<1km","walking",0.3,0.0833333333333333,0.583333333333333,0.583333333333333
"85525/1000",NA,85525,1569,"55-59 years","female",20,5457,"Work",285.437072753906,285.437072753906,"public.transport",0.5,10.94,"weekday",3,"40 to 64",">10km","public.transport",10.94,0.5,3.5,3.5
"85525/1000",NA,85525,1569,"55-59 years","female",20,5458,"Work",285.437072753906,285.437072753906,"walking",0.0833333333333333,0.52,"weekday",3,"40 to 64","<1km","walking",0.52,0.0833333333333333,0.583333333333333,0.583333333333333
"85525/1000",NA,85525,1569,"55-59 years","female",20,5459,"Work",285.437072753906,285.437072753906,"car",0.25,5.07,"weekday",3,"40 to 64","6-10km","car",5.07,0.25,1.75,1.75
"85525/1001",NA,85525,1570,"15-19 years","male",20,5460,"Education",243.971801757812,243.971801757812,"car",0.333333333333333,5.32,"weekday",1,"15 to 19","6-10km","car",5.32,0.333333333333333,2.33333333333333,2.33333333333333
"85525/1001",NA,85525,1570,"15-19 years","male",20,5461,"Education",243.971801757812,243.971801757812,"walking",0.0833333333333333,0.47,"weekday",2,"15 to 19","<1km","walking",0.47,0.0833333333333333,0.583333333333333,0.583333333333333
"85525/1001",NA,85525,1570,"15-19 years","male",20,5462,"Education",243.971801757812,243.971801757812,"public.transport",0.166666666666667,5.29,"weekday",2,"15 to 19","6-10km","public.transport",5.29,0.166666666666667,1.16666666666667,1.16666666666667
"85525/1001",NA,85525,1570,"15-19 years","male",20,5463,"Education",243.971801757812,243.971801757812,"walking",0.333333333333333,1.37,"weekday",2,"15 to 19","1-2km","walking",1.37,0.333333333333333,2.33333333333333,2.33333333333333
"85525/1002",NA,85525,1571,"15-19 years","female",20,5464,"Education",310.010620117188,310.010620117188,"car",0.333333333333333,5.32,"weekday",1,"15 to 19","6-10km","car",5.32,0.333333333333333,2.33333333333333,2.33333333333333
"85525/1002",NA,85525,1571,"15-19 years","female",20,5465,"Education",310.010620117188,310.010620117188,"walking",0.0833333333333333,0.47,"weekday",2,"15 to 19","<1km","walking",0.47,0.0833333333333333,0.583333333333333,0.583333333333333
"85525/1002",NA,85525,1571,"15-19 years","female",20,5466,"Education",310.010620117188,310.010620117188,"public.transport",0.166666666666667,5.29,"weekday",2,"15 to 19","6-10km","public.transport",5.29,0.166666666666667,1.16666666666667,1.16666666666667
"85525/1002",NA,85525,1571,"15-19 years","female",20,5467,"Education",310.010620117188,310.010620117188,"walking",0.333333333333333,1.37,"weekday",2,"15 to 19","1-2km","walking",1.37,0.333333333333333,2.33333333333333,2.33333333333333
"85527/1000",NA,85527,1572,"40-44 years","female",20,5468,"Other",460.510681152344,460.510681152344,"car",0.333333333333333,3.86,"weekday",1,"40 to 64","3-5km","bicycle",3.86,0.350909090909091,2.33333333333333,2.45636363636364
"85527/1000",NA,85527,1572,"40-44 years","female",20,5469,"Work",460.510681152344,460.510681152344,"car",0.583333333333333,15.22,"weekday",2,"40 to 64",">10km","car",15.22,0.583333333333333,4.08333333333333,4.08333333333333
"85527/1000",NA,85527,1572,"40-44 years","female",20,5470,"Other",460.510681152344,460.510681152344,"car",0.5,15.27,"weekday",3,"40 to 64",">10km","car",15.27,0.5,3.5,3.5
"85527/1000",NA,85527,1572,"40-44 years","female",20,5471,"Other",460.510681152344,460.510681152344,"car",0.333333333333333,3.88,"weekday",4,"40 to 64","3-5km","bicycle",3.88,0.352727272727273,2.33333333333333,2.46909090909091
"85527/1003",NA,85527,1573,"15-19 years","male",20,5472,"Education",333.733825683594,333.733825683594,"car",0.333333333333333,3.86,"weekday",1,"15 to 19","3-5km","bicycle",3.86,0.350909090909091,2.33333333333333,2.45636363636364
"85527/1003",NA,85527,1573,"15-19 years","male",20,5473,"Education",333.733825683594,333.733825683594,"car",0.333333333333333,3.88,"weekday",2,"15 to 19","3-5km","bicycle",3.88,0.352727272727273,2.33333333333333,2.46909090909091
"85528/1000",NA,85528,1574,"70-74 years","female",20,5474,"Shopping",171.396911621094,171.396911621094,"car",0.166666666666667,3.52,"weekday",1,"65 plus","3-5km","bicycle",3.52,0.32,1.16666666666667,2.24
"85528/1000",NA,85528,1574,"70-74 years","female",20,5475,"Shopping",171.396911621094,171.396911621094,"car",0.166666666666667,3.57,"weekday",2,"65 plus","3-5km","bicycle",3.57,0.324545454545455,1.16666666666667,2.27181818181818
"85528/1000",NA,85528,1574,"70-74 years","female",20,5476,"Leisure",171.396911621094,171.396911621094,"walking",0.333333333333333,0.98,"weekday",3,"65 plus","<1km","walking",0.98,0.333333333333333,2.33333333333333,2.33333333333333
"85528/1000",NA,85528,1574,"70-74 years","female",20,5477,"Leisure",171.396911621094,171.396911621094,"walking",0.333333333333333,0.98,"weekday",4,"65 plus","<1km","walking",0.98,0.333333333333333,2.33333333333333,2.33333333333333
"85528/1001",NA,85528,1575,"75-79 years","male",20,5478,"Leisure",146.185394287109,146.185394287109,"walking",0.333333333333333,0.98,"weekday",1,"65 plus","<1km","walking",0.98,0.333333333333333,2.33333333333333,2.33333333333333
"85528/1001",NA,85528,1575,"75-79 years","male",20,5479,"Leisure",146.185394287109,146.185394287109,"walking",0.333333333333333,0.98,"weekday",2,"65 plus","<1km","walking",0.98,0.333333333333333,2.33333333333333,2.33333333333333
"85529/1000",NA,85529,1576,"45-49 years","male",20,5480,"Work",241.737762451172,241.737762451172,"car",0.666666666666667,13.44,"weekday",1,"40 to 64",">10km","car",13.44,0.666666666666667,4.66666666666667,4.66666666666667
"85529/1000",NA,85529,1576,"45-49 years","male",20,5481,"Work",241.737762451172,241.737762451172,"car",0.833333333333333,13.3,"weekday",2,"40 to 64",">10km","car",13.3,0.833333333333333,5.83333333333333,5.83333333333333
"85530/1000",NA,85530,1577,"80-84 years","male",20,5482,"Leisure",213.465911865234,213.465911865234,"car",0.75,25.26,"weekday",1,"65 plus",">10km","car",25.26,0.75,5.25,5.25
"85530/1000",NA,85530,1577,"80-84 years","male",20,5483,"Leisure",213.465911865234,213.465911865234,"car",0.75,25.28,"weekday",2,"65 plus",">10km","car",25.28,0.75,5.25,5.25
"85530/1001",NA,85530,1578,"80-84 years","female",20,5484,"Leisure",190.173706054688,190.173706054688,"car",0.75,25.26,"weekday",1,"65 plus",">10km","car",25.26,0.75,5.25,5.25
"85530/1001",NA,85530,1578,"80-84 years","female",20,5485,"Leisure",190.173706054688,190.173706054688,"car",0.75,25.28,"weekday",2,"65 plus",">10km","car",25.28,0.75,5.25,5.25
"85532/1000",NA,85532,1579,"45-49 years","female",20,5486,"Other",402.263244628906,402.263244628906,"car",0.333333333333333,7.17,"weekday",1,"40 to 64","6-10km","car",7.17,0.333333333333333,2.33333333333333,2.33333333333333
"85532/1000",NA,85532,1579,"45-49 years","female",20,5487,"Work",402.263244628906,402.263244628906,"car",0.25,4.73,"weekday",2,"40 to 64","3-5km","bicycle",4.73,0.43,1.75,3.01
"85532/1000",NA,85532,1579,"45-49 years","female",20,5488,"Other",402.263244628906,402.263244628906,"car",0.333333333333333,4.72,"weekday",3,"40 to 64","3-5km","bicycle",4.72,0.429090909090909,2.33333333333333,3.00363636363636
"85532/1000",NA,85532,1579,"45-49 years","female",20,5489,"Other",402.263244628906,402.263244628906,"car",0.333333333333333,7.23,"weekday",4,"40 to 64","6-10km","car",7.23,0.333333333333333,2.33333333333333,2.33333333333333
"85532/1000",NA,85532,1579,"45-49 years","female",20,5490,"Leisure",402.263244628906,402.263244628906,"car",0.166666666666667,1.75,"weekday",5,"40 to 64","1-2km","bicycle",1.75,0.159090909090909,1.16666666666667,1.11363636363636
"85532/1000",NA,85532,1579,"45-49 years","female",20,5491,"Leisure",402.263244628906,402.263244628906,"car",0.166666666666667,1.7,"weekday",6,"40 to 64","1-2km","bicycle",1.7,0.154545454545455,1.16666666666667,1.08181818181818
"85532/1001",NA,85532,1580,"45-49 years","male",20,5492,"Other",412.569610595703,412.569610595703,"car",0.0166666666666667,0.14,"weekday",1,"40 to 64","<1km","bicycle",0.14,0.0127272727272727,0.116666666666667,0.0890909090909091
"85532/1001",NA,85532,1580,"45-49 years","male",20,5493,"Other",412.569610595703,412.569610595703,"car",0.0166666666666667,0.14,"weekday",2,"40 to 64","<1km","bicycle",0.14,0.0127272727272727,0.116666666666667,0.0890909090909091
"85532/1001",NA,85532,1580,"45-49 years","male",20,5494,"Other",412.569610595703,412.569610595703,"car",0.0166666666666667,0.14,"weekday",3,"40 to 64","<1km","bicycle",0.14,0.0127272727272727,0.116666666666667,0.0890909090909091
"85532/1001",NA,85532,1580,"45-49 years","male",20,5495,"Other",412.569610595703,412.569610595703,"car",0.0166666666666667,0.14,"weekday",4,"40 to 64","<1km","bicycle",0.14,0.0127272727272727,0.116666666666667,0.0890909090909091
"85532/1001",NA,85532,1580,"45-49 years","male",20,5496,"Leisure",412.569610595703,412.569610595703,"car",0.166666666666667,1.75,"weekday",5,"40 to 64","1-2km","bicycle",1.75,0.159090909090909,1.16666666666667,1.11363636363636
"85532/1001",NA,85532,1580,"45-49 years","male",20,5497,"Leisure",412.569610595703,412.569610595703,"car",0.166666666666667,1.7,"weekday",6,"40 to 64","1-2km","bicycle",1.7,0.154545454545455,1.16666666666667,1.08181818181818
"85533/1000",NA,85533,1581,"35-39 years","female",20,5498,"Leisure",234.266296386719,234.266296386719,"walking",0.25,1.15,"weekday",1,"20 to 39","1-2km","walking",1.15,0.25,1.75,1.75
"85533/1000",NA,85533,1581,"35-39 years","female",20,5499,"Leisure",234.266296386719,234.266296386719,"walking",0.25,1.15,"weekday",2,"20 to 39","1-2km","walking",1.15,0.25,1.75,1.75
"85533/1001",NA,85533,1582,"40-44 years","male",20,5500,"Leisure",283.161804199219,283.161804199219,"walking",0.25,1.15,"weekday",1,"40 to 64","1-2km","walking",1.15,0.25,1.75,1.75
"85533/1001",NA,85533,1582,"40-44 years","male",20,5501,"Leisure",283.161804199219,283.161804199219,"walking",0.25,1.15,"weekday",2,"40 to 64","1-2km","walking",1.15,0.25,1.75,1.75
"85533/1001",NA,85533,1582,"40-44 years","male",20,5502,"Work",283.161804199219,283.161804199219,"car",0.75,13.22,"weekday",3,"40 to 64",">10km","car",13.22,0.75,5.25,5.25
"85533/1001",NA,85533,1582,"40-44 years","male",20,5503,"Shopping",283.161804199219,283.161804199219,"car",0.5,11.15,"weekday",4,"40 to 64",">10km","car",11.15,0.5,3.5,3.5
"85533/1001",NA,85533,1582,"40-44 years","male",20,5504,"Shopping",283.161804199219,283.161804199219,"car",0.166666666666667,3.71,"weekday",5,"40 to 64","3-5km","bicycle",3.71,0.337272727272727,1.16666666666667,2.36090909090909
"85534/1000",NA,85534,1583,"75-79 years","male",20,5505,"Work",146.185394287109,146.185394287109,"car",0.166666666666667,5.17,"weekday",1,"65 plus","6-10km","car",5.17,0.166666666666667,1.16666666666667,1.16666666666667
"85534/1000",NA,85534,1583,"75-79 years","male",20,5506,"Work",146.185394287109,146.185394287109,"car",0.166666666666667,5.19,"weekday",2,"65 plus","6-10km","car",5.19,0.166666666666667,1.16666666666667,1.16666666666667
"85534/1001",NA,85534,1584,"45-49 years","female",20,5507,"Work",184.702865600586,184.702865600586,"car",0.0833333333333333,0.62,"weekday",1,"40 to 64","<1km","bicycle",0.62,0.0563636363636364,0.583333333333333,0.394545454545455
"85534/1001",NA,85534,1584,"45-49 years","female",20,5508,"Work",184.702865600586,184.702865600586,"car",0.0833333333333333,0.62,"weekday",2,"40 to 64","<1km","bicycle",0.62,0.0563636363636364,0.583333333333333,0.394545454545455
"85534/1001",NA,85534,1584,"45-49 years","female",20,5509,"Work",184.702865600586,184.702865600586,"car",0.0833333333333333,0.62,"weekday",3,"40 to 64","<1km","bicycle",0.62,0.0563636363636364,0.583333333333333,0.394545454545455
"85534/1001",NA,85534,1584,"45-49 years","female",20,5510,"Work",184.702865600586,184.702865600586,"car",0.0833333333333333,0.62,"weekday",4,"40 to 64","<1km","bicycle",0.62,0.0563636363636364,0.583333333333333,0.394545454545455
"85537/1000",NA,85537,1585,"30-34 years","male",20,5511,"Work",286.1357421875,286.1357421875,"car",0.0833333333333333,1.19,"weekday",1,"20 to 39","1-2km","bicycle",1.19,0.108181818181818,0.583333333333333,0.757272727272727
"85537/1000",NA,85537,1585,"30-34 years","male",20,5512,"Work",286.1357421875,286.1357421875,"public.transport",0.55,16.24,"weekday",1,"20 to 39",">10km","public.transport",16.24,0.55,3.85,3.85
"85537/1000",NA,85537,1585,"30-34 years","male",20,5513,"Work",286.1357421875,286.1357421875,"walking",0.166666666666667,0.71,"weekday",1,"20 to 39","<1km","walking",0.71,0.166666666666667,1.16666666666667,1.16666666666667
"85537/1000",NA,85537,1585,"30-34 years","male",20,5514,"Work",286.1357421875,286.1357421875,"walking",0.166666666666667,0.71,"weekday",2,"20 to 39","<1km","walking",0.71,0.166666666666667,1.16666666666667,1.16666666666667
"85537/1000",NA,85537,1585,"30-34 years","male",20,5515,"Work",286.1357421875,286.1357421875,"public.transport",0.5,16.24,"weekday",2,"20 to 39",">10km","public.transport",16.24,0.5,3.5,3.5
"85537/1000",NA,85537,1585,"30-34 years","male",20,5516,"Work",286.1357421875,286.1357421875,"car",0.0833333333333333,1.25,"weekday",2,"20 to 39","1-2km","bicycle",1.25,0.113636363636364,0.583333333333333,0.795454545454545
"85537/1000",NA,85537,1585,"30-34 years","male",20,5517,"Leisure",286.1357421875,286.1357421875,"walking",0.166666666666667,1.08,"weekday",3,"20 to 39","1-2km","walking",1.08,0.166666666666667,1.16666666666667,1.16666666666667
"85537/1000",NA,85537,1585,"30-34 years","male",20,5518,"Leisure",286.1357421875,286.1357421875,"walking",0.166666666666667,1.08,"weekday",4,"20 to 39","1-2km","walking",1.08,0.166666666666667,1.16666666666667,1.16666666666667
"85537/1000",NA,85537,1585,"30-34 years","male",20,5519,"Shopping",286.1357421875,286.1357421875,"car",0.116666666666667,3.63,"weekday",5,"20 to 39","3-5km","bicycle",3.63,0.33,0.816666666666667,2.31
"85537/1000",NA,85537,1585,"30-34 years","male",20,5520,"Shopping",286.1357421875,286.1357421875,"car",0.166666666666667,3.44,"weekday",6,"20 to 39","3-5km","bicycle",3.44,0.312727272727273,1.16666666666667,2.18909090909091
"85537/1001",NA,85537,1586,"30-34 years","female",20,5521,"Shopping",248.344512939453,248.344512939453,"car",0.0833333333333333,2.2,"weekday",1,"20 to 39","3-5km","bicycle",2.2,0.2,0.583333333333333,1.4
"85537/1001",NA,85537,1586,"30-34 years","female",20,5522,"Shopping",248.344512939453,248.344512939453,"car",0.0833333333333333,2.12,"weekday",2,"20 to 39","3-5km","bicycle",2.12,0.192727272727273,0.583333333333333,1.34909090909091
"85537/1001",NA,85537,1586,"30-34 years","female",20,5523,"Leisure",248.344512939453,248.344512939453,"walking",0.166666666666667,1.08,"weekday",3,"20 to 39","1-2km","walking",1.08,0.166666666666667,1.16666666666667,1.16666666666667
"85537/1001",NA,85537,1586,"30-34 years","female",20,5524,"Leisure",248.344512939453,248.344512939453,"walking",0.166666666666667,1.08,"weekday",4,"20 to 39","1-2km","walking",1.08,0.166666666666667,1.16666666666667,1.16666666666667
"85539/1000",NA,85539,1587,"65-69 years","male",20,5525,"Work",151.590209960938,151.590209960938,"car",0.5,15.04,"weekday",1,"65 plus",">10km","car",15.04,0.5,3.5,3.5
"85539/1000",NA,85539,1587,"65-69 years","male",20,5526,"Work",151.590209960938,151.590209960938,"car",0.583333333333333,13.38,"weekday",2,"65 plus",">10km","car",13.38,0.583333333333333,4.08333333333333,4.08333333333333
"85539/1000",NA,85539,1587,"65-69 years","male",20,5527,"Work",151.590209960938,151.590209960938,"car",0.166666666666667,4.25,"weekday",3,"65 plus","3-5km","bicycle",4.25,0.386363636363636,1.16666666666667,2.70454545454545
"85539/1001",NA,85539,1588,"60-64 years","female",20,5528,"Leisure",156.893493652344,156.893493652344,"car",0.333333333333333,10.26,"weekday",1,"40 to 64",">10km","car",10.26,0.333333333333333,2.33333333333333,2.33333333333333
"85539/1001",NA,85539,1588,"60-64 years","female",20,5529,"Shopping",156.893493652344,156.893493652344,"car",0.166666666666667,1.98,"weekday",2,"40 to 64","1-2km","bicycle",1.98,0.18,1.16666666666667,1.26
"85539/1001",NA,85539,1588,"60-64 years","female",20,5530,"Shopping",156.893493652344,156.893493652344,"car",0.25,8.25,"weekday",3,"40 to 64","6-10km","car",8.25,0.25,1.75,1.75
"85540/1001",NA,85540,1589,"50-54 years","female",20,5531,"Work",484.974609375,484.974609375,"car",0.166666666666667,3.93,"weekday",1,"40 to 64","3-5km","bicycle",3.93,0.357272727272727,1.16666666666667,2.50090909090909
"85540/1001",NA,85540,1589,"50-54 years","female",20,5532,"Work",484.974609375,484.974609375,"public.transport",0.55,14.94,"weekday",1,"40 to 64",">10km","public.transport",14.94,0.55,3.85,3.85
"85540/1001",NA,85540,1589,"50-54 years","female",20,5533,"Work",484.974609375,484.974609375,"walking",0.166666666666667,0.66,"weekday",1,"40 to 64","<1km","walking",0.66,0.166666666666667,1.16666666666667,1.16666666666667
"85540/1001",NA,85540,1589,"50-54 years","female",20,5534,"Work",484.974609375,484.974609375,"walking",0.15,0.66,"weekday",2,"40 to 64","<1km","walking",0.66,0.15,1.05,1.05
"85540/1001",NA,85540,1589,"50-54 years","female",20,5535,"Work",484.974609375,484.974609375,"public.transport",0.35,14.94,"weekday",2,"40 to 64",">10km","public.transport",14.94,0.35,2.45,2.45
"85540/1001",NA,85540,1589,"50-54 years","female",20,5536,"Work",484.974609375,484.974609375,"car",0.166666666666667,3.94,"weekday",2,"40 to 64","3-5km","bicycle",3.94,0.358181818181818,1.16666666666667,2.50727272727273
"85541/1000",NA,85541,1590,"70-74 years","male",20,5537,"Shopping",368.036743164062,368.036743164062,"car",0.883333333333333,58.14,"weekday",1,"65 plus",">10km","car",58.14,0.883333333333333,6.18333333333333,6.18333333333333
"85541/1000",NA,85541,1590,"70-74 years","male",20,5538,"Shopping",368.036743164062,368.036743164062,"car",0.866666666666667,57.43,"weekday",2,"65 plus",">10km","car",57.43,0.866666666666667,6.06666666666667,6.06666666666667
"85541/1001",NA,85541,1591,"65-69 years","female",20,5539,"Shopping",304.822784423828,304.822784423828,"car",0.883333333333333,58.14,"weekday",1,"65 plus",">10km","car",58.14,0.883333333333333,6.18333333333333,6.18333333333333
"85541/1001",NA,85541,1591,"65-69 years","female",20,5540,"Shopping",304.822784423828,304.822784423828,"car",0.866666666666667,57.43,"weekday",2,"65 plus",">10km","car",57.43,0.866666666666667,6.06666666666667,6.06666666666667
"85542/1000",NA,85542,1592,"60-64 years","male",20,5541,"Work",441.761657714844,441.761657714844,"car",0.5,14.49,"weekday",1,"40 to 64",">10km","car",14.49,0.5,3.5,3.5
"85542/1000",NA,85542,1592,"60-64 years","male",20,5542,"Work",441.761657714844,441.761657714844,"car",0.333333333333333,14.39,"weekday",2,"40 to 64",">10km","car",14.39,0.333333333333333,2.33333333333333,2.33333333333333
"85544/1000",NA,85544,1593,"50-54 years","female",20,5543,"Work",487.098052978516,487.098052978516,"car",0.25,6.08,"weekday",1,"40 to 64","6-10km","car",6.08,0.25,1.75,1.75
"85544/1000",NA,85544,1593,"50-54 years","female",20,5544,"Work",487.098052978516,487.098052978516,"car",0.25,6.05,"weekday",2,"40 to 64","6-10km","car",6.05,0.25,1.75,1.75
"85547/1000",NA,85547,1594,"40-44 years","male",20,5545,"Work",800.032165527344,800.032165527344,"car",0.833333333333333,68.03,"weekday",1,"40 to 64",">10km","car",68.03,0.833333333333333,5.83333333333333,5.83333333333333
"85547/1000",NA,85547,1594,"40-44 years","male",20,5546,"Work",800.032165527344,800.032165527344,"car",1.25,67.5,"weekday",2,"40 to 64",">10km","car",67.5,1.25,8.75,8.75
"85547/1001",NA,85547,1595,"35-39 years","female",20,5547,"Other",813.797668457031,813.797668457031,"car",0.583333333333333,8.89,"weekday",1,"20 to 39","6-10km","car",8.89,0.583333333333333,4.08333333333333,4.08333333333333
"85547/1001",NA,85547,1595,"35-39 years","female",20,5548,"Work",813.797668457031,813.797668457031,"car",0.333333333333333,4.24,"weekday",2,"20 to 39","3-5km","bicycle",4.24,0.385454545454545,2.33333333333333,2.69818181818182
"85547/1001",NA,85547,1595,"35-39 years","female",20,5549,"Other",813.797668457031,813.797668457031,"car",0.333333333333333,6.68,"weekday",3,"20 to 39","6-10km","car",6.68,0.333333333333333,2.33333333333333,2.33333333333333
"85547/1001",NA,85547,1595,"35-39 years","female",20,5550,"Other",813.797668457031,813.797668457031,"car",0.666666666666667,14.69,"weekday",4,"20 to 39",">10km","car",14.69,0.666666666666667,4.66666666666667,4.66666666666667
"85549/1000",NA,85549,1596,"35-39 years","female",20,5551,"Other",563.662841796875,563.662841796875,"car",0.25,3.12,"weekday",1,"20 to 39","3-5km","bicycle",3.12,0.283636363636364,1.75,1.98545454545455
"85549/1000",NA,85549,1596,"35-39 years","female",20,5552,"Other",563.662841796875,563.662841796875,"walking",0.166666666666667,0.66,"weekday",2,"20 to 39","<1km","walking",0.66,0.166666666666667,1.16666666666667,1.16666666666667
"85549/1000",NA,85549,1596,"35-39 years","female",20,5553,"Other",563.662841796875,563.662841796875,"walking",0.25,0.66,"weekday",3,"20 to 39","<1km","walking",0.66,0.25,1.75,1.75
"85549/1000",NA,85549,1596,"35-39 years","female",20,5554,"Other",563.662841796875,563.662841796875,"car",0.266666666666667,3.1,"weekday",4,"20 to 39","3-5km","bicycle",3.1,0.281818181818182,1.86666666666667,1.97272727272727
"85549/1000",NA,85549,1596,"35-39 years","female",20,5555,"Other",563.662841796875,563.662841796875,"car",0.166666666666667,2.76,"weekday",5,"20 to 39","3-5km","bicycle",2.76,0.250909090909091,1.16666666666667,1.75636363636364
"85549/1000",NA,85549,1596,"35-39 years","female",20,5556,"Other",563.662841796875,563.662841796875,"walking",0.166666666666667,0.66,"weekday",6,"20 to 39","<1km","walking",0.66,0.166666666666667,1.16666666666667,1.16666666666667
"85549/1000",NA,85549,1596,"35-39 years","female",20,5557,"Other",563.662841796875,563.662841796875,"car",0.25,3.1,"weekday",7,"20 to 39","3-5km","bicycle",3.1,0.281818181818182,1.75,1.97272727272727
"85549/1001",NA,85549,1597,"35-39 years","male",20,5558,"Work",670.438781738281,670.438781738281,"car",0.25,6.48,"weekday",1,"20 to 39","6-10km","car",6.48,0.25,1.75,1.75
"85549/1001",NA,85549,1597,"35-39 years","male",20,5559,"Work",670.438781738281,670.438781738281,"car",0.3,6.6,"weekday",2,"20 to 39","6-10km","car",6.6,0.3,2.1,2.1
"85550/1000",NA,85550,1598,"70-74 years","male",20,5560,"Shopping",368.036743164062,368.036743164062,"car",0.216666666666667,2.62,"weekday",1,"65 plus","3-5km","bicycle",2.62,0.238181818181818,1.51666666666667,1.66727272727273
"85550/1000",NA,85550,1598,"70-74 years","male",20,5561,"Shopping",368.036743164062,368.036743164062,"car",0.216666666666667,2.53,"weekday",2,"65 plus","3-5km","bicycle",2.53,0.23,1.51666666666667,1.61
"85550/1001",NA,85550,1599,"70-74 years","female",20,5562,"Shopping",410.921569824219,410.921569824219,"car",0.216666666666667,2.62,"weekday",1,"65 plus","3-5km","bicycle",2.62,0.238181818181818,1.51666666666667,1.66727272727273
"85550/1001",NA,85550,1599,"70-74 years","female",20,5563,"Shopping",410.921569824219,410.921569824219,"car",0.216666666666667,2.53,"weekday",2,"65 plus","3-5km","bicycle",2.53,0.23,1.51666666666667,1.61
"85551/1000",NA,85551,1600,"45-49 years","female",20,5564,"Work",544.801513671875,544.801513671875,"car",0.166666666666667,2.03,"weekday",1,"40 to 64","3-5km","bicycle",2.03,0.184545454545455,1.16666666666667,1.29181818181818
"85551/1000",NA,85551,1600,"45-49 years","female",20,5565,"Shopping",544.801513671875,544.801513671875,"car",0.166666666666667,1.86,"weekday",2,"40 to 64","1-2km","bicycle",1.86,0.169090909090909,1.16666666666667,1.18363636363636
"85551/1000",NA,85551,1600,"45-49 years","female",20,5566,"Shopping",544.801513671875,544.801513671875,"car",0.166666666666667,2.16,"weekday",3,"40 to 64","3-5km","bicycle",2.16,0.196363636363636,1.16666666666667,1.37454545454545
"85552/1000",NA,85552,1601,"45-49 years","female",20,5567,"Work",587.36279296875,587.36279296875,"car",0.5,17.15,"weekday",1,"40 to 64",">10km","car",17.15,0.5,3.5,3.5
"85552/1000",NA,85552,1601,"45-49 years","female",20,5568,"Work",587.36279296875,587.36279296875,"car",0.75,17.04,"weekday",2,"40 to 64",">10km","car",17.04,0.75,5.25,5.25
"85552/1001",NA,85552,1602,"50-54 years","male",20,5569,"Other",488.224273681641,488.224273681641,"car",0.416666666666667,7.08,"weekday",1,"40 to 64","6-10km","car",7.08,0.416666666666667,2.91666666666667,2.91666666666667
"85552/1001",NA,85552,1602,"50-54 years","male",20,5570,"Other",488.224273681641,488.224273681641,"car",0.45,7.05,"weekday",2,"40 to 64","6-10km","car",7.05,0.45,3.15,3.15
"85552/1001",NA,85552,1602,"50-54 years","male",20,5571,"Other",488.224273681641,488.224273681641,"car",0.55,7.08,"weekday",3,"40 to 64","6-10km","car",7.08,0.55,3.85,3.85
"85552/1001",NA,85552,1602,"50-54 years","male",20,5572,"Other",488.224273681641,488.224273681641,"car",0.666666666666667,7.05,"weekday",4,"40 to 64","6-10km","car",7.05,0.666666666666667,4.66666666666667,4.66666666666667
"85553/1000",NA,85553,1603,"75-79 years","male",20,5573,"Shopping",319.961029052734,319.961029052734,"car",0.166666666666667,5.43,"weekday",1,"65 plus","6-10km","car",5.43,0.166666666666667,1.16666666666667,1.16666666666667
"85553/1000",NA,85553,1603,"75-79 years","male",20,5574,"Shopping",319.961029052734,319.961029052734,"car",0.166666666666667,4.92,"weekday",2,"65 plus","3-5km","bicycle",4.92,0.447272727272727,1.16666666666667,3.13090909090909
"85553/1001",NA,85553,1604,"70-74 years","female",20,5575,"Shopping",410.921569824219,410.921569824219,"car",0.166666666666667,5.43,"weekday",1,"65 plus","6-10km","car",5.43,0.166666666666667,1.16666666666667,1.16666666666667
"85553/1001",NA,85553,1604,"70-74 years","female",20,5576,"Shopping",410.921569824219,410.921569824219,"car",0.166666666666667,4.92,"weekday",2,"65 plus","3-5km","bicycle",4.92,0.447272727272727,1.16666666666667,3.13090909090909
"85555/1000",NA,85555,1605,"80-84 years","male",20,5578,"Other",491.522796630859,491.522796630859,"car",0.166666666666667,2.3,"weekday",2,"65 plus","3-5km","bicycle",2.3,0.209090909090909,1.16666666666667,1.46363636363636
"85555/1000",NA,85555,1605,"80-84 years","male",20,5579,"Other",491.522796630859,491.522796630859,"car",0.166666666666667,2.2,"weekday",3,"65 plus","3-5km","bicycle",2.2,0.2,1.16666666666667,1.4
"85555/1000",NA,85555,1605,"80-84 years","male",20,5580,"Shopping",491.522796630859,491.522796630859,"car",0.166666666666667,2.95,"weekday",4,"65 plus","3-5km","bicycle",2.95,0.268181818181818,1.16666666666667,1.87727272727273
"85555/1000",NA,85555,1605,"80-84 years","male",20,5581,"Shopping",491.522796630859,491.522796630859,"car",0.166666666666667,3.13,"weekday",5,"65 plus","3-5km","bicycle",3.13,0.284545454545455,1.16666666666667,1.99181818181818
"85555/1001",NA,85555,1606,"80-84 years","female",20,5584,"Shopping",551.077331542969,551.077331542969,"car",0.166666666666667,2.95,"weekday",2,"65 plus","3-5km","bicycle",2.95,0.268181818181818,1.16666666666667,1.87727272727273
"85555/1001",NA,85555,1606,"80-84 years","female",20,5585,"Shopping",551.077331542969,551.077331542969,"car",0.166666666666667,3.13,"weekday",3,"65 plus","3-5km","bicycle",3.13,0.284545454545455,1.16666666666667,1.99181818181818
"85556/1000",NA,85556,1607,"70-74 years","female",20,5586,"Shopping",410.921569824219,410.921569824219,"car",0.0666666666666667,1.47,"weekday",1,"65 plus","1-2km","bicycle",1.47,0.133636363636364,0.466666666666667,0.935454545454545
"85556/1000",NA,85556,1607,"70-74 years","female",20,5587,"Shopping",410.921569824219,410.921569824219,"car",0.0666666666666667,1.54,"weekday",2,"65 plus","1-2km","bicycle",1.54,0.14,0.466666666666667,0.98
"85556/1000",NA,85556,1607,"70-74 years","female",20,5588,"Leisure",410.921569824219,410.921569824219,"car",0.166666666666667,1.74,"weekday",3,"65 plus","1-2km","bicycle",1.74,0.158181818181818,1.16666666666667,1.10727272727273
"85556/1000",NA,85556,1607,"70-74 years","female",20,5589,"Leisure",410.921569824219,410.921569824219,"car",0.166666666666667,1.77,"weekday",4,"65 plus","1-2km","bicycle",1.77,0.160909090909091,1.16666666666667,1.12636363636364
"85556/1001",NA,85556,1608,"70-74 years","male",20,5590,"Shopping",368.036743164062,368.036743164062,"car",0.0666666666666667,1.47,"weekday",1,"65 plus","1-2km","bicycle",1.47,0.133636363636364,0.466666666666667,0.935454545454545
"85556/1001",NA,85556,1608,"70-74 years","male",20,5591,"Shopping",368.036743164062,368.036743164062,"car",0.0666666666666667,1.54,"weekday",2,"65 plus","1-2km","bicycle",1.54,0.14,0.466666666666667,0.98
"85556/1001",NA,85556,1608,"70-74 years","male",20,5592,"Leisure",368.036743164062,368.036743164062,"car",0.166666666666667,1.74,"weekday",3,"65 plus","1-2km","bicycle",1.74,0.158181818181818,1.16666666666667,1.10727272727273
"85556/1001",NA,85556,1608,"70-74 years","male",20,5593,"Leisure",368.036743164062,368.036743164062,"car",0.166666666666667,1.77,"weekday",4,"65 plus","1-2km","bicycle",1.77,0.160909090909091,1.16666666666667,1.12636363636364
"85557/1000",NA,85557,1609,"75-79 years","male",20,5594,"Other",319.961029052734,319.961029052734,"car",0.283333333333333,11.08,"weekday",1,"65 plus",">10km","car",11.08,0.283333333333333,1.98333333333333,1.98333333333333
"85557/1000",NA,85557,1609,"75-79 years","male",20,5595,"Leisure",319.961029052734,319.961029052734,"car",0.316666666666667,4.13,"weekday",2,"65 plus","3-5km","bicycle",4.13,0.375454545454545,2.21666666666667,2.62818181818182
"85557/1000",NA,85557,1609,"75-79 years","male",20,5596,"Leisure",319.961029052734,319.961029052734,"car",0.383333333333333,9.94,"weekday",3,"65 plus","6-10km","car",9.94,0.383333333333333,2.68333333333333,2.68333333333333
"85557/1000",NA,85557,1609,"75-79 years","male",20,5597,"Leisure",319.961029052734,319.961029052734,"walking",0.333333333333333,1.41,"weekday",4,"65 plus","1-2km","walking",1.41,0.333333333333333,2.33333333333333,2.33333333333333
"85557/1000",NA,85557,1609,"75-79 years","male",20,5598,"Leisure",319.961029052734,319.961029052734,"walking",0.333333333333333,1.41,"weekday",5,"65 plus","1-2km","walking",1.41,0.333333333333333,2.33333333333333,2.33333333333333
"85557/1001",NA,85557,1610,"75-79 years","female",20,5599,"Other",410.973388671875,410.973388671875,"car",0.283333333333333,11.08,"weekday",1,"65 plus",">10km","car",11.08,0.283333333333333,1.98333333333333,1.98333333333333
"85557/1001",NA,85557,1610,"75-79 years","female",20,5600,"Leisure",410.973388671875,410.973388671875,"car",0.316666666666667,4.13,"weekday",2,"65 plus","3-5km","bicycle",4.13,0.375454545454545,2.21666666666667,2.62818181818182
"85557/1001",NA,85557,1610,"75-79 years","female",20,5601,"Leisure",410.973388671875,410.973388671875,"car",0.383333333333333,9.94,"weekday",3,"65 plus","6-10km","car",9.94,0.383333333333333,2.68333333333333,2.68333333333333
"85557/1001",NA,85557,1610,"75-79 years","female",20,5602,"Leisure",410.973388671875,410.973388671875,"walking",0.333333333333333,1.41,"weekday",4,"65 plus","1-2km","walking",1.41,0.333333333333333,2.33333333333333,2.33333333333333
"85557/1001",NA,85557,1610,"75-79 years","female",20,5603,"Leisure",410.973388671875,410.973388671875,"walking",0.333333333333333,1.41,"weekday",5,"65 plus","1-2km","walking",1.41,0.333333333333333,2.33333333333333,2.33333333333333
"85558/1000",NA,85558,1611,"85-89 years","male",20,5604,"Shopping",394.444702148438,394.444702148438,"car",0.216666666666667,2.33,"weekday",1,"65 plus","3-5km","bicycle",2.33,0.211818181818182,1.51666666666667,1.48272727272727
"85558/1000",NA,85558,1611,"85-89 years","male",20,5605,"Shopping",394.444702148438,394.444702148438,"car",0.2,2.24,"weekday",2,"65 plus","3-5km","bicycle",2.24,0.203636363636364,1.4,1.42545454545455
"85558/1000",NA,85558,1611,"85-89 years","male",20,5606,"Leisure",394.444702148438,394.444702148438,"car",0.216666666666667,5.55,"weekday",3,"65 plus","6-10km","car",5.55,0.216666666666667,1.51666666666667,1.51666666666667
"85558/1000",NA,85558,1611,"85-89 years","male",20,5607,"Leisure",394.444702148438,394.444702148438,"car",0.216666666666667,5.54,"weekday",4,"65 plus","6-10km","car",5.54,0.216666666666667,1.51666666666667,1.51666666666667
"85559/1000",NA,85559,1612,"80-84 years","female",20,5608,"Shopping",551.077331542969,551.077331542969,"car",0.15,2.89,"weekday",1,"65 plus","3-5km","bicycle",2.89,0.262727272727273,1.05,1.83909090909091
"85559/1000",NA,85559,1612,"80-84 years","female",20,5609,"Shopping",551.077331542969,551.077331542969,"car",0.116666666666667,1.24,"weekday",2,"65 plus","1-2km","bicycle",1.24,0.112727272727273,0.816666666666667,0.789090909090909
"85559/1000",NA,85559,1612,"80-84 years","female",20,5610,"Shopping",551.077331542969,551.077331542969,"car",0.166666666666667,2.28,"weekday",3,"65 plus","3-5km","bicycle",2.28,0.207272727272727,1.16666666666667,1.45090909090909
"85559/1000",NA,85559,1612,"80-84 years","female",20,5611,"Other",551.077331542969,551.077331542969,"car",0.116666666666667,3.05,"weekday",4,"65 plus","3-5km","bicycle",3.05,0.277272727272727,0.816666666666667,1.94090909090909
"85559/1000",NA,85559,1612,"80-84 years","female",20,5612,"Other",551.077331542969,551.077331542969,"car",0.166666666666667,3.03,"weekday",5,"65 plus","3-5km","bicycle",3.03,0.275454545454545,1.16666666666667,1.92818181818182
"85559/1001",NA,85559,1613,"80-84 years","male",20,5613,"Shopping",491.522796630859,491.522796630859,"car",0.15,2.89,"weekday",1,"65 plus","3-5km","bicycle",2.89,0.262727272727273,1.05,1.83909090909091
"85559/1001",NA,85559,1613,"80-84 years","male",20,5614,"Shopping",491.522796630859,491.522796630859,"car",0.116666666666667,1.24,"weekday",2,"65 plus","1-2km","bicycle",1.24,0.112727272727273,0.816666666666667,0.789090909090909
"85559/1001",NA,85559,1613,"80-84 years","male",20,5615,"Shopping",491.522796630859,491.522796630859,"car",0.166666666666667,2.28,"weekday",3,"65 plus","3-5km","bicycle",2.28,0.207272727272727,1.16666666666667,1.45090909090909
"85559/1001",NA,85559,1613,"80-84 years","male",20,5616,"Other",491.522796630859,491.522796630859,"car",0.116666666666667,3.05,"weekday",4,"65 plus","3-5km","bicycle",3.05,0.277272727272727,0.816666666666667,1.94090909090909
"85559/1001",NA,85559,1613,"80-84 years","male",20,5617,"Other",491.522796630859,491.522796630859,"car",0.166666666666667,3.03,"weekday",5,"65 plus","3-5km","bicycle",3.03,0.275454545454545,1.16666666666667,1.92818181818182
"85562/1000",NA,85562,1614,"55-59 years","female",20,5618,"Work",504.977630615234,504.977630615234,"car",0.333333333333333,6.24,"weekday",1,"40 to 64","6-10km","car",6.24,0.333333333333333,2.33333333333333,2.33333333333333
"85562/1000",NA,85562,1614,"55-59 years","female",20,5619,"Work",504.977630615234,504.977630615234,"car",0.333333333333333,6.5,"weekday",2,"40 to 64","6-10km","car",6.5,0.333333333333333,2.33333333333333,2.33333333333333
"85562/1001",NA,85562,1615,"60-64 years","male",20,5620,"Work",439.835845947266,439.835845947266,"walking",0.0833333333333333,0.6,"weekday",1,"40 to 64","<1km","walking",0.6,0.0833333333333333,0.583333333333333,0.583333333333333
"85562/1001",NA,85562,1615,"60-64 years","male",20,5621,"Work",439.835845947266,439.835845947266,"public.transport",0.75,14.97,"weekday",1,"40 to 64",">10km","public.transport",14.97,0.75,5.25,5.25
"85562/1001",NA,85562,1615,"60-64 years","male",20,5622,"Work",439.835845947266,439.835845947266,"walking",0.0833333333333333,0.38,"weekday",1,"40 to 64","<1km","walking",0.38,0.0833333333333333,0.583333333333333,0.583333333333333
"85562/1001",NA,85562,1615,"60-64 years","male",20,5623,"Work",439.835845947266,439.835845947266,"walking",0.0833333333333333,0.26,"weekday",2,"40 to 64","<1km","walking",0.26,0.0833333333333333,0.583333333333333,0.583333333333333
"85562/1001",NA,85562,1615,"60-64 years","male",20,5624,"Work",439.835845947266,439.835845947266,"public.transport",0.916666666666667,15.52,"weekday",2,"40 to 64",">10km","public.transport",15.52,0.916666666666667,6.41666666666667,6.41666666666667
"85562/1001",NA,85562,1615,"60-64 years","male",20,5625,"Work",439.835845947266,439.835845947266,"walking",0.0833333333333333,0.6,"weekday",2,"40 to 64","<1km","walking",0.6,0.0833333333333333,0.583333333333333,0.583333333333333
"85562/1002",NA,85562,1616,"25-29 years","female",20,5626,"Work",1102.109375,1102.109375,"walking",0.0833333333333333,0.6,"weekday",1,"20 to 39","<1km","walking",0.6,0.0833333333333333,0.583333333333333,0.583333333333333
"85562/1002",NA,85562,1616,"25-29 years","female",20,5627,"Work",1102.109375,1102.109375,"public.transport",0.75,14.97,"weekday",1,"20 to 39",">10km","public.transport",14.97,0.75,5.25,5.25
"85562/1002",NA,85562,1616,"25-29 years","female",20,5628,"Work",1102.109375,1102.109375,"walking",0.0833333333333333,0.38,"weekday",1,"20 to 39","<1km","walking",0.38,0.0833333333333333,0.583333333333333,0.583333333333333
"85562/1002",NA,85562,1616,"25-29 years","female",20,5629,"Work",1102.109375,1102.109375,"walking",0.0833333333333333,0.26,"weekday",2,"20 to 39","<1km","walking",0.26,0.0833333333333333,0.583333333333333,0.583333333333333
"85562/1002",NA,85562,1616,"25-29 years","female",20,5630,"Work",1102.109375,1102.109375,"public.transport",0.916666666666667,15.52,"weekday",2,"20 to 39",">10km","public.transport",15.52,0.916666666666667,6.41666666666667,6.41666666666667
"85562/1002",NA,85562,1616,"25-29 years","female",20,5631,"Work",1102.109375,1102.109375,"walking",0.0833333333333333,0.6,"weekday",2,"20 to 39","<1km","walking",0.6,0.0833333333333333,0.583333333333333,0.583333333333333
"85563/1000",NA,85563,1617,"75-79 years","female",20,5633,"Shopping",445.019683837891,445.019683837891,"car",0.166666666666667,2.95,"weekday",2,"65 plus","3-5km","bicycle",2.95,0.268181818181818,1.16666666666667,1.87727272727273
"85563/1000",NA,85563,1617,"75-79 years","female",20,5634,"Shopping",445.019683837891,445.019683837891,"car",0.25,3.25,"weekday",3,"65 plus","3-5km","bicycle",3.25,0.295454545454545,1.75,2.06818181818182
"85563/1000",NA,85563,1617,"75-79 years","female",20,5635,"Other",445.019683837891,445.019683837891,"car",0.25,2.51,"weekday",4,"65 plus","3-5km","bicycle",2.51,0.228181818181818,1.75,1.59727272727273
"85563/1000",NA,85563,1617,"75-79 years","female",20,5636,"Other",445.019683837891,445.019683837891,"car",0.166666666666667,2.57,"weekday",5,"65 plus","3-5km","bicycle",2.57,0.233636363636364,1.16666666666667,1.63545454545455
"85564/1000",NA,85564,1618,"60-64 years","female",20,5637,"Work",474.000030517578,474.000030517578,"car",0.233333333333333,6.22,"weekday",1,"40 to 64","6-10km","car",6.22,0.233333333333333,1.63333333333333,1.63333333333333
"85564/1000",NA,85564,1618,"60-64 years","female",20,5638,"Shopping",474.000030517578,474.000030517578,"car",0.333333333333333,5.05,"weekday",2,"40 to 64","6-10km","car",5.05,0.333333333333333,2.33333333333333,2.33333333333333
"85564/1000",NA,85564,1618,"60-64 years","female",20,5639,"Shopping",474.000030517578,474.000030517578,"car",0.0833333333333333,1.29,"weekday",3,"40 to 64","1-2km","bicycle",1.29,0.117272727272727,0.583333333333333,0.820909090909091
"85567/1000",NA,85567,1619,"25-29 years","female",20,5640,"Work",1022.24871826172,1022.24871826172,"car",0.2,6.36,"weekday",1,"20 to 39","6-10km","car",6.36,0.2,1.4,1.4
"85567/1000",NA,85567,1619,"25-29 years","female",20,5641,"Other",1022.24871826172,1022.24871826172,"car",0.166666666666667,6.32,"weekday",2,"20 to 39","6-10km","car",6.32,0.166666666666667,1.16666666666667,1.16666666666667
"85567/1000",NA,85567,1619,"25-29 years","female",20,5642,"Other",1022.24871826172,1022.24871826172,"car",0.166666666666667,4.95,"weekday",3,"20 to 39","3-5km","bicycle",4.95,0.45,1.16666666666667,3.15
"85567/1001",NA,85567,1620,"30-34 years","male",20,5643,"Work",825.542541503906,825.542541503906,"car",0.916666666666667,61.41,"weekday",1,"20 to 39",">10km","car",61.41,0.916666666666667,6.41666666666667,6.41666666666667
"85567/1001",NA,85567,1620,"30-34 years","male",20,5644,"Work",825.542541503906,825.542541503906,"car",1,61.99,"weekday",2,"20 to 39",">10km","car",61.99,1,7,7
"85569/1000",NA,85569,1621,"55-59 years","male",20,5645,"Work",493.582550048828,493.582550048828,"car",0.533333333333333,12.24,"weekday",1,"40 to 64",">10km","car",12.24,0.533333333333333,3.73333333333333,3.73333333333333
"85569/1000",NA,85569,1621,"55-59 years","male",20,5646,"Work",493.582550048828,493.582550048828,"car",0.833333333333333,12.21,"weekday",2,"40 to 64",">10km","car",12.21,0.833333333333333,5.83333333333333,5.83333333333333
"85569/1001",NA,85569,1622,"50-54 years","female",20,5648,"Shopping",449.832550048828,449.832550048828,"car",0.166666666666667,4.78,"weekday",2,"40 to 64","3-5km","bicycle",4.78,0.434545454545455,1.16666666666667,3.04181818181818
"85569/1001",NA,85569,1622,"50-54 years","female",20,5649,"Shopping",449.832550048828,449.832550048828,"car",0.166666666666667,4.77,"weekday",3,"40 to 64","3-5km","bicycle",4.77,0.433636363636364,1.16666666666667,3.03545454545455
"85573/1001",NA,85573,1623,"35-39 years","male",20,5650,"Work",621.857666015625,621.857666015625,"walking",0.0333333333333333,0.17,"weekday",1,"20 to 39","<1km","walking",0.17,0.0333333333333333,0.233333333333333,0.233333333333333
"85573/1001",NA,85573,1623,"35-39 years","male",20,5651,"Work",621.857666015625,621.857666015625,"public.transport",0.333333333333333,22.57,"weekday",1,"20 to 39",">10km","public.transport",22.57,0.333333333333333,2.33333333333333,2.33333333333333
"85573/1001",NA,85573,1623,"35-39 years","male",20,5652,"Work",621.857666015625,621.857666015625,"walking",0.0833333333333333,0.66,"weekday",1,"20 to 39","<1km","walking",0.66,0.0833333333333333,0.583333333333333,0.583333333333333
"85573/1001",NA,85573,1623,"35-39 years","male",20,5653,"Work",621.857666015625,621.857666015625,"walking",0.0833333333333333,0.66,"weekday",2,"20 to 39","<1km","walking",0.66,0.0833333333333333,0.583333333333333,0.583333333333333
"85573/1001",NA,85573,1623,"35-39 years","male",20,5654,"Work",621.857666015625,621.857666015625,"public.transport",0.5,22.57,"weekday",2,"20 to 39",">10km","public.transport",22.57,0.5,3.5,3.5
"85573/1001",NA,85573,1623,"35-39 years","male",20,5655,"Work",621.857666015625,621.857666015625,"walking",0.0833333333333333,0.17,"weekday",2,"20 to 39","<1km","walking",0.17,0.0833333333333333,0.583333333333333,0.583333333333333
"85575/1000",NA,85575,1624,"50-54 years","female",20,5656,"Other",449.832550048828,449.832550048828,"car",0.416666666666667,16.38,"weekday",1,"40 to 64",">10km","car",16.38,0.416666666666667,2.91666666666667,2.91666666666667
"85575/1000",NA,85575,1624,"50-54 years","female",20,5657,"Other",449.832550048828,449.832550048828,"car",0.416666666666667,22,"weekday",2,"40 to 64",">10km","car",22,0.416666666666667,2.91666666666667,2.91666666666667
"85575/1000",NA,85575,1624,"50-54 years","female",20,5658,"Other",449.832550048828,449.832550048828,"car",0.25,5.1,"weekday",3,"40 to 64","6-10km","car",5.1,0.25,1.75,1.75
"85575/1001",NA,85575,1625,"55-59 years","male",20,5659,"Other",493.582550048828,493.582550048828,"car",0.25,11.27,"weekday",1,"40 to 64",">10km","car",11.27,0.25,1.75,1.75
"85575/1001",NA,85575,1625,"55-59 years","male",20,5660,"Other",493.582550048828,493.582550048828,"car",0.333333333333333,11.03,"weekday",2,"40 to 64",">10km","car",11.03,0.333333333333333,2.33333333333333,2.33333333333333
"85576/1000",NA,85576,1626,"80-84 years","female",20,5661,"Shopping",668.655151367188,668.655151367188,"car",0.25,5.61,"weekday",1,"65 plus","6-10km","car",5.61,0.25,1.75,1.75
"85576/1000",NA,85576,1626,"80-84 years","female",20,5662,"Shopping",668.655151367188,668.655151367188,"car",0.5,5.62,"weekday",2,"65 plus","6-10km","car",5.62,0.5,3.5,3.5
"85576/1000",NA,85576,1626,"80-84 years","female",20,5663,"Shopping",668.655151367188,668.655151367188,"car",0.333333333333333,7.19,"weekday",3,"65 plus","6-10km","car",7.19,0.333333333333333,2.33333333333333,2.33333333333333
"85576/1000",NA,85576,1626,"80-84 years","female",20,5664,"Shopping",668.655151367188,668.655151367188,"car",0.333333333333333,6.63,"weekday",4,"65 plus","6-10km","car",6.63,0.333333333333333,2.33333333333333,2.33333333333333
"85576/1001",NA,85576,1627,"55-59 years","male",20,5665,"Shopping",598.893310546875,598.893310546875,"car",0.25,5.61,"weekday",1,"40 to 64","6-10km","car",5.61,0.25,1.75,1.75
"85576/1001",NA,85576,1627,"55-59 years","male",20,5666,"Shopping",598.893310546875,598.893310546875,"car",0.5,5.62,"weekday",2,"40 to 64","6-10km","car",5.62,0.5,3.5,3.5
"85576/1001",NA,85576,1627,"55-59 years","male",20,5667,"Shopping",598.893310546875,598.893310546875,"car",0.333333333333333,7.19,"weekday",3,"40 to 64","6-10km","car",7.19,0.333333333333333,2.33333333333333,2.33333333333333
"85576/1001",NA,85576,1627,"55-59 years","male",20,5668,"Shopping",598.893310546875,598.893310546875,"car",0.333333333333333,6.63,"weekday",4,"40 to 64","6-10km","car",6.63,0.333333333333333,2.33333333333333,2.33333333333333
"85576/1002",NA,85576,1628,"45-49 years","female",20,5669,"Work",661.040344238281,661.040344238281,"walking",0.0666666666666667,0.15,"weekday",1,"40 to 64","<1km","walking",0.15,0.0666666666666667,0.466666666666667,0.466666666666667
"85576/1002",NA,85576,1628,"45-49 years","female",20,5670,"Work",661.040344238281,661.040344238281,"public.transport",0.166666666666667,1.38,"weekday",1,"40 to 64","1-2km","public.transport",1.38,0.166666666666667,1.16666666666667,1.16666666666667
"85576/1002",NA,85576,1628,"45-49 years","female",20,5671,"Work",661.040344238281,661.040344238281,"walking",0.0333333333333333,0.11,"weekday",1,"40 to 64","<1km","walking",0.11,0.0333333333333333,0.233333333333333,0.233333333333333
"85576/1002",NA,85576,1628,"45-49 years","female",20,5672,"Work",661.040344238281,661.040344238281,"public.transport",1,16.84,"weekday",1,"40 to 64",">10km","public.transport",16.84,1,7,7
"85576/1002",NA,85576,1628,"45-49 years","female",20,5673,"Work",661.040344238281,661.040344238281,"walking",0.116666666666667,0.07,"weekday",1,"40 to 64","<1km","walking",0.07,0.116666666666667,0.816666666666667,0.816666666666667
"85576/1002",NA,85576,1628,"45-49 years","female",20,5674,"Work",661.040344238281,661.040344238281,"walking",0.166666666666667,0.07,"weekday",2,"40 to 64","<1km","walking",0.07,0.166666666666667,1.16666666666667,1.16666666666667
"85576/1002",NA,85576,1628,"45-49 years","female",20,5675,"Work",661.040344238281,661.040344238281,"public.transport",0.666666666666667,12.38,"weekday",2,"40 to 64",">10km","public.transport",12.38,0.666666666666667,4.66666666666667,4.66666666666667
"85576/1002",NA,85576,1628,"45-49 years","female",20,5676,"Work",661.040344238281,661.040344238281,"public.transport",0.0333333333333333,1,"weekday",2,"40 to 64","1-2km","public.transport",1,0.0333333333333333,0.233333333333333,0.233333333333333
"85576/1002",NA,85576,1628,"45-49 years","female",20,5677,"Work",661.040344238281,661.040344238281,"public.transport",0.55,5.89,"weekday",2,"40 to 64","6-10km","public.transport",5.89,0.55,3.85,3.85
"85576/1002",NA,85576,1628,"45-49 years","female",20,5678,"Work",661.040344238281,661.040344238281,"walking",0.0166666666666667,0.06,"weekday",2,"40 to 64","<1km","walking",0.06,0.0166666666666667,0.116666666666667,0.116666666666667
"85578/1000",NA,85578,1629,"30-34 years","male",20,5679,"Other",1001.68023681641,1001.68023681641,"car",0.25,4.37,"weekday",1,"20 to 39","3-5km","bicycle",4.37,0.397272727272727,1.75,2.78090909090909
"85578/1000",NA,85578,1629,"30-34 years","male",20,5680,"Other",1001.68023681641,1001.68023681641,"car",0.233333333333333,4.35,"weekday",2,"20 to 39","3-5km","bicycle",4.35,0.395454545454545,1.63333333333333,2.76818181818182
"85578/1000",NA,85578,1629,"30-34 years","male",20,5681,"Shopping",1001.68023681641,1001.68023681641,"car",0.25,2.89,"weekday",3,"20 to 39","3-5km","bicycle",2.89,0.262727272727273,1.75,1.83909090909091
"85578/1000",NA,85578,1629,"30-34 years","male",20,5682,"Shopping",1001.68023681641,1001.68023681641,"car",0.166666666666667,2.82,"weekday",4,"20 to 39","3-5km","bicycle",2.82,0.256363636363636,1.16666666666667,1.79454545454545
"85578/1000",NA,85578,1629,"30-34 years","male",20,5683,"Other",1001.68023681641,1001.68023681641,"car",0.283333333333333,4.37,"weekday",5,"20 to 39","3-5km","bicycle",4.37,0.397272727272727,1.98333333333333,2.78090909090909
"85578/1000",NA,85578,1629,"30-34 years","male",20,5684,"Other",1001.68023681641,1001.68023681641,"car",0.166666666666667,4.35,"weekday",6,"20 to 39","3-5km","bicycle",4.35,0.395454545454545,1.16666666666667,2.76818181818182
"85578/1000",NA,85578,1629,"30-34 years","male",20,5685,"Other",1001.68023681641,1001.68023681641,"car",0.166666666666667,5.58,"weekday",7,"20 to 39","6-10km","car",5.58,0.166666666666667,1.16666666666667,1.16666666666667
"85578/1000",NA,85578,1629,"30-34 years","male",20,5686,"Other",1001.68023681641,1001.68023681641,"car",0.0833333333333333,5.57,"weekday",8,"20 to 39","6-10km","car",5.57,0.0833333333333333,0.583333333333333,0.583333333333333
"85578/1001",NA,85578,1630,"35-39 years","female",20,5687,"Other",634.367553710938,634.367553710938,"car",0.25,4.37,"weekday",1,"20 to 39","3-5km","bicycle",4.37,0.397272727272727,1.75,2.78090909090909
"85578/1001",NA,85578,1630,"35-39 years","female",20,5688,"Other",634.367553710938,634.367553710938,"car",0.233333333333333,4.35,"weekday",2,"20 to 39","3-5km","bicycle",4.35,0.395454545454545,1.63333333333333,2.76818181818182
"85578/1001",NA,85578,1630,"35-39 years","female",20,5689,"Other",634.367553710938,634.367553710938,"car",0.283333333333333,4.37,"weekday",3,"20 to 39","3-5km","bicycle",4.37,0.397272727272727,1.98333333333333,2.78090909090909
"85578/1001",NA,85578,1630,"35-39 years","female",20,5690,"Other",634.367553710938,634.367553710938,"car",0.166666666666667,4.35,"weekday",4,"20 to 39","3-5km","bicycle",4.35,0.395454545454545,1.16666666666667,2.76818181818182
"85578/1001",NA,85578,1630,"35-39 years","female",20,5691,"Other",634.367553710938,634.367553710938,"car",0.166666666666667,5.58,"weekday",5,"20 to 39","6-10km","car",5.58,0.166666666666667,1.16666666666667,1.16666666666667
"85578/1001",NA,85578,1630,"35-39 years","female",20,5692,"Other",634.367553710938,634.367553710938,"car",0.15,5.57,"weekday",6,"20 to 39","6-10km","car",5.57,0.15,1.05,1.05
"85580/1000",NA,85580,1631,"60-64 years","female",20,5694,"Leisure",437.736572265625,437.736572265625,"car",0.333333333333333,5.62,"weekday",2,"40 to 64","6-10km","car",5.62,0.333333333333333,2.33333333333333,2.33333333333333
"85580/1000",NA,85580,1631,"60-64 years","female",20,5695,"Leisure",437.736572265625,437.736572265625,"car",0.333333333333333,5.63,"weekday",3,"40 to 64","6-10km","car",5.63,0.333333333333333,2.33333333333333,2.33333333333333
"85580/1000",NA,85580,1631,"60-64 years","female",20,5696,"Shopping",437.736572265625,437.736572265625,"car",0.65,11.7,"weekday",4,"40 to 64",">10km","car",11.7,0.65,4.55,4.55
"85580/1000",NA,85580,1631,"60-64 years","female",20,5697,"Shopping",437.736572265625,437.736572265625,"car",0.666666666666667,11.73,"weekday",5,"40 to 64",">10km","car",11.73,0.666666666666667,4.66666666666667,4.66666666666667
"85580/1001",NA,85580,1632,"60-64 years","male",20,5699,"Shopping",407.964630126953,407.964630126953,"car",0.65,11.7,"weekday",1,"40 to 64",">10km","car",11.7,0.65,4.55,4.55
"85580/1001",NA,85580,1632,"60-64 years","male",20,5700,"Shopping",407.964630126953,407.964630126953,"car",0.666666666666667,11.73,"weekday",2,"40 to 64",">10km","car",11.73,0.666666666666667,4.66666666666667,4.66666666666667
"85582/1000",NA,85582,1633,"40-44 years","male",20,5701,"Work",556.5546875,556.5546875,"car",0.666666666666667,18.59,"weekday",1,"40 to 64",">10km","car",18.59,0.666666666666667,4.66666666666667,4.66666666666667
"85582/1000",NA,85582,1633,"40-44 years","male",20,5702,"Work",556.5546875,556.5546875,"car",0.666666666666667,18.73,"weekday",2,"40 to 64",">10km","car",18.73,0.666666666666667,4.66666666666667,4.66666666666667
"85583/1000",NA,85583,1634,"20-24 years","male",20,5703,"Work",967.1748046875,967.1748046875,"walking",0.05,0.22,"weekday",1,"20 to 39","<1km","walking",0.22,0.05,0.35,0.35
"85583/1000",NA,85583,1634,"20-24 years","male",20,5704,"Work",967.1748046875,967.1748046875,"public.transport",0.0833333333333333,4.31,"weekday",1,"20 to 39","3-5km","public.transport",4.31,0.0833333333333333,0.583333333333333,0.583333333333333
"85583/1000",NA,85583,1634,"20-24 years","male",20,5705,"Work",967.1748046875,967.1748046875,"walking",0.166666666666667,0.99,"weekday",1,"20 to 39","<1km","walking",0.99,0.166666666666667,1.16666666666667,1.16666666666667
"85583/1000",NA,85583,1634,"20-24 years","male",20,5706,"Work",967.1748046875,967.1748046875,"walking",0.166666666666667,0.99,"weekday",2,"20 to 39","<1km","walking",0.99,0.166666666666667,1.16666666666667,1.16666666666667
"85583/1000",NA,85583,1634,"20-24 years","male",20,5707,"Work",967.1748046875,967.1748046875,"public.transport",0.116666666666667,4.31,"weekday",2,"20 to 39","3-5km","public.transport",4.31,0.116666666666667,0.816666666666667,0.816666666666667
"85583/1000",NA,85583,1634,"20-24 years","male",20,5708,"Work",967.1748046875,967.1748046875,"walking",0.0666666666666667,0.22,"weekday",2,"20 to 39","<1km","walking",0.22,0.0666666666666667,0.466666666666667,0.466666666666667
"85583/1001",NA,85583,1635,"35-39 years","female",20,5709,"Other",563.662841796875,563.662841796875,"car",0.166666666666667,2.23,"weekday",1,"20 to 39","3-5km","bicycle",2.23,0.202727272727273,1.16666666666667,1.41909090909091
"85583/1001",NA,85583,1635,"35-39 years","female",20,5710,"Other",563.662841796875,563.662841796875,"car",0.15,2.71,"weekday",2,"20 to 39","3-5km","bicycle",2.71,0.246363636363636,1.05,1.72454545454545
"85583/1001",NA,85583,1635,"35-39 years","female",20,5711,"Other",563.662841796875,563.662841796875,"car",0.0166666666666667,0.73,"weekday",3,"20 to 39","<1km","bicycle",0.73,0.0663636363636364,0.116666666666667,0.464545454545455
"85583/1004",NA,85583,1636,"15-19 years","female",20,5712,"Education",456.759735107422,456.759735107422,"car",0.166666666666667,2.23,"weekday",1,"15 to 19","3-5km","bicycle",2.23,0.202727272727273,1.16666666666667,1.41909090909091
"85583/1004",NA,85583,1636,"15-19 years","female",20,5713,"Education",456.759735107422,456.759735107422,"car",0.166666666666667,2.16,"weekday",2,"15 to 19","3-5km","bicycle",2.16,0.196363636363636,1.16666666666667,1.37454545454545
"85587/1000",NA,85587,1637,"20-24 years","male",20,5714,"Work",1396.37475585938,1396.37475585938,"walking",0.0833333333333333,0.39,"weekday",1,"20 to 39","<1km","walking",0.39,0.0833333333333333,0.583333333333333,0.583333333333333
"85587/1000",NA,85587,1637,"20-24 years","male",20,5715,"Work",1396.37475585938,1396.37475585938,"public.transport",0.333333333333333,18.61,"weekday",1,"20 to 39",">10km","public.transport",18.61,0.333333333333333,2.33333333333333,2.33333333333333
"85587/1000",NA,85587,1637,"20-24 years","male",20,5716,"Work",1396.37475585938,1396.37475585938,"walking",0.166666666666667,1.09,"weekday",1,"20 to 39","1-2km","walking",1.09,0.166666666666667,1.16666666666667,1.16666666666667
"85587/1000",NA,85587,1637,"20-24 years","male",20,5717,"Work",1396.37475585938,1396.37475585938,"walking",0.166666666666667,1.09,"weekday",2,"20 to 39","1-2km","walking",1.09,0.166666666666667,1.16666666666667,1.16666666666667
"85587/1000",NA,85587,1637,"20-24 years","male",20,5718,"Work",1396.37475585938,1396.37475585938,"public.transport",0.333333333333333,18.61,"weekday",2,"20 to 39",">10km","public.transport",18.61,0.333333333333333,2.33333333333333,2.33333333333333
"85587/1000",NA,85587,1637,"20-24 years","male",20,5719,"Work",1396.37475585938,1396.37475585938,"walking",0.1,0.39,"weekday",2,"20 to 39","<1km","walking",0.39,0.1,0.7,0.7
"85587/1001",NA,85587,1638,"30-34 years","male",20,5720,"Work",1285.00427246094,1285.00427246094,"walking",0.0833333333333333,0.39,"weekday",1,"20 to 39","<1km","walking",0.39,0.0833333333333333,0.583333333333333,0.583333333333333
"85587/1001",NA,85587,1638,"30-34 years","male",20,5721,"Work",1285.00427246094,1285.00427246094,"public.transport",0.333333333333333,18.61,"weekday",1,"20 to 39",">10km","public.transport",18.61,0.333333333333333,2.33333333333333,2.33333333333333
"85587/1001",NA,85587,1638,"30-34 years","male",20,5722,"Work",1285.00427246094,1285.00427246094,"walking",0.166666666666667,1.09,"weekday",1,"20 to 39","1-2km","walking",1.09,0.166666666666667,1.16666666666667,1.16666666666667
"85587/1001",NA,85587,1638,"30-34 years","male",20,5723,"Work",1285.00427246094,1285.00427246094,"walking",0.166666666666667,1.09,"weekday",2,"20 to 39","1-2km","walking",1.09,0.166666666666667,1.16666666666667,1.16666666666667
"85587/1001",NA,85587,1638,"30-34 years","male",20,5724,"Work",1285.00427246094,1285.00427246094,"public.transport",0.333333333333333,18.61,"weekday",2,"20 to 39",">10km","public.transport",18.61,0.333333333333333,2.33333333333333,2.33333333333333
"85587/1001",NA,85587,1638,"30-34 years","male",20,5725,"Work",1285.00427246094,1285.00427246094,"walking",0.1,0.39,"weekday",2,"20 to 39","<1km","walking",0.39,0.1,0.7,0.7
"85587/1002",NA,85587,1639,"30-34 years","female",20,5726,"Work",1036.71923828125,1036.71923828125,"walking",0.0833333333333333,0.39,"weekday",1,"20 to 39","<1km","walking",0.39,0.0833333333333333,0.583333333333333,0.583333333333333
"85587/1002",NA,85587,1639,"30-34 years","female",20,5727,"Work",1036.71923828125,1036.71923828125,"public.transport",0.333333333333333,18.61,"weekday",1,"20 to 39",">10km","public.transport",18.61,0.333333333333333,2.33333333333333,2.33333333333333
"85587/1002",NA,85587,1639,"30-34 years","female",20,5728,"Work",1036.71923828125,1036.71923828125,"walking",0.166666666666667,1.09,"weekday",1,"20 to 39","1-2km","walking",1.09,0.166666666666667,1.16666666666667,1.16666666666667
"85587/1002",NA,85587,1639,"30-34 years","female",20,5729,"Work",1036.71923828125,1036.71923828125,"walking",0.166666666666667,1.09,"weekday",2,"20 to 39","1-2km","walking",1.09,0.166666666666667,1.16666666666667,1.16666666666667
"85587/1002",NA,85587,1639,"30-34 years","female",20,5730,"Work",1036.71923828125,1036.71923828125,"public.transport",0.333333333333333,18.61,"weekday",2,"20 to 39",">10km","public.transport",18.61,0.333333333333333,2.33333333333333,2.33333333333333
"85587/1002",NA,85587,1639,"30-34 years","female",20,5731,"Work",1036.71923828125,1036.71923828125,"walking",0.1,0.39,"weekday",2,"20 to 39","<1km","walking",0.39,0.1,0.7,0.7
"85587/1003",NA,85587,1640,"30-34 years","female",20,5732,"Shopping",1036.71923828125,1036.71923828125,"car",0.166666666666667,4.8,"weekday",1,"20 to 39","3-5km","bicycle",4.8,0.436363636363636,1.16666666666667,3.05454545454545
"85587/1003",NA,85587,1640,"30-34 years","female",20,5733,"Shopping",1036.71923828125,1036.71923828125,"car",0.25,4.78,"weekday",2,"20 to 39","3-5km","bicycle",4.78,0.434545454545455,1.75,3.04181818181818
"85587/1004",NA,85587,1641,"30-34 years","male",20,5734,"Shopping",1285.00427246094,1285.00427246094,"car",0.0833333333333333,2.26,"weekday",1,"20 to 39","3-5km","bicycle",2.26,0.205454545454545,0.583333333333333,1.43818181818182
"85587/1004",NA,85587,1641,"30-34 years","male",20,5735,"Shopping",1285.00427246094,1285.00427246094,"car",0.1,2.27,"weekday",2,"20 to 39","3-5km","bicycle",2.27,0.206363636363636,0.7,1.44454545454545
"85593/1000",NA,85593,1642,"25-29 years","male",20,5736,"Work",980.261657714844,980.261657714844,"car",0.416666666666667,16.49,"weekday",1,"20 to 39",">10km","car",16.49,0.416666666666667,2.91666666666667,2.91666666666667
"85593/1000",NA,85593,1642,"25-29 years","male",20,5737,"Work",980.261657714844,980.261657714844,"car",0.5,16.38,"weekday",2,"20 to 39",">10km","car",16.38,0.5,3.5,3.5
"85594/1000",NA,85594,1643,"25-29 years","female",20,5738,"Leisure",1022.24871826172,1022.24871826172,"walking",0.233333333333333,0.36,"weekday",1,"20 to 39","<1km","walking",0.36,0.233333333333333,1.63333333333333,1.63333333333333
"85594/1000",NA,85594,1643,"25-29 years","female",20,5739,"Leisure",1022.24871826172,1022.24871826172,"walking",0.266666666666667,0.36,"weekday",2,"20 to 39","<1km","walking",0.36,0.266666666666667,1.86666666666667,1.86666666666667
"85594/1001",NA,85594,1644,"35-39 years","male",20,5740,"Leisure",621.857666015625,621.857666015625,"walking",0.233333333333333,0.36,"weekday",1,"20 to 39","<1km","walking",0.36,0.233333333333333,1.63333333333333,1.63333333333333
"85594/1001",NA,85594,1644,"35-39 years","male",20,5741,"Leisure",621.857666015625,621.857666015625,"walking",0.266666666666667,0.36,"weekday",2,"20 to 39","<1km","walking",0.36,0.266666666666667,1.86666666666667,1.86666666666667
"85597/1002",NA,85597,1645,"15-19 years","female",20,5742,"Education",659.454467773438,659.454467773438,"car",0.0833333333333333,7.26,"weekday",1,"15 to 19","6-10km","car",7.26,0.0833333333333333,0.583333333333333,0.583333333333333
"85597/1002",NA,85597,1645,"15-19 years","female",20,5743,"Education",659.454467773438,659.454467773438,"car",0.25,5.91,"weekday",2,"15 to 19","6-10km","car",5.91,0.25,1.75,1.75
"85597/1003",NA,85597,1646,"20-24 years","male",20,5744,"Other",1396.37475585938,1396.37475585938,"car",0.0833333333333333,7.26,"weekday",1,"20 to 39","6-10km","car",7.26,0.0833333333333333,0.583333333333333,0.583333333333333
"85597/1003",NA,85597,1646,"20-24 years","male",20,5745,"Other",1396.37475585938,1396.37475585938,"car",0.25,5.91,"weekday",2,"20 to 39","6-10km","car",5.91,0.25,1.75,1.75
"85597/1003",NA,85597,1646,"20-24 years","male",20,5746,"Other",1396.37475585938,1396.37475585938,"car",0.283333333333333,7.26,"weekday",3,"20 to 39","6-10km","car",7.26,0.283333333333333,1.98333333333333,1.98333333333333
"85597/1003",NA,85597,1646,"20-24 years","male",20,5747,"Other",1396.37475585938,1396.37475585938,"car",0.25,5.91,"weekday",4,"20 to 39","6-10km","car",5.91,0.25,1.75,1.75
"85597/1004",NA,85597,1647,"15-19 years","female",20,5748,"Education",659.454467773438,659.454467773438,"car",0.0833333333333333,7.26,"weekday",1,"15 to 19","6-10km","car",7.26,0.0833333333333333,0.583333333333333,0.583333333333333
"85597/1004",NA,85597,1647,"15-19 years","female",20,5749,"Education",659.454467773438,659.454467773438,"car",0.25,5.91,"weekday",2,"15 to 19","6-10km","car",5.91,0.25,1.75,1.75
"85598/1000",NA,85598,1648,"45-49 years","female",20,5750,"Other",848.014831542969,848.014831542969,"car",0.166666666666667,2.26,"weekday",1,"40 to 64","3-5km","bicycle",2.26,0.205454545454545,1.16666666666667,1.43818181818182
"85598/1000",NA,85598,1648,"45-49 years","female",20,5751,"Other",848.014831542969,848.014831542969,"car",0.15,2.71,"weekday",2,"40 to 64","3-5km","bicycle",2.71,0.246363636363636,1.05,1.72454545454545
"85598/1000",NA,85598,1648,"45-49 years","female",20,5752,"Other",848.014831542969,848.014831542969,"car",0.0166666666666667,0.7,"weekday",3,"40 to 64","<1km","bicycle",0.7,0.0636363636363636,0.116666666666667,0.445454545454545
"85598/1000",NA,85598,1648,"45-49 years","female",20,5753,"Other",848.014831542969,848.014831542969,"car",0.05,0.71,"weekday",4,"40 to 64","<1km","bicycle",0.71,0.0645454545454545,0.35,0.451818181818182
"85598/1000",NA,85598,1648,"45-49 years","female",20,5754,"Other",848.014831542969,848.014831542969,"car",0.0833333333333333,2.78,"weekday",5,"40 to 64","3-5km","bicycle",2.78,0.252727272727273,0.583333333333333,1.76909090909091
"85598/1000",NA,85598,1648,"45-49 years","female",20,5755,"Other",848.014831542969,848.014831542969,"car",0.166666666666667,2.19,"weekday",6,"40 to 64","3-5km","bicycle",2.19,0.199090909090909,1.16666666666667,1.39363636363636
"85598/1001",NA,85598,1649,"15-19 years","female",20,5756,"Education",659.454467773438,659.454467773438,"car",0.166666666666667,2.26,"weekday",1,"15 to 19","3-5km","bicycle",2.26,0.205454545454545,1.16666666666667,1.43818181818182
"85598/1001",NA,85598,1649,"15-19 years","female",20,5757,"Education",659.454467773438,659.454467773438,"car",0.166666666666667,2.19,"weekday",2,"15 to 19","3-5km","bicycle",2.19,0.199090909090909,1.16666666666667,1.39363636363636
"85598/1002",NA,85598,1650,"15-19 years","female",20,5758,"Education",659.454467773438,659.454467773438,"car",0.166666666666667,2.26,"weekday",1,"15 to 19","3-5km","bicycle",2.26,0.205454545454545,1.16666666666667,1.43818181818182
"85598/1002",NA,85598,1650,"15-19 years","female",20,5759,"Education",659.454467773438,659.454467773438,"car",0.166666666666667,2.19,"weekday",2,"15 to 19","3-5km","bicycle",2.19,0.199090909090909,1.16666666666667,1.39363636363636
"85599/1000",NA,85599,1651,"45-49 years","male",20,5760,"Work",552.430297851562,552.430297851562,"car",0.333333333333333,12.01,"weekday",1,"40 to 64",">10km","car",12.01,0.333333333333333,2.33333333333333,2.33333333333333
"85599/1000",NA,85599,1651,"45-49 years","male",20,5761,"Work",552.430297851562,552.430297851562,"car",0.416666666666667,11.78,"weekday",2,"40 to 64",">10km","car",11.78,0.416666666666667,2.91666666666667,2.91666666666667
"85599/1001",NA,85599,1652,"40-44 years","female",20,5762,"Other",647.70849609375,647.70849609375,"car",0.166666666666667,5.61,"weekday",1,"40 to 64","6-10km","car",5.61,0.166666666666667,1.16666666666667,1.16666666666667
"85599/1001",NA,85599,1652,"40-44 years","female",20,5763,"Other",647.70849609375,647.70849609375,"car",0.166666666666667,5.66,"weekday",2,"40 to 64","6-10km","car",5.66,0.166666666666667,1.16666666666667,1.16666666666667
"85599/1002",NA,85599,1653,"20-24 years","male",20,5764,"Work",1088.4951171875,1088.4951171875,"car",0.5,22.04,"weekday",1,"20 to 39",">10km","car",22.04,0.5,3.5,3.5
"85599/1002",NA,85599,1653,"20-24 years","male",20,5765,"Work",1088.4951171875,1088.4951171875,"car",0.5,22.51,"weekday",2,"20 to 39",">10km","car",22.51,0.5,3.5,3.5
"85600/1000",NA,85600,1654,"50-54 years","female",20,5766,"Leisure",130.01872253418,130.01872253418,"car",0.25,20.57,"weekday",1,"40 to 64",">10km","car",20.57,0.25,1.75,1.75
"85600/1000",NA,85600,1654,"50-54 years","female",20,5767,"Work",130.01872253418,130.01872253418,"walking",0.116666666666667,0.61,"weekday",2,"40 to 64","<1km","walking",0.61,0.116666666666667,0.816666666666667,0.816666666666667
"85600/1000",NA,85600,1654,"50-54 years","female",20,5768,"Work",130.01872253418,130.01872253418,"car",0.333333333333333,20.14,"weekday",3,"40 to 64",">10km","car",20.14,0.333333333333333,2.33333333333333,2.33333333333333
"85605/1000",NA,85605,1655,"70-74 years","female",20,5769,"Leisure",105.644348144531,105.644348144531,"walking",0.25,0.47,"weekday",1,"65 plus","<1km","walking",0.47,0.25,1.75,1.75
"85605/1000",NA,85605,1655,"70-74 years","female",20,5770,"Leisure",105.644348144531,105.644348144531,"walking",0.25,0.47,"weekday",2,"65 plus","<1km","walking",0.47,0.25,1.75,1.75
"85607/1000",NA,85607,1656,"50-54 years","male",20,5771,"Other",184.723663330078,184.723663330078,"car",0.0833333333333333,1.17,"weekday",1,"40 to 64","1-2km","bicycle",1.17,0.106363636363636,0.583333333333333,0.744545454545455
"85607/1000",NA,85607,1656,"50-54 years","male",20,5772,"Work",184.723663330078,184.723663330078,"car",0.333333333333333,20.33,"weekday",2,"40 to 64",">10km","car",20.33,0.333333333333333,2.33333333333333,2.33333333333333
"85607/1000",NA,85607,1656,"50-54 years","male",20,5773,"Work",184.723663330078,184.723663330078,"car",0.383333333333333,20.79,"weekday",3,"40 to 64",">10km","car",20.79,0.383333333333333,2.68333333333333,2.68333333333333
"85607/1001",NA,85607,1657,"15-19 years","female",20,5774,"Education",174.177276611328,174.177276611328,"car",0.0833333333333333,1.17,"weekday",1,"15 to 19","1-2km","bicycle",1.17,0.106363636363636,0.583333333333333,0.744545454545455
"85607/1001",NA,85607,1657,"15-19 years","female",20,5775,"Education",174.177276611328,174.177276611328,"walking",0.416666666666667,1.15,"weekday",2,"15 to 19","1-2km","walking",1.15,0.416666666666667,2.91666666666667,2.91666666666667
"85608/1000",NA,85608,1658,"60-64 years","male",20,5776,"Other",126.624420166016,126.624420166016,"car",0.0833333333333333,1.2,"weekday",1,"40 to 64","1-2km","bicycle",1.2,0.109090909090909,0.583333333333333,0.763636363636364
"85608/1000",NA,85608,1658,"60-64 years","male",20,5777,"Other",126.624420166016,126.624420166016,"car",0.0833333333333333,1.17,"weekday",2,"40 to 64","1-2km","bicycle",1.17,0.106363636363636,0.583333333333333,0.744545454545455
"85608/1001",NA,85608,1659,"60-64 years","female",20,5778,"Other",170.002777099609,170.002777099609,"car",0.0833333333333333,1.2,"weekday",1,"40 to 64","1-2km","bicycle",1.2,0.109090909090909,0.583333333333333,0.763636363636364
"85608/1001",NA,85608,1659,"60-64 years","female",20,5779,"Other",170.002777099609,170.002777099609,"car",0.0833333333333333,1.17,"weekday",2,"40 to 64","1-2km","bicycle",1.17,0.106363636363636,0.583333333333333,0.744545454545455
"85609/1000",NA,85609,1660,"55-59 years","female",20,5780,"Leisure",176.243804931641,176.243804931641,"car",1,19.72,"weekday",1,"40 to 64",">10km","car",19.72,1,7,7
"85609/1000",NA,85609,1660,"55-59 years","female",20,5781,"Leisure",176.243804931641,176.243804931641,"car",1,19.98,"weekday",2,"40 to 64",">10km","car",19.98,1,7,7
"85609/1002",NA,85609,1661,"20-24 years","female",20,5782,"Work",271.554656982422,271.554656982422,"car",1,25.23,"weekday",1,"20 to 39",">10km","car",25.23,1,7,7
"85610/1000",NA,85610,1662,"30-34 years","male",20,5783,"Other",160.394088745117,160.394088745117,"car",0.0666666666666667,1.08,"weekday",1,"20 to 39","1-2km","bicycle",1.08,0.0981818181818182,0.466666666666667,0.687272727272727
"85610/1000",NA,85610,1662,"30-34 years","male",20,5784,"Other",160.394088745117,160.394088745117,"car",0.0833333333333333,1.08,"weekday",2,"20 to 39","1-2km","bicycle",1.08,0.0981818181818182,0.583333333333333,0.687272727272727
"85610/1000",NA,85610,1662,"30-34 years","male",20,5785,"Other",160.394088745117,160.394088745117,"car",0.0833333333333333,1.08,"weekday",3,"20 to 39","1-2km","bicycle",1.08,0.0981818181818182,0.583333333333333,0.687272727272727
"85610/1000",NA,85610,1662,"30-34 years","male",20,5786,"Other",160.394088745117,160.394088745117,"car",0.0666666666666667,1.08,"weekday",4,"20 to 39","1-2km","bicycle",1.08,0.0981818181818182,0.466666666666667,0.687272727272727
"85616/1000",NA,85616,1663,"65-69 years","female",20,5787,"Leisure",89.9724197387695,89.9724197387695,"walking",0.333333333333333,1.62,"weekday",1,"65 plus","1-2km","walking",1.62,0.333333333333333,2.33333333333333,2.33333333333333
"85616/1000",NA,85616,1663,"65-69 years","female",20,5788,"Leisure",89.9724197387695,89.9724197387695,"walking",0.333333333333333,1.62,"weekday",2,"65 plus","1-2km","walking",1.62,0.333333333333333,2.33333333333333,2.33333333333333
"85616/1000",NA,85616,1663,"65-69 years","female",20,5789,"Shopping",89.9724197387695,89.9724197387695,"car",0.0833333333333333,1.4,"weekday",3,"65 plus","1-2km","bicycle",1.4,0.127272727272727,0.583333333333333,0.890909090909091
"85616/1000",NA,85616,1663,"65-69 years","female",20,5790,"Shopping",89.9724197387695,89.9724197387695,"car",0.0833333333333333,1.46,"weekday",4,"65 plus","1-2km","bicycle",1.46,0.132727272727273,0.583333333333333,0.929090909090909
"85618/1003",NA,85618,1664,"40-44 years","male",20,5791,"Other",129.676559448242,129.676559448242,"car",0.833333333333333,49.26,"weekday",1,"40 to 64",">10km","car",49.26,0.833333333333333,5.83333333333333,5.83333333333333
"85618/1003",NA,85618,1664,"40-44 years","male",20,5792,"Other",129.676559448242,129.676559448242,"car",0.0833333333333333,1.49,"weekday",2,"40 to 64","1-2km","bicycle",1.49,0.135454545454545,0.583333333333333,0.948181818181818
"85618/1003",NA,85618,1664,"40-44 years","male",20,5793,"Work",129.676559448242,129.676559448242,"car",0.833333333333333,49.5,"weekday",3,"40 to 64",">10km","car",49.5,0.833333333333333,5.83333333333333,5.83333333333333
"85618/1004",NA,85618,1665,"40-44 years","female",20,5794,"Other",175.531768798828,175.531768798828,"car",0.0833333333333333,1.49,"weekday",1,"40 to 64","1-2km","bicycle",1.49,0.135454545454545,0.583333333333333,0.948181818181818
"85618/1004",NA,85618,1665,"40-44 years","female",20,5795,"Work",175.531768798828,175.531768798828,"car",0.416666666666667,27.86,"weekday",2,"40 to 64",">10km","car",27.86,0.416666666666667,2.91666666666667,2.91666666666667
"85618/1004",NA,85618,1665,"40-44 years","female",20,5796,"Work",175.531768798828,175.531768798828,"car",0.5,27.53,"weekday",3,"40 to 64",">10km","car",27.53,0.5,3.5,3.5
"85620/1000",NA,85620,1666,"20-24 years","male",20,5797,"Shopping",199.705612182617,199.705612182617,"car",0.0833333333333333,1.63,"weekday",1,"20 to 39","1-2km","bicycle",1.63,0.148181818181818,0.583333333333333,1.03727272727273
"85620/1000",NA,85620,1666,"20-24 years","male",20,5798,"Shopping",199.705612182617,199.705612182617,"car",0.0833333333333333,1.68,"weekday",2,"20 to 39","1-2km","bicycle",1.68,0.152727272727273,0.583333333333333,1.06909090909091
"85621/1000",NA,85621,1667,"45-49 years","male",20,5799,"Work",181.739990234375,181.739990234375,"car",0.416666666666667,20.47,"weekday",1,"40 to 64",">10km","car",20.47,0.416666666666667,2.91666666666667,2.91666666666667
"85621/1000",NA,85621,1667,"45-49 years","male",20,5800,"Work",181.739990234375,181.739990234375,"car",0.416666666666667,20.56,"weekday",2,"40 to 64",">10km","car",20.56,0.416666666666667,2.91666666666667,2.91666666666667
"85623/1000",NA,85623,1668,"55-59 years","male",20,5801,"Other",141.208511352539,141.208511352539,"car",0.333333333333333,20.04,"weekday",1,"40 to 64",">10km","car",20.04,0.333333333333333,2.33333333333333,2.33333333333333
"85623/1000",NA,85623,1668,"55-59 years","male",20,5802,"Shopping",141.208511352539,141.208511352539,"car",0.166666666666667,5.48,"weekday",2,"40 to 64","6-10km","car",5.48,0.166666666666667,1.16666666666667,1.16666666666667
"85623/1000",NA,85623,1668,"55-59 years","male",20,5803,"Shopping",141.208511352539,141.208511352539,"car",0.25,18.51,"weekday",3,"40 to 64",">10km","car",18.51,0.25,1.75,1.75
"85625/1000",NA,85625,1669,"45-49 years","male",20,5804,"Shopping",130.098175048828,130.098175048828,"car",0.0833333333333333,1.11,"weekday",1,"40 to 64","1-2km","bicycle",1.11,0.100909090909091,0.583333333333333,0.706363636363636
"85625/1000",NA,85625,1669,"45-49 years","male",20,5805,"Shopping",130.098175048828,130.098175048828,"car",0.0666666666666667,1.25,"weekday",2,"40 to 64","1-2km","bicycle",1.25,0.113636363636364,0.466666666666667,0.795454545454545
"85628/1000",NA,85628,1670,"55-59 years","female",20,5806,"Other",151.029312133789,151.029312133789,"car",0.0833333333333333,1.51,"weekday",1,"40 to 64","1-2km","bicycle",1.51,0.137272727272727,0.583333333333333,0.960909090909091
"85628/1000",NA,85628,1670,"55-59 years","female",20,5807,"Other",151.029312133789,151.029312133789,"car",0.5,20.85,"weekday",2,"40 to 64",">10km","car",20.85,0.5,3.5,3.5
"85628/1000",NA,85628,1670,"55-59 years","female",20,5808,"Other",151.029312133789,151.029312133789,"car",0.5,20.93,"weekday",3,"40 to 64",">10km","car",20.93,0.5,3.5,3.5
"85628/1000",NA,85628,1670,"55-59 years","female",20,5809,"Other",151.029312133789,151.029312133789,"car",0.0833333333333333,1.51,"weekday",4,"40 to 64","1-2km","bicycle",1.51,0.137272727272727,0.583333333333333,0.960909090909091
"85628/1001",NA,85628,1671,"70-74 years","male",20,5810,"Other",103.645225524902,103.645225524902,"car",0.0833333333333333,1.84,"weekday",1,"65 plus","1-2km","bicycle",1.84,0.167272727272727,0.583333333333333,1.17090909090909
"85628/1001",NA,85628,1671,"70-74 years","male",20,5811,"Other",103.645225524902,103.645225524902,"car",0.0833333333333333,1.84,"weekday",2,"65 plus","1-2km","bicycle",1.84,0.167272727272727,0.583333333333333,1.17090909090909
"85629/1000",NA,85629,1672,"50-54 years","female",20,5812,"Leisure",130.01872253418,130.01872253418,"walking",0.166666666666667,1.33,"weekday",1,"40 to 64","1-2km","walking",1.33,0.166666666666667,1.16666666666667,1.16666666666667
"85629/1000",NA,85629,1672,"50-54 years","female",20,5813,"Leisure",130.01872253418,130.01872253418,"walking",0.166666666666667,1.33,"weekday",2,"40 to 64","1-2km","walking",1.33,0.166666666666667,1.16666666666667,1.16666666666667
"85637/1001",NA,85637,1673,"40-44 years","female",20,5814,"Other",259.748474121094,259.748474121094,"car",0.25,11.08,"weekday",1,"40 to 64",">10km","car",11.08,0.25,1.75,1.75
"85637/1001",NA,85637,1673,"40-44 years","female",20,5815,"Other",259.748474121094,259.748474121094,"car",0.25,12.22,"weekday",2,"40 to 64",">10km","car",12.22,0.25,1.75,1.75
"85637/1001",NA,85637,1673,"40-44 years","female",20,5816,"Work",259.748474121094,259.748474121094,"car",0.0833333333333333,2.23,"weekday",3,"40 to 64","3-5km","bicycle",2.23,0.202727272727273,0.583333333333333,1.41909090909091
"85637/1001",NA,85637,1673,"40-44 years","female",20,5817,"Work",259.748474121094,259.748474121094,"public.transport",0.416666666666667,7.92,"weekday",3,"40 to 64","6-10km","public.transport",7.92,0.416666666666667,2.91666666666667,2.91666666666667
"85637/1001",NA,85637,1673,"40-44 years","female",20,5818,"Work",259.748474121094,259.748474121094,"walking",0.166666666666667,0.48,"weekday",3,"40 to 64","<1km","walking",0.48,0.166666666666667,1.16666666666667,1.16666666666667
"85637/1001",NA,85637,1673,"40-44 years","female",20,5819,"Work",259.748474121094,259.748474121094,"walking",0.0833333333333333,0.08,"weekday",4,"40 to 64","<1km","walking",0.08,0.0833333333333333,0.583333333333333,0.583333333333333
"85637/1001",NA,85637,1673,"40-44 years","female",20,5820,"Work",259.748474121094,259.748474121094,"walking",0.0833333333333333,0.08,"weekday",5,"40 to 64","<1km","walking",0.08,0.0833333333333333,0.583333333333333,0.583333333333333
"85637/1001",NA,85637,1673,"40-44 years","female",20,5821,"Other",259.748474121094,259.748474121094,"car",0.0333333333333333,0.48,"weekday",6,"40 to 64","<1km","bicycle",0.48,0.0436363636363636,0.233333333333333,0.305454545454545
"85637/1001",NA,85637,1673,"40-44 years","female",20,5822,"Other",259.748474121094,259.748474121094,"public.transport",0.283333333333333,7.92,"weekday",6,"40 to 64","6-10km","public.transport",7.92,0.283333333333333,1.98333333333333,1.98333333333333
"85637/1001",NA,85637,1673,"40-44 years","female",20,5823,"Other",259.748474121094,259.748474121094,"car",0.166666666666667,2.06,"weekday",6,"40 to 64","3-5km","bicycle",2.06,0.187272727272727,1.16666666666667,1.31090909090909
"85637/1001",NA,85637,1673,"40-44 years","female",20,5824,"Other",259.748474121094,259.748474121094,"car",0.333333333333333,12.39,"weekday",7,"40 to 64",">10km","car",12.39,0.333333333333333,2.33333333333333,2.33333333333333
"85637/1001",NA,85637,1673,"40-44 years","female",20,5825,"Shopping",259.748474121094,259.748474121094,"car",0.166666666666667,7.46,"weekday",8,"40 to 64","6-10km","car",7.46,0.166666666666667,1.16666666666667,1.16666666666667
"85637/1001",NA,85637,1673,"40-44 years","female",20,5826,"Shopping",259.748474121094,259.748474121094,"car",0.166666666666667,7.84,"weekday",9,"40 to 64","6-10km","car",7.84,0.166666666666667,1.16666666666667,1.16666666666667
"85645/1000",NA,85645,1674,"50-54 years","male",20,5827,"Work",145.04621887207,145.04621887207,"car",0.583333333333333,37.33,"weekday",1,"40 to 64",">10km","car",37.33,0.583333333333333,4.08333333333333,4.08333333333333
"85645/1000",NA,85645,1674,"50-54 years","male",20,5828,"Work",145.04621887207,145.04621887207,"car",0.333333333333333,9.58,"weekday",2,"40 to 64","6-10km","car",9.58,0.333333333333333,2.33333333333333,2.33333333333333
"85645/1000",NA,85645,1674,"50-54 years","male",20,5829,"Work",145.04621887207,145.04621887207,"car",0.333333333333333,4.9,"weekday",3,"40 to 64","3-5km","bicycle",4.9,0.445454545454545,2.33333333333333,3.11818181818182
"85645/1000",NA,85645,1674,"50-54 years","male",20,5830,"Work",145.04621887207,145.04621887207,"car",0.216666666666667,4.88,"weekday",4,"40 to 64","3-5km","bicycle",4.88,0.443636363636364,1.51666666666667,3.10545454545455
"85645/1000",NA,85645,1674,"50-54 years","male",20,5831,"Work",145.04621887207,145.04621887207,"car",1,34.99,"weekday",5,"40 to 64",">10km","car",34.99,1,7,7
"85647/1000",NA,85647,1676,"55-59 years","male",20,5834,"Work",167.802215576172,167.802215576172,"car",0.25,2.11,"weekday",1,"40 to 64","3-5km","bicycle",2.11,0.191818181818182,1.75,1.34272727272727
"85647/1000",NA,85647,1676,"55-59 years","male",20,5835,"Other",167.802215576172,167.802215576172,"car",0.75,43.32,"weekday",2,"40 to 64",">10km","car",43.32,0.75,5.25,5.25
"85647/1000",NA,85647,1676,"55-59 years","male",20,5836,"Other",167.802215576172,167.802215576172,"car",0.75,43.44,"weekday",3,"40 to 64",">10km","car",43.44,0.75,5.25,5.25
"85647/1000",NA,85647,1676,"55-59 years","male",20,5837,"Work",167.802215576172,167.802215576172,"car",0.233333333333333,2.05,"weekday",4,"40 to 64","3-5km","bicycle",2.05,0.186363636363636,1.63333333333333,1.30454545454545
"85652/1000",NA,85652,1677,"50-54 years","male",20,5838,"Shopping",117.728157043457,117.728157043457,"car",0.183333333333333,12.16,"weekday",1,"40 to 64",">10km","car",12.16,0.183333333333333,1.28333333333333,1.28333333333333
"85652/1000",NA,85652,1677,"50-54 years","male",20,5839,"Shopping",117.728157043457,117.728157043457,"car",0.166666666666667,12.25,"weekday",2,"40 to 64",">10km","car",12.25,0.166666666666667,1.16666666666667,1.16666666666667
"85652/1000",NA,85652,1677,"50-54 years","male",20,5840,"Shopping",117.728157043457,117.728157043457,"car",0.0833333333333333,0.92,"weekday",3,"40 to 64","<1km","bicycle",0.92,0.0836363636363636,0.583333333333333,0.585454545454545
"85652/1000",NA,85652,1677,"50-54 years","male",20,5841,"Shopping",117.728157043457,117.728157043457,"car",0.0833333333333333,0.91,"weekday",4,"40 to 64","<1km","bicycle",0.91,0.0827272727272727,0.583333333333333,0.579090909090909
"85652/1000",NA,85652,1677,"50-54 years","male",20,5842,"Other",117.728157043457,117.728157043457,"car",0.0666666666666667,1.51,"weekday",5,"40 to 64","1-2km","bicycle",1.51,0.137272727272727,0.466666666666667,0.960909090909091
"85652/1000",NA,85652,1677,"50-54 years","male",20,5843,"Other",117.728157043457,117.728157043457,"car",0.0666666666666667,1.51,"weekday",6,"40 to 64","1-2km","bicycle",1.51,0.137272727272727,0.466666666666667,0.960909090909091
"85653/1000",NA,85653,1678,"55-59 years","male",20,5844,"Work",136.198272705078,136.198272705078,"bicycle",0.166666666666667,1.64,"weekday",1,"40 to 64","1-2km","bicycle",1.64,0.166666666666667,1.16666666666667,1.16666666666667
"85653/1000",NA,85653,1678,"55-59 years","male",20,5845,"Work",136.198272705078,136.198272705078,"bicycle",0.25,1.64,"weekday",2,"40 to 64","1-2km","bicycle",1.64,0.25,1.75,1.75
"85657/1000",NA,85657,1679,"65-69 years","female",20,5846,"Other",129.623992919922,129.623992919922,"car",0.166666666666667,3.54,"weekday",1,"65 plus","3-5km","bicycle",3.54,0.321818181818182,1.16666666666667,2.25272727272727
"85657/1000",NA,85657,1679,"65-69 years","female",20,5847,"Shopping",129.623992919922,129.623992919922,"car",0.166666666666667,3.64,"weekday",2,"65 plus","3-5km","bicycle",3.64,0.330909090909091,1.16666666666667,2.31636363636364
"85657/1000",NA,85657,1679,"65-69 years","female",20,5848,"Shopping",129.623992919922,129.623992919922,"car",0.0833333333333333,2.7,"weekday",3,"65 plus","3-5km","bicycle",2.7,0.245454545454545,0.583333333333333,1.71818181818182
"85657/1001",NA,85657,1680,"65-69 years","female",20,5849,"Leisure",129.623992919922,129.623992919922,"car",0.25,10.87,"weekday",1,"65 plus",">10km","car",10.87,0.25,1.75,1.75
"85657/1001",NA,85657,1680,"65-69 years","female",20,5850,"Leisure",129.623992919922,129.623992919922,"car",0.25,11.4,"weekday",2,"65 plus",">10km","car",11.4,0.25,1.75,1.75
"85657/1001",NA,85657,1680,"65-69 years","female",20,5851,"Other",129.623992919922,129.623992919922,"car",0.166666666666667,3.54,"weekday",3,"65 plus","3-5km","bicycle",3.54,0.321818181818182,1.16666666666667,2.25272727272727
"85657/1001",NA,85657,1680,"65-69 years","female",20,5852,"Shopping",129.623992919922,129.623992919922,"car",0.166666666666667,3.64,"weekday",4,"65 plus","3-5km","bicycle",3.64,0.330909090909091,1.16666666666667,2.31636363636364
"85657/1001",NA,85657,1680,"65-69 years","female",20,5853,"Shopping",129.623992919922,129.623992919922,"car",0.25,2.7,"weekday",5,"65 plus","3-5km","bicycle",2.7,0.245454545454545,1.75,1.71818181818182
"85657/1001",NA,85657,1680,"65-69 years","female",20,5854,"Leisure",129.623992919922,129.623992919922,"car",0.0833333333333333,2.72,"weekday",6,"65 plus","3-5km","bicycle",2.72,0.247272727272727,0.583333333333333,1.73090909090909
"85657/1001",NA,85657,1680,"65-69 years","female",20,5855,"Leisure",129.623992919922,129.623992919922,"car",0.0833333333333333,3.27,"weekday",7,"65 plus","3-5km","bicycle",3.27,0.297272727272727,0.583333333333333,2.08090909090909
"85658/1000",NA,85658,1681,"25-29 years","male",20,5856,"Work",213.285980224609,213.285980224609,"car",0.583333333333333,42.98,"weekday",1,"20 to 39",">10km","car",42.98,0.583333333333333,4.08333333333333,4.08333333333333
"85658/1000",NA,85658,1681,"25-29 years","male",20,5857,"Work",213.285980224609,213.285980224609,"car",0.75,42.47,"weekday",2,"20 to 39",">10km","car",42.47,0.75,5.25,5.25
"85658/1001",NA,85658,1682,"25-29 years","male",20,5858,"Work",213.285980224609,213.285980224609,"car",0.166666666666667,4.13,"weekday",1,"20 to 39","3-5km","bicycle",4.13,0.375454545454545,1.16666666666667,2.62818181818182
"85658/1001",NA,85658,1682,"25-29 years","male",20,5859,"Leisure",213.285980224609,213.285980224609,"car",0.166666666666667,4.07,"weekday",2,"20 to 39","3-5km","bicycle",4.07,0.37,1.16666666666667,2.59
"85660/1000",NA,85660,1683,"80-84 years","male",20,5860,"Shopping",111.738418579102,111.738418579102,"car",0.0833333333333333,1.08,"weekday",1,"65 plus","1-2km","bicycle",1.08,0.0981818181818182,0.583333333333333,0.687272727272727
"85660/1000",NA,85660,1683,"80-84 years","male",20,5861,"Shopping",111.738418579102,111.738418579102,"car",0.166666666666667,1.1,"weekday",2,"65 plus","1-2km","bicycle",1.1,0.1,1.16666666666667,0.7
"85660/1001",NA,85660,1684,"75-79 years","female",20,5863,"Shopping",81.3612976074219,81.3612976074219,"car",0.0833333333333333,1.08,"weekday",2,"65 plus","1-2km","bicycle",1.08,0.0981818181818182,0.583333333333333,0.687272727272727
"85660/1001",NA,85660,1684,"75-79 years","female",20,5864,"Shopping",81.3612976074219,81.3612976074219,"car",0.166666666666667,1.1,"weekday",3,"65 plus","1-2km","bicycle",1.1,0.1,1.16666666666667,0.7
"85662/1000",NA,85662,1685,"55-59 years","female",20,5865,"Work",120.31526184082,120.31526184082,"car",0.666666666666667,24.38,"weekday",1,"40 to 64",">10km","car",24.38,0.666666666666667,4.66666666666667,4.66666666666667
"85662/1000",NA,85662,1685,"55-59 years","female",20,5866,"Work",120.31526184082,120.31526184082,"car",1,24.45,"weekday",2,"40 to 64",">10km","car",24.45,1,7,7
"85663/1000",NA,85663,1686,"35-39 years","male",20,5867,"Work",102.222640991211,102.222640991211,"car",0.583333333333333,13.76,"weekday",1,"20 to 39",">10km","car",13.76,0.583333333333333,4.08333333333333,4.08333333333333
"85663/1000",NA,85663,1686,"35-39 years","male",20,5868,"Work",102.222640991211,102.222640991211,"car",0.566666666666667,13.79,"weekday",2,"20 to 39",">10km","car",13.79,0.566666666666667,3.96666666666667,3.96666666666667
"85663/1001",NA,85663,1687,"35-39 years","female",20,5869,"Other",107.431304931641,107.431304931641,"car",0.333333333333333,7.58,"weekday",1,"20 to 39","6-10km","car",7.58,0.333333333333333,2.33333333333333,2.33333333333333
"85663/1001",NA,85663,1687,"35-39 years","female",20,5870,"Other",107.431304931641,107.431304931641,"car",0.383333333333333,7.76,"weekday",2,"20 to 39","6-10km","car",7.76,0.383333333333333,2.68333333333333,2.68333333333333
"85663/1001",NA,85663,1687,"35-39 years","female",20,5871,"Other",107.431304931641,107.431304931641,"car",0.716666666666667,7.58,"weekday",3,"20 to 39","6-10km","car",7.58,0.716666666666667,5.01666666666667,5.01666666666667
"85663/1001",NA,85663,1687,"35-39 years","female",20,5872,"Other",107.431304931641,107.431304931641,"car",0.5,7.76,"weekday",4,"20 to 39","6-10km","car",7.76,0.5,3.5,3.5
"85665/1000",NA,85665,1688,"40-44 years","female",20,5873,"Work",77.7493667602539,77.7493667602539,"car",0.75,29.37,"weekday",1,"40 to 64",">10km","car",29.37,0.75,5.25,5.25
"85665/1000",NA,85665,1688,"40-44 years","female",20,5874,"Work",77.7493667602539,77.7493667602539,"walking",0.25,0.84,"weekday",1,"40 to 64","<1km","walking",0.84,0.25,1.75,1.75
"85665/1000",NA,85665,1688,"40-44 years","female",20,5875,"Shopping",77.7493667602539,77.7493667602539,"walking",0.166666666666667,0.84,"weekday",2,"40 to 64","<1km","walking",0.84,0.166666666666667,1.16666666666667,1.16666666666667
"85665/1000",NA,85665,1688,"40-44 years","female",20,5876,"Shopping",77.7493667602539,77.7493667602539,"car",0.25,5.01,"weekday",2,"40 to 64","6-10km","car",5.01,0.25,1.75,1.75
"85665/1000",NA,85665,1688,"40-44 years","female",20,5877,"Shopping",77.7493667602539,77.7493667602539,"car",0.333333333333333,24.21,"weekday",3,"40 to 64",">10km","car",24.21,0.333333333333333,2.33333333333333,2.33333333333333
"85665/1000",NA,85665,1688,"40-44 years","female",20,5878,"Shopping",77.7493667602539,77.7493667602539,"car",0.166666666666667,1.11,"weekday",4,"40 to 64","1-2km","bicycle",1.11,0.100909090909091,1.16666666666667,0.706363636363636
"85665/1001",NA,85665,1689,"15-19 years","female",20,5879,"Education",68.9941024780273,68.9941024780273,"car",0.166666666666667,2.4,"weekday",1,"15 to 19","3-5km","bicycle",2.4,0.218181818181818,1.16666666666667,1.52727272727273
"85665/1001",NA,85665,1689,"15-19 years","female",20,5880,"Education",68.9941024780273,68.9941024780273,"car",0.166666666666667,2.34,"weekday",2,"15 to 19","3-5km","bicycle",2.34,0.212727272727273,1.16666666666667,1.48909090909091
"85667/1000",NA,85667,1690,"45-49 years","male",20,5881,"Work",131.999420166016,131.999420166016,"car",0.916666666666667,28.78,"weekday",1,"40 to 64",">10km","car",28.78,0.916666666666667,6.41666666666667,6.41666666666667
"85667/1000",NA,85667,1690,"45-49 years","male",20,5882,"Work",131.999420166016,131.999420166016,"car",0.833333333333333,28.92,"weekday",2,"40 to 64",">10km","car",28.92,0.833333333333333,5.83333333333333,5.83333333333333
"85667/1001",NA,85667,1691,"40-44 years","female",20,5883,"Other",119.332992553711,119.332992553711,"car",0.166666666666667,2.76,"weekday",1,"40 to 64","3-5km","bicycle",2.76,0.250909090909091,1.16666666666667,1.75636363636364
"85667/1001",NA,85667,1691,"40-44 years","female",20,5884,"Work",119.332992553711,119.332992553711,"car",0.833333333333333,63.81,"weekday",2,"40 to 64",">10km","car",63.81,0.833333333333333,5.83333333333333,5.83333333333333
"85667/1001",NA,85667,1691,"40-44 years","female",20,5885,"Work",119.332992553711,119.332992553711,"car",0.333333333333333,12.17,"weekday",3,"40 to 64",">10km","car",12.17,0.333333333333333,2.33333333333333,2.33333333333333
"85667/1001",NA,85667,1691,"40-44 years","female",20,5886,"Work",119.332992553711,119.332992553711,"car",0.416666666666667,21.06,"weekday",4,"40 to 64",">10km","car",21.06,0.416666666666667,2.91666666666667,2.91666666666667
"85667/1001",NA,85667,1691,"40-44 years","female",20,5887,"Work",119.332992553711,119.332992553711,"car",0.833333333333333,52.38,"weekday",5,"40 to 64",">10km","car",52.38,0.833333333333333,5.83333333333333,5.83333333333333
"85667/1001",NA,85667,1691,"40-44 years","female",20,5888,"Other",119.332992553711,119.332992553711,"car",0.166666666666667,2.76,"weekday",6,"40 to 64","3-5km","bicycle",2.76,0.250909090909091,1.16666666666667,1.75636363636364
"85667/1001",NA,85667,1691,"40-44 years","female",20,5889,"Other",119.332992553711,119.332992553711,"car",0.25,2.71,"weekday",7,"40 to 64","3-5km","bicycle",2.71,0.246363636363636,1.75,1.72454545454545
"85668/1000",NA,85668,1692,"70-74 years","male",20,5890,"Other",68.7407379150391,68.7407379150391,"car",0.0833333333333333,1.32,"weekday",1,"65 plus","1-2km","bicycle",1.32,0.12,0.583333333333333,0.84
"85668/1000",NA,85668,1692,"70-74 years","male",20,5891,"Shopping",68.7407379150391,68.7407379150391,"car",0.05,0.5,"weekday",2,"65 plus","<1km","bicycle",0.5,0.0454545454545455,0.35,0.318181818181818
"85668/1000",NA,85668,1692,"70-74 years","male",20,5892,"Shopping",68.7407379150391,68.7407379150391,"car",0.0833333333333333,1.24,"weekday",3,"65 plus","1-2km","bicycle",1.24,0.112727272727273,0.583333333333333,0.789090909090909
"85668/1000",NA,85668,1692,"70-74 years","male",20,5893,"Other",68.7407379150391,68.7407379150391,"car",0.0833333333333333,1.32,"weekday",4,"65 plus","1-2km","bicycle",1.32,0.12,0.583333333333333,0.84
"85668/1000",NA,85668,1692,"70-74 years","male",20,5894,"Other",68.7407379150391,68.7407379150391,"car",0.0833333333333333,1.5,"weekday",5,"65 plus","1-2km","bicycle",1.5,0.136363636363636,0.583333333333333,0.954545454545454
"85668/1001",NA,85668,1693,"50-54 years","female",20,5895,"Shopping",69.2914581298828,69.2914581298828,"car",0.0833333333333333,1.32,"weekday",1,"40 to 64","1-2km","bicycle",1.32,0.12,0.583333333333333,0.84
"85668/1001",NA,85668,1693,"50-54 years","female",20,5896,"Shopping",69.2914581298828,69.2914581298828,"public.transport",0.583333333333333,22.77,"weekday",1,"40 to 64",">10km","public.transport",22.77,0.583333333333333,4.08333333333333,4.08333333333333
"85668/1001",NA,85668,1693,"50-54 years","female",20,5897,"Shopping",69.2914581298828,69.2914581298828,"walking",0.0833333333333333,0.5,"weekday",1,"40 to 64","<1km","walking",0.5,0.0833333333333333,0.583333333333333,0.583333333333333
"85668/1001",NA,85668,1693,"50-54 years","female",20,5898,"Shopping",69.2914581298828,69.2914581298828,"walking",0.0833333333333333,0.5,"weekday",2,"40 to 64","<1km","walking",0.5,0.0833333333333333,0.583333333333333,0.583333333333333
"85668/1001",NA,85668,1693,"50-54 years","female",20,5899,"Shopping",69.2914581298828,69.2914581298828,"public.transport",0.583333333333333,23.18,"weekday",2,"40 to 64",">10km","public.transport",23.18,0.583333333333333,4.08333333333333,4.08333333333333
"85668/1001",NA,85668,1693,"50-54 years","female",20,5900,"Shopping",69.2914581298828,69.2914581298828,"car",0.0833333333333333,1.5,"weekday",2,"40 to 64","1-2km","bicycle",1.5,0.136363636363636,0.583333333333333,0.954545454545454
"85673/1000",NA,85673,1694,"80-84 years","male",20,5901,"Other",141.546569824219,141.546569824219,"car",0.166666666666667,1.4,"weekday",1,"65 plus","1-2km","bicycle",1.4,0.127272727272727,1.16666666666667,0.890909090909091
"85673/1000",NA,85673,1694,"80-84 years","male",20,5902,"Other",141.546569824219,141.546569824219,"car",0.166666666666667,0.91,"weekday",2,"65 plus","<1km","bicycle",0.91,0.0827272727272727,1.16666666666667,0.579090909090909
"85673/1000",NA,85673,1694,"80-84 years","male",20,5903,"Shopping",141.546569824219,141.546569824219,"car",0.166666666666667,1.78,"weekday",3,"65 plus","1-2km","bicycle",1.78,0.161818181818182,1.16666666666667,1.13272727272727
"85673/1000",NA,85673,1694,"80-84 years","male",20,5904,"Shopping",141.546569824219,141.546569824219,"car",0.25,6.69,"weekday",4,"65 plus","6-10km","car",6.69,0.25,1.75,1.75
"85673/1000",NA,85673,1694,"80-84 years","male",20,5905,"Shopping",141.546569824219,141.546569824219,"car",0.333333333333333,7.37,"weekday",5,"65 plus","6-10km","car",7.37,0.333333333333333,2.33333333333333,2.33333333333333
"85676/1000",NA,85676,1695,"55-59 years","female",20,5906,"Other",120.31526184082,120.31526184082,"car",0.5,4.19,"weekday",1,"40 to 64","3-5km","bicycle",4.19,0.380909090909091,3.5,2.66636363636364
"85676/1000",NA,85676,1695,"55-59 years","female",20,5907,"Shopping",120.31526184082,120.31526184082,"car",0.5,4.71,"weekday",2,"40 to 64","3-5km","bicycle",4.71,0.428181818181818,3.5,2.99727272727273
"85676/1000",NA,85676,1695,"55-59 years","female",20,5908,"Leisure",120.31526184082,120.31526184082,"car",0.333333333333333,6.9,"weekday",3,"40 to 64","6-10km","car",6.9,0.333333333333333,2.33333333333333,2.33333333333333
"85676/1000",NA,85676,1695,"55-59 years","female",20,5909,"Leisure",120.31526184082,120.31526184082,"car",0.5,7.43,"weekday",4,"40 to 64","6-10km","car",7.43,0.5,3.5,3.5
"85681/1000",NA,85681,1696,"35-39 years","female",20,5910,"Work",69.9950256347656,69.9950256347656,"car",0.25,3.05,"weekday",1,"20 to 39","3-5km","bicycle",3.05,0.277272727272727,1.75,1.94090909090909
"85681/1000",NA,85681,1696,"35-39 years","female",20,5911,"Work",69.9950256347656,69.9950256347656,"car",0.25,3.16,"weekday",2,"20 to 39","3-5km","bicycle",3.16,0.287272727272727,1.75,2.01090909090909
"85684/1000",NA,85684,1697,"65-69 years","female",20,5912,"Other",131.996810913086,131.996810913086,"car",0.333333333333333,12.59,"weekday",1,"65 plus",">10km","car",12.59,0.333333333333333,2.33333333333333,2.33333333333333
"85684/1000",NA,85684,1697,"65-69 years","female",20,5913,"Other",131.996810913086,131.996810913086,"car",0.333333333333333,12.77,"weekday",2,"65 plus",">10km","car",12.77,0.333333333333333,2.33333333333333,2.33333333333333
"85684/1000",NA,85684,1697,"65-69 years","female",20,5914,"Other",131.996810913086,131.996810913086,"car",0.333333333333333,12.59,"weekday",3,"65 plus",">10km","car",12.59,0.333333333333333,2.33333333333333,2.33333333333333
"85684/1000",NA,85684,1697,"65-69 years","female",20,5915,"Other",131.996810913086,131.996810913086,"car",0.416666666666667,12.77,"weekday",4,"65 plus",">10km","car",12.77,0.416666666666667,2.91666666666667,2.91666666666667
"85684/1001",NA,85684,1698,"55-59 years","male",20,5916,"Work",132.476211547852,132.476211547852,"car",0.333333333333333,8.61,"weekday",1,"40 to 64","6-10km","car",8.61,0.333333333333333,2.33333333333333,2.33333333333333
"85684/1001",NA,85684,1698,"55-59 years","male",20,5917,"Work",132.476211547852,132.476211547852,"public.transport",0.966666666666667,37.38,"weekday",1,"40 to 64",">10km","public.transport",37.38,0.966666666666667,6.76666666666667,6.76666666666667
"85684/1001",NA,85684,1698,"55-59 years","male",20,5918,"Work",132.476211547852,132.476211547852,"walking",0.0666666666666667,0.29,"weekday",1,"40 to 64","<1km","walking",0.29,0.0666666666666667,0.466666666666667,0.466666666666667
"85684/1001",NA,85684,1698,"55-59 years","male",20,5920,"Leisure",132.476211547852,132.476211547852,"walking",0.0833333333333333,0.29,"weekday",3,"40 to 64","<1km","walking",0.29,0.0833333333333333,0.583333333333333,0.583333333333333
"85684/1001",NA,85684,1698,"55-59 years","male",20,5921,"Leisure",132.476211547852,132.476211547852,"public.transport",0.933333333333333,37.38,"weekday",3,"40 to 64",">10km","public.transport",37.38,0.933333333333333,6.53333333333333,6.53333333333333
"85684/1001",NA,85684,1698,"55-59 years","male",20,5922,"Leisure",132.476211547852,132.476211547852,"car",0.366666666666667,8.7,"weekday",3,"40 to 64","6-10km","car",8.7,0.366666666666667,2.56666666666667,2.56666666666667
"85686/1000",NA,85686,1699,"60-64 years","female",20,5923,"Leisure",132.794357299805,132.794357299805,"car",0.25,6.23,"weekday",1,"40 to 64","6-10km","car",6.23,0.25,1.75,1.75
"85686/1000",NA,85686,1699,"60-64 years","female",20,5924,"Other",132.794357299805,132.794357299805,"car",0.25,5.55,"weekday",2,"40 to 64","6-10km","car",5.55,0.25,1.75,1.75
"85686/1000",NA,85686,1699,"60-64 years","female",20,5925,"Other",132.794357299805,132.794357299805,"car",0.0833333333333333,1.01,"weekday",3,"40 to 64","1-2km","bicycle",1.01,0.0918181818181818,0.583333333333333,0.642727272727273
"85687/1001",NA,85687,1700,"45-49 years","male",20,5926,"Work",167.788757324219,167.788757324219,"other",0.0833333333333333,4.39,"weekday",1,"40 to 64","3-5km","other",4.39,0.0833333333333333,0.583333333333333,0.583333333333333
"85687/1001",NA,85687,1700,"45-49 years","male",20,5927,"Work",167.788757324219,167.788757324219,"other",0.0833333333333333,4.44,"weekday",2,"40 to 64","3-5km","other",4.44,0.0833333333333333,0.583333333333333,0.583333333333333
"85687/1003",NA,85687,1701,"15-19 years","female",20,5928,"Work",134.606628417969,134.606628417969,"car",0.25,7.81,"weekday",1,"15 to 19","6-10km","car",7.81,0.25,1.75,1.75
"85687/1003",NA,85687,1701,"15-19 years","female",20,5929,"Work",134.606628417969,134.606628417969,"car",0.25,7.51,"weekday",2,"15 to 19","6-10km","car",7.51,0.25,1.75,1.75
"85687/1004",NA,85687,1702,"20-24 years","female",20,5930,"Work",178.773422241211,178.773422241211,"car",0.5,13.88,"weekday",1,"20 to 39",">10km","car",13.88,0.5,3.5,3.5
"85687/1004",NA,85687,1702,"20-24 years","female",20,5931,"Work",178.773422241211,178.773422241211,"car",0.5,13.91,"weekday",2,"20 to 39",">10km","car",13.91,0.5,3.5,3.5
"85688/1000",NA,85688,1703,"65-69 years","male",20,5932,"Shopping",133.418899536133,133.418899536133,"car",0.1,3.81,"weekday",1,"65 plus","3-5km","bicycle",3.81,0.346363636363636,0.7,2.42454545454545
"85688/1000",NA,85688,1703,"65-69 years","male",20,5933,"Shopping",133.418899536133,133.418899536133,"car",0.1,3.9,"weekday",2,"65 plus","3-5km","bicycle",3.9,0.354545454545455,0.7,2.48181818181818
"85688/1000",NA,85688,1703,"65-69 years","male",20,5934,"Shopping",133.418899536133,133.418899536133,"car",0.0833333333333333,1.62,"weekday",3,"65 plus","1-2km","bicycle",1.62,0.147272727272727,0.583333333333333,1.03090909090909
"85688/1000",NA,85688,1703,"65-69 years","male",20,5935,"Shopping",133.418899536133,133.418899536133,"car",0.0833333333333333,1.52,"weekday",4,"65 plus","1-2km","bicycle",1.52,0.138181818181818,0.583333333333333,0.967272727272727
"85688/1000",NA,85688,1703,"65-69 years","male",20,5936,"Shopping",133.418899536133,133.418899536133,"car",0.1,3.81,"weekday",5,"65 plus","3-5km","bicycle",3.81,0.346363636363636,0.7,2.42454545454545
"85688/1000",NA,85688,1703,"65-69 years","male",20,5937,"Shopping",133.418899536133,133.418899536133,"car",0.1,3.9,"weekday",6,"65 plus","3-5km","bicycle",3.9,0.354545454545455,0.7,2.48181818181818
"85688/1001",NA,85688,1704,"55-59 years","female",20,5938,"Work",138.399810791016,138.399810791016,"car",0.533333333333333,13.91,"weekday",1,"40 to 64",">10km","car",13.91,0.533333333333333,3.73333333333333,3.73333333333333
"85688/1001",NA,85688,1704,"55-59 years","female",20,5939,"Work",138.399810791016,138.399810791016,"car",0.583333333333333,13.94,"weekday",2,"40 to 64",">10km","car",13.94,0.583333333333333,4.08333333333333,4.08333333333333
"85688/1002",NA,85688,1705,"25-29 years","female",20,5940,"Shopping",131.627136230469,131.627136230469,"car",0.1,3.81,"weekday",1,"20 to 39","3-5km","bicycle",3.81,0.346363636363636,0.7,2.42454545454545
"85688/1002",NA,85688,1705,"25-29 years","female",20,5941,"Shopping",131.627136230469,131.627136230469,"car",0.1,3.9,"weekday",2,"20 to 39","3-5km","bicycle",3.9,0.354545454545455,0.7,2.48181818181818
"85688/1002",NA,85688,1705,"25-29 years","female",20,5942,"Work",131.627136230469,131.627136230469,"car",0.266666666666667,7.84,"weekday",3,"20 to 39","6-10km","car",7.84,0.266666666666667,1.86666666666667,1.86666666666667
"85688/1002",NA,85688,1705,"25-29 years","female",20,5944,"Shopping",131.627136230469,131.627136230469,"car",0.15,7.55,"weekday",5,"20 to 39","6-10km","car",7.55,0.15,1.05,1.05
"85689/1000",NA,85689,1706,"25-29 years","female",20,5945,"Other",90.3303756713867,90.3303756713867,"car",0.0833333333333333,0.53,"weekday",1,"20 to 39","<1km","bicycle",0.53,0.0481818181818182,0.583333333333333,0.337272727272727
"85689/1000",NA,85689,1706,"25-29 years","female",20,5946,"Work",90.3303756713867,90.3303756713867,"car",1.5,34.3,"weekday",2,"20 to 39",">10km","car",34.3,1.5,10.5,10.5
"85689/1000",NA,85689,1706,"25-29 years","female",20,5947,"Shopping",90.3303756713867,90.3303756713867,"walking",0.166666666666667,0.34,"weekday",3,"20 to 39","<1km","walking",0.34,0.166666666666667,1.16666666666667,1.16666666666667
"85689/1000",NA,85689,1706,"25-29 years","female",20,5948,"Work",90.3303756713867,90.3303756713867,"walking",0.166666666666667,0.34,"weekday",4,"20 to 39","<1km","walking",0.34,0.166666666666667,1.16666666666667,1.16666666666667
"85689/1000",NA,85689,1706,"25-29 years","female",20,5949,"Other",90.3303756713867,90.3303756713867,"car",1.66666666666667,36.25,"weekday",5,"20 to 39",">10km","car",36.25,1.66666666666667,11.6666666666667,11.6666666666667
"85689/1000",NA,85689,1706,"25-29 years","female",20,5950,"Other",90.3303756713867,90.3303756713867,"car",0.0833333333333333,0.55,"weekday",6,"20 to 39","<1km","bicycle",0.55,0.05,0.583333333333333,0.35
"85750/1000",NA,85750,1707,"70-74 years","female",20,5951,"Shopping",171.396911621094,171.396911621094,"car",1,30.36,"weekday",1,"65 plus",">10km","car",30.36,1,7,7
"85750/1000",NA,85750,1707,"70-74 years","female",20,5953,"Shopping",171.396911621094,171.396911621094,"car",0.75,30.28,"weekday",3,"65 plus",">10km","car",30.28,0.75,5.25,5.25
"85750/1000",NA,85750,1707,"70-74 years","female",20,5954,"Leisure",171.396911621094,171.396911621094,"bicycle",0.25,1.46,"weekday",4,"65 plus","1-2km","bicycle",1.46,0.25,1.75,1.75
"85750/1000",NA,85750,1707,"70-74 years","female",20,5955,"Leisure",171.396911621094,171.396911621094,"bicycle",0.233333333333333,1.46,"weekday",5,"65 plus","1-2km","bicycle",1.46,0.233333333333333,1.63333333333333,1.63333333333333
"85750/1001",NA,85750,1708,"65-69 years","male",20,5956,"Shopping",151.590209960938,151.590209960938,"car",1,30.36,"weekday",1,"65 plus",">10km","car",30.36,1,7,7
"85750/1001",NA,85750,1708,"65-69 years","male",20,5958,"Shopping",151.590209960938,151.590209960938,"car",0.75,30.28,"weekday",3,"65 plus",">10km","car",30.28,0.75,5.25,5.25
"85750/1001",NA,85750,1708,"65-69 years","male",20,5959,"Leisure",151.590209960938,151.590209960938,"bicycle",0.25,1.46,"weekday",4,"65 plus","1-2km","bicycle",1.46,0.25,1.75,1.75
"85750/1001",NA,85750,1708,"65-69 years","male",20,5960,"Leisure",151.590209960938,151.590209960938,"bicycle",0.233333333333333,1.46,"weekday",5,"65 plus","1-2km","bicycle",1.46,0.233333333333333,1.63333333333333,1.63333333333333
"85751/1000",NA,85751,1709,"60-64 years","female",20,5961,"Other",200.211456298828,200.211456298828,"car",0.333333333333333,12.91,"weekday",1,"40 to 64",">10km","car",12.91,0.333333333333333,2.33333333333333,2.33333333333333
"85751/1000",NA,85751,1709,"60-64 years","female",20,5962,"Other",200.211456298828,200.211456298828,"car",0.416666666666667,12.88,"weekday",2,"40 to 64",">10km","car",12.88,0.416666666666667,2.91666666666667,2.91666666666667
"85752/1000",NA,85752,1710,"75-79 years","male",20,5963,"Other",146.185394287109,146.185394287109,"car",0.25,6.74,"weekday",1,"65 plus","6-10km","car",6.74,0.25,1.75,1.75
"85752/1000",NA,85752,1710,"75-79 years","male",20,5964,"Shopping",146.185394287109,146.185394287109,"car",0.0333333333333333,0.64,"weekday",2,"65 plus","<1km","bicycle",0.64,0.0581818181818182,0.233333333333333,0.407272727272727
"85752/1000",NA,85752,1710,"75-79 years","male",20,5965,"Shopping",146.185394287109,146.185394287109,"car",0.3,7.19,"weekday",3,"65 plus","6-10km","car",7.19,0.3,2.1,2.1
"85754/1000",NA,85754,1711,"50-54 years","male",20,5966,"Other",402.633728027344,402.633728027344,"car",0.416666666666667,7.25,"weekday",1,"40 to 64","6-10km","car",7.25,0.416666666666667,2.91666666666667,2.91666666666667
"85754/1000",NA,85754,1711,"50-54 years","male",20,5967,"Other",402.633728027344,402.633728027344,"car",0.583333333333333,7.22,"weekday",2,"40 to 64","6-10km","car",7.22,0.583333333333333,4.08333333333333,4.08333333333333
"85754/1000",NA,85754,1711,"50-54 years","male",20,5968,"Leisure",402.633728027344,402.633728027344,"car",0.333333333333333,7.45,"weekday",3,"40 to 64","6-10km","car",7.45,0.333333333333333,2.33333333333333,2.33333333333333
"85754/1000",NA,85754,1711,"50-54 years","male",20,5969,"Leisure",402.633728027344,402.633728027344,"car",0.333333333333333,7.43,"weekday",4,"40 to 64","6-10km","car",7.43,0.333333333333333,2.33333333333333,2.33333333333333
"85754/1002",NA,85754,1713,"25-29 years","female",20,5972,"Work",781.433410644531,781.433410644531,"car",0.166666666666667,2.72,"weekday",1,"20 to 39","3-5km","bicycle",2.72,0.247272727272727,1.16666666666667,1.73090909090909
"85754/1002",NA,85754,1713,"25-29 years","female",20,5973,"Work",781.433410644531,781.433410644531,"car",0.166666666666667,2.24,"weekday",2,"20 to 39","3-5km","bicycle",2.24,0.203636363636364,1.16666666666667,1.42545454545455
"85754/1003",NA,85754,1714,"15-19 years","female",20,5974,"Education",424.069610595703,424.069610595703,"public.transport",0.416666666666667,6.02,"weekday",1,"15 to 19","6-10km","public.transport",6.02,0.416666666666667,2.91666666666667,2.91666666666667
"85754/1003",NA,85754,1714,"15-19 years","female",20,5975,"Education",424.069610595703,424.069610595703,"public.transport",0.333333333333333,6.09,"weekday",2,"15 to 19","6-10km","public.transport",6.09,0.333333333333333,2.33333333333333,2.33333333333333
"85754/1003",NA,85754,1714,"15-19 years","female",20,5976,"Leisure",424.069610595703,424.069610595703,"car",0.333333333333333,7.45,"weekday",3,"15 to 19","6-10km","car",7.45,0.333333333333333,2.33333333333333,2.33333333333333
"85754/1003",NA,85754,1714,"15-19 years","female",20,5977,"Leisure",424.069610595703,424.069610595703,"car",0.333333333333333,7.43,"weekday",4,"15 to 19","6-10km","car",7.43,0.333333333333333,2.33333333333333,2.33333333333333
"85755/1000",NA,85755,1715,"45-49 years","female",20,5978,"Work",184.702865600586,184.702865600586,"car",0.333333333333333,5.84,"weekday",1,"40 to 64","6-10km","car",5.84,0.333333333333333,2.33333333333333,2.33333333333333
"85755/1000",NA,85755,1715,"45-49 years","female",20,5979,"Work",184.702865600586,184.702865600586,"car",0.25,5.89,"weekday",2,"40 to 64","6-10km","car",5.89,0.25,1.75,1.75
"85755/1000",NA,85755,1715,"45-49 years","female",20,5980,"Shopping",184.702865600586,184.702865600586,"car",0.3,6.62,"weekday",3,"40 to 64","6-10km","car",6.62,0.3,2.1,2.1
"85755/1000",NA,85755,1715,"45-49 years","female",20,5981,"Shopping",184.702865600586,184.702865600586,"car",0.333333333333333,6.63,"weekday",4,"40 to 64","6-10km","car",6.63,0.333333333333333,2.33333333333333,2.33333333333333
"85755/1001",NA,85755,1716,"45-49 years","male",20,5982,"Work",189.435119628906,189.435119628906,"car",1,51.29,"weekday",1,"40 to 64",">10km","car",51.29,1,7,7
"85755/1001",NA,85755,1716,"45-49 years","male",20,5983,"Work",189.435119628906,189.435119628906,"car",4,384.49,"weekday",2,"40 to 64",">10km","car",384.49,4,28,28
"85762/1000",NA,85762,1717,"35-39 years","female",20,5984,"Work",320.457489013672,320.457489013672,"car",0.166666666666667,5.95,"weekday",1,"20 to 39","6-10km","car",5.95,0.166666666666667,1.16666666666667,1.16666666666667
"85762/1000",NA,85762,1717,"35-39 years","female",20,5985,"Other",320.457489013672,320.457489013672,"car",0.166666666666667,3.82,"weekday",2,"20 to 39","3-5km","bicycle",3.82,0.347272727272727,1.16666666666667,2.43090909090909
"85762/1000",NA,85762,1717,"35-39 years","female",20,5986,"Other",320.457489013672,320.457489013672,"car",0.166666666666667,8.35,"weekday",3,"20 to 39","6-10km","car",8.35,0.166666666666667,1.16666666666667,1.16666666666667
"85762/1001",NA,85762,1718,"35-39 years","male",20,5987,"Work",347.083160400391,347.083160400391,"car",0.25,8.02,"weekday",1,"20 to 39","6-10km","car",8.02,0.25,1.75,1.75
"85762/1001",NA,85762,1718,"35-39 years","male",20,5988,"Other",347.083160400391,347.083160400391,"car",0.25,11.53,"weekday",2,"20 to 39",">10km","car",11.53,0.25,1.75,1.75
"85762/1001",NA,85762,1718,"35-39 years","male",20,5989,"Work",347.083160400391,347.083160400391,"car",0.416666666666667,23.25,"weekday",3,"20 to 39",">10km","car",23.25,0.416666666666667,2.91666666666667,2.91666666666667
"85762/1001",NA,85762,1718,"35-39 years","male",20,5990,"Work",347.083160400391,347.083160400391,"car",0.5,28.6,"weekday",4,"20 to 39",">10km","car",28.6,0.5,3.5,3.5
"85763/1001",NA,85763,1719,"70-74 years","male",20,5991,"Other",152.162673950195,152.162673950195,"car",0.5,7.25,"weekday",1,"65 plus","6-10km","car",7.25,0.5,3.5,3.5
"85763/1001",NA,85763,1719,"70-74 years","male",20,5992,"Other",152.162673950195,152.162673950195,"car",0.25,4.65,"weekday",2,"65 plus","3-5km","bicycle",4.65,0.422727272727273,1.75,2.95909090909091
"85763/1001",NA,85763,1719,"70-74 years","male",20,5993,"Other",152.162673950195,152.162673950195,"car",0.166666666666667,4.62,"weekday",3,"65 plus","3-5km","bicycle",4.62,0.42,1.16666666666667,2.94
"85763/1001",NA,85763,1719,"70-74 years","male",20,5994,"Other",152.162673950195,152.162673950195,"car",0.25,7.29,"weekday",4,"65 plus","6-10km","car",7.29,0.25,1.75,1.75
"85763/1001",NA,85763,1719,"70-74 years","male",20,5995,"Other",152.162673950195,152.162673950195,"car",0.0833333333333333,4.27,"weekday",5,"65 plus","3-5km","bicycle",4.27,0.388181818181818,0.583333333333333,2.71727272727273
"85763/1001",NA,85763,1719,"70-74 years","male",20,5996,"Other",152.162673950195,152.162673950195,"car",0.166666666666667,4.3,"weekday",6,"65 plus","3-5km","bicycle",4.3,0.390909090909091,1.16666666666667,2.73636363636364
"85763/1001",NA,85763,1719,"70-74 years","male",20,5997,"Shopping",152.162673950195,152.162673950195,"car",0.25,5.57,"weekday",7,"65 plus","6-10km","car",5.57,0.25,1.75,1.75
"85763/1001",NA,85763,1719,"70-74 years","male",20,5998,"Shopping",152.162673950195,152.162673950195,"car",0.166666666666667,3.45,"weekday",8,"65 plus","3-5km","bicycle",3.45,0.313636363636364,1.16666666666667,2.19545454545455
"85763/1001",NA,85763,1719,"70-74 years","male",20,5999,"Shopping",152.162673950195,152.162673950195,"car",0.166666666666667,9.31,"weekday",9,"65 plus","6-10km","car",9.31,0.166666666666667,1.16666666666667,1.16666666666667
"85764/1001",NA,85764,1720,"75-79 years","male",20,6000,"Other",146.185394287109,146.185394287109,"car",0.25,7.35,"weekday",1,"65 plus","6-10km","car",7.35,0.25,1.75,1.75
"85764/1001",NA,85764,1720,"75-79 years","male",20,6001,"Shopping",146.185394287109,146.185394287109,"car",0.2,4.43,"weekday",2,"65 plus","3-5km","bicycle",4.43,0.402727272727273,1.4,2.81909090909091
"85764/1001",NA,85764,1720,"75-79 years","male",20,6002,"Shopping",146.185394287109,146.185394287109,"car",0.333333333333333,2.7,"weekday",3,"65 plus","3-5km","bicycle",2.7,0.245454545454545,2.33333333333333,1.71818181818182
"85764/1001",NA,85764,1720,"75-79 years","male",20,6003,"Shopping",146.185394287109,146.185394287109,"car",0.25,6.11,"weekday",4,"65 plus","6-10km","car",6.11,0.25,1.75,1.75
"85764/1001",NA,85764,1720,"75-79 years","male",20,6004,"Shopping",146.185394287109,146.185394287109,"car",0.333333333333333,6.13,"weekday",5,"65 plus","6-10km","car",6.13,0.333333333333333,2.33333333333333,2.33333333333333
"85764/1001",NA,85764,1720,"75-79 years","male",20,6005,"Shopping",146.185394287109,146.185394287109,"car",0.583333333333333,6.11,"weekday",6,"65 plus","6-10km","car",6.11,0.583333333333333,4.08333333333333,4.08333333333333
"85769/1000",NA,85769,1721,"50-54 years","female",20,6006,"Work",545.624633789062,545.624633789062,"car",0.1,4.88,"weekday",1,"40 to 64","3-5km","bicycle",4.88,0.443636363636364,0.7,3.10545454545455
"85769/1000",NA,85769,1721,"50-54 years","female",20,6007,"Work",545.624633789062,545.624633789062,"car",0.0833333333333333,4.93,"weekday",2,"40 to 64","3-5km","bicycle",4.93,0.448181818181818,0.583333333333333,3.13727272727273
"85769/1000",NA,85769,1721,"50-54 years","female",20,6008,"Other",545.624633789062,545.624633789062,"car",0.4,6.67,"weekday",3,"40 to 64","6-10km","car",6.67,0.4,2.8,2.8
"85769/1000",NA,85769,1721,"50-54 years","female",20,6009,"Other",545.624633789062,545.624633789062,"car",0.3,6.58,"weekday",4,"40 to 64","6-10km","car",6.58,0.3,2.1,2.1
"85769/1000",NA,85769,1721,"50-54 years","female",20,6010,"Other",545.624633789062,545.624633789062,"car",0.25,6.67,"weekday",5,"40 to 64","6-10km","car",6.67,0.25,1.75,1.75
"85769/1000",NA,85769,1721,"50-54 years","female",20,6011,"Other",545.624633789062,545.624633789062,"car",0.266666666666667,6.58,"weekday",6,"40 to 64","6-10km","car",6.58,0.266666666666667,1.86666666666667,1.86666666666667
"85769/1002",NA,85769,1722,"70-74 years","male",20,6012,"Other",428.166778564453,428.166778564453,"car",0.2,3.95,"weekday",1,"65 plus","3-5km","bicycle",3.95,0.359090909090909,1.4,2.51363636363636
"85769/1002",NA,85769,1722,"70-74 years","male",20,6013,"Other",428.166778564453,428.166778564453,"car",0.216666666666667,4.01,"weekday",2,"65 plus","3-5km","bicycle",4.01,0.364545454545455,1.51666666666667,2.55181818181818
"85769/1004",NA,85769,1723,"20-24 years","female",20,6015,"Work",869.577453613281,869.577453613281,"car",0.1,4.88,"weekday",1,"20 to 39","3-5km","bicycle",4.88,0.443636363636364,0.7,3.10545454545455
"85769/1004",NA,85769,1723,"20-24 years","female",20,6016,"Shopping",869.577453613281,869.577453613281,"car",0.0166666666666667,0.16,"weekday",2,"20 to 39","<1km","bicycle",0.16,0.0145454545454545,0.116666666666667,0.101818181818182
"85769/1004",NA,85769,1723,"20-24 years","female",20,6017,"Shopping",869.577453613281,869.577453613281,"car",0.116666666666667,4.77,"weekday",3,"20 to 39","3-5km","bicycle",4.77,0.433636363636364,0.816666666666667,3.03545454545455
"85769/1005",NA,85769,1724,"20-24 years","female",20,6018,"Shopping",869.577453613281,869.577453613281,"car",0.216666666666667,6.48,"weekday",1,"20 to 39","6-10km","car",6.48,0.216666666666667,1.51666666666667,1.51666666666667
"85769/1005",NA,85769,1724,"20-24 years","female",20,6019,"Shopping",869.577453613281,869.577453613281,"car",0.233333333333333,6.46,"weekday",2,"20 to 39","6-10km","car",6.46,0.233333333333333,1.63333333333333,1.63333333333333
"85769/1006",NA,85769,1725,"20-24 years","male",20,6020,"Work",1041.95043945312,1041.95043945312,"car",0.75,45.97,"weekday",1,"20 to 39",">10km","car",45.97,0.75,5.25,5.25
"85769/1006",NA,85769,1725,"20-24 years","male",20,6021,"Work",1041.95043945312,1041.95043945312,"car",0.883333333333333,45.55,"weekday",2,"20 to 39",">10km","car",45.55,0.883333333333333,6.18333333333333,6.18333333333333
"85769/1007",NA,85769,1726,"15-19 years","female",20,6022,"Education",547.904968261719,547.904968261719,"walking",0.0833333333333333,0.39,"weekday",1,"15 to 19","<1km","walking",0.39,0.0833333333333333,0.583333333333333,0.583333333333333
"85769/1007",NA,85769,1726,"15-19 years","female",20,6023,"Education",547.904968261719,547.904968261719,"public.transport",0.5,3.99,"weekday",1,"15 to 19","3-5km","public.transport",3.99,0.5,3.5,3.5
"85769/1007",NA,85769,1726,"15-19 years","female",20,6024,"Education",547.904968261719,547.904968261719,"walking",0.0333333333333333,0.04,"weekday",1,"15 to 19","<1km","walking",0.04,0.0333333333333333,0.233333333333333,0.233333333333333
"85769/1007",NA,85769,1726,"15-19 years","female",20,6025,"Education",547.904968261719,547.904968261719,"car",0.216666666666667,4.01,"weekday",2,"15 to 19","3-5km","bicycle",4.01,0.364545454545455,1.51666666666667,2.55181818181818
"85769/1007",NA,85769,1726,"15-19 years","female",20,6026,"Shopping",547.904968261719,547.904968261719,"car",0.216666666666667,6.48,"weekday",3,"15 to 19","6-10km","car",6.48,0.216666666666667,1.51666666666667,1.51666666666667
"85769/1007",NA,85769,1726,"15-19 years","female",20,6027,"Shopping",547.904968261719,547.904968261719,"car",0.233333333333333,6.46,"weekday",4,"15 to 19","6-10km","car",6.46,0.233333333333333,1.63333333333333,1.63333333333333
"85769/1007",NA,85769,1726,"15-19 years","female",20,6028,"Leisure",547.904968261719,547.904968261719,"car",0.4,6.67,"weekday",5,"15 to 19","6-10km","car",6.67,0.4,2.8,2.8
"85769/1007",NA,85769,1726,"15-19 years","female",20,6029,"Leisure",547.904968261719,547.904968261719,"car",0.266666666666667,6.58,"weekday",6,"15 to 19","6-10km","car",6.58,0.266666666666667,1.86666666666667,1.86666666666667
"85770/1000",NA,85770,1727,"75-79 years","female",20,6030,"Leisure",181.604446411133,181.604446411133,"car",0.0833333333333333,1.45,"weekday",1,"65 plus","1-2km","bicycle",1.45,0.131818181818182,0.583333333333333,0.922727272727273
"85770/1000",NA,85770,1727,"75-79 years","female",20,6031,"Leisure",181.604446411133,181.604446411133,"car",0.0833333333333333,1.46,"weekday",2,"65 plus","1-2km","bicycle",1.46,0.132727272727273,0.583333333333333,0.929090909090909
"85770/1000",NA,85770,1727,"75-79 years","female",20,6032,"Other",181.604446411133,181.604446411133,"car",0.25,4.09,"weekday",3,"65 plus","3-5km","bicycle",4.09,0.371818181818182,1.75,2.60272727272727
"85770/1000",NA,85770,1727,"75-79 years","female",20,6033,"Other",181.604446411133,181.604446411133,"car",0.133333333333333,4.1,"weekday",4,"65 plus","3-5km","bicycle",4.1,0.372727272727273,0.933333333333333,2.60909090909091
"85770/1001",NA,85770,1728,"80-84 years","male",20,6034,"Shopping",213.465911865234,213.465911865234,"car",0.25,4.91,"weekday",1,"65 plus","3-5km","bicycle",4.91,0.446363636363636,1.75,3.12454545454545
"85770/1001",NA,85770,1728,"80-84 years","male",20,6035,"Shopping",213.465911865234,213.465911865234,"car",0.166666666666667,4.98,"weekday",2,"65 plus","3-5km","bicycle",4.98,0.452727272727273,1.16666666666667,3.16909090909091
"85773/1000",NA,85773,1729,"45-49 years","female",20,6036,"Other",402.263244628906,402.263244628906,"car",0.166666666666667,4.78,"weekday",1,"40 to 64","3-5km","bicycle",4.78,0.434545454545455,1.16666666666667,3.04181818181818
"85773/1000",NA,85773,1729,"45-49 years","female",20,6037,"Leisure",402.263244628906,402.263244628906,"car",0.95,35.53,"weekday",2,"40 to 64",">10km","car",35.53,0.95,6.65,6.65
"85773/1000",NA,85773,1729,"45-49 years","female",20,6038,"Leisure",402.263244628906,402.263244628906,"car",1,35.94,"weekday",3,"40 to 64",">10km","car",35.94,1,7,7
"85773/1000",NA,85773,1729,"45-49 years","female",20,6039,"Work",402.263244628906,402.263244628906,"car",0.666666666666667,25.11,"weekday",4,"40 to 64",">10km","car",25.11,0.666666666666667,4.66666666666667,4.66666666666667
"85773/1000",NA,85773,1729,"45-49 years","female",20,6040,"Work",402.263244628906,402.263244628906,"car",0.583333333333333,24.76,"weekday",5,"40 to 64",">10km","car",24.76,0.583333333333333,4.08333333333333,4.08333333333333
"85773/1002",NA,85773,1730,"15-19 years","female",20,6041,"Other",424.069610595703,424.069610595703,"car",0.166666666666667,4.78,"weekday",1,"15 to 19","3-5km","bicycle",4.78,0.434545454545455,1.16666666666667,3.04181818181818
"85773/1002",NA,85773,1730,"15-19 years","female",20,6042,"Leisure",424.069610595703,424.069610595703,"car",0.95,35.53,"weekday",2,"15 to 19",">10km","car",35.53,0.95,6.65,6.65
"85773/1002",NA,85773,1730,"15-19 years","female",20,6043,"Leisure",424.069610595703,424.069610595703,"car",1,35.94,"weekday",3,"15 to 19",">10km","car",35.94,1,7,7
"85773/1002",NA,85773,1730,"15-19 years","female",20,6044,"Other",424.069610595703,424.069610595703,"car",0.2,4.78,"weekday",4,"15 to 19","3-5km","bicycle",4.78,0.434545454545455,1.4,3.04181818181818
"85773/1002",NA,85773,1730,"15-19 years","female",20,6045,"Other",424.069610595703,424.069610595703,"car",0.25,4.88,"weekday",5,"15 to 19","3-5km","bicycle",4.88,0.443636363636364,1.75,3.10545454545455
"85774/1000",NA,85774,1731,"50-54 years","male",20,6046,"Shopping",184.872970581055,184.872970581055,"car",0.2,5.18,"weekday",1,"40 to 64","6-10km","car",5.18,0.2,1.4,1.4
"85774/1000",NA,85774,1731,"50-54 years","male",20,6047,"Shopping",184.872970581055,184.872970581055,"car",0.25,5.28,"weekday",2,"40 to 64","6-10km","car",5.28,0.25,1.75,1.75
"85774/1001",NA,85774,1732,"50-54 years","female",20,6048,"Work",193.905059814453,193.905059814453,"car",0.333333333333333,8.23,"weekday",1,"40 to 64","6-10km","car",8.23,0.333333333333333,2.33333333333333,2.33333333333333
"85774/1001",NA,85774,1732,"50-54 years","female",20,6049,"Shopping",193.905059814453,193.905059814453,"car",0.0833333333333333,0.6,"weekday",2,"40 to 64","<1km","bicycle",0.6,0.0545454545454545,0.583333333333333,0.381818181818182
"85774/1001",NA,85774,1732,"50-54 years","female",20,6050,"Shopping",193.905059814453,193.905059814453,"car",0.333333333333333,7.67,"weekday",3,"40 to 64","6-10km","car",7.67,0.333333333333333,2.33333333333333,2.33333333333333
"85774/1001",NA,85774,1732,"50-54 years","female",20,6051,"Shopping",193.905059814453,193.905059814453,"car",0.2,5.18,"weekday",4,"40 to 64","6-10km","car",5.18,0.2,1.4,1.4
"85774/1001",NA,85774,1732,"50-54 years","female",20,6052,"Shopping",193.905059814453,193.905059814453,"car",0.25,5.28,"weekday",5,"40 to 64","6-10km","car",5.28,0.25,1.75,1.75
"85775/1001",NA,85775,1733,"50-54 years","male",20,6053,"Work",402.633728027344,402.633728027344,"car",1.16666666666667,54.86,"weekday",1,"40 to 64",">10km","car",54.86,1.16666666666667,8.16666666666667,8.16666666666667
"85775/1001",NA,85775,1733,"50-54 years","male",20,6054,"Work",402.633728027344,402.633728027344,"car",1.03333333333333,53.96,"weekday",2,"40 to 64",">10km","car",53.96,1.03333333333333,7.23333333333333,7.23333333333333
"85776/1002",NA,85776,1734,"15-19 years","male",20,6055,"Work",333.733825683594,333.733825683594,"car",0.25,4.44,"weekday",1,"15 to 19","3-5km","bicycle",4.44,0.403636363636364,1.75,2.82545454545455
"85776/1002",NA,85776,1734,"15-19 years","male",20,6056,"Work",333.733825683594,333.733825683594,"car",0.25,4.61,"weekday",2,"15 to 19","3-5km","bicycle",4.61,0.419090909090909,1.75,2.93363636363636
"85776/1003",NA,85776,1735,"20-24 years","female",20,6057,"Work",673.038940429688,673.038940429688,"car",0.5,18.71,"weekday",1,"20 to 39",">10km","car",18.71,0.5,3.5,3.5
"85776/1003",NA,85776,1735,"20-24 years","female",20,6058,"Work",673.038940429688,673.038940429688,"car",0.583333333333333,18.69,"weekday",2,"20 to 39",">10km","car",18.69,0.583333333333333,4.08333333333333,4.08333333333333
"85776/1003",NA,85776,1735,"20-24 years","female",20,6059,"Other",673.038940429688,673.038940429688,"car",0.166666666666667,4.44,"weekday",3,"20 to 39","3-5km","bicycle",4.44,0.403636363636364,1.16666666666667,2.82545454545455
"85776/1003",NA,85776,1735,"20-24 years","female",20,6060,"Other",673.038940429688,673.038940429688,"car",0.333333333333333,4.61,"weekday",4,"20 to 39","3-5km","bicycle",4.61,0.419090909090909,2.33333333333333,2.93363636363636
"85780/1000",NA,85780,1736,"75-79 years","male",20,6061,"Other",319.961029052734,319.961029052734,"car",0.166666666666667,2.68,"weekday",1,"65 plus","3-5km","bicycle",2.68,0.243636363636364,1.16666666666667,1.70545454545455
"85780/1000",NA,85780,1736,"75-79 years","male",20,6062,"Other",319.961029052734,319.961029052734,"car",0.166666666666667,2.65,"weekday",2,"65 plus","3-5km","bicycle",2.65,0.240909090909091,1.16666666666667,1.68636363636364
"85780/1001",NA,85780,1737,"75-79 years","female",20,6063,"Leisure",410.973388671875,410.973388671875,"car",0.25,9.01,"weekday",1,"65 plus","6-10km","car",9.01,0.25,1.75,1.75
"85780/1001",NA,85780,1737,"75-79 years","female",20,6064,"Leisure",410.973388671875,410.973388671875,"car",0.25,9,"weekday",2,"65 plus","6-10km","car",9,0.25,1.75,1.75
"85781/1000",NA,85781,1738,"65-69 years","female",20,6065,"Shopping",330.075256347656,330.075256347656,"car",0.166666666666667,2.58,"weekday",1,"65 plus","3-5km","bicycle",2.58,0.234545454545455,1.16666666666667,1.64181818181818
"85781/1000",NA,85781,1738,"65-69 years","female",20,6066,"Shopping",330.075256347656,330.075256347656,"car",0.116666666666667,2.58,"weekday",2,"65 plus","3-5km","bicycle",2.58,0.234545454545455,0.816666666666667,1.64181818181818
"85781/1000",NA,85781,1738,"65-69 years","female",20,6067,"Other",330.075256347656,330.075256347656,"car",0.416666666666667,20.51,"weekday",3,"65 plus",">10km","car",20.51,0.416666666666667,2.91666666666667,2.91666666666667
"85781/1000",NA,85781,1738,"65-69 years","female",20,6068,"Leisure",330.075256347656,330.075256347656,"car",0.166666666666667,3.11,"weekday",4,"65 plus","3-5km","bicycle",3.11,0.282727272727273,1.16666666666667,1.97909090909091
"85782/1000",NA,85782,1739,"55-59 years","female",20,6070,"Shopping",468.386108398438,468.386108398438,"car",0.133333333333333,4.62,"weekday",2,"40 to 64","3-5km","bicycle",4.62,0.42,0.933333333333333,2.94
"85782/1000",NA,85782,1739,"55-59 years","female",20,6071,"Shopping",468.386108398438,468.386108398438,"car",0.166666666666667,4.69,"weekday",3,"40 to 64","3-5km","bicycle",4.69,0.426363636363636,1.16666666666667,2.98454545454545
"85785/1000",NA,85785,1741,"35-39 years","female",20,6073,"Other",634.367553710938,634.367553710938,"car",0.0833333333333333,3.41,"weekday",1,"20 to 39","3-5km","bicycle",3.41,0.31,0.583333333333333,2.17
"85785/1000",NA,85785,1741,"35-39 years","female",20,6074,"Work",634.367553710938,634.367553710938,"car",0.1,5.2,"weekday",2,"20 to 39","6-10km","car",5.2,0.1,0.7,0.7
"85785/1000",NA,85785,1741,"35-39 years","female",20,6075,"Other",634.367553710938,634.367553710938,"car",0.25,5.18,"weekday",3,"20 to 39","6-10km","car",5.18,0.25,1.75,1.75
"85785/1000",NA,85785,1741,"35-39 years","female",20,6076,"Other",634.367553710938,634.367553710938,"car",0.1,3.44,"weekday",4,"20 to 39","3-5km","bicycle",3.44,0.312727272727273,0.7,2.18909090909091
"85785/1001",NA,85785,1742,"20-24 years","male",20,6077,"Work",1088.4951171875,1088.4951171875,"car",0.583333333333333,5.99,"weekday",1,"20 to 39","6-10km","car",5.99,0.583333333333333,4.08333333333333,4.08333333333333
"85785/1001",NA,85785,1742,"20-24 years","male",20,6078,"Work",1088.4951171875,1088.4951171875,"public.transport",0.416666666666667,5.58,"weekday",1,"20 to 39","6-10km","public.transport",5.58,0.416666666666667,2.91666666666667,2.91666666666667
"85785/1001",NA,85785,1742,"20-24 years","male",20,6079,"Work",1088.4951171875,1088.4951171875,"walking",0.25,0.66,"weekday",1,"20 to 39","<1km","walking",0.66,0.25,1.75,1.75
"85785/1001",NA,85785,1742,"20-24 years","male",20,6080,"Work",1088.4951171875,1088.4951171875,"walking",0.25,0.66,"weekday",2,"20 to 39","<1km","walking",0.66,0.25,1.75,1.75
"85785/1001",NA,85785,1742,"20-24 years","male",20,6081,"Work",1088.4951171875,1088.4951171875,"public.transport",0.583333333333333,5.58,"weekday",2,"20 to 39","6-10km","public.transport",5.58,0.583333333333333,4.08333333333333,4.08333333333333
"85785/1001",NA,85785,1742,"20-24 years","male",20,6082,"Work",1088.4951171875,1088.4951171875,"car",0.25,5.85,"weekday",2,"20 to 39","6-10km","car",5.85,0.25,1.75,1.75
"85786/1000",NA,85786,1743,"65-69 years","female",20,6083,"Leisure",304.822784423828,304.822784423828,"car",1.08333333333333,62.69,"weekday",1,"65 plus",">10km","car",62.69,1.08333333333333,7.58333333333333,7.58333333333333
"85786/1000",NA,85786,1743,"65-69 years","female",20,6084,"Leisure",304.822784423828,304.822784423828,"car",1.08333333333333,62.4,"weekday",2,"65 plus",">10km","car",62.4,1.08333333333333,7.58333333333333,7.58333333333333
"85786/1001",NA,85786,1744,"70-74 years","male",20,6085,"Leisure",368.036743164062,368.036743164062,"car",1.08333333333333,62.69,"weekday",1,"65 plus",">10km","car",62.69,1.08333333333333,7.58333333333333,7.58333333333333
"85786/1001",NA,85786,1744,"70-74 years","male",20,6086,"Leisure",368.036743164062,368.036743164062,"car",1.08333333333333,62.4,"weekday",2,"65 plus",">10km","car",62.4,1.08333333333333,7.58333333333333,7.58333333333333
"85789/1000",NA,85789,1745,"20-24 years","female",20,6087,"Work",794.608520507812,794.608520507812,"car",0.166666666666667,4.3,"weekday",1,"20 to 39","3-5km","bicycle",4.3,0.390909090909091,1.16666666666667,2.73636363636364
"85789/1000",NA,85789,1745,"20-24 years","female",20,6088,"Work",794.608520507812,794.608520507812,"public.transport",0.3,8.93,"weekday",1,"20 to 39","6-10km","public.transport",8.93,0.3,2.1,2.1
"85789/1000",NA,85789,1745,"20-24 years","female",20,6089,"Work",794.608520507812,794.608520507812,"walking",0.133333333333333,0.66,"weekday",1,"20 to 39","<1km","walking",0.66,0.133333333333333,0.933333333333333,0.933333333333333
"85789/1000",NA,85789,1745,"20-24 years","female",20,6090,"Work",794.608520507812,794.608520507812,"walking",0.166666666666667,0.72,"weekday",2,"20 to 39","<1km","walking",0.72,0.166666666666667,1.16666666666667,1.16666666666667
"85789/1000",NA,85789,1745,"20-24 years","female",20,6091,"Work",794.608520507812,794.608520507812,"car",0.5,10.63,"weekday",2,"20 to 39",">10km","car",10.63,0.5,3.5,3.5
"85789/1001",NA,85789,1746,"25-29 years","male",20,6092,"Work",980.261657714844,980.261657714844,"car",0.583333333333333,10.74,"weekday",1,"20 to 39",">10km","car",10.74,0.583333333333333,4.08333333333333,4.08333333333333
"85789/1001",NA,85789,1746,"25-29 years","male",20,6093,"Work",980.261657714844,980.261657714844,"car",0.5,10.63,"weekday",2,"20 to 39",">10km","car",10.63,0.5,3.5,3.5
"85790/1000",NA,85790,1747,"40-44 years","male",20,6094,"Other",556.5546875,556.5546875,"car",0.5,13.47,"weekday",1,"40 to 64",">10km","car",13.47,0.5,3.5,3.5
"85790/1000",NA,85790,1747,"40-44 years","male",20,6095,"Other",556.5546875,556.5546875,"car",0.583333333333333,13.43,"weekday",2,"40 to 64",">10km","car",13.43,0.583333333333333,4.08333333333333,4.08333333333333
"85791/1000",NA,85791,1748,"60-64 years","male",20,6096,"Work",407.964630126953,407.964630126953,"car",0.266666666666667,8.11,"weekday",1,"40 to 64","6-10km","car",8.11,0.266666666666667,1.86666666666667,1.86666666666667
"85791/1000",NA,85791,1748,"60-64 years","male",20,6097,"Work",407.964630126953,407.964630126953,"car",0.266666666666667,8.18,"weekday",2,"40 to 64","6-10km","car",8.18,0.266666666666667,1.86666666666667,1.86666666666667
"85791/1001",NA,85791,1749,"60-64 years","female",20,6098,"Shopping",437.736572265625,437.736572265625,"car",0.25,3.83,"weekday",1,"40 to 64","3-5km","bicycle",3.83,0.348181818181818,1.75,2.43727272727273
"85791/1001",NA,85791,1749,"60-64 years","female",20,6099,"Shopping",437.736572265625,437.736572265625,"car",0.25,3.92,"weekday",2,"40 to 64","3-5km","bicycle",3.92,0.356363636363636,1.75,2.49454545454545
"85793/1000",NA,85793,1750,"60-64 years","female",20,6100,"Leisure",437.736572265625,437.736572265625,"car",0.2,4.2,"weekday",1,"40 to 64","3-5km","bicycle",4.2,0.381818181818182,1.4,2.67272727272727
"85793/1000",NA,85793,1750,"60-64 years","female",20,6101,"Leisure",437.736572265625,437.736572265625,"car",0.2,4.31,"weekday",2,"40 to 64","3-5km","bicycle",4.31,0.391818181818182,1.4,2.74272727272727
"85793/1000",NA,85793,1750,"60-64 years","female",20,6102,"Other",437.736572265625,437.736572265625,"car",0.0833333333333333,2.58,"weekday",3,"40 to 64","3-5km","bicycle",2.58,0.234545454545455,0.583333333333333,1.64181818181818
"85793/1000",NA,85793,1750,"60-64 years","female",20,6103,"Other",437.736572265625,437.736572265625,"car",0.0833333333333333,2.58,"weekday",4,"40 to 64","3-5km","bicycle",2.58,0.234545454545455,0.583333333333333,1.64181818181818
"85793/1001",NA,85793,1751,"60-64 years","male",20,6104,"Work",407.964630126953,407.964630126953,"car",0.583333333333333,11.73,"weekday",1,"40 to 64",">10km","car",11.73,0.583333333333333,4.08333333333333,4.08333333333333
"85793/1001",NA,85793,1751,"60-64 years","male",20,6105,"Work",407.964630126953,407.964630126953,"car",0.75,11.65,"weekday",2,"40 to 64",">10km","car",11.65,0.75,5.25,5.25
"85796/1000",NA,85796,1752,"35-39 years","male",20,6106,"Leisure",621.857666015625,621.857666015625,"walking",0.666666666666667,0.52,"weekday",1,"20 to 39","<1km","walking",0.52,0.666666666666667,4.66666666666667,4.66666666666667
"85796/1000",NA,85796,1752,"35-39 years","male",20,6107,"Leisure",621.857666015625,621.857666015625,"walking",0.166666666666667,0.52,"weekday",2,"20 to 39","<1km","walking",0.52,0.166666666666667,1.16666666666667,1.16666666666667
"85796/1000",NA,85796,1752,"35-39 years","male",20,6108,"Shopping",621.857666015625,621.857666015625,"car",0.05,1.26,"weekday",3,"20 to 39","1-2km","bicycle",1.26,0.114545454545455,0.35,0.801818181818182
"85796/1000",NA,85796,1752,"35-39 years","male",20,6109,"Shopping",621.857666015625,621.857666015625,"car",0.0833333333333333,1.13,"weekday",4,"20 to 39","1-2km","bicycle",1.13,0.102727272727273,0.583333333333333,0.719090909090909
"85796/1001",NA,85796,1753,"70-74 years","female",20,6110,"Leisure",410.921569824219,410.921569824219,"car",0.116666666666667,1.88,"weekday",1,"65 plus","1-2km","bicycle",1.88,0.170909090909091,0.816666666666667,1.19636363636364
"85796/1001",NA,85796,1753,"70-74 years","female",20,6111,"Leisure",410.921569824219,410.921569824219,"car",0.0833333333333333,1.88,"weekday",2,"65 plus","1-2km","bicycle",1.88,0.170909090909091,0.583333333333333,1.19636363636364
"85796/1001",NA,85796,1753,"70-74 years","female",20,6112,"Other",410.921569824219,410.921569824219,"car",0.0833333333333333,3.71,"weekday",3,"65 plus","3-5km","bicycle",3.71,0.337272727272727,0.583333333333333,2.36090909090909
"85796/1001",NA,85796,1753,"70-74 years","female",20,6113,"Other",410.921569824219,410.921569824219,"car",0.1,3.71,"weekday",4,"65 plus","3-5km","bicycle",3.71,0.337272727272727,0.7,2.36090909090909
"85797/1000",NA,85797,1754,"85-89 years","female",20,6114,"Other",537.454650878906,537.454650878906,"car",0.0833333333333333,1.65,"weekday",1,"65 plus","1-2km","bicycle",1.65,0.15,0.583333333333333,1.05
"85797/1000",NA,85797,1754,"85-89 years","female",20,6115,"Other",537.454650878906,537.454650878906,"car",0.0833333333333333,1.63,"weekday",2,"65 plus","1-2km","bicycle",1.63,0.148181818181818,0.583333333333333,1.03727272727273
"85797/1000",NA,85797,1754,"85-89 years","female",20,6116,"Shopping",537.454650878906,537.454650878906,"car",0.166666666666667,4.48,"weekday",3,"65 plus","3-5km","bicycle",4.48,0.407272727272727,1.16666666666667,2.85090909090909
"85797/1000",NA,85797,1754,"85-89 years","female",20,6117,"Shopping",537.454650878906,537.454650878906,"car",0.0833333333333333,4.56,"weekday",4,"65 plus","3-5km","bicycle",4.56,0.414545454545454,0.583333333333333,2.90181818181818
"85797/1000",NA,85797,1754,"85-89 years","female",20,6118,"Other",537.454650878906,537.454650878906,"car",0.0833333333333333,1.65,"weekday",5,"65 plus","1-2km","bicycle",1.65,0.15,0.583333333333333,1.05
"85797/1000",NA,85797,1754,"85-89 years","female",20,6119,"Other",537.454650878906,537.454650878906,"car",0.0833333333333333,1.63,"weekday",6,"65 plus","1-2km","bicycle",1.63,0.148181818181818,0.583333333333333,1.03727272727273
"85798/1000",NA,85798,1755,"85-89 years","female",20,6120,"Other",537.454650878906,537.454650878906,"car",0.583333333333333,10.04,"weekday",1,"65 plus",">10km","car",10.04,0.583333333333333,4.08333333333333,4.08333333333333
"85798/1000",NA,85798,1755,"85-89 years","female",20,6121,"Other",537.454650878906,537.454650878906,"car",0.5,10.05,"weekday",2,"65 plus",">10km","car",10.05,0.5,3.5,3.5
"85798/1000",NA,85798,1755,"85-89 years","female",20,6122,"Shopping",537.454650878906,537.454650878906,"car",0.333333333333333,3.03,"weekday",3,"65 plus","3-5km","bicycle",3.03,0.275454545454545,2.33333333333333,1.92818181818182
"85798/1000",NA,85798,1755,"85-89 years","female",20,6123,"Shopping",537.454650878906,537.454650878906,"car",0.333333333333333,2.95,"weekday",4,"65 plus","3-5km","bicycle",2.95,0.268181818181818,2.33333333333333,1.87727272727273
"85799/1000",NA,85799,1756,"70-74 years","female",20,6124,"Other",410.921569824219,410.921569824219,"car",0.133333333333333,4.71,"weekday",1,"65 plus","3-5km","bicycle",4.71,0.428181818181818,0.933333333333333,2.99727272727273
"85799/1000",NA,85799,1756,"70-74 years","female",20,6125,"Other",410.921569824219,410.921569824219,"car",0.133333333333333,4.64,"weekday",2,"65 plus","3-5km","bicycle",4.64,0.421818181818182,0.933333333333333,2.95272727272727
"85799/1001",NA,85799,1757,"75-79 years","male",20,6126,"Other",319.961029052734,319.961029052734,"car",0.133333333333333,4.71,"weekday",1,"65 plus","3-5km","bicycle",4.71,0.428181818181818,0.933333333333333,2.99727272727273
"85799/1001",NA,85799,1757,"75-79 years","male",20,6127,"Other",319.961029052734,319.961029052734,"car",0.133333333333333,4.64,"weekday",2,"65 plus","3-5km","bicycle",4.64,0.421818181818182,0.933333333333333,2.95272727272727
"85801/1000",NA,85801,1758,"55-59 years","male",20,6128,"Shopping",493.582550048828,493.582550048828,"car",0.0666666666666667,2.96,"weekday",1,"40 to 64","3-5km","bicycle",2.96,0.269090909090909,0.466666666666667,1.88363636363636
"85801/1000",NA,85801,1758,"55-59 years","male",20,6129,"Shopping",493.582550048828,493.582550048828,"car",0.05,2.87,"weekday",2,"40 to 64","3-5km","bicycle",2.87,0.260909090909091,0.35,1.82636363636364
"85801/1000",NA,85801,1758,"55-59 years","male",20,6130,"Leisure",493.582550048828,493.582550048828,"car",0.2,6.29,"weekday",3,"40 to 64","6-10km","car",6.29,0.2,1.4,1.4
"85801/1000",NA,85801,1758,"55-59 years","male",20,6131,"Leisure",493.582550048828,493.582550048828,"car",0.316666666666667,6.29,"weekday",4,"40 to 64","6-10km","car",6.29,0.316666666666667,2.21666666666667,2.21666666666667
"85801/1001",NA,85801,1759,"20-24 years","female",20,6132,"Leisure",794.608520507812,794.608520507812,"car",0.2,6.29,"weekday",1,"20 to 39","6-10km","car",6.29,0.2,1.4,1.4
"85801/1001",NA,85801,1759,"20-24 years","female",20,6133,"Leisure",794.608520507812,794.608520507812,"car",0.266666666666667,6.29,"weekday",2,"20 to 39","6-10km","car",6.29,0.266666666666667,1.86666666666667,1.86666666666667
"85802/1000",NA,85802,1760,"55-59 years","female",20,6134,"Work",468.386108398438,468.386108398438,"walking",0.25,1.02,"weekday",1,"40 to 64","1-2km","walking",1.02,0.25,1.75,1.75
"85802/1000",NA,85802,1760,"55-59 years","female",20,6135,"Work",468.386108398438,468.386108398438,"walking",0.25,1.02,"weekday",2,"40 to 64","1-2km","walking",1.02,0.25,1.75,1.75
"85802/1000",NA,85802,1760,"55-59 years","female",20,6136,"Leisure",468.386108398438,468.386108398438,"car",0.25,6.52,"weekday",3,"40 to 64","6-10km","car",6.52,0.25,1.75,1.75
"85802/1000",NA,85802,1760,"55-59 years","female",20,6137,"Leisure",468.386108398438,468.386108398438,"car",0.25,6.55,"weekday",4,"40 to 64","6-10km","car",6.55,0.25,1.75,1.75
"85802/1001",NA,85802,1761,"20-24 years","male",20,6138,"Work",897.091674804688,897.091674804688,"car",0.166666666666667,3.62,"weekday",1,"20 to 39","3-5km","bicycle",3.62,0.329090909090909,1.16666666666667,2.30363636363636
"85802/1001",NA,85802,1761,"20-24 years","male",20,6139,"Work",897.091674804688,897.091674804688,"car",0.166666666666667,3.52,"weekday",2,"20 to 39","3-5km","bicycle",3.52,0.32,1.16666666666667,2.24
"85804/1000",NA,85804,1762,"35-39 years","male",20,6140,"Other",754.537231445312,754.537231445312,"car",0.116666666666667,2.04,"weekday",1,"20 to 39","3-5km","bicycle",2.04,0.185454545454545,0.816666666666667,1.29818181818182
"85804/1000",NA,85804,1762,"35-39 years","male",20,6141,"Other",754.537231445312,754.537231445312,"car",0.0833333333333333,2.02,"weekday",2,"20 to 39","3-5km","bicycle",2.02,0.183636363636364,0.583333333333333,1.28545454545455
"85804/1000",NA,85804,1762,"35-39 years","male",20,6142,"Shopping",754.537231445312,754.537231445312,"car",0.35,3.7,"weekday",3,"20 to 39","3-5km","bicycle",3.7,0.336363636363636,2.45,2.35454545454545
"85804/1000",NA,85804,1762,"35-39 years","male",20,6143,"Shopping",754.537231445312,754.537231445312,"car",0.333333333333333,3.59,"weekday",4,"20 to 39","3-5km","bicycle",3.59,0.326363636363636,2.33333333333333,2.28454545454545
"85804/1001",NA,85804,1763,"35-39 years","female",20,6144,"Other",634.367553710938,634.367553710938,"car",0.166666666666667,2.42,"weekday",1,"20 to 39","3-5km","bicycle",2.42,0.22,1.16666666666667,1.54
"85804/1001",NA,85804,1763,"35-39 years","female",20,6145,"Other",634.367553710938,634.367553710938,"car",0.166666666666667,2.44,"weekday",2,"20 to 39","3-5km","bicycle",2.44,0.221818181818182,1.16666666666667,1.55272727272727
"85804/1001",NA,85804,1763,"35-39 years","female",20,6146,"Other",634.367553710938,634.367553710938,"car",0.233333333333333,2.42,"weekday",3,"20 to 39","3-5km","bicycle",2.42,0.22,1.63333333333333,1.54
"85804/1001",NA,85804,1763,"35-39 years","female",20,6147,"Other",634.367553710938,634.367553710938,"car",0.2,2.44,"weekday",4,"20 to 39","3-5km","bicycle",2.44,0.221818181818182,1.4,1.55272727272727
"85804/1001",NA,85804,1763,"35-39 years","female",20,6148,"Shopping",634.367553710938,634.367553710938,"car",0.35,3.7,"weekday",5,"20 to 39","3-5km","bicycle",3.7,0.336363636363636,2.45,2.35454545454545
"85804/1001",NA,85804,1763,"35-39 years","female",20,6149,"Shopping",634.367553710938,634.367553710938,"car",0.333333333333333,3.59,"weekday",6,"20 to 39","3-5km","bicycle",3.59,0.326363636363636,2.33333333333333,2.28454545454545
"85805/1000",NA,85805,1764,"75-79 years","male",20,6150,"Other",346.467559814453,346.467559814453,"car",0.166666666666667,4.37,"weekday",1,"65 plus","3-5km","bicycle",4.37,0.397272727272727,1.16666666666667,2.78090909090909
"85805/1000",NA,85805,1764,"75-79 years","male",20,6151,"Other",346.467559814453,346.467559814453,"car",0.0833333333333333,4.47,"weekday",2,"65 plus","3-5km","bicycle",4.47,0.406363636363636,0.583333333333333,2.84454545454545
"85806/1000",NA,85806,1765,"45-49 years","male",20,6152,"Other",552.430297851562,552.430297851562,"car",0.05,0.52,"weekday",1,"40 to 64","<1km","bicycle",0.52,0.0472727272727273,0.35,0.330909090909091
"85806/1000",NA,85806,1765,"45-49 years","male",20,6153,"Other",552.430297851562,552.430297851562,"car",0.166666666666667,1.6,"weekday",2,"40 to 64","1-2km","bicycle",1.6,0.145454545454545,1.16666666666667,1.01818181818182
"85806/1000",NA,85806,1765,"45-49 years","male",20,6154,"Shopping",552.430297851562,552.430297851562,"car",0.0833333333333333,1.59,"weekday",3,"40 to 64","1-2km","bicycle",1.59,0.144545454545455,0.583333333333333,1.01181818181818
"85806/1000",NA,85806,1765,"45-49 years","male",20,6155,"Shopping",552.430297851562,552.430297851562,"car",0.0833333333333333,0.95,"weekday",4,"40 to 64","<1km","bicycle",0.95,0.0863636363636364,0.583333333333333,0.604545454545454
"85806/1000",NA,85806,1765,"45-49 years","male",20,6156,"Shopping",552.430297851562,552.430297851562,"car",0.166666666666667,1.08,"weekday",5,"40 to 64","1-2km","bicycle",1.08,0.0981818181818182,1.16666666666667,0.687272727272727
"85806/1000",NA,85806,1765,"45-49 years","male",20,6157,"Shopping",552.430297851562,552.430297851562,"car",0.0666666666666667,0.95,"weekday",6,"40 to 64","<1km","bicycle",0.95,0.0863636363636364,0.466666666666667,0.604545454545454
"85806/1000",NA,85806,1765,"45-49 years","male",20,6158,"Other",552.430297851562,552.430297851562,"car",0.0833333333333333,1.54,"weekday",7,"40 to 64","1-2km","bicycle",1.54,0.14,0.583333333333333,0.98
"85806/1000",NA,85806,1765,"45-49 years","male",20,6159,"Other",552.430297851562,552.430297851562,"car",0.0833333333333333,1.59,"weekday",8,"40 to 64","1-2km","bicycle",1.59,0.144545454545455,0.583333333333333,1.01181818181818
"85806/1000",NA,85806,1765,"45-49 years","male",20,6160,"Other",552.430297851562,552.430297851562,"car",0.05,0.52,"weekday",9,"40 to 64","<1km","bicycle",0.52,0.0472727272727273,0.35,0.330909090909091
"85807/1000",NA,85807,1766,"60-64 years","female",20,6161,"Work",437.736572265625,437.736572265625,"car",0.116666666666667,3.25,"weekday",1,"40 to 64","3-5km","bicycle",3.25,0.295454545454545,0.816666666666667,2.06818181818182
"85807/1000",NA,85807,1766,"60-64 years","female",20,6162,"Work",437.736572265625,437.736572265625,"car",0.133333333333333,3.23,"weekday",2,"40 to 64","3-5km","bicycle",3.23,0.293636363636364,0.933333333333333,2.05545454545455
"85807/1001",NA,85807,1767,"60-64 years","male",20,6163,"Work",407.964630126953,407.964630126953,"car",0.0833333333333333,5.91,"weekday",1,"40 to 64","6-10km","car",5.91,0.0833333333333333,0.583333333333333,0.583333333333333
"85807/1001",NA,85807,1767,"60-64 years","male",20,6164,"Work",407.964630126953,407.964630126953,"car",0.366666666666667,5.9,"weekday",2,"40 to 64","6-10km","car",5.9,0.366666666666667,2.56666666666667,2.56666666666667
"85808/1000",NA,85808,1768,"80-84 years","female",20,6165,"Other",596.730224609375,596.730224609375,"car",0.333333333333333,7.69,"weekday",1,"65 plus","6-10km","car",7.69,0.333333333333333,2.33333333333333,2.33333333333333
"85808/1000",NA,85808,1768,"80-84 years","female",20,6166,"Shopping",596.730224609375,596.730224609375,"car",0.166666666666667,2.74,"weekday",2,"65 plus","3-5km","bicycle",2.74,0.249090909090909,1.16666666666667,1.74363636363636
"85808/1000",NA,85808,1768,"80-84 years","female",20,6167,"Shopping",596.730224609375,596.730224609375,"car",0.333333333333333,7.79,"weekday",3,"65 plus","6-10km","car",7.79,0.333333333333333,2.33333333333333,2.33333333333333
"85811/1000",NA,85811,1769,"65-69 years","male",20,6168,"Shopping",351.451293945312,351.451293945312,"car",0.183333333333333,3.92,"weekday",1,"65 plus","3-5km","bicycle",3.92,0.356363636363636,1.28333333333333,2.49454545454545
"85811/1000",NA,85811,1769,"65-69 years","male",20,6169,"Shopping",351.451293945312,351.451293945312,"car",0.0833333333333333,3.91,"weekday",2,"65 plus","3-5km","bicycle",3.91,0.355454545454545,0.583333333333333,2.48818181818182
"85812/1001",NA,85812,1770,"35-39 years","female",20,6170,"Shopping",563.662841796875,563.662841796875,"car",0.0833333333333333,4.45,"weekday",1,"20 to 39","3-5km","bicycle",4.45,0.404545454545455,0.583333333333333,2.83181818181818
"85812/1001",NA,85812,1770,"35-39 years","female",20,6171,"Shopping",563.662841796875,563.662841796875,"car",0.0833333333333333,4.57,"weekday",2,"20 to 39","3-5km","bicycle",4.57,0.415454545454545,0.583333333333333,2.90818181818182
"85812/1001",NA,85812,1770,"35-39 years","female",20,6172,"Shopping",563.662841796875,563.662841796875,"car",0.0666666666666667,1.24,"weekday",3,"20 to 39","1-2km","bicycle",1.24,0.112727272727273,0.466666666666667,0.789090909090909
"85812/1001",NA,85812,1770,"35-39 years","female",20,6173,"Shopping",563.662841796875,563.662841796875,"car",0.0833333333333333,1.22,"weekday",4,"20 to 39","1-2km","bicycle",1.22,0.110909090909091,0.583333333333333,0.776363636363636
"85815/1000",NA,85815,1771,"35-39 years","female",20,6174,"Other",634.367553710938,634.367553710938,"car",0.05,0.7,"weekday",1,"20 to 39","<1km","bicycle",0.7,0.0636363636363636,0.35,0.445454545454545
"85815/1000",NA,85815,1771,"35-39 years","female",20,6175,"Other",634.367553710938,634.367553710938,"car",0.05,0.7,"weekday",2,"20 to 39","<1km","bicycle",0.7,0.0636363636363636,0.35,0.445454545454545
"85815/1000",NA,85815,1771,"35-39 years","female",20,6176,"Other",634.367553710938,634.367553710938,"car",0.0833333333333333,0.7,"weekday",3,"20 to 39","<1km","bicycle",0.7,0.0636363636363636,0.583333333333333,0.445454545454545
"85815/1000",NA,85815,1771,"35-39 years","female",20,6177,"Other",634.367553710938,634.367553710938,"car",0.0666666666666667,0.7,"weekday",4,"20 to 39","<1km","bicycle",0.7,0.0636363636363636,0.466666666666667,0.445454545454545
"85815/1001",NA,85815,1772,"35-39 years","male",20,6178,"Work",754.537231445312,754.537231445312,"car",0.2,5.5,"weekday",1,"20 to 39","6-10km","car",5.5,0.2,1.4,1.4
"85815/1001",NA,85815,1772,"35-39 years","male",20,6179,"Work",754.537231445312,754.537231445312,"car",0.25,5.46,"weekday",2,"20 to 39","6-10km","car",5.46,0.25,1.75,1.75
"85816/1000",NA,85816,1773,"65-69 years","male",20,6180,"Shopping",380.566589355469,380.566589355469,"car",0.133333333333333,2.32,"weekday",1,"65 plus","3-5km","bicycle",2.32,0.210909090909091,0.933333333333333,1.47636363636364
"85816/1000",NA,85816,1773,"65-69 years","male",20,6181,"Shopping",380.566589355469,380.566589355469,"car",0.1,2.04,"weekday",2,"65 plus","3-5km","bicycle",2.04,0.185454545454545,0.7,1.29818181818182
"85816/1000",NA,85816,1773,"65-69 years","male",20,6182,"Shopping",380.566589355469,380.566589355469,"car",0.166666666666667,4.85,"weekday",3,"65 plus","3-5km","bicycle",4.85,0.440909090909091,1.16666666666667,3.08636363636364
"85816/1000",NA,85816,1773,"65-69 years","male",20,6183,"Shopping",380.566589355469,380.566589355469,"car",0.166666666666667,4.82,"weekday",4,"65 plus","3-5km","bicycle",4.82,0.438181818181818,1.16666666666667,3.06727272727273
"85816/1000",NA,85816,1773,"65-69 years","male",20,6184,"Other",380.566589355469,380.566589355469,"car",0.2,11.71,"weekday",5,"65 plus",">10km","car",11.71,0.2,1.4,1.4
"85816/1000",NA,85816,1773,"65-69 years","male",20,6185,"Other",380.566589355469,380.566589355469,"car",0.433333333333333,12.09,"weekday",6,"65 plus",">10km","car",12.09,0.433333333333333,3.03333333333333,3.03333333333333
"85817/1000",NA,85817,1774,"60-64 years","male",20,6186,"Other",441.761657714844,441.761657714844,"car",0.133333333333333,4.64,"weekday",1,"40 to 64","3-5km","bicycle",4.64,0.421818181818182,0.933333333333333,2.95272727272727
"85817/1000",NA,85817,1774,"60-64 years","male",20,6187,"Other",441.761657714844,441.761657714844,"car",0.0833333333333333,4.76,"weekday",2,"40 to 64","3-5km","bicycle",4.76,0.432727272727273,0.583333333333333,3.02909090909091
"85818/1000",NA,85818,1775,"70-74 years","male",20,6188,"Leisure",398.526031494141,398.526031494141,"car",0.0833333333333333,1.95,"weekday",1,"65 plus","1-2km","bicycle",1.95,0.177272727272727,0.583333333333333,1.24090909090909
"85818/1000",NA,85818,1775,"70-74 years","male",20,6189,"Leisure",398.526031494141,398.526031494141,"car",0.183333333333333,1.5,"weekday",2,"65 plus","1-2km","bicycle",1.5,0.136363636363636,1.28333333333333,0.954545454545454
"85818/1000",NA,85818,1775,"70-74 years","male",20,6190,"Leisure",398.526031494141,398.526031494141,"car",0.0666666666666667,1.95,"weekday",3,"65 plus","1-2km","bicycle",1.95,0.177272727272727,0.466666666666667,1.24090909090909
"85818/1000",NA,85818,1775,"70-74 years","male",20,6191,"Leisure",398.526031494141,398.526031494141,"car",0.0833333333333333,1.5,"weekday",4,"65 plus","1-2km","bicycle",1.5,0.136363636363636,0.583333333333333,0.954545454545454
"85821/1000",NA,85821,1776,"75-79 years","male",20,6192,"Other",388.227874755859,388.227874755859,"walking",0.0833333333333333,0.34,"weekday",1,"65 plus","<1km","walking",0.34,0.0833333333333333,0.583333333333333,0.583333333333333
"85821/1000",NA,85821,1776,"75-79 years","male",20,6193,"Other",388.227874755859,388.227874755859,"walking",0.0833333333333333,0.34,"weekday",2,"65 plus","<1km","walking",0.34,0.0833333333333333,0.583333333333333,0.583333333333333
"85821/1000",NA,85821,1776,"75-79 years","male",20,6194,"Other",388.227874755859,388.227874755859,"walking",0.0833333333333333,0.34,"weekday",3,"65 plus","<1km","walking",0.34,0.0833333333333333,0.583333333333333,0.583333333333333
"85821/1000",NA,85821,1776,"75-79 years","male",20,6195,"Other",388.227874755859,388.227874755859,"walking",0.0833333333333333,0.34,"weekday",4,"65 plus","<1km","walking",0.34,0.0833333333333333,0.583333333333333,0.583333333333333
"85821/1001",NA,85821,1777,"70-74 years","female",20,6196,"Leisure",498.595764160156,498.595764160156,"car",0.116666666666667,6.15,"weekday",1,"65 plus","6-10km","car",6.15,0.116666666666667,0.816666666666667,0.816666666666667
"85821/1001",NA,85821,1777,"70-74 years","female",20,6197,"Shopping",498.595764160156,498.595764160156,"car",0.0833333333333333,5.18,"weekday",2,"65 plus","6-10km","car",5.18,0.0833333333333333,0.583333333333333,0.583333333333333
"85821/1001",NA,85821,1777,"70-74 years","female",20,6198,"Shopping",498.595764160156,498.595764160156,"car",0.116666666666667,3.79,"weekday",3,"65 plus","3-5km","bicycle",3.79,0.344545454545455,0.816666666666667,2.41181818181818
"85822/1000",NA,85822,1778,"55-59 years","male",20,6199,"Other",493.582550048828,493.582550048828,"car",0.416666666666667,8.27,"weekday",1,"40 to 64","6-10km","car",8.27,0.416666666666667,2.91666666666667,2.91666666666667
"85822/1000",NA,85822,1778,"55-59 years","male",20,6200,"Other",493.582550048828,493.582550048828,"car",0.416666666666667,8.09,"weekday",2,"40 to 64","6-10km","car",8.09,0.416666666666667,2.91666666666667,2.91666666666667
"85822/1000",NA,85822,1778,"55-59 years","male",20,6201,"Other",493.582550048828,493.582550048828,"car",1,12.48,"weekday",3,"40 to 64",">10km","car",12.48,1,7,7
"85822/1000",NA,85822,1778,"55-59 years","male",20,6202,"Leisure",493.582550048828,493.582550048828,"car",1,30.15,"weekday",4,"40 to 64",">10km","car",30.15,1,7,7
"85822/1000",NA,85822,1778,"55-59 years","male",20,6203,"Leisure",493.582550048828,493.582550048828,"car",1,24.39,"weekday",5,"40 to 64",">10km","car",24.39,1,7,7
"85822/1001",NA,85822,1779,"55-59 years","female",20,6204,"Leisure",468.386108398438,468.386108398438,"car",1,12.48,"weekday",1,"40 to 64",">10km","car",12.48,1,7,7
"85822/1001",NA,85822,1779,"55-59 years","female",20,6205,"Leisure",468.386108398438,468.386108398438,"car",1,30.15,"weekday",2,"40 to 64",">10km","car",30.15,1,7,7
"85822/1001",NA,85822,1779,"55-59 years","female",20,6206,"Leisure",468.386108398438,468.386108398438,"car",1,24.39,"weekday",3,"40 to 64",">10km","car",24.39,1,7,7
"85824/1000",NA,85824,1780,"55-59 years","male",20,6207,"Other",598.893310546875,598.893310546875,"car",0.333333333333333,7.75,"weekday",1,"40 to 64","6-10km","car",7.75,0.333333333333333,2.33333333333333,2.33333333333333
"85824/1000",NA,85824,1780,"55-59 years","male",20,6208,"Other",598.893310546875,598.893310546875,"car",0.333333333333333,7.56,"weekday",2,"40 to 64","6-10km","car",7.56,0.333333333333333,2.33333333333333,2.33333333333333
"85824/1001",NA,85824,1781,"30-34 years","female",20,6209,"Other",808.138244628906,808.138244628906,"car",0.25,4.78,"weekday",1,"20 to 39","3-5km","bicycle",4.78,0.434545454545455,1.75,3.04181818181818
"85824/1001",NA,85824,1781,"30-34 years","female",20,6210,"Work",808.138244628906,808.138244628906,"car",0.25,2.31,"weekday",2,"20 to 39","3-5km","bicycle",2.31,0.21,1.75,1.47
"85824/1001",NA,85824,1781,"30-34 years","female",20,6211,"Work",808.138244628906,808.138244628906,"car",0.416666666666667,6.87,"weekday",3,"20 to 39","6-10km","car",6.87,0.416666666666667,2.91666666666667,2.91666666666667
"85824/1001",NA,85824,1781,"30-34 years","female",20,6212,"Other",808.138244628906,808.138244628906,"car",0.333333333333333,7.75,"weekday",4,"20 to 39","6-10km","car",7.75,0.333333333333333,2.33333333333333,2.33333333333333
"85824/1001",NA,85824,1781,"30-34 years","female",20,6213,"Other",808.138244628906,808.138244628906,"car",0.333333333333333,7.56,"weekday",5,"20 to 39","6-10km","car",7.56,0.333333333333333,2.33333333333333,2.33333333333333
"85824/1001",NA,85824,1781,"30-34 years","female",20,6214,"Other",808.138244628906,808.138244628906,"car",0.25,4.78,"weekday",6,"20 to 39","3-5km","bicycle",4.78,0.434545454545455,1.75,3.04181818181818
"85824/1001",NA,85824,1781,"30-34 years","female",20,6215,"Other",808.138244628906,808.138244628906,"car",0.25,4.79,"weekday",7,"20 to 39","3-5km","bicycle",4.79,0.435454545454545,1.75,3.04818181818182
"85826/1002",NA,85826,1783,"30-34 years","male",20,6217,"Shopping",1001.68023681641,1001.68023681641,"car",0.166666666666667,2.25,"weekday",1,"20 to 39","3-5km","bicycle",2.25,0.204545454545455,1.16666666666667,1.43181818181818
"85826/1002",NA,85826,1783,"30-34 years","male",20,6218,"Shopping",1001.68023681641,1001.68023681641,"car",0.166666666666667,1.81,"weekday",2,"20 to 39","1-2km","bicycle",1.81,0.164545454545455,1.16666666666667,1.15181818181818
"85827/1000",NA,85827,1784,"65-69 years","male",20,6219,"Leisure",351.451293945312,351.451293945312,"car",0.25,7.2,"weekday",1,"65 plus","6-10km","car",7.2,0.25,1.75,1.75
"85827/1000",NA,85827,1784,"65-69 years","male",20,6220,"Leisure",351.451293945312,351.451293945312,"car",0.233333333333333,6.87,"weekday",2,"65 plus","6-10km","car",6.87,0.233333333333333,1.63333333333333,1.63333333333333
"85827/1001",NA,85827,1785,"65-69 years","female",20,6221,"Leisure",304.822784423828,304.822784423828,"car",0.25,7.2,"weekday",1,"65 plus","6-10km","car",7.2,0.25,1.75,1.75
"85827/1001",NA,85827,1785,"65-69 years","female",20,6222,"Leisure",304.822784423828,304.822784423828,"car",0.233333333333333,6.87,"weekday",2,"65 plus","6-10km","car",6.87,0.233333333333333,1.63333333333333,1.63333333333333
"85828/1000",NA,85828,1786,"40-44 years","male",20,6223,"Work",554.12841796875,554.12841796875,"car",0.133333333333333,4.95,"weekday",1,"40 to 64","3-5km","bicycle",4.95,0.45,0.933333333333333,3.15
"85828/1000",NA,85828,1786,"40-44 years","male",20,6224,"Work",554.12841796875,554.12841796875,"car",0.133333333333333,4.94,"weekday",2,"40 to 64","3-5km","bicycle",4.94,0.449090909090909,0.933333333333333,3.14363636363636
"85828/1001",NA,85828,1787,"35-39 years","female",20,6225,"Other",563.662841796875,563.662841796875,"car",0.0833333333333333,0.63,"weekday",1,"20 to 39","<1km","bicycle",0.63,0.0572727272727273,0.583333333333333,0.400909090909091
"85828/1001",NA,85828,1787,"35-39 years","female",20,6226,"Other",563.662841796875,563.662841796875,"car",0.05,0.63,"weekday",2,"20 to 39","<1km","bicycle",0.63,0.0572727272727273,0.35,0.400909090909091
"85828/1001",NA,85828,1787,"35-39 years","female",20,6227,"Other",563.662841796875,563.662841796875,"car",0.0833333333333333,0.63,"weekday",3,"20 to 39","<1km","bicycle",0.63,0.0572727272727273,0.583333333333333,0.400909090909091
"85828/1001",NA,85828,1787,"35-39 years","female",20,6228,"Other",563.662841796875,563.662841796875,"car",0.1,0.63,"weekday",4,"20 to 39","<1km","bicycle",0.63,0.0572727272727273,0.7,0.400909090909091
"85830/1000",NA,85830,1788,"25-29 years","male",20,6229,"Work",1189.41027832031,1189.41027832031,"car",0.333333333333333,4.7,"weekday",1,"20 to 39","3-5km","bicycle",4.7,0.427272727272727,2.33333333333333,2.99090909090909
"85830/1000",NA,85830,1788,"25-29 years","male",20,6230,"Work",1189.41027832031,1189.41027832031,"car",0.266666666666667,4.81,"weekday",2,"20 to 39","3-5km","bicycle",4.81,0.437272727272727,1.86666666666667,3.06090909090909
"85830/1001",NA,85830,1789,"30-34 years","female",20,6231,"Shopping",808.138244628906,808.138244628906,"car",0.0333333333333333,1.6,"weekday",1,"20 to 39","1-2km","bicycle",1.6,0.145454545454545,0.233333333333333,1.01818181818182
"85830/1001",NA,85830,1789,"30-34 years","female",20,6232,"Shopping",808.138244628906,808.138244628906,"car",0.05,1.11,"weekday",2,"20 to 39","1-2km","bicycle",1.11,0.100909090909091,0.35,0.706363636363636
"85831/1000",NA,85831,1790,"35-39 years","male",20,6233,"Work",621.857666015625,621.857666015625,"walking",0.0833333333333333,0.53,"weekday",1,"20 to 39","<1km","walking",0.53,0.0833333333333333,0.583333333333333,0.583333333333333
"85831/1000",NA,85831,1790,"35-39 years","male",20,6234,"Work",621.857666015625,621.857666015625,"public.transport",0.3,7.07,"weekday",1,"20 to 39","6-10km","public.transport",7.07,0.3,2.1,2.1
"85831/1000",NA,85831,1790,"35-39 years","male",20,6235,"Work",621.857666015625,621.857666015625,"walking",0.116666666666667,0.5,"weekday",1,"20 to 39","<1km","walking",0.5,0.116666666666667,0.816666666666667,0.816666666666667
"85831/1000",NA,85831,1790,"35-39 years","male",20,6236,"Work",621.857666015625,621.857666015625,"walking",0.116666666666667,0.5,"weekday",2,"20 to 39","<1km","walking",0.5,0.116666666666667,0.816666666666667,0.816666666666667
"85831/1000",NA,85831,1790,"35-39 years","male",20,6237,"Work",621.857666015625,621.857666015625,"public.transport",0.333333333333333,6.49,"weekday",2,"20 to 39","6-10km","public.transport",6.49,0.333333333333333,2.33333333333333,2.33333333333333
"85831/1000",NA,85831,1790,"35-39 years","male",20,6238,"Work",621.857666015625,621.857666015625,"walking",0.166666666666667,1.2,"weekday",2,"20 to 39","1-2km","walking",1.2,0.166666666666667,1.16666666666667,1.16666666666667
"85831/1001",NA,85831,1791,"25-29 years","female",20,6239,"Work",1022.24871826172,1022.24871826172,"car",0.25,11.31,"weekday",1,"20 to 39",">10km","car",11.31,0.25,1.75,1.75
"85831/1001",NA,85831,1791,"25-29 years","female",20,6240,"Work",1022.24871826172,1022.24871826172,"car",0.333333333333333,12.15,"weekday",2,"20 to 39",">10km","car",12.15,0.333333333333333,2.33333333333333,2.33333333333333
"85832/1000",NA,85832,1792,"55-59 years","female",20,6241,"Work",468.386108398438,468.386108398438,"car",0.416666666666667,10.44,"weekday",1,"40 to 64",">10km","car",10.44,0.416666666666667,2.91666666666667,2.91666666666667
"85832/1000",NA,85832,1792,"55-59 years","female",20,6242,"Work",468.386108398438,468.386108398438,"car",0.25,11.76,"weekday",2,"40 to 64",">10km","car",11.76,0.25,1.75,1.75
"85832/1000",NA,85832,1792,"55-59 years","female",20,6243,"Leisure",468.386108398438,468.386108398438,"car",0.333333333333333,6.33,"weekday",3,"40 to 64","6-10km","car",6.33,0.333333333333333,2.33333333333333,2.33333333333333
"85832/1000",NA,85832,1792,"55-59 years","female",20,6244,"Leisure",468.386108398438,468.386108398438,"car",0.333333333333333,6.33,"weekday",4,"40 to 64","6-10km","car",6.33,0.333333333333333,2.33333333333333,2.33333333333333
"85833/1000",NA,85833,1794,"35-39 years","female",20,6246,"Work",566.130859375,566.130859375,"car",0.0833333333333333,0.93,"weekday",1,"20 to 39","<1km","bicycle",0.93,0.0845454545454545,0.583333333333333,0.591818181818182
"85833/1000",NA,85833,1794,"35-39 years","female",20,6247,"Other",566.130859375,566.130859375,"car",0.5,6.19,"weekday",2,"20 to 39","6-10km","car",6.19,0.5,3.5,3.5
"85833/1000",NA,85833,1794,"35-39 years","female",20,6248,"Shopping",566.130859375,566.130859375,"car",0.5,4.33,"weekday",3,"20 to 39","3-5km","bicycle",4.33,0.393636363636364,3.5,2.75545454545455
"85833/1000",NA,85833,1794,"35-39 years","female",20,6249,"Shopping",566.130859375,566.130859375,"car",0.166666666666667,1.87,"weekday",4,"20 to 39","1-2km","bicycle",1.87,0.17,1.16666666666667,1.19
"85836/1000",NA,85836,1795,"30-34 years","female",20,6250,"Other",808.138244628906,808.138244628906,"car",0.166666666666667,2.69,"weekday",1,"20 to 39","3-5km","bicycle",2.69,0.244545454545455,1.16666666666667,1.71181818181818
"85836/1000",NA,85836,1795,"30-34 years","female",20,6251,"Other",808.138244628906,808.138244628906,"car",0.133333333333333,2.69,"weekday",2,"20 to 39","3-5km","bicycle",2.69,0.244545454545455,0.933333333333333,1.71181818181818
"85836/1001",NA,85836,1796,"35-39 years","male",20,6252,"Work",754.537231445312,754.537231445312,"car",0.25,7.05,"weekday",1,"20 to 39","6-10km","car",7.05,0.25,1.75,1.75
"85836/1001",NA,85836,1796,"35-39 years","male",20,6253,"Work",754.537231445312,754.537231445312,"car",0.2,7.01,"weekday",2,"20 to 39","6-10km","car",7.01,0.2,1.4,1.4
"85838/1000",NA,85838,1797,"45-49 years","male",20,6254,"Work",708.6845703125,708.6845703125,"car",0.75,29.95,"weekday",1,"40 to 64",">10km","car",29.95,0.75,5.25,5.25
"85838/1000",NA,85838,1797,"45-49 years","male",20,6255,"Work",708.6845703125,708.6845703125,"car",1.16666666666667,30.23,"weekday",2,"40 to 64",">10km","car",30.23,1.16666666666667,8.16666666666667,8.16666666666667
"85838/1001",NA,85838,1798,"40-44 years","female",20,6256,"Other",830.912109375,830.912109375,"walking",0.0833333333333333,0.48,"weekday",1,"40 to 64","<1km","walking",0.48,0.0833333333333333,0.583333333333333,0.583333333333333
"85838/1001",NA,85838,1798,"40-44 years","female",20,6257,"Other",830.912109375,830.912109375,"walking",0.0833333333333333,0.48,"weekday",2,"40 to 64","<1km","walking",0.48,0.0833333333333333,0.583333333333333,0.583333333333333
"85838/1001",NA,85838,1798,"40-44 years","female",20,6258,"Other",830.912109375,830.912109375,"walking",0.05,0.48,"weekday",3,"40 to 64","<1km","walking",0.48,0.05,0.35,0.35
"85838/1001",NA,85838,1798,"40-44 years","female",20,6259,"Other",830.912109375,830.912109375,"walking",0.166666666666667,0.48,"weekday",4,"40 to 64","<1km","walking",0.48,0.166666666666667,1.16666666666667,1.16666666666667
"85838/1001",NA,85838,1798,"40-44 years","female",20,6260,"Other",830.912109375,830.912109375,"car",0.166666666666667,2.3,"weekday",5,"40 to 64","3-5km","bicycle",2.3,0.209090909090909,1.16666666666667,1.46363636363636
"85838/1001",NA,85838,1798,"40-44 years","female",20,6261,"Other",830.912109375,830.912109375,"car",0.25,4.06,"weekday",6,"40 to 64","3-5km","bicycle",4.06,0.369090909090909,1.75,2.58363636363636
"85838/1001",NA,85838,1798,"40-44 years","female",20,6262,"Shopping",830.912109375,830.912109375,"car",0.0833333333333333,1.69,"weekday",7,"40 to 64","1-2km","bicycle",1.69,0.153636363636364,0.583333333333333,1.07545454545455
"85838/1001",NA,85838,1798,"40-44 years","female",20,6263,"Other",830.912109375,830.912109375,"car",0.0666666666666667,1.7,"weekday",8,"40 to 64","1-2km","bicycle",1.7,0.154545454545455,0.466666666666667,1.08181818181818
"85838/1001",NA,85838,1798,"40-44 years","female",20,6264,"Shopping",830.912109375,830.912109375,"car",0.233333333333333,6.12,"weekday",9,"40 to 64","6-10km","car",6.12,0.233333333333333,1.63333333333333,1.63333333333333
"85838/1001",NA,85838,1798,"40-44 years","female",20,6265,"Leisure",830.912109375,830.912109375,"car",0.166666666666667,4.09,"weekday",10,"40 to 64","3-5km","bicycle",4.09,0.371818181818182,1.16666666666667,2.60272727272727
"85838/1001",NA,85838,1798,"40-44 years","female",20,6266,"Leisure",830.912109375,830.912109375,"car",0.0166666666666667,0.48,"weekday",11,"40 to 64","<1km","bicycle",0.48,0.0436363636363636,0.116666666666667,0.305454545454545
"85838/1002",NA,85838,1799,"15-19 years","male",20,6267,"Education",782.303466796875,782.303466796875,"walking",0.0666666666666667,0.25,"weekday",1,"15 to 19","<1km","walking",0.25,0.0666666666666667,0.466666666666667,0.466666666666667
"85838/1002",NA,85838,1799,"15-19 years","male",20,6268,"Education",782.303466796875,782.303466796875,"public.transport",0.233333333333333,4.11,"weekday",1,"15 to 19","3-5km","public.transport",4.11,0.233333333333333,1.63333333333333,1.63333333333333
"85838/1002",NA,85838,1799,"15-19 years","male",20,6269,"Education",782.303466796875,782.303466796875,"walking",0.25,1.58,"weekday",1,"15 to 19","1-2km","walking",1.58,0.25,1.75,1.75
"85838/1002",NA,85838,1799,"15-19 years","male",20,6270,"Education",782.303466796875,782.303466796875,"walking",0.25,1.58,"weekday",2,"15 to 19","1-2km","walking",1.58,0.25,1.75,1.75
"85838/1002",NA,85838,1799,"15-19 years","male",20,6271,"Education",782.303466796875,782.303466796875,"public.transport",0.166666666666667,4.64,"weekday",2,"15 to 19","3-5km","public.transport",4.64,0.166666666666667,1.16666666666667,1.16666666666667
"85838/1002",NA,85838,1799,"15-19 years","male",20,6272,"Education",782.303466796875,782.303466796875,"walking",0.0666666666666667,0.25,"weekday",2,"15 to 19","<1km","walking",0.25,0.0666666666666667,0.466666666666667,0.466666666666667
"85838/1002",NA,85838,1799,"15-19 years","male",20,6273,"Other",782.303466796875,782.303466796875,"car",0.166666666666667,2.3,"weekday",3,"15 to 19","3-5km","bicycle",2.3,0.209090909090909,1.16666666666667,1.46363636363636
"85838/1002",NA,85838,1799,"15-19 years","male",20,6274,"Leisure",782.303466796875,782.303466796875,"car",0.25,4.06,"weekday",4,"15 to 19","3-5km","bicycle",4.06,0.369090909090909,1.75,2.58363636363636
"85838/1002",NA,85838,1799,"15-19 years","male",20,6275,"Shopping",782.303466796875,782.303466796875,"car",0.233333333333333,6.12,"weekday",5,"15 to 19","6-10km","car",6.12,0.233333333333333,1.63333333333333,1.63333333333333
"85838/1002",NA,85838,1799,"15-19 years","male",20,6276,"Leisure",782.303466796875,782.303466796875,"car",0.166666666666667,4.09,"weekday",6,"15 to 19","3-5km","bicycle",4.09,0.371818181818182,1.16666666666667,2.60272727272727
"85838/1002",NA,85838,1799,"15-19 years","male",20,6277,"Leisure",782.303466796875,782.303466796875,"car",0.0166666666666667,0.48,"weekday",7,"15 to 19","<1km","bicycle",0.48,0.0436363636363636,0.116666666666667,0.305454545454545
"85841/1000",NA,85841,1800,"50-54 years","female",20,6278,"Other",146.526428222656,146.526428222656,"car",0.05,0.4,"weekday",1,"40 to 64","<1km","bicycle",0.4,0.0363636363636364,0.35,0.254545454545455
"85841/1000",NA,85841,1800,"50-54 years","female",20,6279,"Other",146.526428222656,146.526428222656,"car",0.05,0.57,"weekday",2,"40 to 64","<1km","bicycle",0.57,0.0518181818181818,0.35,0.362727272727273
"85841/1000",NA,85841,1800,"50-54 years","female",20,6280,"Other",146.526428222656,146.526428222656,"car",0.05,0.4,"weekday",3,"40 to 64","<1km","bicycle",0.4,0.0363636363636364,0.35,0.254545454545455
"85841/1000",NA,85841,1800,"50-54 years","female",20,6281,"Other",146.526428222656,146.526428222656,"car",0.05,0.57,"weekday",4,"40 to 64","<1km","bicycle",0.57,0.0518181818181818,0.35,0.362727272727273
"85841/1000",NA,85841,1800,"50-54 years","female",20,6282,"Work",146.526428222656,146.526428222656,"car",0.416666666666667,21.35,"weekday",5,"40 to 64",">10km","car",21.35,0.416666666666667,2.91666666666667,2.91666666666667
"85841/1000",NA,85841,1800,"50-54 years","female",20,6283,"Work",146.526428222656,146.526428222656,"car",0.333333333333333,21.18,"weekday",6,"40 to 64",">10km","car",21.18,0.333333333333333,2.33333333333333,2.33333333333333
"85842/1000",NA,85842,1801,"40-44 years","female",20,6284,"Work",125.654022216797,125.654022216797,"car",0.116666666666667,3.32,"weekday",1,"40 to 64","3-5km","bicycle",3.32,0.301818181818182,0.816666666666667,2.11272727272727
"85842/1000",NA,85842,1801,"40-44 years","female",20,6285,"Work",125.654022216797,125.654022216797,"walking",0.0333333333333333,0.25,"weekday",1,"40 to 64","<1km","walking",0.25,0.0333333333333333,0.233333333333333,0.233333333333333
"85842/1000",NA,85842,1801,"40-44 years","female",20,6286,"Work",125.654022216797,125.654022216797,"walking",0.0333333333333333,0.25,"weekday",2,"40 to 64","<1km","walking",0.25,0.0333333333333333,0.233333333333333,0.233333333333333
"85842/1000",NA,85842,1801,"40-44 years","female",20,6287,"Work",125.654022216797,125.654022216797,"car",0.133333333333333,3.25,"weekday",2,"40 to 64","3-5km","bicycle",3.25,0.295454545454545,0.933333333333333,2.06818181818182
"85844/1000",NA,85844,1802,"55-59 years","female",20,6288,"Shopping",151.029312133789,151.029312133789,"car",0.25,4.53,"weekday",1,"40 to 64","3-5km","bicycle",4.53,0.411818181818182,1.75,2.88272727272727
"85844/1000",NA,85844,1802,"55-59 years","female",20,6289,"Shopping",151.029312133789,151.029312133789,"car",0.333333333333333,4.34,"weekday",2,"40 to 64","3-5km","bicycle",4.34,0.394545454545455,2.33333333333333,2.76181818181818
"85844/1000",NA,85844,1802,"55-59 years","female",20,6290,"Shopping",151.029312133789,151.029312133789,"car",0.0833333333333333,1.62,"weekday",3,"40 to 64","1-2km","bicycle",1.62,0.147272727272727,0.583333333333333,1.03090909090909
"85844/1000",NA,85844,1802,"55-59 years","female",20,6291,"Shopping",151.029312133789,151.029312133789,"car",0.0833333333333333,1.62,"weekday",4,"40 to 64","1-2km","bicycle",1.62,0.147272727272727,0.583333333333333,1.03090909090909
"85844/1000",NA,85844,1802,"55-59 years","female",20,6292,"Other",151.029312133789,151.029312133789,"car",0.25,11.88,"weekday",5,"40 to 64",">10km","car",11.88,0.25,1.75,1.75
"85844/1000",NA,85844,1802,"55-59 years","female",20,6293,"Other",151.029312133789,151.029312133789,"car",0.233333333333333,11.89,"weekday",6,"40 to 64",">10km","car",11.89,0.233333333333333,1.63333333333333,1.63333333333333
"85844/1002",NA,85844,1803,"30-34 years","male",20,6294,"Work",160.394088745117,160.394088745117,"car",0.0833333333333333,4.45,"weekday",1,"20 to 39","3-5km","bicycle",4.45,0.404545454545455,0.583333333333333,2.83181818181818
"85844/1002",NA,85844,1803,"30-34 years","male",20,6295,"Shopping",160.394088745117,160.394088745117,"car",0.166666666666667,1.77,"weekday",2,"20 to 39","1-2km","bicycle",1.77,0.160909090909091,1.16666666666667,1.12636363636364
"85844/1002",NA,85844,1803,"30-34 years","male",20,6296,"Work",160.394088745117,160.394088745117,"car",0.116666666666667,1.95,"weekday",3,"20 to 39","1-2km","bicycle",1.95,0.177272727272727,0.816666666666667,1.24090909090909
"85844/1002",NA,85844,1803,"30-34 years","male",20,6297,"Shopping",160.394088745117,160.394088745117,"car",0.166666666666667,1.77,"weekday",4,"20 to 39","1-2km","bicycle",1.77,0.160909090909091,1.16666666666667,1.12636363636364
"85844/1002",NA,85844,1803,"30-34 years","male",20,6298,"Shopping",160.394088745117,160.394088745117,"car",0.166666666666667,3.25,"weekday",5,"20 to 39","3-5km","bicycle",3.25,0.295454545454545,1.16666666666667,2.06818181818182
"85845/1000",NA,85845,1804,"40-44 years","male",20,6299,"Work",92.8286743164062,92.8286743164062,"car",0.25,3.49,"weekday",1,"40 to 64","3-5km","bicycle",3.49,0.317272727272727,1.75,2.22090909090909
"85845/1000",NA,85845,1804,"40-44 years","male",20,6300,"Work",92.8286743164062,92.8286743164062,"car",0.25,3.7,"weekday",2,"40 to 64","3-5km","bicycle",3.7,0.336363636363636,1.75,2.35454545454545
"85846/1000",NA,85846,1805,"25-29 years","female",20,6301,"Work",242.946258544922,242.946258544922,"car",0.333333333333333,3.2,"weekday",1,"20 to 39","3-5km","bicycle",3.2,0.290909090909091,2.33333333333333,2.03636363636364
"85846/1000",NA,85846,1805,"25-29 years","female",20,6302,"Work",242.946258544922,242.946258544922,"car",0.166666666666667,3.33,"weekday",2,"20 to 39","3-5km","bicycle",3.33,0.302727272727273,1.16666666666667,2.11909090909091
"85846/1001",NA,85846,1806,"30-34 years","female",20,6303,"Work",134.708923339844,134.708923339844,"car",0.333333333333333,3.2,"weekday",1,"20 to 39","3-5km","bicycle",3.2,0.290909090909091,2.33333333333333,2.03636363636364
"85846/1001",NA,85846,1806,"30-34 years","female",20,6304,"Work",134.708923339844,134.708923339844,"car",0.25,3.33,"weekday",2,"20 to 39","3-5km","bicycle",3.33,0.302727272727273,1.75,2.11909090909091
"85848/1000",NA,85848,1807,"45-49 years","female",20,6305,"Other",185.58512878418,185.58512878418,"car",0.116666666666667,1.4,"weekday",1,"40 to 64","1-2km","bicycle",1.4,0.127272727272727,0.816666666666667,0.890909090909091
"85848/1000",NA,85848,1807,"45-49 years","female",20,6306,"Work",185.58512878418,185.58512878418,"car",0.633333333333333,32.84,"weekday",2,"40 to 64",">10km","car",32.84,0.633333333333333,4.43333333333333,4.43333333333333
"85848/1000",NA,85848,1807,"45-49 years","female",20,6307,"Shopping",185.58512878418,185.58512878418,"car",0.833333333333333,30.76,"weekday",3,"40 to 64",">10km","car",30.76,0.833333333333333,5.83333333333333,5.83333333333333
"85848/1000",NA,85848,1807,"45-49 years","female",20,6308,"Shopping",185.58512878418,185.58512878418,"car",0.166666666666667,4.45,"weekday",4,"40 to 64","3-5km","bicycle",4.45,0.404545454545455,1.16666666666667,2.83181818181818
"85848/1000",NA,85848,1807,"45-49 years","female",20,6309,"Shopping",185.58512878418,185.58512878418,"car",0.333333333333333,8.16,"weekday",5,"40 to 64","6-10km","car",8.16,0.333333333333333,2.33333333333333,2.33333333333333
"85848/1001",NA,85848,1808,"30-34 years","male",20,6310,"Shopping",187.17204284668,187.17204284668,"car",0.333333333333333,13.58,"weekday",1,"20 to 39",">10km","car",13.58,0.333333333333333,2.33333333333333,2.33333333333333
"85848/1001",NA,85848,1808,"30-34 years","male",20,6311,"Work",187.17204284668,187.17204284668,"car",0.166666666666667,1.36,"weekday",2,"20 to 39","1-2km","bicycle",1.36,0.123636363636364,1.16666666666667,0.865454545454545
"85848/1001",NA,85848,1808,"30-34 years","male",20,6312,"Shopping",187.17204284668,187.17204284668,"car",0.166666666666667,2.22,"weekday",3,"20 to 39","3-5km","bicycle",2.22,0.201818181818182,1.16666666666667,1.41272727272727
"85848/1001",NA,85848,1808,"30-34 years","male",20,6313,"Work",187.17204284668,187.17204284668,"car",0.166666666666667,2.18,"weekday",4,"20 to 39","3-5km","bicycle",2.18,0.198181818181818,1.16666666666667,1.38727272727273
"85848/1001",NA,85848,1808,"30-34 years","male",20,6314,"Other",187.17204284668,187.17204284668,"car",0.333333333333333,15.07,"weekday",5,"20 to 39",">10km","car",15.07,0.333333333333333,2.33333333333333,2.33333333333333
"85848/1001",NA,85848,1808,"30-34 years","male",20,6315,"Other",187.17204284668,187.17204284668,"car",0.166666666666667,1.32,"weekday",6,"20 to 39","1-2km","bicycle",1.32,0.12,1.16666666666667,0.84
"85852/1000",NA,85852,1809,"55-59 years","male",20,6316,"Work",159.136917114258,159.136917114258,"car",0.666666666666667,44.44,"weekday",1,"40 to 64",">10km","car",44.44,0.666666666666667,4.66666666666667,4.66666666666667
"85852/1000",NA,85852,1809,"55-59 years","male",20,6317,"Work",159.136917114258,159.136917114258,"car",0.75,45.05,"weekday",2,"40 to 64",">10km","car",45.05,0.75,5.25,5.25
"85852/1005",NA,85852,1810,"55-59 years","male",20,6318,"Leisure",159.136917114258,159.136917114258,"car",0.5,16.9,"weekday",1,"40 to 64",">10km","car",16.9,0.5,3.5,3.5
"85852/1005",NA,85852,1810,"55-59 years","male",20,6319,"Work",159.136917114258,159.136917114258,"car",0.75,34.2,"weekday",2,"40 to 64",">10km","car",34.2,0.75,5.25,5.25
"85852/1005",NA,85852,1810,"55-59 years","male",20,6320,"Work",159.136917114258,159.136917114258,"car",1.16666666666667,47.09,"weekday",3,"40 to 64",">10km","car",47.09,1.16666666666667,8.16666666666667,8.16666666666667
"85857/1000",NA,85857,1811,"20-24 years","female",20,6321,"Work",232.704406738281,232.704406738281,"car",0.25,5.6,"weekday",1,"20 to 39","6-10km","car",5.6,0.25,1.75,1.75
"85857/1000",NA,85857,1811,"20-24 years","female",20,6322,"Shopping",232.704406738281,232.704406738281,"car",0.15,2.24,"weekday",2,"20 to 39","3-5km","bicycle",2.24,0.203636363636364,1.05,1.42545454545455
"85857/1000",NA,85857,1811,"20-24 years","female",20,6323,"Work",232.704406738281,232.704406738281,"car",0.166666666666667,2.28,"weekday",3,"20 to 39","3-5km","bicycle",2.28,0.207272727272727,1.16666666666667,1.45090909090909
"85857/1000",NA,85857,1811,"20-24 years","female",20,6324,"Work",232.704406738281,232.704406738281,"car",0.25,5.55,"weekday",4,"20 to 39","6-10km","car",5.55,0.25,1.75,1.75
"85857/1000",NA,85857,1811,"20-24 years","female",20,6325,"Shopping",232.704406738281,232.704406738281,"car",0.133333333333333,2.6,"weekday",5,"20 to 39","3-5km","bicycle",2.6,0.236363636363636,0.933333333333333,1.65454545454545
"85857/1000",NA,85857,1811,"20-24 years","female",20,6326,"Shopping",232.704406738281,232.704406738281,"car",0.166666666666667,2.58,"weekday",6,"20 to 39","3-5km","bicycle",2.58,0.234545454545455,1.16666666666667,1.64181818181818
"85861/1000",NA,85861,1812,"55-59 years","male",20,6327,"Shopping",159.136917114258,159.136917114258,"car",0.0833333333333333,2.15,"weekday",1,"40 to 64","3-5km","bicycle",2.15,0.195454545454545,0.583333333333333,1.36818181818182
"85861/1000",NA,85861,1812,"55-59 years","male",20,6328,"Shopping",159.136917114258,159.136917114258,"car",0.0833333333333333,2.18,"weekday",2,"40 to 64","3-5km","bicycle",2.18,0.198181818181818,0.583333333333333,1.38727272727273
"85861/1000",NA,85861,1812,"55-59 years","male",20,6329,"Work",159.136917114258,159.136917114258,"car",0.0833333333333333,4.06,"weekday",3,"40 to 64","3-5km","bicycle",4.06,0.369090909090909,0.583333333333333,2.58363636363636
"85861/1000",NA,85861,1812,"55-59 years","male",20,6330,"Work",159.136917114258,159.136917114258,"car",0.0833333333333333,3.97,"weekday",4,"40 to 64","3-5km","bicycle",3.97,0.360909090909091,0.583333333333333,2.52636363636364
"85861/1001",NA,85861,1813,"30-34 years","male",20,6331,"Leisure",160.394088745117,160.394088745117,"car",0.166666666666667,10.04,"weekday",1,"20 to 39",">10km","car",10.04,0.166666666666667,1.16666666666667,1.16666666666667
"85861/1001",NA,85861,1813,"30-34 years","male",20,6332,"Leisure",160.394088745117,160.394088745117,"car",0.166666666666667,10.1,"weekday",2,"20 to 39",">10km","car",10.1,0.166666666666667,1.16666666666667,1.16666666666667
"85868/1000",NA,85868,1814,"30-34 years","male",20,6333,"Other",187.17204284668,187.17204284668,"car",0.116666666666667,2.32,"weekday",1,"20 to 39","3-5km","bicycle",2.32,0.210909090909091,0.816666666666667,1.47636363636364
"85868/1000",NA,85868,1814,"30-34 years","male",20,6334,"Other",187.17204284668,187.17204284668,"car",0.5,4.4,"weekday",2,"20 to 39","3-5km","bicycle",4.4,0.4,3.5,2.8
"85868/1000",NA,85868,1814,"30-34 years","male",20,6335,"Other",187.17204284668,187.17204284668,"car",0.333333333333333,3.44,"weekday",3,"20 to 39","3-5km","bicycle",3.44,0.312727272727273,2.33333333333333,2.18909090909091
"85868/1000",NA,85868,1814,"30-34 years","male",20,6336,"Work",187.17204284668,187.17204284668,"car",0.4,12.76,"weekday",4,"20 to 39",">10km","car",12.76,0.4,2.8,2.8
"85868/1000",NA,85868,1814,"30-34 years","male",20,6337,"Work",187.17204284668,187.17204284668,"car",0.583333333333333,12.59,"weekday",5,"20 to 39",">10km","car",12.59,0.583333333333333,4.08333333333333,4.08333333333333
"85868/1001",NA,85868,1815,"30-34 years","female",20,6338,"Other",157.198715209961,157.198715209961,"car",0.233333333333333,2.32,"weekday",1,"20 to 39","3-5km","bicycle",2.32,0.210909090909091,1.63333333333333,1.47636363636364
"85868/1001",NA,85868,1815,"30-34 years","female",20,6339,"Other",157.198715209961,157.198715209961,"car",0.233333333333333,2.33,"weekday",2,"20 to 39","3-5km","bicycle",2.33,0.211818181818182,1.63333333333333,1.48272727272727
"85868/1001",NA,85868,1815,"30-34 years","female",20,6340,"Leisure",157.198715209961,157.198715209961,"car",0.166666666666667,4.35,"weekday",3,"20 to 39","3-5km","bicycle",4.35,0.395454545454545,1.16666666666667,2.76818181818182
"85868/1001",NA,85868,1815,"30-34 years","female",20,6341,"Leisure",157.198715209961,157.198715209961,"car",0.166666666666667,4.36,"weekday",4,"20 to 39","3-5km","bicycle",4.36,0.396363636363636,1.16666666666667,2.77454545454545
"85868/1001",NA,85868,1815,"30-34 years","female",20,6342,"Work",157.198715209961,157.198715209961,"car",0.583333333333333,23.44,"weekday",5,"20 to 39",">10km","car",23.44,0.583333333333333,4.08333333333333,4.08333333333333
"85868/1001",NA,85868,1815,"30-34 years","female",20,6343,"Work",157.198715209961,157.198715209961,"car",0.5,23.4,"weekday",6,"20 to 39",">10km","car",23.4,0.5,3.5,3.5
"85869/1001",NA,85869,1816,"35-39 years","male",20,6344,"Work",274.485229492188,274.485229492188,"car",0.25,14.96,"weekday",1,"20 to 39",">10km","car",14.96,0.25,1.75,1.75
"85869/1001",NA,85869,1816,"35-39 years","male",20,6345,"Work",274.485229492188,274.485229492188,"car",0.5,14.98,"weekday",2,"20 to 39",">10km","car",14.98,0.5,3.5,3.5
"85873/1000",NA,85873,1817,"60-64 years","male",20,6346,"Work",144.323944091797,144.323944091797,"car",0.75,46.61,"weekday",1,"40 to 64",">10km","car",46.61,0.75,5.25,5.25
"85873/1000",NA,85873,1817,"60-64 years","male",20,6347,"Work",144.323944091797,144.323944091797,"car",0.666666666666667,45,"weekday",2,"40 to 64",">10km","car",45,0.666666666666667,4.66666666666667,4.66666666666667
"85875/1000",NA,85875,1818,"45-49 years","female",20,6348,"Other",303.152160644531,303.152160644531,"car",0.166666666666667,2.85,"weekday",1,"40 to 64","3-5km","bicycle",2.85,0.259090909090909,1.16666666666667,1.81363636363636
"85875/1000",NA,85875,1818,"45-49 years","female",20,6349,"Other",303.152160644531,303.152160644531,"car",0.166666666666667,2.8,"weekday",2,"40 to 64","3-5km","bicycle",2.8,0.254545454545455,1.16666666666667,1.78181818181818
"85875/1000",NA,85875,1818,"45-49 years","female",20,6350,"Shopping",303.152160644531,303.152160644531,"car",0.0833333333333333,1.14,"weekday",3,"40 to 64","1-2km","bicycle",1.14,0.103636363636364,0.583333333333333,0.725454545454545
"85875/1000",NA,85875,1818,"45-49 years","female",20,6351,"Shopping",303.152160644531,303.152160644531,"car",0.0833333333333333,1.14,"weekday",4,"40 to 64","1-2km","bicycle",1.14,0.103636363636364,0.583333333333333,0.725454545454545
"85875/1000",NA,85875,1818,"45-49 years","female",20,6352,"Other",303.152160644531,303.152160644531,"car",0.166666666666667,2.85,"weekday",5,"40 to 64","3-5km","bicycle",2.85,0.259090909090909,1.16666666666667,1.81363636363636
"85875/1000",NA,85875,1818,"45-49 years","female",20,6353,"Other",303.152160644531,303.152160644531,"car",0.166666666666667,2.8,"weekday",6,"40 to 64","3-5km","bicycle",2.8,0.254545454545455,1.16666666666667,1.78181818181818
"85876/1000",NA,85876,1819,"60-64 years","male",20,6354,"Work",177.813385009766,177.813385009766,"other",0.2,7.09,"weekday",1,"40 to 64","6-10km","other",7.09,0.2,1.4,1.4
"85876/1000",NA,85876,1819,"60-64 years","male",20,6355,"Leisure",177.813385009766,177.813385009766,"other",0.25,6.5,"weekday",2,"40 to 64","6-10km","other",6.5,0.25,1.75,1.75
"85876/1000",NA,85876,1819,"60-64 years","male",20,6356,"Leisure",177.813385009766,177.813385009766,"other",0.166666666666667,3.55,"weekday",3,"40 to 64","3-5km","other",3.55,0.166666666666667,1.16666666666667,1.16666666666667
"85881/1000",NA,85881,1820,"40-44 years","female",20,6357,"Other",259.748474121094,259.748474121094,"car",0.05,0.53,"weekday",1,"40 to 64","<1km","bicycle",0.53,0.0481818181818182,0.35,0.337272727272727
"85881/1000",NA,85881,1820,"40-44 years","female",20,6358,"Other",259.748474121094,259.748474121094,"car",0.05,0.53,"weekday",2,"40 to 64","<1km","bicycle",0.53,0.0481818181818182,0.35,0.337272727272727
"85881/1000",NA,85881,1820,"40-44 years","female",20,6359,"Other",259.748474121094,259.748474121094,"car",0.05,0.53,"weekday",3,"40 to 64","<1km","bicycle",0.53,0.0481818181818182,0.35,0.337272727272727
"85881/1000",NA,85881,1820,"40-44 years","female",20,6360,"Other",259.748474121094,259.748474121094,"car",0.05,0.53,"weekday",4,"40 to 64","<1km","bicycle",0.53,0.0481818181818182,0.35,0.337272727272727
"85881/1002",NA,85881,1821,"15-19 years","male",20,6361,"Education",261.753723144531,261.753723144531,"walking",0.2,2.11,"weekday",1,"15 to 19","3-5km","walking",2.11,0.2,1.4,1.4
"85881/1002",NA,85881,1821,"15-19 years","male",20,6362,"Education",261.753723144531,261.753723144531,"walking",0.416666666666667,2.11,"weekday",2,"15 to 19","3-5km","walking",2.11,0.416666666666667,2.91666666666667,2.91666666666667
"85885/1000",NA,85885,1822,"40-44 years","male",20,6363,"Other",369.611175537109,369.611175537109,"car",0.0166666666666667,0.3,"weekday",1,"40 to 64","<1km","bicycle",0.3,0.0272727272727273,0.116666666666667,0.190909090909091
"85885/1000",NA,85885,1822,"40-44 years","male",20,6364,"Other",369.611175537109,369.611175537109,"car",0.0166666666666667,0.3,"weekday",2,"40 to 64","<1km","bicycle",0.3,0.0272727272727273,0.116666666666667,0.190909090909091
"85886/1000",NA,85886,1823,"45-49 years","male",20,6365,"Work",222.079360961914,222.079360961914,"car",0.25,5.35,"weekday",1,"40 to 64","6-10km","car",5.35,0.25,1.75,1.75
"85886/1000",NA,85886,1823,"45-49 years","male",20,6366,"Work",222.079360961914,222.079360961914,"car",0.25,5.87,"weekday",2,"40 to 64","6-10km","car",5.87,0.25,1.75,1.75
"85886/1001",NA,85886,1824,"20-24 years","female",20,6367,"Other",251.227233886719,251.227233886719,"car",0.25,2.68,"weekday",1,"20 to 39","3-5km","bicycle",2.68,0.243636363636364,1.75,1.70545454545455
"85886/1001",NA,85886,1824,"20-24 years","female",20,6368,"Other",251.227233886719,251.227233886719,"car",0.25,2.81,"weekday",2,"20 to 39","3-5km","bicycle",2.81,0.255454545454545,1.75,1.78818181818182
"85886/1003",NA,85886,1825,"45-49 years","female",20,6369,"Other",303.152160644531,303.152160644531,"car",0.166666666666667,2.68,"weekday",1,"40 to 64","3-5km","bicycle",2.68,0.243636363636364,1.16666666666667,1.70545454545455
"85886/1003",NA,85886,1825,"45-49 years","female",20,6370,"Other",303.152160644531,303.152160644531,"car",0.166666666666667,2.81,"weekday",2,"40 to 64","3-5km","bicycle",2.81,0.255454545454545,1.16666666666667,1.78818181818182
"85886/1003",NA,85886,1825,"45-49 years","female",20,6371,"Work",303.152160644531,303.152160644531,"car",0.25,6.91,"weekday",3,"40 to 64","6-10km","car",6.91,0.25,1.75,1.75
"85886/1003",NA,85886,1825,"45-49 years","female",20,6372,"Work",303.152160644531,303.152160644531,"car",0.25,6.78,"weekday",4,"40 to 64","6-10km","car",6.78,0.25,1.75,1.75
"85887/1000",NA,85887,1826,"30-34 years","male",20,6373,"Work",295.600555419922,295.600555419922,"car",0.25,17.64,"weekday",1,"20 to 39",">10km","car",17.64,0.25,1.75,1.75
"85887/1000",NA,85887,1826,"30-34 years","male",20,6374,"Work",295.600555419922,295.600555419922,"car",0.25,17.58,"weekday",2,"20 to 39",">10km","car",17.58,0.25,1.75,1.75
"85887/1001",NA,85887,1827,"30-34 years","female",20,6375,"Other",405.015441894531,405.015441894531,"car",0.0833333333333333,1.42,"weekday",1,"20 to 39","1-2km","bicycle",1.42,0.129090909090909,0.583333333333333,0.903636363636364
"85887/1001",NA,85887,1827,"30-34 years","female",20,6376,"Other",405.015441894531,405.015441894531,"car",0.0833333333333333,1.47,"weekday",2,"20 to 39","1-2km","bicycle",1.47,0.133636363636364,0.583333333333333,0.935454545454545
"85887/1001",NA,85887,1827,"30-34 years","female",20,6377,"Other",405.015441894531,405.015441894531,"car",0.0833333333333333,1.42,"weekday",3,"20 to 39","1-2km","bicycle",1.42,0.129090909090909,0.583333333333333,0.903636363636364
"85887/1001",NA,85887,1827,"30-34 years","female",20,6378,"Other",405.015441894531,405.015441894531,"car",0.0833333333333333,1.47,"weekday",4,"20 to 39","1-2km","bicycle",1.47,0.133636363636364,0.583333333333333,0.935454545454545
"85888/1000",NA,85888,1828,"35-39 years","female",20,6379,"Other",205.37922668457,205.37922668457,"car",0.116666666666667,2.71,"weekday",1,"20 to 39","3-5km","bicycle",2.71,0.246363636363636,0.816666666666667,1.72454545454545
"85888/1000",NA,85888,1828,"35-39 years","female",20,6380,"Other",205.37922668457,205.37922668457,"car",0.366666666666667,2.66,"weekday",2,"20 to 39","3-5km","bicycle",2.66,0.241818181818182,2.56666666666667,1.69272727272727
"85888/1000",NA,85888,1828,"35-39 years","female",20,6381,"Shopping",205.37922668457,205.37922668457,"car",0.116666666666667,3.34,"weekday",3,"20 to 39","3-5km","bicycle",3.34,0.303636363636364,0.816666666666667,2.12545454545455
"85888/1000",NA,85888,1828,"35-39 years","female",20,6382,"Shopping",205.37922668457,205.37922668457,"car",0.166666666666667,3.41,"weekday",4,"20 to 39","3-5km","bicycle",3.41,0.31,1.16666666666667,2.17
"85888/1000",NA,85888,1828,"35-39 years","female",20,6383,"Other",205.37922668457,205.37922668457,"car",0.166666666666667,2.71,"weekday",5,"20 to 39","3-5km","bicycle",2.71,0.246363636363636,1.16666666666667,1.72454545454545
"85888/1000",NA,85888,1828,"35-39 years","female",20,6384,"Other",205.37922668457,205.37922668457,"car",0.15,2.66,"weekday",6,"20 to 39","3-5km","bicycle",2.66,0.241818181818182,1.05,1.69272727272727
"85888/1001",NA,85888,1829,"35-39 years","male",20,6385,"Work",217.276641845703,217.276641845703,"car",0.716666666666667,40.65,"weekday",1,"20 to 39",">10km","car",40.65,0.716666666666667,5.01666666666667,5.01666666666667
"85888/1001",NA,85888,1829,"35-39 years","male",20,6386,"Work",217.276641845703,217.276641845703,"car",1.33333333333333,40.81,"weekday",2,"20 to 39",">10km","car",40.81,1.33333333333333,9.33333333333333,9.33333333333333
"85888/1002",NA,85888,1830,"15-19 years","male",20,6387,"Education",218.963638305664,218.963638305664,"car",0.116666666666667,2.71,"weekday",1,"15 to 19","3-5km","bicycle",2.71,0.246363636363636,0.816666666666667,1.72454545454545
"85888/1002",NA,85888,1830,"15-19 years","male",20,6388,"Education",218.963638305664,218.963638305664,"car",0.15,2.66,"weekday",2,"15 to 19","3-5km","bicycle",2.66,0.241818181818182,1.05,1.69272727272727
"85890/1000",NA,85890,1831,"30-34 years","male",20,6389,"Leisure",139.366546630859,139.366546630859,"car",1.08333333333333,52.02,"weekday",1,"20 to 39",">10km","car",52.02,1.08333333333333,7.58333333333333,7.58333333333333
"85890/1000",NA,85890,1831,"30-34 years","male",20,6390,"Leisure",139.366546630859,139.366546630859,"car",1.16666666666667,51.86,"weekday",2,"20 to 39",">10km","car",51.86,1.16666666666667,8.16666666666667,8.16666666666667
"85890/1001",NA,85890,1832,"25-29 years","female",20,6391,"Leisure",178.791854858398,178.791854858398,"car",1.08333333333333,52.02,"weekday",1,"20 to 39",">10km","car",52.02,1.08333333333333,7.58333333333333,7.58333333333333
"85890/1001",NA,85890,1832,"25-29 years","female",20,6392,"Leisure",178.791854858398,178.791854858398,"car",1.16666666666667,51.86,"weekday",2,"20 to 39",">10km","car",51.86,1.16666666666667,8.16666666666667,8.16666666666667
"85891/1000",NA,85891,1833,"60-64 years","female",20,6393,"Leisure",204.986328125,204.986328125,"car",0.5,29.75,"weekday",1,"40 to 64",">10km","car",29.75,0.5,3.5,3.5
"85891/1000",NA,85891,1833,"60-64 years","female",20,6394,"Leisure",204.986328125,204.986328125,"car",0.5,29.17,"weekday",2,"40 to 64",">10km","car",29.17,0.5,3.5,3.5
"85895/1000",NA,85895,1834,"40-44 years","female",20,6395,"Other",217.286178588867,217.286178588867,"car",0.166666666666667,2.66,"weekday",1,"40 to 64","3-5km","bicycle",2.66,0.241818181818182,1.16666666666667,1.69272727272727
"85895/1000",NA,85895,1834,"40-44 years","female",20,6396,"Other",217.286178588867,217.286178588867,"car",0.15,2.61,"weekday",2,"40 to 64","3-5km","bicycle",2.61,0.237272727272727,1.05,1.66090909090909
"85895/1000",NA,85895,1834,"40-44 years","female",20,6397,"Other",217.286178588867,217.286178588867,"car",0.166666666666667,2.66,"weekday",3,"40 to 64","3-5km","bicycle",2.66,0.241818181818182,1.16666666666667,1.69272727272727
"85895/1000",NA,85895,1834,"40-44 years","female",20,6398,"Other",217.286178588867,217.286178588867,"car",0.25,2.61,"weekday",4,"40 to 64","3-5km","bicycle",2.61,0.237272727272727,1.75,1.66090909090909
"85896/1000",NA,85896,1835,"45-49 years","male",20,6399,"Other",222.079360961914,222.079360961914,"car",0.333333333333333,22.53,"weekday",1,"40 to 64",">10km","car",22.53,0.333333333333333,2.33333333333333,2.33333333333333
"85896/1000",NA,85896,1835,"45-49 years","male",20,6400,"Other",222.079360961914,222.079360961914,"car",0.333333333333333,22.39,"weekday",2,"40 to 64",">10km","car",22.39,0.333333333333333,2.33333333333333,2.33333333333333
"85896/1001",NA,85896,1836,"35-39 years","female",20,6401,"Other",245.514633178711,245.514633178711,"car",0.333333333333333,22.53,"weekday",1,"20 to 39",">10km","car",22.53,0.333333333333333,2.33333333333333,2.33333333333333
"85896/1001",NA,85896,1836,"35-39 years","female",20,6402,"Other",245.514633178711,245.514633178711,"car",0.333333333333333,22.39,"weekday",2,"20 to 39",">10km","car",22.39,0.333333333333333,2.33333333333333,2.33333333333333
"85896/1002",NA,85896,1837,"15-19 years","female",20,6403,"Other",232.997085571289,232.997085571289,"car",0.333333333333333,22.53,"weekday",1,"15 to 19",">10km","car",22.53,0.333333333333333,2.33333333333333,2.33333333333333
"85896/1002",NA,85896,1837,"15-19 years","female",20,6404,"Other",232.997085571289,232.997085571289,"car",0.333333333333333,22.39,"weekday",2,"15 to 19",">10km","car",22.39,0.333333333333333,2.33333333333333,2.33333333333333
"85897/1000",NA,85897,1838,"70-74 years","female",20,6406,"Other",216.413101196289,216.413101196289,"car",0.133333333333333,0.93,"weekday",2,"65 plus","<1km","bicycle",0.93,0.0845454545454545,0.933333333333333,0.591818181818182
"85897/1000",NA,85897,1838,"70-74 years","female",20,6407,"Shopping",216.413101196289,216.413101196289,"car",0.166666666666667,4.17,"weekday",3,"65 plus","3-5km","bicycle",4.17,0.379090909090909,1.16666666666667,2.65363636363636
"85897/1000",NA,85897,1838,"70-74 years","female",20,6408,"Shopping",216.413101196289,216.413101196289,"car",0.0833333333333333,5.1,"weekday",4,"65 plus","6-10km","car",5.1,0.0833333333333333,0.583333333333333,0.583333333333333
"85897/1000",NA,85897,1838,"70-74 years","female",20,6409,"Shopping",216.413101196289,216.413101196289,"walking",0.2,0.71,"weekday",5,"65 plus","<1km","walking",0.71,0.2,1.4,1.4
"85897/1000",NA,85897,1838,"70-74 years","female",20,6410,"Shopping",216.413101196289,216.413101196289,"walking",0.2,0.71,"weekday",6,"65 plus","<1km","walking",0.71,0.2,1.4,1.4
"85897/1001",NA,85897,1839,"45-49 years","male",20,6411,"Work",185.775009155273,185.775009155273,"car",0.583333333333333,38.83,"weekday",1,"40 to 64",">10km","car",38.83,0.583333333333333,4.08333333333333,4.08333333333333
"85897/1001",NA,85897,1839,"45-49 years","male",20,6412,"Work",185.775009155273,185.775009155273,"car",0.666666666666667,38.22,"weekday",2,"40 to 64",">10km","car",38.22,0.666666666666667,4.66666666666667,4.66666666666667
"85897/1002",NA,85897,1840,"20-24 years","male",20,6413,"Other",198.558609008789,198.558609008789,"car",0.166666666666667,2.88,"weekday",1,"20 to 39","3-5km","bicycle",2.88,0.261818181818182,1.16666666666667,1.83272727272727
"85897/1002",NA,85897,1840,"20-24 years","male",20,6414,"Other",198.558609008789,198.558609008789,"car",0.166666666666667,3.02,"weekday",2,"20 to 39","3-5km","bicycle",3.02,0.274545454545455,1.16666666666667,1.92181818181818
"85898/1001",NA,85898,1841,"50-54 years","female",20,6415,"Other",256.582946777344,256.582946777344,"car",0.05,0.43,"weekday",1,"40 to 64","<1km","bicycle",0.43,0.0390909090909091,0.35,0.273636363636364
"85898/1001",NA,85898,1841,"50-54 years","female",20,6416,"Other",256.582946777344,256.582946777344,"car",0.05,0.43,"weekday",2,"40 to 64","<1km","bicycle",0.43,0.0390909090909091,0.35,0.273636363636364
"85898/1001",NA,85898,1841,"50-54 years","female",20,6417,"Other",256.582946777344,256.582946777344,"car",0.0333333333333333,0.43,"weekday",3,"40 to 64","<1km","bicycle",0.43,0.0390909090909091,0.233333333333333,0.273636363636364
"85898/1001",NA,85898,1841,"50-54 years","female",20,6418,"Other",256.582946777344,256.582946777344,"car",0.0333333333333333,0.43,"weekday",4,"40 to 64","<1km","bicycle",0.43,0.0390909090909091,0.233333333333333,0.273636363636364
"85902/1000",NA,85902,1842,"60-64 years","male",20,6419,"Shopping",93.5367965698242,93.5367965698242,"car",0.566666666666667,20.9,"weekday",1,"40 to 64",">10km","car",20.9,0.566666666666667,3.96666666666667,3.96666666666667
"85902/1000",NA,85902,1842,"60-64 years","male",20,6420,"Shopping",93.5367965698242,93.5367965698242,"car",0.5,21.14,"weekday",2,"40 to 64",">10km","car",21.14,0.5,3.5,3.5
"85902/1004",NA,85902,1843,"60-64 years","female",20,6422,"Shopping",86.5198974609375,86.5198974609375,"car",0.566666666666667,20.9,"weekday",1,"40 to 64",">10km","car",20.9,0.566666666666667,3.96666666666667,3.96666666666667
"85902/1004",NA,85902,1843,"60-64 years","female",20,6423,"Shopping",86.5198974609375,86.5198974609375,"car",0.5,21.14,"weekday",2,"40 to 64",">10km","car",21.14,0.5,3.5,3.5
"85903/1000",NA,85903,1844,"75-79 years","male",20,6425,"Other",76.3799514770508,76.3799514770508,"car",0.116666666666667,1.39,"weekday",1,"65 plus","1-2km","bicycle",1.39,0.126363636363636,0.816666666666667,0.884545454545454
"85903/1000",NA,85903,1844,"75-79 years","male",20,6426,"Other",76.3799514770508,76.3799514770508,"car",0.1,1.57,"weekday",2,"65 plus","1-2km","bicycle",1.57,0.142727272727273,0.7,0.999090909090909
"85903/1000",NA,85903,1844,"75-79 years","male",20,6427,"Other",76.3799514770508,76.3799514770508,"car",0.133333333333333,3.13,"weekday",3,"65 plus","3-5km","bicycle",3.13,0.284545454545455,0.933333333333333,1.99181818181818
"85903/1000",NA,85903,1844,"75-79 years","male",20,6428,"Other",76.3799514770508,76.3799514770508,"car",0.3,3.11,"weekday",4,"65 plus","3-5km","bicycle",3.11,0.282727272727273,2.1,1.97909090909091
"85903/1001",NA,85903,1845,"65-69 years","female",20,6429,"Other",86.0002593994141,86.0002593994141,"car",0.133333333333333,3.13,"weekday",1,"65 plus","3-5km","bicycle",3.13,0.284545454545455,0.933333333333333,1.99181818181818
"85903/1001",NA,85903,1845,"65-69 years","female",20,6430,"Other",86.0002593994141,86.0002593994141,"car",0.3,3.11,"weekday",2,"65 plus","3-5km","bicycle",3.11,0.282727272727273,2.1,1.97909090909091
"85904/1000",NA,85904,1846,"55-59 years","female",20,6431,"Work",138.399810791016,138.399810791016,"car",0.416666666666667,2.21,"weekday",1,"40 to 64","3-5km","bicycle",2.21,0.200909090909091,2.91666666666667,1.40636363636364
"85904/1000",NA,85904,1846,"55-59 years","female",20,6432,"Work",138.399810791016,138.399810791016,"car",0.166666666666667,2.18,"weekday",2,"40 to 64","3-5km","bicycle",2.18,0.198181818181818,1.16666666666667,1.38727272727273
"85904/1001",NA,85904,1847,"55-59 years","male",20,6433,"Work",125.77254486084,125.77254486084,"car",0.333333333333333,3.37,"weekday",1,"40 to 64","3-5km","bicycle",3.37,0.306363636363636,2.33333333333333,2.14454545454545
"85904/1001",NA,85904,1847,"55-59 years","male",20,6434,"Work",125.77254486084,125.77254486084,"car",0.0833333333333333,1.56,"weekday",2,"40 to 64","1-2km","bicycle",1.56,0.141818181818182,0.583333333333333,0.992727272727273
"85904/1001",NA,85904,1847,"55-59 years","male",20,6435,"Work",125.77254486084,125.77254486084,"car",0.25,4.4,"weekday",3,"40 to 64","3-5km","bicycle",4.4,0.4,1.75,2.8
"85904/1002",NA,85904,1848,"25-29 years","male",20,6436,"Work",117.837989807129,117.837989807129,"car",0.75,41.17,"weekday",1,"20 to 39",">10km","car",41.17,0.75,5.25,5.25
"85904/1002",NA,85904,1848,"25-29 years","male",20,6437,"Work",117.837989807129,117.837989807129,"car",0.75,40.91,"weekday",2,"20 to 39",">10km","car",40.91,0.75,5.25,5.25
"85904/1003",NA,85904,1849,"20-24 years","female",20,6438,"Education",133.524215698242,133.524215698242,"car",0.5,29.31,"weekday",1,"20 to 39",">10km","car",29.31,0.5,3.5,3.5
"85904/1003",NA,85904,1849,"20-24 years","female",20,6439,"Education",133.524215698242,133.524215698242,"car",0.5,28.23,"weekday",2,"20 to 39",">10km","car",28.23,0.5,3.5,3.5
"85904/1003",NA,85904,1849,"20-24 years","female",20,6440,"Shopping",133.524215698242,133.524215698242,"car",0.2,4.37,"weekday",3,"20 to 39","3-5km","bicycle",4.37,0.397272727272727,1.4,2.78090909090909
"85904/1003",NA,85904,1849,"20-24 years","female",20,6441,"Shopping",133.524215698242,133.524215698242,"car",0.2,4.3,"weekday",4,"20 to 39","3-5km","bicycle",4.3,0.390909090909091,1.4,2.73636363636364
"85905/1001",NA,85905,1850,"40-44 years","female",20,6442,"Other",151.688049316406,151.688049316406,"car",0.116666666666667,4.13,"weekday",1,"40 to 64","3-5km","bicycle",4.13,0.375454545454545,0.816666666666667,2.62818181818182
"85905/1001",NA,85905,1850,"40-44 years","female",20,6443,"Other",151.688049316406,151.688049316406,"car",0.133333333333333,4.95,"weekday",2,"40 to 64","3-5km","bicycle",4.95,0.45,0.933333333333333,3.15
"85905/1001",NA,85905,1850,"40-44 years","female",20,6444,"Work",151.688049316406,151.688049316406,"car",0.0833333333333333,0.55,"weekday",3,"40 to 64","<1km","bicycle",0.55,0.05,0.583333333333333,0.35
"85905/1001",NA,85905,1850,"40-44 years","female",20,6445,"Other",151.688049316406,151.688049316406,"car",0.0833333333333333,0.72,"weekday",4,"40 to 64","<1km","bicycle",0.72,0.0654545454545454,0.583333333333333,0.458181818181818
"85905/1001",NA,85905,1850,"40-44 years","female",20,6446,"Other",151.688049316406,151.688049316406,"car",0.166666666666667,4.97,"weekday",5,"40 to 64","3-5km","bicycle",4.97,0.451818181818182,1.16666666666667,3.16272727272727
"85905/1001",NA,85905,1850,"40-44 years","female",20,6447,"Other",151.688049316406,151.688049316406,"car",0.333333333333333,4.14,"weekday",6,"40 to 64","3-5km","bicycle",4.14,0.376363636363636,2.33333333333333,2.63454545454545
"85905/1002",NA,85905,1851,"15-19 years","female",20,6448,"Education",134.606628417969,134.606628417969,"car",0.116666666666667,4.13,"weekday",1,"15 to 19","3-5km","bicycle",4.13,0.375454545454545,0.816666666666667,2.62818181818182
"85905/1002",NA,85905,1851,"15-19 years","female",20,6449,"Education",134.606628417969,134.606628417969,"car",0.333333333333333,4.14,"weekday",2,"15 to 19","3-5km","bicycle",4.14,0.376363636363636,2.33333333333333,2.63454545454545
"85905/1003",NA,85905,1852,"15-19 years","female",20,6450,"Education",134.606628417969,134.606628417969,"car",0.116666666666667,4.13,"weekday",1,"15 to 19","3-5km","bicycle",4.13,0.375454545454545,0.816666666666667,2.62818181818182
"85905/1003",NA,85905,1852,"15-19 years","female",20,6451,"Education",134.606628417969,134.606628417969,"car",0.333333333333333,4.14,"weekday",2,"15 to 19","3-5km","bicycle",4.14,0.376363636363636,2.33333333333333,2.63454545454545
"85906/1000",NA,85906,1853,"45-49 years","male",20,6452,"Work",125.319877624512,125.319877624512,"car",0.25,2.41,"weekday",1,"40 to 64","3-5km","bicycle",2.41,0.219090909090909,1.75,1.53363636363636
"85906/1000",NA,85906,1853,"45-49 years","male",20,6453,"Work",125.319877624512,125.319877624512,"car",0.25,2.37,"weekday",2,"40 to 64","3-5km","bicycle",2.37,0.215454545454545,1.75,1.50818181818182
"85906/1002",NA,85906,1854,"25-29 years","male",20,6454,"Work",117.837989807129,117.837989807129,"car",0.25,2.41,"weekday",1,"20 to 39","3-5km","bicycle",2.41,0.219090909090909,1.75,1.53363636363636
"85906/1002",NA,85906,1854,"25-29 years","male",20,6455,"Work",117.837989807129,117.837989807129,"car",0.25,2.37,"weekday",2,"20 to 39","3-5km","bicycle",2.37,0.215454545454545,1.75,1.50818181818182
"85907/1000",NA,85907,1855,"35-39 years","female",20,6456,"Work",101.994979858398,101.994979858398,"car",0.116666666666667,3.3,"weekday",1,"20 to 39","3-5km","bicycle",3.3,0.3,0.816666666666667,2.1
"85907/1000",NA,85907,1855,"35-39 years","female",20,6457,"Other",101.994979858398,101.994979858398,"car",0.133333333333333,3.72,"weekday",2,"20 to 39","3-5km","bicycle",3.72,0.338181818181818,0.933333333333333,2.36727272727273
"85907/1000",NA,85907,1855,"35-39 years","female",20,6458,"Leisure",101.994979858398,101.994979858398,"car",0.383333333333333,14.22,"weekday",3,"20 to 39",">10km","car",14.22,0.383333333333333,2.68333333333333,2.68333333333333
"85907/1000",NA,85907,1855,"35-39 years","female",20,6459,"Leisure",101.994979858398,101.994979858398,"car",0.466666666666667,13.63,"weekday",4,"20 to 39",">10km","car",13.63,0.466666666666667,3.26666666666667,3.26666666666667
"85907/1001",NA,85907,1856,"40-44 years","male",20,6460,"Other",121.04647064209,121.04647064209,"car",0.0666666666666667,1.29,"weekday",1,"40 to 64","1-2km","bicycle",1.29,0.117272727272727,0.466666666666667,0.820909090909091
"85907/1001",NA,85907,1856,"40-44 years","male",20,6461,"Work",121.04647064209,121.04647064209,"car",0.166666666666667,5.57,"weekday",2,"40 to 64","6-10km","car",5.57,0.166666666666667,1.16666666666667,1.16666666666667
"85907/1001",NA,85907,1856,"40-44 years","male",20,6462,"Work",121.04647064209,121.04647064209,"car",0.25,6.41,"weekday",3,"40 to 64","6-10km","car",6.41,0.25,1.75,1.75
"85908/1000",NA,85908,1857,"50-54 years","male",20,6463,"Work",96.621337890625,96.621337890625,"car",0.75,27.69,"weekday",1,"40 to 64",">10km","car",27.69,0.75,5.25,5.25
"85908/1000",NA,85908,1857,"50-54 years","male",20,6464,"Work",96.621337890625,96.621337890625,"car",0.166666666666667,5.31,"weekday",2,"40 to 64","6-10km","car",5.31,0.166666666666667,1.16666666666667,1.16666666666667
"85908/1000",NA,85908,1857,"50-54 years","male",20,6465,"Work",96.621337890625,96.621337890625,"car",0.316666666666667,5.26,"weekday",3,"40 to 64","6-10km","car",5.26,0.316666666666667,2.21666666666667,2.21666666666667
"85908/1000",NA,85908,1857,"50-54 years","male",20,6466,"Work",96.621337890625,96.621337890625,"car",0.833333333333333,27.66,"weekday",4,"40 to 64",">10km","car",27.66,0.833333333333333,5.83333333333333,5.83333333333333
"85911/1000",NA,85911,1858,"75-79 years","male",20,6467,"Other",76.3799514770508,76.3799514770508,"car",0.833333333333333,33.81,"weekday",1,"65 plus",">10km","car",33.81,0.833333333333333,5.83333333333333,5.83333333333333
"85911/1000",NA,85911,1858,"75-79 years","male",20,6468,"Other",76.3799514770508,76.3799514770508,"car",0.25,6.03,"weekday",2,"65 plus","6-10km","car",6.03,0.25,1.75,1.75
"85911/1000",NA,85911,1858,"75-79 years","male",20,6469,"Other",76.3799514770508,76.3799514770508,"car",0.25,6.02,"weekday",3,"65 plus","6-10km","car",6.02,0.25,1.75,1.75
"85911/1000",NA,85911,1858,"75-79 years","male",20,6470,"Other",76.3799514770508,76.3799514770508,"car",0.75,34.06,"weekday",4,"65 plus",">10km","car",34.06,0.75,5.25,5.25
"85911/1001",NA,85911,1859,"75-79 years","female",20,6471,"Other",81.3612976074219,81.3612976074219,"car",0.833333333333333,33.81,"weekday",1,"65 plus",">10km","car",33.81,0.833333333333333,5.83333333333333,5.83333333333333
"85911/1001",NA,85911,1859,"75-79 years","female",20,6472,"Other",81.3612976074219,81.3612976074219,"car",0.75,34.06,"weekday",2,"65 plus",">10km","car",34.06,0.75,5.25,5.25
"85914/1000",NA,85914,1860,"55-59 years","male",20,6473,"Work",125.77254486084,125.77254486084,"bicycle",0.25,4.97,"weekday",1,"40 to 64","3-5km","bicycle",4.97,0.25,1.75,1.75
"85914/1000",NA,85914,1860,"55-59 years","male",20,6474,"Work",125.77254486084,125.77254486084,"bicycle",0.25,4.97,"weekday",2,"40 to 64","3-5km","bicycle",4.97,0.25,1.75,1.75
"85914/1001",NA,85914,1861,"50-54 years","female",20,6475,"Other",100.969757080078,100.969757080078,"car",0.166666666666667,5.06,"weekday",1,"40 to 64","6-10km","car",5.06,0.166666666666667,1.16666666666667,1.16666666666667
"85914/1001",NA,85914,1861,"50-54 years","female",20,6476,"Shopping",100.969757080078,100.969757080078,"car",0.1,1.51,"weekday",2,"40 to 64","1-2km","bicycle",1.51,0.137272727272727,0.7,0.960909090909091
"85914/1001",NA,85914,1861,"50-54 years","female",20,6477,"Shopping",100.969757080078,100.969757080078,"car",0.216666666666667,3.76,"weekday",3,"40 to 64","3-5km","bicycle",3.76,0.341818181818182,1.51666666666667,2.39272727272727
"85914/1001",NA,85914,1861,"50-54 years","female",20,6478,"Leisure",100.969757080078,100.969757080078,"car",0.116666666666667,5.05,"weekday",4,"40 to 64","6-10km","car",5.05,0.116666666666667,0.816666666666667,0.816666666666667
"85914/1001",NA,85914,1861,"50-54 years","female",20,6479,"Other",100.969757080078,100.969757080078,"car",0.0833333333333333,2.28,"weekday",5,"40 to 64","3-5km","bicycle",2.28,0.207272727272727,0.583333333333333,1.45090909090909
"85914/1001",NA,85914,1861,"50-54 years","female",20,6480,"Other",100.969757080078,100.969757080078,"car",0.15,7.08,"weekday",6,"40 to 64","6-10km","car",7.08,0.15,1.05,1.05
"85914/1001",NA,85914,1861,"50-54 years","female",20,6481,"Other",100.969757080078,100.969757080078,"car",0.15,5.06,"weekday",7,"40 to 64","6-10km","car",5.06,0.15,1.05,1.05
"85914/1001",NA,85914,1861,"50-54 years","female",20,6482,"Shopping",100.969757080078,100.969757080078,"car",0.0666666666666667,1.1,"weekday",8,"40 to 64","1-2km","bicycle",1.1,0.1,0.466666666666667,0.7
"85914/1001",NA,85914,1861,"50-54 years","female",20,6483,"Leisure",100.969757080078,100.969757080078,"car",0.133333333333333,7.08,"weekday",9,"40 to 64","6-10km","car",7.08,0.133333333333333,0.933333333333333,0.933333333333333
"85914/1001",NA,85914,1861,"50-54 years","female",20,6484,"Shopping",100.969757080078,100.969757080078,"car",0.05,0.52,"weekday",10,"40 to 64","<1km","bicycle",0.52,0.0472727272727273,0.35,0.330909090909091
"85914/1001",NA,85914,1861,"50-54 years","female",20,6485,"Shopping",100.969757080078,100.969757080078,"car",0.116666666666667,4.19,"weekday",11,"40 to 64","3-5km","bicycle",4.19,0.380909090909091,0.816666666666667,2.66636363636364
"85914/1001",NA,85914,1861,"50-54 years","female",20,6486,"Other",100.969757080078,100.969757080078,"car",0.15,3.87,"weekday",12,"40 to 64","3-5km","bicycle",3.87,0.351818181818182,1.05,2.46272727272727
"85914/1001",NA,85914,1861,"50-54 years","female",20,6487,"Other",100.969757080078,100.969757080078,"car",0.133333333333333,3.92,"weekday",13,"40 to 64","3-5km","bicycle",3.92,0.356363636363636,0.933333333333333,2.49454545454545
"85921/1000",NA,85921,1863,"65-69 years","female",20,6489,"Shopping",86.0002593994141,86.0002593994141,"car",0.166666666666667,6.63,"weekday",1,"65 plus","6-10km","car",6.63,0.166666666666667,1.16666666666667,1.16666666666667
"85921/1000",NA,85921,1863,"65-69 years","female",20,6491,"Shopping",86.0002593994141,86.0002593994141,"car",0.166666666666667,6.66,"weekday",3,"65 plus","6-10km","car",6.66,0.166666666666667,1.16666666666667,1.16666666666667
"85922/1000",NA,85922,1864,"30-34 years","male",20,6492,"Other",120.255889892578,120.255889892578,"car",0.166666666666667,3.95,"weekday",1,"20 to 39","3-5km","bicycle",3.95,0.359090909090909,1.16666666666667,2.51363636363636
"85922/1000",NA,85922,1864,"30-34 years","male",20,6493,"Other",120.255889892578,120.255889892578,"car",0.15,3.94,"weekday",2,"20 to 39","3-5km","bicycle",3.94,0.358181818181818,1.05,2.50727272727273
"85924/1001",NA,85924,1865,"35-39 years","female",20,6494,"Work",101.994979858398,101.994979858398,"car",0.333333333333333,6.49,"weekday",1,"20 to 39","6-10km","car",6.49,0.333333333333333,2.33333333333333,2.33333333333333
"85924/1001",NA,85924,1865,"35-39 years","female",20,6495,"Work",101.994979858398,101.994979858398,"car",0.333333333333333,6.53,"weekday",2,"20 to 39","6-10km","car",6.53,0.333333333333333,2.33333333333333,2.33333333333333
"85924/1002",NA,85924,1866,"35-39 years","male",20,6496,"Other",97.0498886108398,97.0498886108398,"car",0.233333333333333,4.02,"weekday",1,"20 to 39","3-5km","bicycle",4.02,0.365454545454545,1.63333333333333,2.55818181818182
"85924/1002",NA,85924,1866,"35-39 years","male",20,6497,"Other",97.0498886108398,97.0498886108398,"car",0.25,4.01,"weekday",2,"20 to 39","3-5km","bicycle",4.01,0.364545454545455,1.75,2.55181818181818
"85924/1002",NA,85924,1866,"35-39 years","male",20,6498,"Other",97.0498886108398,97.0498886108398,"car",0.25,4.02,"weekday",3,"20 to 39","3-5km","bicycle",4.02,0.365454545454545,1.75,2.55818181818182
"85924/1002",NA,85924,1866,"35-39 years","male",20,6499,"Other",97.0498886108398,97.0498886108398,"car",0.166666666666667,4.01,"weekday",4,"20 to 39","3-5km","bicycle",4.01,0.364545454545455,1.16666666666667,2.55181818181818
"85924/1002",NA,85924,1866,"35-39 years","male",20,6500,"Work",97.0498886108398,97.0498886108398,"car",0.333333333333333,6.49,"weekday",5,"20 to 39","6-10km","car",6.49,0.333333333333333,2.33333333333333,2.33333333333333
"85924/1002",NA,85924,1866,"35-39 years","male",20,6501,"Work",97.0498886108398,97.0498886108398,"car",0.333333333333333,6.53,"weekday",6,"20 to 39","6-10km","car",6.53,0.333333333333333,2.33333333333333,2.33333333333333
"85925/1000",NA,85925,1867,"65-69 years","male",20,6502,"Work",115.985206604004,115.985206604004,"car",0.733333333333333,18.31,"weekday",1,"65 plus",">10km","car",18.31,0.733333333333333,5.13333333333333,5.13333333333333
"85925/1000",NA,85925,1867,"65-69 years","male",20,6503,"Work",115.985206604004,115.985206604004,"car",0.583333333333333,18.3,"weekday",2,"65 plus",">10km","car",18.3,0.583333333333333,4.08333333333333,4.08333333333333
"85926/1000",NA,85926,1868,"80-84 years","female",20,6504,"Leisure",79.6506423950195,79.6506423950195,"walking",0.333333333333333,0.62,"weekday",1,"65 plus","<1km","walking",0.62,0.333333333333333,2.33333333333333,2.33333333333333
"85926/1000",NA,85926,1868,"80-84 years","female",20,6505,"Leisure",79.6506423950195,79.6506423950195,"walking",0.416666666666667,0.62,"weekday",2,"65 plus","<1km","walking",0.62,0.416666666666667,2.91666666666667,2.91666666666667
"85926/1000",NA,85926,1868,"80-84 years","female",20,6506,"Leisure",79.6506423950195,79.6506423950195,"walking",0.583333333333333,0.98,"weekday",3,"65 plus","<1km","walking",0.98,0.583333333333333,4.08333333333333,4.08333333333333
"85926/1000",NA,85926,1868,"80-84 years","female",20,6507,"Leisure",79.6506423950195,79.6506423950195,"walking",0.666666666666667,0.98,"weekday",4,"65 plus","<1km","walking",0.98,0.666666666666667,4.66666666666667,4.66666666666667
"85926/1001",NA,85926,1869,"80-84 years","male",20,6508,"Leisure",111.738418579102,111.738418579102,"walking",0.333333333333333,0.62,"weekday",1,"65 plus","<1km","walking",0.62,0.333333333333333,2.33333333333333,2.33333333333333
"85926/1001",NA,85926,1869,"80-84 years","male",20,6509,"Leisure",111.738418579102,111.738418579102,"walking",0.416666666666667,0.62,"weekday",2,"65 plus","<1km","walking",0.62,0.416666666666667,2.91666666666667,2.91666666666667
"85926/1001",NA,85926,1869,"80-84 years","male",20,6510,"Other",111.738418579102,111.738418579102,"car",0.25,4.06,"weekday",3,"65 plus","3-5km","bicycle",4.06,0.369090909090909,1.75,2.58363636363636
"85926/1001",NA,85926,1869,"80-84 years","male",20,6511,"Other",111.738418579102,111.738418579102,"car",0.25,4.04,"weekday",4,"65 plus","3-5km","bicycle",4.04,0.367272727272727,1.75,2.57090909090909
"85926/1001",NA,85926,1869,"80-84 years","male",20,6512,"Leisure",111.738418579102,111.738418579102,"walking",0.583333333333333,0.98,"weekday",5,"65 plus","<1km","walking",0.98,0.583333333333333,4.08333333333333,4.08333333333333
"85926/1001",NA,85926,1869,"80-84 years","male",20,6513,"Leisure",111.738418579102,111.738418579102,"walking",0.666666666666667,0.98,"weekday",6,"65 plus","<1km","walking",0.98,0.666666666666667,4.66666666666667,4.66666666666667
"85927/1000",NA,85927,1870,"45-49 years","male",20,6514,"Work",131.999420166016,131.999420166016,"car",0.333333333333333,29.53,"weekday",1,"40 to 64",">10km","car",29.53,0.333333333333333,2.33333333333333,2.33333333333333
"85927/1000",NA,85927,1870,"45-49 years","male",20,6515,"Work",131.999420166016,131.999420166016,"car",1,29.41,"weekday",2,"40 to 64",">10km","car",29.41,1,7,7
"85927/1001",NA,85927,1871,"45-49 years","female",20,6516,"Other",128.661026000977,128.661026000977,"car",0.25,4.11,"weekday",1,"40 to 64","3-5km","bicycle",4.11,0.373636363636364,1.75,2.61545454545455
"85927/1001",NA,85927,1871,"45-49 years","female",20,6517,"Work",128.661026000977,128.661026000977,"car",0.0833333333333333,2.45,"weekday",2,"40 to 64","3-5km","bicycle",2.45,0.222727272727273,0.583333333333333,1.55909090909091
"85927/1001",NA,85927,1871,"45-49 years","female",20,6518,"Other",128.661026000977,128.661026000977,"car",0.25,2.47,"weekday",3,"40 to 64","3-5km","bicycle",2.47,0.224545454545455,1.75,1.57181818181818
"85927/1001",NA,85927,1871,"45-49 years","female",20,6519,"Other",128.661026000977,128.661026000977,"car",0.166666666666667,4.09,"weekday",4,"40 to 64","3-5km","bicycle",4.09,0.371818181818182,1.16666666666667,2.60272727272727
"85928/1000",NA,85928,1872,"65-69 years","male",20,6520,"Work",91.5599975585938,91.5599975585938,"car",0.5,6.98,"weekday",1,"65 plus","6-10km","car",6.98,0.5,3.5,3.5
"85928/1000",NA,85928,1872,"65-69 years","male",20,6521,"Shopping",91.5599975585938,91.5599975585938,"car",0.166666666666667,3.23,"weekday",2,"65 plus","3-5km","bicycle",3.23,0.293636363636364,1.16666666666667,2.05545454545455
"85928/1000",NA,85928,1872,"65-69 years","male",20,6522,"Work",91.5599975585938,91.5599975585938,"car",0.25,8.78,"weekday",3,"65 plus","6-10km","car",8.78,0.25,1.75,1.75
"85928/1000",NA,85928,1872,"65-69 years","male",20,6523,"Work",91.5599975585938,91.5599975585938,"car",0.5,5.06,"weekday",4,"65 plus","6-10km","car",5.06,0.5,3.5,3.5
"85928/1000",NA,85928,1872,"65-69 years","male",20,6524,"Work",91.5599975585938,91.5599975585938,"car",0.25,4.64,"weekday",5,"65 plus","3-5km","bicycle",4.64,0.421818181818182,1.75,2.95272727272727
"85928/1000",NA,85928,1872,"65-69 years","male",20,6525,"Work",91.5599975585938,91.5599975585938,"car",0.25,4.63,"weekday",6,"65 plus","3-5km","bicycle",4.63,0.420909090909091,1.75,2.94636363636364
"85929/1000",NA,85929,1873,"30-34 years","female",20,6526,"Other",142.02326965332,142.02326965332,"car",0.0833333333333333,1.33,"weekday",1,"20 to 39","1-2km","bicycle",1.33,0.120909090909091,0.583333333333333,0.846363636363636
"85929/1000",NA,85929,1873,"30-34 years","female",20,6527,"Other",142.02326965332,142.02326965332,"car",0.0833333333333333,1.26,"weekday",2,"20 to 39","1-2km","bicycle",1.26,0.114545454545455,0.583333333333333,0.801818181818182
"85929/1000",NA,85929,1873,"30-34 years","female",20,6528,"Other",142.02326965332,142.02326965332,"car",0.25,3.75,"weekday",3,"20 to 39","3-5km","bicycle",3.75,0.340909090909091,1.75,2.38636363636364
"85929/1000",NA,85929,1873,"30-34 years","female",20,6529,"Other",142.02326965332,142.02326965332,"car",0.333333333333333,3.81,"weekday",4,"20 to 39","3-5km","bicycle",3.81,0.346363636363636,2.33333333333333,2.42454545454545
"85929/1001",NA,85929,1874,"35-39 years","male",20,6530,"Work",129.938522338867,129.938522338867,"car",0.5,26.25,"weekday",1,"20 to 39",">10km","car",26.25,0.5,3.5,3.5
"85929/1001",NA,85929,1874,"35-39 years","male",20,6531,"Shopping",129.938522338867,129.938522338867,"car",0.5,15.36,"weekday",2,"20 to 39",">10km","car",15.36,0.5,3.5,3.5
"85929/1001",NA,85929,1874,"35-39 years","male",20,6532,"Shopping",129.938522338867,129.938522338867,"car",0.333333333333333,11.25,"weekday",3,"20 to 39",">10km","car",11.25,0.333333333333333,2.33333333333333,2.33333333333333
"85929/1001",NA,85929,1874,"35-39 years","male",20,6533,"Shopping",129.938522338867,129.938522338867,"car",0.25,5.54,"weekday",4,"20 to 39","6-10km","car",5.54,0.25,1.75,1.75
"85929/1001",NA,85929,1874,"35-39 years","male",20,6534,"Shopping",129.938522338867,129.938522338867,"car",0.333333333333333,5.56,"weekday",5,"20 to 39","6-10km","car",5.56,0.333333333333333,2.33333333333333,2.33333333333333
"85990/1000",NA,85990,1875,"35-39 years","male",20,6535,"Work",253.730651855469,253.730651855469,"car",0.666666666666667,19.71,"weekday",1,"20 to 39",">10km","car",19.71,0.666666666666667,4.66666666666667,4.66666666666667
"85990/1000",NA,85990,1875,"35-39 years","male",20,6536,"Work",253.730651855469,253.730651855469,"car",0.666666666666667,19.69,"weekday",2,"20 to 39",">10km","car",19.69,0.666666666666667,4.66666666666667,4.66666666666667
"85990/1000",NA,85990,1875,"35-39 years","male",20,6537,"Other",253.730651855469,253.730651855469,"car",0.166666666666667,4.83,"weekday",3,"20 to 39","3-5km","bicycle",4.83,0.439090909090909,1.16666666666667,3.07363636363636
"85990/1000",NA,85990,1875,"35-39 years","male",20,6538,"Shopping",253.730651855469,253.730651855469,"car",0.0833333333333333,3.53,"weekday",4,"20 to 39","3-5km","bicycle",3.53,0.320909090909091,0.583333333333333,2.24636363636364
"85990/1000",NA,85990,1875,"35-39 years","male",20,6539,"Shopping",253.730651855469,253.730651855469,"car",0.1,1.4,"weekday",5,"20 to 39","1-2km","bicycle",1.4,0.127272727272727,0.7,0.890909090909091
"85990/1001",NA,85990,1876,"50-54 years","female",20,6540,"Other",308.720367431641,308.720367431641,"walking",0.0833333333333333,0.39,"weekday",1,"40 to 64","<1km","walking",0.39,0.0833333333333333,0.583333333333333,0.583333333333333
"85990/1001",NA,85990,1876,"50-54 years","female",20,6541,"Other",308.720367431641,308.720367431641,"walking",0.0833333333333333,0.39,"weekday",2,"40 to 64","<1km","walking",0.39,0.0833333333333333,0.583333333333333,0.583333333333333
"85990/1001",NA,85990,1876,"50-54 years","female",20,6542,"Other",308.720367431641,308.720367431641,"car",0.166666666666667,4.83,"weekday",3,"40 to 64","3-5km","bicycle",4.83,0.439090909090909,1.16666666666667,3.07363636363636
"85990/1001",NA,85990,1876,"50-54 years","female",20,6543,"Shopping",308.720367431641,308.720367431641,"walking",0.666666666666667,3.53,"weekday",4,"40 to 64","3-5km","walking",3.53,0.666666666666667,4.66666666666667,4.66666666666667
"85990/1001",NA,85990,1876,"50-54 years","female",20,6544,"Shopping",308.720367431641,308.720367431641,"walking",0.25,1.6,"weekday",5,"40 to 64","1-2km","walking",1.6,0.25,1.75,1.75
"85990/1001",NA,85990,1876,"50-54 years","female",20,6545,"Other",308.720367431641,308.720367431641,"walking",0.0833333333333333,0.39,"weekday",6,"40 to 64","<1km","walking",0.39,0.0833333333333333,0.583333333333333,0.583333333333333
"85990/1001",NA,85990,1876,"50-54 years","female",20,6546,"Other",308.720367431641,308.720367431641,"walking",0.0833333333333333,0.39,"weekday",7,"40 to 64","<1km","walking",0.39,0.0833333333333333,0.583333333333333,0.583333333333333
"85990/1001",NA,85990,1876,"50-54 years","female",20,6547,"Other",308.720367431641,308.720367431641,"car",0.166666666666667,4.83,"weekday",8,"40 to 64","3-5km","bicycle",4.83,0.439090909090909,1.16666666666667,3.07363636363636
"85990/1001",NA,85990,1876,"50-54 years","female",20,6548,"Leisure",308.720367431641,308.720367431641,"car",0.0833333333333333,1.53,"weekday",9,"40 to 64","1-2km","bicycle",1.53,0.139090909090909,0.583333333333333,0.973636363636364
"85990/1001",NA,85990,1876,"50-54 years","female",20,6549,"Leisure",308.720367431641,308.720367431641,"car",0.166666666666667,5.56,"weekday",10,"40 to 64","6-10km","car",5.56,0.166666666666667,1.16666666666667,1.16666666666667
"85996/1000",NA,85996,1877,"75-79 years","male",20,6550,"Shopping",146.185394287109,146.185394287109,"car",0.183333333333333,2.51,"weekday",1,"65 plus","3-5km","bicycle",2.51,0.228181818181818,1.28333333333333,1.59727272727273
"85996/1000",NA,85996,1877,"75-79 years","male",20,6551,"Shopping",146.185394287109,146.185394287109,"car",0.166666666666667,2.61,"weekday",2,"65 plus","3-5km","bicycle",2.61,0.237272727272727,1.16666666666667,1.66090909090909
"85996/1000",NA,85996,1877,"75-79 years","male",20,6552,"Other",146.185394287109,146.185394287109,"car",0.0833333333333333,1.6,"weekday",3,"65 plus","1-2km","bicycle",1.6,0.145454545454545,0.583333333333333,1.01818181818182
"85996/1000",NA,85996,1877,"75-79 years","male",20,6553,"Other",146.185394287109,146.185394287109,"car",0.0833333333333333,1.5,"weekday",4,"65 plus","1-2km","bicycle",1.5,0.136363636363636,0.583333333333333,0.954545454545454
"85996/1001",NA,85996,1878,"50-54 years","female",20,6554,"Other",193.905059814453,193.905059814453,"car",0.0833333333333333,1.6,"weekday",1,"40 to 64","1-2km","bicycle",1.6,0.145454545454545,0.583333333333333,1.01818181818182
"85996/1001",NA,85996,1878,"50-54 years","female",20,6555,"Other",193.905059814453,193.905059814453,"car",0.0666666666666667,1.5,"weekday",2,"40 to 64","1-2km","bicycle",1.5,0.136363636363636,0.466666666666667,0.954545454545454
"85996/1001",NA,85996,1878,"50-54 years","female",20,6556,"Other",193.905059814453,193.905059814453,"car",0.0833333333333333,1.6,"weekday",3,"40 to 64","1-2km","bicycle",1.6,0.145454545454545,0.583333333333333,1.01818181818182
"85996/1001",NA,85996,1878,"50-54 years","female",20,6557,"Other",193.905059814453,193.905059814453,"car",0.0833333333333333,1.5,"weekday",4,"40 to 64","1-2km","bicycle",1.5,0.136363636363636,0.583333333333333,0.954545454545454
"85996/1001",NA,85996,1878,"50-54 years","female",20,6558,"Work",193.905059814453,193.905059814453,"car",0.666666666666667,27.18,"weekday",5,"40 to 64",">10km","car",27.18,0.666666666666667,4.66666666666667,4.66666666666667
"85996/1001",NA,85996,1878,"50-54 years","female",20,6559,"Work",193.905059814453,193.905059814453,"car",0.7,27.08,"weekday",6,"40 to 64",">10km","car",27.08,0.7,4.9,4.9
"85999/1000",NA,85999,1879,"60-64 years","female",20,6560,"Leisure",156.893493652344,156.893493652344,"walking",1.33333333333333,1.4,"weekday",1,"40 to 64","1-2km","walking",1.4,1.33333333333333,9.33333333333333,9.33333333333333
"85999/1000",NA,85999,1879,"60-64 years","female",20,6561,"Leisure",156.893493652344,156.893493652344,"walking",0.233333333333333,1.4,"weekday",2,"40 to 64","1-2km","walking",1.4,0.233333333333333,1.63333333333333,1.63333333333333
"85999/1000",NA,85999,1879,"60-64 years","female",20,6562,"Leisure",156.893493652344,156.893493652344,"car",0.166666666666667,1.46,"weekday",3,"40 to 64","1-2km","bicycle",1.46,0.132727272727273,1.16666666666667,0.929090909090909
"85999/1000",NA,85999,1879,"60-64 years","female",20,6563,"Leisure",156.893493652344,156.893493652344,"car",0.0833333333333333,1.44,"weekday",4,"40 to 64","1-2km","bicycle",1.44,0.130909090909091,0.583333333333333,0.916363636363636
"85999/1001",NA,85999,1880,"55-59 years","male",20,6564,"Leisure",261.203918457031,261.203918457031,"bicycle",1,11.83,"weekday",1,"40 to 64",">10km","bicycle",11.83,1,7,7
"85999/1001",NA,85999,1880,"55-59 years","male",20,6565,"Leisure",261.203918457031,261.203918457031,"bicycle",1,11.83,"weekday",2,"40 to 64",">10km","bicycle",11.83,1,7,7
"85999/1001",NA,85999,1880,"55-59 years","male",20,6566,"Work",261.203918457031,261.203918457031,"car",0.833333333333333,27.54,"weekday",3,"40 to 64",">10km","car",27.54,0.833333333333333,5.83333333333333,5.83333333333333
"85999/1001",NA,85999,1880,"55-59 years","male",20,6567,"Work",261.203918457031,261.203918457031,"car",0.333333333333333,7.45,"weekday",4,"40 to 64","6-10km","car",7.45,0.333333333333333,2.33333333333333,2.33333333333333
"85999/1001",NA,85999,1880,"55-59 years","male",20,6568,"Work",261.203918457031,261.203918457031,"car",0.316666666666667,7.54,"weekday",5,"40 to 64","6-10km","car",7.54,0.316666666666667,2.21666666666667,2.21666666666667
"85999/1001",NA,85999,1880,"55-59 years","male",20,6569,"Work",261.203918457031,261.203918457031,"car",0.5,5.14,"weekday",6,"40 to 64","6-10km","car",5.14,0.5,3.5,3.5
"85999/1001",NA,85999,1880,"55-59 years","male",20,6570,"Work",261.203918457031,261.203918457031,"car",0.5,5.21,"weekday",7,"40 to 64","6-10km","car",5.21,0.5,3.5,3.5
"85999/1001",NA,85999,1880,"55-59 years","male",20,6571,"Work",261.203918457031,261.203918457031,"car",0.833333333333333,26.99,"weekday",8,"40 to 64",">10km","car",26.99,0.833333333333333,5.83333333333333,5.83333333333333
"86000/1000",NA,86000,1881,"35-39 years","female",20,6572,"Other",320.457489013672,320.457489013672,"car",0.0833333333333333,0.54,"weekday",1,"20 to 39","<1km","bicycle",0.54,0.0490909090909091,0.583333333333333,0.343636363636364
"86000/1000",NA,86000,1881,"35-39 years","female",20,6573,"Work",320.457489013672,320.457489013672,"car",0.0833333333333333,1.71,"weekday",2,"20 to 39","1-2km","bicycle",1.71,0.155454545454545,0.583333333333333,1.08818181818182
"86000/1000",NA,86000,1881,"35-39 years","female",20,6574,"Other",320.457489013672,320.457489013672,"car",0.216666666666667,1.71,"weekday",3,"20 to 39","1-2km","bicycle",1.71,0.155454545454545,1.51666666666667,1.08818181818182
"86000/1000",NA,86000,1881,"35-39 years","female",20,6575,"Other",320.457489013672,320.457489013672,"car",0.0833333333333333,0.58,"weekday",4,"20 to 39","<1km","bicycle",0.58,0.0527272727272727,0.583333333333333,0.369090909090909
"86000/1001",NA,86000,1882,"35-39 years","male",20,6576,"Work",347.083160400391,347.083160400391,"car",0.166666666666667,4.5,"weekday",1,"20 to 39","3-5km","bicycle",4.5,0.409090909090909,1.16666666666667,2.86363636363636
"86000/1001",NA,86000,1882,"35-39 years","male",20,6579,"Work",347.083160400391,347.083160400391,"car",0.166666666666667,3.8,"weekday",4,"20 to 39","3-5km","bicycle",3.8,0.345454545454545,1.16666666666667,2.41818181818182
"86000/1001",NA,86000,1882,"35-39 years","male",20,6580,"Work",347.083160400391,347.083160400391,"car",0.166666666666667,1.67,"weekday",5,"20 to 39","1-2km","bicycle",1.67,0.151818181818182,1.16666666666667,1.06272727272727
"86002/1000",NA,86002,1883,"30-34 years","female",20,6581,"Other",698.810424804688,698.810424804688,"car",0.25,3.48,"weekday",1,"20 to 39","3-5km","bicycle",3.48,0.316363636363636,1.75,2.21454545454545
"86002/1000",NA,86002,1883,"30-34 years","female",20,6582,"Other",698.810424804688,698.810424804688,"car",0.25,3.3,"weekday",2,"20 to 39","3-5km","bicycle",3.3,0.3,1.75,2.1
"86002/1000",NA,86002,1883,"30-34 years","female",20,6583,"Work",698.810424804688,698.810424804688,"car",0.0833333333333333,1.17,"weekday",3,"20 to 39","1-2km","bicycle",1.17,0.106363636363636,0.583333333333333,0.744545454545455
"86002/1000",NA,86002,1883,"30-34 years","female",20,6584,"Work",698.810424804688,698.810424804688,"car",0.5,35.54,"weekday",4,"20 to 39",">10km","car",35.54,0.5,3.5,3.5
"86002/1000",NA,86002,1883,"30-34 years","female",20,6585,"Other",698.810424804688,698.810424804688,"car",1,36.63,"weekday",5,"20 to 39",">10km","car",36.63,1,7,7
"86002/1000",NA,86002,1883,"30-34 years","female",20,6586,"Other",698.810424804688,698.810424804688,"car",0.25,5.02,"weekday",6,"20 to 39","6-10km","car",5.02,0.25,1.75,1.75
"86002/1000",NA,86002,1883,"30-34 years","female",20,6587,"Leisure",698.810424804688,698.810424804688,"car",0.25,2.59,"weekday",7,"20 to 39","3-5km","bicycle",2.59,0.235454545454545,1.75,1.64818181818182
"86002/1000",NA,86002,1883,"30-34 years","female",20,6588,"Leisure",698.810424804688,698.810424804688,"car",0.0833333333333333,1.26,"weekday",8,"20 to 39","1-2km","bicycle",1.26,0.114545454545455,0.583333333333333,0.801818181818182
"86002/1001",NA,86002,1884,"35-39 years","female",20,6589,"Other",414.036376953125,414.036376953125,"car",0.25,3.78,"weekday",1,"20 to 39","3-5km","bicycle",3.78,0.343636363636364,1.75,2.40545454545455
"86002/1001",NA,86002,1884,"35-39 years","female",20,6590,"Other",414.036376953125,414.036376953125,"car",0.25,3.84,"weekday",2,"20 to 39","3-5km","bicycle",3.84,0.349090909090909,1.75,2.44363636363636
"86002/1001",NA,86002,1884,"35-39 years","female",20,6591,"Work",414.036376953125,414.036376953125,"car",0.5,11.81,"weekday",3,"20 to 39",">10km","car",11.81,0.5,3.5,3.5
"86002/1001",NA,86002,1884,"35-39 years","female",20,6592,"Work",414.036376953125,414.036376953125,"car",0.5,5.33,"weekday",4,"20 to 39","6-10km","car",5.33,0.5,3.5,3.5
"86002/1001",NA,86002,1884,"35-39 years","female",20,6593,"Work",414.036376953125,414.036376953125,"car",0.75,16.74,"weekday",5,"20 to 39",">10km","car",16.74,0.75,5.25,5.25
"86002/1002",NA,86002,1885,"15-19 years","male",20,6594,"Education",431.189636230469,431.189636230469,"car",0.25,3.78,"weekday",1,"15 to 19","3-5km","bicycle",3.78,0.343636363636364,1.75,2.40545454545455
"86002/1002",NA,86002,1885,"15-19 years","male",20,6595,"Education",431.189636230469,431.189636230469,"public.transport",0.5,9.35,"weekday",1,"15 to 19","6-10km","public.transport",9.35,0.5,3.5,3.5
"86002/1002",NA,86002,1885,"15-19 years","male",20,6596,"Education",431.189636230469,431.189636230469,"walking",0.25,2.45,"weekday",1,"15 to 19","3-5km","walking",2.45,0.25,1.75,1.75
"86002/1002",NA,86002,1885,"15-19 years","male",20,6597,"Education",431.189636230469,431.189636230469,"public.transport",0.25,1.56,"weekday",2,"15 to 19","1-2km","public.transport",1.56,0.25,1.75,1.75
"86002/1002",NA,86002,1885,"15-19 years","male",20,6598,"Education",431.189636230469,431.189636230469,"public.transport",0.75,12.81,"weekday",2,"15 to 19",">10km","public.transport",12.81,0.75,5.25,5.25
"86002/1002",NA,86002,1885,"15-19 years","male",20,6599,"Education",431.189636230469,431.189636230469,"walking",0.0166666666666667,0.12,"weekday",2,"15 to 19","<1km","walking",0.12,0.0166666666666667,0.116666666666667,0.116666666666667
"86002/1002",NA,86002,1885,"15-19 years","male",20,6600,"Education",431.189636230469,431.189636230469,"public.transport",0.5,3.52,"weekday",2,"15 to 19","3-5km","public.transport",3.52,0.5,3.5,3.5
"86002/1002",NA,86002,1885,"15-19 years","male",20,6601,"Education",431.189636230469,431.189636230469,"walking",0.166666666666667,0.57,"weekday",2,"15 to 19","<1km","walking",0.57,0.166666666666667,1.16666666666667,1.16666666666667
"86002/1002",NA,86002,1885,"15-19 years","male",20,6602,"Leisure",431.189636230469,431.189636230469,"car",0.666666666666667,16.73,"weekday",3,"15 to 19",">10km","car",16.73,0.666666666666667,4.66666666666667,4.66666666666667
"86006/1000",NA,86006,1886,"55-59 years","male",20,6603,"Shopping",333.321807861328,333.321807861328,"walking",0.0833333333333333,0.13,"weekday",1,"40 to 64","<1km","walking",0.13,0.0833333333333333,0.583333333333333,0.583333333333333
"86006/1000",NA,86006,1886,"55-59 years","male",20,6604,"Shopping",333.321807861328,333.321807861328,"walking",0.0833333333333333,0.13,"weekday",2,"40 to 64","<1km","walking",0.13,0.0833333333333333,0.583333333333333,0.583333333333333
"86007/1001",NA,86007,1887,"65-69 years","female",20,6605,"Leisure",158.535507202148,158.535507202148,"car",0.25,3.18,"weekday",1,"65 plus","3-5km","bicycle",3.18,0.289090909090909,1.75,2.02363636363636
"86007/1001",NA,86007,1887,"65-69 years","female",20,6606,"Leisure",158.535507202148,158.535507202148,"car",0.25,3.28,"weekday",2,"65 plus","3-5km","bicycle",3.28,0.298181818181818,1.75,2.08727272727273
"86007/1001",NA,86007,1887,"65-69 years","female",20,6607,"Shopping",158.535507202148,158.535507202148,"car",0.0833333333333333,1.65,"weekday",3,"65 plus","1-2km","bicycle",1.65,0.15,0.583333333333333,1.05
"86007/1001",NA,86007,1887,"65-69 years","female",20,6608,"Shopping",158.535507202148,158.535507202148,"car",0.0833333333333333,1.69,"weekday",4,"65 plus","1-2km","bicycle",1.69,0.153636363636364,0.583333333333333,1.07545454545455
"86010/1000",NA,86010,1888,"70-74 years","female",20,6609,"Other",171.396911621094,171.396911621094,"car",0.25,3.22,"weekday",1,"65 plus","3-5km","bicycle",3.22,0.292727272727273,1.75,2.04909090909091
"86010/1000",NA,86010,1888,"70-74 years","female",20,6610,"Other",171.396911621094,171.396911621094,"car",0.216666666666667,3.23,"weekday",2,"65 plus","3-5km","bicycle",3.23,0.293636363636364,1.51666666666667,2.05545454545455
"86010/1000",NA,86010,1888,"70-74 years","female",20,6611,"Other",171.396911621094,171.396911621094,"car",0.0166666666666667,0.28,"weekday",3,"65 plus","<1km","bicycle",0.28,0.0254545454545455,0.116666666666667,0.178181818181818
"86010/1001",NA,86010,1889,"75-79 years","male",20,6612,"Other",146.185394287109,146.185394287109,"car",0.25,3.22,"weekday",1,"65 plus","3-5km","bicycle",3.22,0.292727272727273,1.75,2.04909090909091
"86010/1001",NA,86010,1889,"75-79 years","male",20,6613,"Other",146.185394287109,146.185394287109,"car",0.216666666666667,3.23,"weekday",2,"65 plus","3-5km","bicycle",3.23,0.293636363636364,1.51666666666667,2.05545454545455
"86010/1001",NA,86010,1889,"75-79 years","male",20,6614,"Other",146.185394287109,146.185394287109,"car",0.0166666666666667,0.28,"weekday",3,"65 plus","<1km","bicycle",0.28,0.0254545454545455,0.116666666666667,0.178181818181818
"86011/1000",NA,86011,1890,"70-74 years","male",20,6615,"Other",152.162673950195,152.162673950195,"car",0.0833333333333333,1.05,"weekday",1,"65 plus","1-2km","bicycle",1.05,0.0954545454545455,0.583333333333333,0.668181818181818
"86011/1000",NA,86011,1890,"70-74 years","male",20,6616,"Leisure",152.162673950195,152.162673950195,"car",0.733333333333333,23.08,"weekday",2,"65 plus",">10km","car",23.08,0.733333333333333,5.13333333333333,5.13333333333333
"86011/1000",NA,86011,1890,"70-74 years","male",20,6617,"Other",152.162673950195,152.162673950195,"car",0.75,22.86,"weekday",3,"65 plus",">10km","car",22.86,0.75,5.25,5.25
"86011/1000",NA,86011,1890,"70-74 years","male",20,6618,"Other",152.162673950195,152.162673950195,"car",0.0833333333333333,1.07,"weekday",4,"65 plus","1-2km","bicycle",1.07,0.0972727272727273,0.583333333333333,0.680909090909091
"86012/1000",NA,86012,1891,"55-59 years","female",20,6619,"Other",179.280990600586,179.280990600586,"car",0.0666666666666667,1.13,"weekday",1,"40 to 64","1-2km","bicycle",1.13,0.102727272727273,0.466666666666667,0.719090909090909
"86012/1000",NA,86012,1891,"55-59 years","female",20,6620,"Other",179.280990600586,179.280990600586,"car",0.0666666666666667,1.25,"weekday",2,"40 to 64","1-2km","bicycle",1.25,0.113636363636364,0.466666666666667,0.795454545454545
"86012/1000",NA,86012,1891,"55-59 years","female",20,6621,"Shopping",179.280990600586,179.280990600586,"car",0.0833333333333333,3.2,"weekday",3,"40 to 64","3-5km","bicycle",3.2,0.290909090909091,0.583333333333333,2.03636363636364
"86012/1000",NA,86012,1891,"55-59 years","female",20,6622,"Shopping",179.280990600586,179.280990600586,"car",0.133333333333333,3.26,"weekday",4,"40 to 64","3-5km","bicycle",3.26,0.296363636363636,0.933333333333333,2.07454545454545
"86012/1000",NA,86012,1891,"55-59 years","female",20,6623,"Leisure",179.280990600586,179.280990600586,"car",0.316666666666667,13.85,"weekday",5,"40 to 64",">10km","car",13.85,0.316666666666667,2.21666666666667,2.21666666666667
"86012/1000",NA,86012,1891,"55-59 years","female",20,6624,"Leisure",179.280990600586,179.280990600586,"public.transport",0.483333333333333,16.74,"weekday",5,"40 to 64",">10km","public.transport",16.74,0.483333333333333,3.38333333333333,3.38333333333333
"86012/1000",NA,86012,1891,"55-59 years","female",20,6625,"Leisure",179.280990600586,179.280990600586,"public.transport",0.233333333333333,3.96,"weekday",5,"40 to 64","3-5km","public.transport",3.96,0.233333333333333,1.63333333333333,1.63333333333333
"86012/1000",NA,86012,1891,"55-59 years","female",20,6626,"Leisure",179.280990600586,179.280990600586,"walking",0.183333333333333,0.59,"weekday",5,"40 to 64","<1km","walking",0.59,0.183333333333333,1.28333333333333,1.28333333333333
"86012/1000",NA,86012,1891,"55-59 years","female",20,6627,"Leisure",179.280990600586,179.280990600586,"walking",0.166666666666667,0.52,"weekday",6,"40 to 64","<1km","walking",0.52,0.166666666666667,1.16666666666667,1.16666666666667
"86012/1000",NA,86012,1891,"55-59 years","female",20,6628,"Leisure",179.280990600586,179.280990600586,"public.transport",0.5,22.05,"weekday",6,"40 to 64",">10km","public.transport",22.05,0.5,3.5,3.5
"86012/1000",NA,86012,1891,"55-59 years","female",20,6629,"Leisure",179.280990600586,179.280990600586,"car",0.433333333333333,14.06,"weekday",6,"40 to 64",">10km","car",14.06,0.433333333333333,3.03333333333333,3.03333333333333
"86012/1001",NA,86012,1892,"60-64 years","female",20,6630,"Shopping",156.893493652344,156.893493652344,"car",0.0833333333333333,3.2,"weekday",1,"40 to 64","3-5km","bicycle",3.2,0.290909090909091,0.583333333333333,2.03636363636364
"86012/1001",NA,86012,1892,"60-64 years","female",20,6631,"Shopping",156.893493652344,156.893493652344,"car",0.0666666666666667,3.26,"weekday",2,"40 to 64","3-5km","bicycle",3.26,0.296363636363636,0.466666666666667,2.07454545454545
"86013/1000",NA,86013,1893,"70-74 years","female",20,6632,"Other",171.396911621094,171.396911621094,"car",0.25,6.69,"weekday",1,"65 plus","6-10km","car",6.69,0.25,1.75,1.75
"86013/1000",NA,86013,1893,"70-74 years","female",20,6633,"Other",171.396911621094,171.396911621094,"car",0.25,6.71,"weekday",2,"65 plus","6-10km","car",6.71,0.25,1.75,1.75
"86013/1000",NA,86013,1893,"70-74 years","female",20,6634,"Shopping",171.396911621094,171.396911621094,"car",0.116666666666667,3.62,"weekday",3,"65 plus","3-5km","bicycle",3.62,0.329090909090909,0.816666666666667,2.30363636363636
"86013/1000",NA,86013,1893,"70-74 years","female",20,6635,"Shopping",171.396911621094,171.396911621094,"car",0.25,3.39,"weekday",4,"65 plus","3-5km","bicycle",3.39,0.308181818181818,1.75,2.15727272727273
"86013/1000",NA,86013,1893,"70-74 years","female",20,6636,"Other",171.396911621094,171.396911621094,"car",0.666666666666667,28.47,"weekday",5,"65 plus",">10km","car",28.47,0.666666666666667,4.66666666666667,4.66666666666667
"86013/1000",NA,86013,1893,"70-74 years","female",20,6637,"Leisure",171.396911621094,171.396911621094,"car",0.2,2.49,"weekday",6,"65 plus","3-5km","bicycle",2.49,0.226363636363636,1.4,1.58454545454545
"86013/1000",NA,86013,1893,"70-74 years","female",20,6638,"Leisure",171.396911621094,171.396911621094,"car",0.616666666666667,26.82,"weekday",7,"65 plus",">10km","car",26.82,0.616666666666667,4.31666666666667,4.31666666666667
"86013/1001",NA,86013,1894,"70-74 years","male",20,6639,"Leisure",152.162673950195,152.162673950195,"car",0.25,6.35,"weekday",1,"65 plus","6-10km","car",6.35,0.25,1.75,1.75
"86013/1001",NA,86013,1894,"70-74 years","male",20,6640,"Leisure",152.162673950195,152.162673950195,"car",0.25,6.35,"weekday",2,"65 plus","6-10km","car",6.35,0.25,1.75,1.75
"86013/1001",NA,86013,1894,"70-74 years","male",20,6641,"Other",152.162673950195,152.162673950195,"car",0.666666666666667,28.47,"weekday",3,"65 plus",">10km","car",28.47,0.666666666666667,4.66666666666667,4.66666666666667
"86013/1001",NA,86013,1894,"70-74 years","male",20,6642,"Other",152.162673950195,152.162673950195,"car",0.2,2.49,"weekday",4,"65 plus","3-5km","bicycle",2.49,0.226363636363636,1.4,1.58454545454545
"86013/1001",NA,86013,1894,"70-74 years","male",20,6643,"Other",152.162673950195,152.162673950195,"car",0.616666666666667,26.82,"weekday",5,"65 plus",">10km","car",26.82,0.616666666666667,4.31666666666667,4.31666666666667
"86014/1000",NA,86014,1895,"40-44 years","male",20,6644,"Work",283.161804199219,283.161804199219,"car",0.5,32.26,"weekday",1,"40 to 64",">10km","car",32.26,0.5,3.5,3.5
"86014/1001",NA,86014,1896,"50-54 years","female",20,6645,"Other",308.720367431641,308.720367431641,"car",0.166666666666667,4.15,"weekday",1,"40 to 64","3-5km","bicycle",4.15,0.377272727272727,1.16666666666667,2.64090909090909
"86014/1001",NA,86014,1896,"50-54 years","female",20,6646,"Work",308.720367431641,308.720367431641,"car",0.25,3.16,"weekday",2,"40 to 64","3-5km","bicycle",3.16,0.287272727272727,1.75,2.01090909090909
"86014/1001",NA,86014,1896,"50-54 years","female",20,6647,"Other",308.720367431641,308.720367431641,"car",0.166666666666667,3.2,"weekday",3,"40 to 64","3-5km","bicycle",3.2,0.290909090909091,1.16666666666667,2.03636363636364
"86014/1001",NA,86014,1896,"50-54 years","female",20,6648,"Other",308.720367431641,308.720367431641,"car",0.166666666666667,4.23,"weekday",4,"40 to 64","3-5km","bicycle",4.23,0.384545454545455,1.16666666666667,2.69181818181818
"86017/1000",NA,86017,1897,"50-54 years","female",20,6649,"Work",193.905059814453,193.905059814453,"car",0.133333333333333,3.82,"weekday",1,"40 to 64","3-5km","bicycle",3.82,0.347272727272727,0.933333333333333,2.43090909090909
"86017/1000",NA,86017,1897,"50-54 years","female",20,6650,"Shopping",193.905059814453,193.905059814453,"car",0.0833333333333333,0.89,"weekday",2,"40 to 64","<1km","bicycle",0.89,0.0809090909090909,0.583333333333333,0.566363636363636
"86017/1000",NA,86017,1897,"50-54 years","female",20,6651,"Shopping",193.905059814453,193.905059814453,"car",0.133333333333333,3.16,"weekday",3,"40 to 64","3-5km","bicycle",3.16,0.287272727272727,0.933333333333333,2.01090909090909
"86017/1001",NA,86017,1898,"55-59 years","male",20,6652,"Leisure",261.203918457031,261.203918457031,"walking",0.533333333333333,1.19,"weekday",1,"40 to 64","1-2km","walking",1.19,0.533333333333333,3.73333333333333,3.73333333333333
"86017/1001",NA,86017,1898,"55-59 years","male",20,6653,"Leisure",261.203918457031,261.203918457031,"walking",0.55,1.19,"weekday",2,"40 to 64","1-2km","walking",1.19,0.55,3.85,3.85
"86018/1000",NA,86018,1899,"70-74 years","male",20,6654,"Leisure",152.162673950195,152.162673950195,"walking",0.583333333333333,2.1,"weekday",1,"65 plus","3-5km","walking",2.1,0.583333333333333,4.08333333333333,4.08333333333333
"86018/1000",NA,86018,1899,"70-74 years","male",20,6655,"Leisure",152.162673950195,152.162673950195,"walking",0.583333333333333,2.1,"weekday",2,"65 plus","3-5km","walking",2.1,0.583333333333333,4.08333333333333,4.08333333333333
"86018/1000",NA,86018,1899,"70-74 years","male",20,6656,"Other",152.162673950195,152.162673950195,"car",0.166666666666667,6.13,"weekday",3,"65 plus","6-10km","car",6.13,0.166666666666667,1.16666666666667,1.16666666666667
"86018/1000",NA,86018,1899,"70-74 years","male",20,6657,"Leisure",152.162673950195,152.162673950195,"car",0.583333333333333,25.59,"weekday",4,"65 plus",">10km","car",25.59,0.583333333333333,4.08333333333333,4.08333333333333
"86018/1000",NA,86018,1899,"70-74 years","male",20,6658,"Other",152.162673950195,152.162673950195,"car",0.583333333333333,25.33,"weekday",5,"65 plus",">10km","car",25.33,0.583333333333333,4.08333333333333,4.08333333333333
"86018/1000",NA,86018,1899,"70-74 years","male",20,6659,"Other",152.162673950195,152.162673950195,"car",0.0833333333333333,3.89,"weekday",6,"65 plus","3-5km","bicycle",3.89,0.353636363636364,0.583333333333333,2.47545454545455
"86018/1000",NA,86018,1899,"70-74 years","male",20,6660,"Other",152.162673950195,152.162673950195,"car",0.15,3.47,"weekday",7,"65 plus","3-5km","bicycle",3.47,0.315454545454545,1.05,2.20818181818182
"86018/1000",NA,86018,1899,"70-74 years","male",20,6661,"Leisure",152.162673950195,152.162673950195,"car",0.1,1.95,"weekday",8,"65 plus","1-2km","bicycle",1.95,0.177272727272727,0.7,1.24090909090909
"86018/1000",NA,86018,1899,"70-74 years","male",20,6662,"Leisure",152.162673950195,152.162673950195,"car",0.1,1.88,"weekday",9,"65 plus","1-2km","bicycle",1.88,0.170909090909091,0.7,1.19636363636364
"86018/1001",NA,86018,1900,"70-74 years","female",20,6663,"Leisure",171.396911621094,171.396911621094,"car",0.0833333333333333,1.65,"weekday",1,"65 plus","1-2km","bicycle",1.65,0.15,0.583333333333333,1.05
"86018/1001",NA,86018,1900,"70-74 years","female",20,6664,"Leisure",171.396911621094,171.396911621094,"car",0.0833333333333333,1.72,"weekday",2,"65 plus","1-2km","bicycle",1.72,0.156363636363636,0.583333333333333,1.09454545454545
"86020/1000",NA,86020,1901,"40-44 years","female",20,6665,"Leisure",533.81396484375,533.81396484375,"walking",0.5,1.17,"weekday",1,"40 to 64","1-2km","walking",1.17,0.5,3.5,3.5
"86020/1000",NA,86020,1901,"40-44 years","female",20,6666,"Leisure",533.81396484375,533.81396484375,"walking",0.666666666666667,1.17,"weekday",2,"40 to 64","1-2km","walking",1.17,0.666666666666667,4.66666666666667,4.66666666666667
"86020/1000",NA,86020,1901,"40-44 years","female",20,6667,"Shopping",533.81396484375,533.81396484375,"car",0.0833333333333333,1.13,"weekday",3,"40 to 64","1-2km","bicycle",1.13,0.102727272727273,0.583333333333333,0.719090909090909
"86020/1000",NA,86020,1901,"40-44 years","female",20,6668,"Shopping",533.81396484375,533.81396484375,"car",0.166666666666667,1.07,"weekday",4,"40 to 64","1-2km","bicycle",1.07,0.0972727272727273,1.16666666666667,0.680909090909091
"86020/1000",NA,86020,1901,"40-44 years","female",20,6669,"Shopping",533.81396484375,533.81396484375,"car",0.0833333333333333,1.02,"weekday",5,"40 to 64","1-2km","bicycle",1.02,0.0927272727272727,0.583333333333333,0.649090909090909
"86020/1001",NA,86020,1902,"40-44 years","male",20,6670,"Leisure",513.975341796875,513.975341796875,"walking",0.5,0.72,"weekday",1,"40 to 64","<1km","walking",0.72,0.5,3.5,3.5
"86020/1001",NA,86020,1902,"40-44 years","male",20,6671,"Leisure",513.975341796875,513.975341796875,"walking",0.5,0.72,"weekday",2,"40 to 64","<1km","walking",0.72,0.5,3.5,3.5
"86021/1000",NA,86021,1903,"30-34 years","female",20,6672,"Work",666.033386230469,666.033386230469,"car",0.416666666666667,3.82,"weekday",1,"20 to 39","3-5km","bicycle",3.82,0.347272727272727,2.91666666666667,2.43090909090909
"86021/1000",NA,86021,1903,"30-34 years","female",20,6673,"Work",666.033386230469,666.033386230469,"car",0.333333333333333,4.18,"weekday",2,"20 to 39","3-5km","bicycle",4.18,0.38,2.33333333333333,2.66
"86022/1000",NA,86022,1904,"50-54 years","male",20,6674,"Work",452.846740722656,452.846740722656,"car",0.166666666666667,2.16,"weekday",1,"40 to 64","3-5km","bicycle",2.16,0.196363636363636,1.16666666666667,1.37454545454545
"86022/1000",NA,86022,1904,"50-54 years","male",20,6675,"Work",452.846740722656,452.846740722656,"car",0.25,2.22,"weekday",2,"40 to 64","3-5km","bicycle",2.22,0.201818181818182,1.75,1.41272727272727
"86022/1001",NA,86022,1905,"40-44 years","male",20,6676,"Work",513.975341796875,513.975341796875,"car",0.5,15.09,"weekday",1,"40 to 64",">10km","car",15.09,0.5,3.5,3.5
"86022/1001",NA,86022,1905,"40-44 years","male",20,6677,"Work",513.975341796875,513.975341796875,"car",0.666666666666667,15.13,"weekday",2,"40 to 64",">10km","car",15.13,0.666666666666667,4.66666666666667,4.66666666666667
"86024/1000",NA,86024,1906,"25-29 years","female",20,6678,"Work",1240.35559082031,1240.35559082031,"car",0.333333333333333,10.6,"weekday",1,"20 to 39",">10km","car",10.6,0.333333333333333,2.33333333333333,2.33333333333333
"86024/1000",NA,86024,1906,"25-29 years","female",20,6679,"Work",1240.35559082031,1240.35559082031,"car",0.333333333333333,10.58,"weekday",2,"20 to 39",">10km","car",10.58,0.333333333333333,2.33333333333333,2.33333333333333
"86024/1001",NA,86024,1907,"30-34 years","female",20,6680,"Work",808.138244628906,808.138244628906,"car",0.25,3.57,"weekday",1,"20 to 39","3-5km","bicycle",3.57,0.324545454545455,1.75,2.27181818181818
"86024/1001",NA,86024,1907,"30-34 years","female",20,6681,"Work",808.138244628906,808.138244628906,"car",0.25,3.46,"weekday",2,"20 to 39","3-5km","bicycle",3.46,0.314545454545455,1.75,2.20181818181818
"86024/1002",NA,86024,1908,"30-34 years","female",20,6682,"Work",808.138244628906,808.138244628906,"walking",0.25,1.66,"weekday",1,"20 to 39","1-2km","walking",1.66,0.25,1.75,1.75
"86024/1002",NA,86024,1908,"30-34 years","female",20,6683,"Work",808.138244628906,808.138244628906,"walking",0.25,1.66,"weekday",2,"20 to 39","1-2km","walking",1.66,0.25,1.75,1.75
"86026/1000",NA,86026,1909,"25-29 years","female",20,6684,"Work",1022.24871826172,1022.24871826172,"car",0.166666666666667,3.35,"weekday",1,"20 to 39","3-5km","bicycle",3.35,0.304545454545455,1.16666666666667,2.13181818181818
"86026/1000",NA,86026,1909,"25-29 years","female",20,6685,"Work",1022.24871826172,1022.24871826172,"car",0.25,3.52,"weekday",2,"20 to 39","3-5km","bicycle",3.52,0.32,1.75,2.24
"86026/1001",NA,86026,1910,"25-29 years","female",20,6686,"Work",1022.24871826172,1022.24871826172,"other",0.333333333333333,8.38,"weekday",1,"20 to 39","6-10km","other",8.38,0.333333333333333,2.33333333333333,2.33333333333333
"86026/1001",NA,86026,1910,"25-29 years","female",20,6687,"Education",1022.24871826172,1022.24871826172,"other",0.25,4.93,"weekday",2,"20 to 39","3-5km","other",4.93,0.25,1.75,1.75
"86026/1001",NA,86026,1910,"25-29 years","female",20,6688,"Education",1022.24871826172,1022.24871826172,"other",0.25,3.65,"weekday",3,"20 to 39","3-5km","other",3.65,0.25,1.75,1.75
"86028/1000",NA,86028,1911,"75-79 years","female",20,6689,"Work",445.019683837891,445.019683837891,"walking",0.2,1.07,"weekday",1,"65 plus","1-2km","walking",1.07,0.2,1.4,1.4
"86028/1000",NA,86028,1911,"75-79 years","female",20,6690,"Work",445.019683837891,445.019683837891,"public.transport",0.05,0.83,"weekday",1,"65 plus","<1km","public.transport",0.83,0.05,0.35,0.35
"86028/1000",NA,86028,1911,"75-79 years","female",20,6691,"Work",445.019683837891,445.019683837891,"walking",0.116666666666667,0.07,"weekday",1,"65 plus","<1km","walking",0.07,0.116666666666667,0.816666666666667,0.816666666666667
"86028/1000",NA,86028,1911,"75-79 years","female",20,6692,"Work",445.019683837891,445.019683837891,"walking",0.0833333333333333,0.07,"weekday",2,"65 plus","<1km","walking",0.07,0.0833333333333333,0.583333333333333,0.583333333333333
"86028/1000",NA,86028,1911,"75-79 years","female",20,6693,"Work",445.019683837891,445.019683837891,"public.transport",0.0833333333333333,1.79,"weekday",2,"65 plus","1-2km","public.transport",1.79,0.0833333333333333,0.583333333333333,0.583333333333333
"86028/1000",NA,86028,1911,"75-79 years","female",20,6694,"Work",445.019683837891,445.019683837891,"walking",0.166666666666667,0.18,"weekday",2,"65 plus","<1km","walking",0.18,0.166666666666667,1.16666666666667,1.16666666666667
"86029/1001",NA,86029,1912,"45-49 years","male",20,6695,"Work",455.289733886719,455.289733886719,"walking",0.333333333333333,1.92,"weekday",1,"40 to 64","1-2km","walking",1.92,0.333333333333333,2.33333333333333,2.33333333333333
"86029/1001",NA,86029,1912,"45-49 years","male",20,6696,"Work",455.289733886719,455.289733886719,"walking",0.333333333333333,1.92,"weekday",2,"40 to 64","1-2km","walking",1.92,0.333333333333333,2.33333333333333,2.33333333333333
"86030/1000",NA,86030,1913,"25-29 years","female",20,6697,"Work",1022.24871826172,1022.24871826172,"bicycle",0.166666666666667,1.62,"weekday",1,"20 to 39","1-2km","bicycle",1.62,0.166666666666667,1.16666666666667,1.16666666666667
"86030/1000",NA,86030,1913,"25-29 years","female",20,6698,"Work",1022.24871826172,1022.24871826172,"bicycle",0.166666666666667,1.62,"weekday",2,"20 to 39","1-2km","bicycle",1.62,0.166666666666667,1.16666666666667,1.16666666666667
"86030/1001",NA,86030,1914,"30-34 years","female",20,6699,"Work",666.033386230469,666.033386230469,"bicycle",0.05,0.62,"weekday",1,"20 to 39","<1km","bicycle",0.62,0.05,0.35,0.35
"86030/1001",NA,86030,1914,"30-34 years","female",20,6700,"Work",666.033386230469,666.033386230469,"bicycle",0.05,0.62,"weekday",2,"20 to 39","<1km","bicycle",0.62,0.05,0.35,0.35
"86034/1000",NA,86034,1915,"50-54 years","female",20,6701,"Other",449.832550048828,449.832550048828,"car",0.5,4.89,"weekday",1,"40 to 64","3-5km","bicycle",4.89,0.444545454545455,3.5,3.11181818181818
"86034/1001",NA,86034,1916,"55-59 years","male",20,6702,"Other",493.582550048828,493.582550048828,"car",0.5,4.89,"weekday",1,"40 to 64","3-5km","bicycle",4.89,0.444545454545455,3.5,3.11181818181818
"86034/1001",NA,86034,1916,"55-59 years","male",20,6703,"Other",493.582550048828,493.582550048828,"car",0.216666666666667,4.69,"weekday",2,"40 to 64","3-5km","bicycle",4.69,0.426363636363636,1.51666666666667,2.98454545454545
"86036/1000",NA,86036,1917,"35-39 years","male",20,6704,"Other",621.857666015625,621.857666015625,"car",0.166666666666667,6.55,"weekday",1,"20 to 39","6-10km","car",6.55,0.166666666666667,1.16666666666667,1.16666666666667
"86036/1000",NA,86036,1917,"35-39 years","male",20,6705,"Other",621.857666015625,621.857666015625,"car",0.166666666666667,6.63,"weekday",2,"20 to 39","6-10km","car",6.63,0.166666666666667,1.16666666666667,1.16666666666667
"86036/1001",NA,86036,1918,"30-34 years","male",20,6706,"Other",825.542541503906,825.542541503906,"car",0.166666666666667,6.55,"weekday",1,"20 to 39","6-10km","car",6.55,0.166666666666667,1.16666666666667,1.16666666666667
"86036/1001",NA,86036,1918,"30-34 years","male",20,6707,"Other",825.542541503906,825.542541503906,"car",0.166666666666667,6.63,"weekday",2,"20 to 39","6-10km","car",6.63,0.166666666666667,1.16666666666667,1.16666666666667
"86038/1000",NA,86038,1919,"55-59 years","female",20,6708,"Work",568.320922851562,568.320922851562,"car",0.5,12.19,"weekday",1,"40 to 64",">10km","car",12.19,0.5,3.5,3.5
"86038/1000",NA,86038,1919,"55-59 years","female",20,6709,"Work",568.320922851562,568.320922851562,"car",0.5,11.97,"weekday",2,"40 to 64",">10km","car",11.97,0.5,3.5,3.5
"86038/1000",NA,86038,1919,"55-59 years","female",20,6710,"Other",568.320922851562,568.320922851562,"car",0.25,4.12,"weekday",3,"40 to 64","3-5km","bicycle",4.12,0.374545454545455,1.75,2.62181818181818
"86038/1000",NA,86038,1919,"55-59 years","female",20,6711,"Other",568.320922851562,568.320922851562,"car",0.25,4.13,"weekday",4,"40 to 64","3-5km","bicycle",4.13,0.375454545454545,1.75,2.62818181818182
"86038/1000",NA,86038,1919,"55-59 years","female",20,6712,"Leisure",568.320922851562,568.320922851562,"walking",0.25,0.85,"weekday",5,"40 to 64","<1km","walking",0.85,0.25,1.75,1.75
"86038/1000",NA,86038,1919,"55-59 years","female",20,6713,"Leisure",568.320922851562,568.320922851562,"walking",0.25,0.85,"weekday",6,"40 to 64","<1km","walking",0.85,0.25,1.75,1.75
"86038/1001",NA,86038,1920,"55-59 years","male",20,6714,"Work",598.893310546875,598.893310546875,"car",0.25,2.17,"weekday",1,"40 to 64","3-5km","bicycle",2.17,0.197272727272727,1.75,1.38090909090909
"86038/1001",NA,86038,1920,"55-59 years","male",20,6715,"Work",598.893310546875,598.893310546875,"car",0.25,2.12,"weekday",2,"40 to 64","3-5km","bicycle",2.12,0.192727272727273,1.75,1.34909090909091
"86038/1001",NA,86038,1920,"55-59 years","male",20,6716,"Leisure",598.893310546875,598.893310546875,"walking",1,1.25,"weekday",3,"40 to 64","1-2km","walking",1.25,1,7,7
"86038/1001",NA,86038,1920,"55-59 years","male",20,6717,"Leisure",598.893310546875,598.893310546875,"walking",1,1.25,"weekday",4,"40 to 64","1-2km","walking",1.25,1,7,7
"86038/1001",NA,86038,1920,"55-59 years","male",20,6718,"Other",598.893310546875,598.893310546875,"car",0.25,4.12,"weekday",5,"40 to 64","3-5km","bicycle",4.12,0.374545454545455,1.75,2.62181818181818
"86038/1001",NA,86038,1920,"55-59 years","male",20,6719,"Other",598.893310546875,598.893310546875,"car",0.5,4.13,"weekday",6,"40 to 64","3-5km","bicycle",4.13,0.375454545454545,3.5,2.62818181818182
"86038/1002",NA,86038,1921,"15-19 years","male",20,6720,"Education",609.817321777344,609.817321777344,"walking",0.0833333333333333,0.18,"weekday",1,"15 to 19","<1km","walking",0.18,0.0833333333333333,0.583333333333333,0.583333333333333
"86038/1002",NA,86038,1921,"15-19 years","male",20,6721,"Education",609.817321777344,609.817321777344,"public.transport",0.166666666666667,1.69,"weekday",1,"15 to 19","1-2km","public.transport",1.69,0.166666666666667,1.16666666666667,1.16666666666667
"86038/1002",NA,86038,1921,"15-19 years","male",20,6722,"Education",609.817321777344,609.817321777344,"walking",0.166666666666667,0.89,"weekday",1,"15 to 19","<1km","walking",0.89,0.166666666666667,1.16666666666667,1.16666666666667
"86038/1002",NA,86038,1921,"15-19 years","male",20,6723,"Education",609.817321777344,609.817321777344,"walking",0.0833333333333333,0.89,"weekday",2,"15 to 19","<1km","walking",0.89,0.0833333333333333,0.583333333333333,0.583333333333333
"86038/1002",NA,86038,1921,"15-19 years","male",20,6724,"Education",609.817321777344,609.817321777344,"public.transport",0.166666666666667,2.27,"weekday",2,"15 to 19","3-5km","public.transport",2.27,0.166666666666667,1.16666666666667,1.16666666666667
"86038/1002",NA,86038,1921,"15-19 years","male",20,6725,"Education",609.817321777344,609.817321777344,"walking",0.0833333333333333,0.18,"weekday",2,"15 to 19","<1km","walking",0.18,0.0833333333333333,0.583333333333333,0.583333333333333
"86038/1002",NA,86038,1921,"15-19 years","male",20,6726,"Work",609.817321777344,609.817321777344,"car",0.25,4.12,"weekday",3,"15 to 19","3-5km","bicycle",4.12,0.374545454545455,1.75,2.62181818181818
"86038/1002",NA,86038,1921,"15-19 years","male",20,6727,"Work",609.817321777344,609.817321777344,"car",0.5,4.13,"weekday",4,"15 to 19","3-5km","bicycle",4.13,0.375454545454545,3.5,2.62818181818182
"86039/1000",NA,86039,1922,"65-69 years","female",20,6728,"Other",304.822784423828,304.822784423828,"car",0.166666666666667,2.08,"weekday",1,"65 plus","3-5km","bicycle",2.08,0.189090909090909,1.16666666666667,1.32363636363636
"86039/1000",NA,86039,1922,"65-69 years","female",20,6729,"Other",304.822784423828,304.822784423828,"car",0.166666666666667,2.08,"weekday",2,"65 plus","3-5km","bicycle",2.08,0.189090909090909,1.16666666666667,1.32363636363636
"86039/1000",NA,86039,1922,"65-69 years","female",20,6730,"Leisure",304.822784423828,304.822784423828,"car",0.25,4.07,"weekday",3,"65 plus","3-5km","bicycle",4.07,0.37,1.75,2.59
"86039/1000",NA,86039,1922,"65-69 years","female",20,6731,"Leisure",304.822784423828,304.822784423828,"car",0.25,4.09,"weekday",4,"65 plus","3-5km","bicycle",4.09,0.371818181818182,1.75,2.60272727272727
"86039/1001",NA,86039,1923,"70-74 years","male",20,6732,"Other",368.036743164062,368.036743164062,"car",0.166666666666667,2.08,"weekday",1,"65 plus","3-5km","bicycle",2.08,0.189090909090909,1.16666666666667,1.32363636363636
"86039/1001",NA,86039,1923,"70-74 years","male",20,6733,"Other",368.036743164062,368.036743164062,"car",0.166666666666667,2.08,"weekday",2,"65 plus","3-5km","bicycle",2.08,0.189090909090909,1.16666666666667,1.32363636363636
"86039/1001",NA,86039,1923,"70-74 years","male",20,6734,"Work",368.036743164062,368.036743164062,"car",1.75,131.94,"weekday",3,"65 plus",">10km","car",131.94,1.75,12.25,12.25
"86042/1000",NA,86042,1924,"50-54 years","male",20,6735,"Leisure",490.361968994141,490.361968994141,"car",0.25,5.36,"weekday",1,"40 to 64","6-10km","car",5.36,0.25,1.75,1.75
"86042/1000",NA,86042,1924,"50-54 years","male",20,6736,"Leisure",490.361968994141,490.361968994141,"car",0.25,5.52,"weekday",2,"40 to 64","6-10km","car",5.52,0.25,1.75,1.75
"86043/1000",NA,86043,1925,"40-44 years","male",20,6737,"Other",554.12841796875,554.12841796875,"car",0.166666666666667,1.89,"weekday",1,"40 to 64","1-2km","bicycle",1.89,0.171818181818182,1.16666666666667,1.20272727272727
"86043/1000",NA,86043,1925,"40-44 years","male",20,6738,"Other",554.12841796875,554.12841796875,"car",0.0166666666666667,0.21,"weekday",2,"40 to 64","<1km","bicycle",0.21,0.0190909090909091,0.116666666666667,0.133636363636364
"86043/1000",NA,86043,1925,"40-44 years","male",20,6739,"Other",554.12841796875,554.12841796875,"car",0.25,2.17,"weekday",3,"40 to 64","3-5km","bicycle",2.17,0.197272727272727,1.75,1.38090909090909
"86043/1000",NA,86043,1925,"40-44 years","male",20,6740,"Other",554.12841796875,554.12841796875,"car",0.25,1.62,"weekday",4,"40 to 64","1-2km","bicycle",1.62,0.147272727272727,1.75,1.03090909090909
"86043/1000",NA,86043,1925,"40-44 years","male",20,6741,"Other",554.12841796875,554.12841796875,"car",0.216666666666667,1.54,"weekday",5,"40 to 64","1-2km","bicycle",1.54,0.14,1.51666666666667,0.98
"86043/1000",NA,86043,1925,"40-44 years","male",20,6742,"Other",554.12841796875,554.12841796875,"car",0.0833333333333333,1.62,"weekday",6,"40 to 64","1-2km","bicycle",1.62,0.147272727272727,0.583333333333333,1.03090909090909
"86043/1000",NA,86043,1925,"40-44 years","male",20,6743,"Other",554.12841796875,554.12841796875,"car",0.0833333333333333,1.54,"weekday",7,"40 to 64","1-2km","bicycle",1.54,0.14,0.583333333333333,0.98
"86043/1000",NA,86043,1925,"40-44 years","male",20,6744,"Other",554.12841796875,554.12841796875,"car",0.25,1.89,"weekday",8,"40 to 64","1-2km","bicycle",1.89,0.171818181818182,1.75,1.20272727272727
"86043/1000",NA,86043,1925,"40-44 years","male",20,6745,"Other",554.12841796875,554.12841796875,"car",0.25,2.17,"weekday",9,"40 to 64","3-5km","bicycle",2.17,0.197272727272727,1.75,1.38090909090909
"86043/1001",NA,86043,1926,"35-39 years","female",20,6746,"Work",563.662841796875,563.662841796875,"car",0.166666666666667,1.89,"weekday",1,"20 to 39","1-2km","bicycle",1.89,0.171818181818182,1.16666666666667,1.20272727272727
"86043/1001",NA,86043,1926,"35-39 years","female",20,6747,"Work",563.662841796875,563.662841796875,"car",0.25,2.17,"weekday",2,"20 to 39","3-5km","bicycle",2.17,0.197272727272727,1.75,1.38090909090909
"86044/1000",NA,86044,1927,"85-89 years","female",20,6748,"Shopping",537.454650878906,537.454650878906,"walking",0.166666666666667,0.61,"weekday",1,"65 plus","<1km","walking",0.61,0.166666666666667,1.16666666666667,1.16666666666667
"86044/1000",NA,86044,1927,"85-89 years","female",20,6749,"Shopping",537.454650878906,537.454650878906,"walking",0.166666666666667,0.61,"weekday",2,"65 plus","<1km","walking",0.61,0.166666666666667,1.16666666666667,1.16666666666667
"86045/1001",NA,86045,1928,"25-29 years","female",20,6750,"Work",1022.24871826172,1022.24871826172,"car",0.25,4.44,"weekday",1,"20 to 39","3-5km","bicycle",4.44,0.403636363636364,1.75,2.82545454545455
"86045/1001",NA,86045,1928,"25-29 years","female",20,6751,"Work",1022.24871826172,1022.24871826172,"car",0.25,4.4,"weekday",2,"20 to 39","3-5km","bicycle",4.4,0.4,1.75,2.8
"86046/1000",NA,86046,1929,"30-34 years","female",20,6752,"Work",666.033386230469,666.033386230469,"car",0.25,3.35,"weekday",1,"20 to 39","3-5km","bicycle",3.35,0.304545454545455,1.75,2.13181818181818
"86046/1000",NA,86046,1929,"30-34 years","female",20,6753,"Work",666.033386230469,666.033386230469,"car",0.25,3.13,"weekday",2,"20 to 39","3-5km","bicycle",3.13,0.284545454545455,1.75,1.99181818181818
"86046/1001",NA,86046,1930,"30-34 years","female",20,6754,"Shopping",666.033386230469,666.033386230469,"walking",0.75,1.02,"weekday",1,"20 to 39","1-2km","walking",1.02,0.75,5.25,5.25
"86046/1001",NA,86046,1930,"30-34 years","female",20,6755,"Shopping",666.033386230469,666.033386230469,"walking",0.25,1.02,"weekday",2,"20 to 39","1-2km","walking",1.02,0.25,1.75,1.75
"86049/1000",NA,86049,1931,"40-44 years","female",20,6756,"Work",533.81396484375,533.81396484375,"walking",1.66666666666667,7.07,"weekday",1,"40 to 64","6-10km","walking",7.07,1.66666666666667,11.6666666666667,11.6666666666667
"86049/1000",NA,86049,1931,"40-44 years","female",20,6757,"Work",533.81396484375,533.81396484375,"walking",1.66666666666667,7.07,"weekday",2,"40 to 64","6-10km","walking",7.07,1.66666666666667,11.6666666666667,11.6666666666667
"86049/1001",NA,86049,1932,"20-24 years","female",20,6758,"Work",794.608520507812,794.608520507812,"car",0.166666666666667,2.36,"weekday",1,"20 to 39","3-5km","bicycle",2.36,0.214545454545455,1.16666666666667,1.50181818181818
"86049/1001",NA,86049,1932,"20-24 years","female",20,6759,"Work",794.608520507812,794.608520507812,"car",0.166666666666667,1.75,"weekday",2,"20 to 39","1-2km","bicycle",1.75,0.159090909090909,1.16666666666667,1.11363636363636
"86054/1001",NA,86054,1933,"30-34 years","male",20,6760,"Work",825.542541503906,825.542541503906,"car",0.333333333333333,8.11,"weekday",1,"20 to 39","6-10km","car",8.11,0.333333333333333,2.33333333333333,2.33333333333333
"86054/1001",NA,86054,1933,"30-34 years","male",20,6761,"Work",825.542541503906,825.542541503906,"car",0.55,7.92,"weekday",2,"20 to 39","6-10km","car",7.92,0.55,3.85,3.85
"86055/1000",NA,86055,1934,"60-64 years","male",20,6762,"Work",441.761657714844,441.761657714844,"car",0.333333333333333,14.62,"weekday",1,"40 to 64",">10km","car",14.62,0.333333333333333,2.33333333333333,2.33333333333333
"86055/1000",NA,86055,1934,"60-64 years","male",20,6763,"Work",441.761657714844,441.761657714844,"car",0.333333333333333,14.43,"weekday",2,"40 to 64",">10km","car",14.43,0.333333333333333,2.33333333333333,2.33333333333333
"86059/1000",NA,86059,1935,"75-79 years","female",20,6764,"Leisure",445.019683837891,445.019683837891,"walking",0.166666666666667,0.48,"weekday",1,"65 plus","<1km","walking",0.48,0.166666666666667,1.16666666666667,1.16666666666667
"86059/1000",NA,86059,1935,"75-79 years","female",20,6765,"Leisure",445.019683837891,445.019683837891,"walking",0.166666666666667,0.48,"weekday",2,"65 plus","<1km","walking",0.48,0.166666666666667,1.16666666666667,1.16666666666667
"86060/1000",NA,86060,1936,"20-24 years","female",20,6766,"Shopping",860.436279296875,860.436279296875,"walking",0.0833333333333333,0.27,"weekday",1,"20 to 39","<1km","walking",0.27,0.0833333333333333,0.583333333333333,0.583333333333333
"86060/1000",NA,86060,1936,"20-24 years","female",20,6767,"Shopping",860.436279296875,860.436279296875,"walking",0.0833333333333333,0.27,"weekday",2,"20 to 39","<1km","walking",0.27,0.0833333333333333,0.583333333333333,0.583333333333333
"86062/1000",NA,86062,1937,"30-34 years","female",20,6768,"Shopping",666.033386230469,666.033386230469,"car",0.2,2.96,"weekday",1,"20 to 39","3-5km","bicycle",2.96,0.269090909090909,1.4,1.88363636363636
"86062/1000",NA,86062,1937,"30-34 years","female",20,6769,"Shopping",666.033386230469,666.033386230469,"car",0.216666666666667,3.3,"weekday",2,"20 to 39","3-5km","bicycle",3.3,0.3,1.51666666666667,2.1
"86062/1001",NA,86062,1938,"35-39 years","male",20,6770,"Shopping",621.857666015625,621.857666015625,"car",0.2,2.96,"weekday",1,"20 to 39","3-5km","bicycle",2.96,0.269090909090909,1.4,1.88363636363636
"86062/1001",NA,86062,1938,"35-39 years","male",20,6771,"Shopping",621.857666015625,621.857666015625,"car",0.216666666666667,3.3,"weekday",2,"20 to 39","3-5km","bicycle",3.3,0.3,1.51666666666667,2.1
"86065/1000",NA,86065,1939,"40-44 years","male",20,6772,"Work",556.5546875,556.5546875,"walking",0.0833333333333333,0.27,"weekday",1,"40 to 64","<1km","walking",0.27,0.0833333333333333,0.583333333333333,0.583333333333333
"86065/1000",NA,86065,1939,"40-44 years","male",20,6773,"Work",556.5546875,556.5546875,"walking",0.0833333333333333,0.17,"weekday",2,"40 to 64","<1km","walking",0.17,0.0833333333333333,0.583333333333333,0.583333333333333
"86065/1000",NA,86065,1939,"40-44 years","male",20,6774,"Work",556.5546875,556.5546875,"public.transport",0.166666666666667,3.8,"weekday",2,"40 to 64","3-5km","public.transport",3.8,0.166666666666667,1.16666666666667,1.16666666666667
"86065/1000",NA,86065,1939,"40-44 years","male",20,6775,"Work",556.5546875,556.5546875,"walking",0.116666666666667,0.36,"weekday",2,"40 to 64","<1km","walking",0.36,0.116666666666667,0.816666666666667,0.816666666666667
"86065/1000",NA,86065,1939,"40-44 years","male",20,6776,"Work",556.5546875,556.5546875,"car",0.416666666666667,3.61,"weekday",3,"40 to 64","3-5km","bicycle",3.61,0.328181818181818,2.91666666666667,2.29727272727273
"86065/1000",NA,86065,1939,"40-44 years","male",20,6777,"Work",556.5546875,556.5546875,"walking",0.05,0.27,"weekday",4,"40 to 64","<1km","walking",0.27,0.05,0.35,0.35
"86066/1000",NA,86066,1940,"35-39 years","female",20,6778,"Shopping",566.130859375,566.130859375,"walking",0.0833333333333333,0.27,"weekday",1,"20 to 39","<1km","walking",0.27,0.0833333333333333,0.583333333333333,0.583333333333333
"86066/1000",NA,86066,1940,"35-39 years","female",20,6779,"Shopping",566.130859375,566.130859375,"walking",0.0833333333333333,0.27,"weekday",2,"20 to 39","<1km","walking",0.27,0.0833333333333333,0.583333333333333,0.583333333333333
"86066/1000",NA,86066,1940,"35-39 years","female",20,6780,"Shopping",566.130859375,566.130859375,"walking",0.0833333333333333,0.27,"weekday",3,"20 to 39","<1km","walking",0.27,0.0833333333333333,0.583333333333333,0.583333333333333
"86066/1000",NA,86066,1940,"35-39 years","female",20,6781,"Shopping",566.130859375,566.130859375,"walking",0.0833333333333333,0.27,"weekday",4,"20 to 39","<1km","walking",0.27,0.0833333333333333,0.583333333333333,0.583333333333333
"86067/1000",NA,86067,1941,"35-39 years","female",20,6782,"Work",563.662841796875,563.662841796875,"walking",0.0833333333333333,0.37,"weekday",1,"20 to 39","<1km","walking",0.37,0.0833333333333333,0.583333333333333,0.583333333333333
"86067/1000",NA,86067,1941,"35-39 years","female",20,6783,"Work",563.662841796875,563.662841796875,"walking",0.0833333333333333,0.37,"weekday",2,"20 to 39","<1km","walking",0.37,0.0833333333333333,0.583333333333333,0.583333333333333
"86067/1001",NA,86067,1942,"40-44 years","male",20,6784,"Other",554.12841796875,554.12841796875,"walking",0.166666666666667,0.37,"weekday",1,"40 to 64","<1km","walking",0.37,0.166666666666667,1.16666666666667,1.16666666666667
"86067/1001",NA,86067,1942,"40-44 years","male",20,6785,"Other",554.12841796875,554.12841796875,"walking",0.166666666666667,0.37,"weekday",2,"40 to 64","<1km","walking",0.37,0.166666666666667,1.16666666666667,1.16666666666667
"86067/1001",NA,86067,1942,"40-44 years","male",20,6786,"Leisure",554.12841796875,554.12841796875,"walking",0.1,0.56,"weekday",3,"40 to 64","<1km","walking",0.56,0.1,0.7,0.7
"86067/1001",NA,86067,1942,"40-44 years","male",20,6787,"Leisure",554.12841796875,554.12841796875,"walking",0.166666666666667,0.56,"weekday",4,"40 to 64","<1km","walking",0.56,0.166666666666667,1.16666666666667,1.16666666666667
"86067/1001",NA,86067,1942,"40-44 years","male",20,6788,"Other",554.12841796875,554.12841796875,"walking",0.133333333333333,0.37,"weekday",5,"40 to 64","<1km","walking",0.37,0.133333333333333,0.933333333333333,0.933333333333333
"86067/1001",NA,86067,1942,"40-44 years","male",20,6789,"Other",554.12841796875,554.12841796875,"walking",0.116666666666667,0.37,"weekday",6,"40 to 64","<1km","walking",0.37,0.116666666666667,0.816666666666667,0.816666666666667
"86070/1000",NA,86070,1943,"45-49 years","female",20,6790,"Work",661.040344238281,661.040344238281,"car",0.366666666666667,8.42,"weekday",1,"40 to 64","6-10km","car",8.42,0.366666666666667,2.56666666666667,2.56666666666667
"86070/1000",NA,86070,1943,"45-49 years","female",20,6791,"Work",661.040344238281,661.040344238281,"car",0.416666666666667,8.02,"weekday",2,"40 to 64","6-10km","car",8.02,0.416666666666667,2.91666666666667,2.91666666666667
"86070/1000",NA,86070,1943,"45-49 years","female",20,6792,"Leisure",661.040344238281,661.040344238281,"car",0.416666666666667,5.06,"weekday",3,"40 to 64","6-10km","car",5.06,0.416666666666667,2.91666666666667,2.91666666666667
"86070/1000",NA,86070,1943,"45-49 years","female",20,6793,"Leisure",661.040344238281,661.040344238281,"car",0.166666666666667,5.05,"weekday",4,"40 to 64","6-10km","car",5.05,0.166666666666667,1.16666666666667,1.16666666666667
"86070/1000",NA,86070,1943,"45-49 years","female",20,6794,"Shopping",661.040344238281,661.040344238281,"walking",0.05,0.27,"weekday",5,"40 to 64","<1km","walking",0.27,0.05,0.35,0.35
"86070/1000",NA,86070,1943,"45-49 years","female",20,6795,"Shopping",661.040344238281,661.040344238281,"walking",0.05,0.27,"weekday",6,"40 to 64","<1km","walking",0.27,0.05,0.35,0.35
"86071/1000",NA,86071,1944,"35-39 years","female",20,6796,"Work",813.797668457031,813.797668457031,"car",0.333333333333333,7.02,"weekday",1,"20 to 39","6-10km","car",7.02,0.333333333333333,2.33333333333333,2.33333333333333
"86071/1000",NA,86071,1944,"35-39 years","female",20,6797,"Work",813.797668457031,813.797668457031,"car",0.333333333333333,7.24,"weekday",2,"20 to 39","6-10km","car",7.24,0.333333333333333,2.33333333333333,2.33333333333333
"86071/1000",NA,86071,1944,"35-39 years","female",20,6798,"Other",813.797668457031,813.797668457031,"walking",0.0833333333333333,0.21,"weekday",3,"20 to 39","<1km","walking",0.21,0.0833333333333333,0.583333333333333,0.583333333333333
"86071/1000",NA,86071,1944,"35-39 years","female",20,6799,"Other",813.797668457031,813.797668457031,"walking",0.0833333333333333,0.21,"weekday",4,"20 to 39","<1km","walking",0.21,0.0833333333333333,0.583333333333333,0.583333333333333
"86071/1001",NA,86071,1945,"40-44 years","male",20,6800,"Work",800.032165527344,800.032165527344,"car",0.333333333333333,7.02,"weekday",1,"40 to 64","6-10km","car",7.02,0.333333333333333,2.33333333333333,2.33333333333333
"86071/1001",NA,86071,1945,"40-44 years","male",20,6801,"Work",800.032165527344,800.032165527344,"car",0.416666666666667,7.24,"weekday",2,"40 to 64","6-10km","car",7.24,0.416666666666667,2.91666666666667,2.91666666666667
"86075/1000",NA,86075,1946,"35-39 years","male",20,6802,"Work",754.537231445312,754.537231445312,"car",0.25,4.4,"weekday",1,"20 to 39","3-5km","bicycle",4.4,0.4,1.75,2.8
"86075/1000",NA,86075,1946,"35-39 years","male",20,6803,"Work",754.537231445312,754.537231445312,"car",0.25,4.07,"weekday",2,"20 to 39","3-5km","bicycle",4.07,0.37,1.75,2.59
"86075/1001",NA,86075,1947,"35-39 years","female",20,6804,"Shopping",634.367553710938,634.367553710938,"walking",0.166666666666667,0.39,"weekday",1,"20 to 39","<1km","walking",0.39,0.166666666666667,1.16666666666667,1.16666666666667
"86075/1001",NA,86075,1947,"35-39 years","female",20,6805,"Shopping",634.367553710938,634.367553710938,"walking",0.166666666666667,0.39,"weekday",2,"20 to 39","<1km","walking",0.39,0.166666666666667,1.16666666666667,1.16666666666667
"86075/1001",NA,86075,1947,"35-39 years","female",20,6806,"Leisure",634.367553710938,634.367553710938,"walking",0.0833333333333333,0.56,"weekday",3,"20 to 39","<1km","walking",0.56,0.0833333333333333,0.583333333333333,0.583333333333333
"86075/1001",NA,86075,1947,"35-39 years","female",20,6807,"Leisure",634.367553710938,634.367553710938,"walking",0.0833333333333333,0.56,"weekday",4,"20 to 39","<1km","walking",0.56,0.0833333333333333,0.583333333333333,0.583333333333333
"86076/1000",NA,86076,1948,"35-39 years","female",20,6808,"Work",522.818908691406,522.818908691406,"walking",0.1,0.43,"weekday",1,"20 to 39","<1km","walking",0.43,0.1,0.7,0.7
"86076/1000",NA,86076,1948,"35-39 years","female",20,6809,"Work",522.818908691406,522.818908691406,"walking",0.0833333333333333,0.43,"weekday",2,"20 to 39","<1km","walking",0.43,0.0833333333333333,0.583333333333333,0.583333333333333
"86076/1000",NA,86076,1948,"35-39 years","female",20,6810,"Work",522.818908691406,522.818908691406,"walking",0.0833333333333333,0.43,"weekday",3,"20 to 39","<1km","walking",0.43,0.0833333333333333,0.583333333333333,0.583333333333333
"86076/1000",NA,86076,1948,"35-39 years","female",20,6811,"Work",522.818908691406,522.818908691406,"walking",0.0833333333333333,0.43,"weekday",4,"20 to 39","<1km","walking",0.43,0.0833333333333333,0.583333333333333,0.583333333333333
"86076/1001",NA,86076,1949,"40-44 years","male",20,6812,"Work",513.975341796875,513.975341796875,"walking",0.1,0.43,"weekday",1,"40 to 64","<1km","walking",0.43,0.1,0.7,0.7
"86076/1001",NA,86076,1949,"40-44 years","male",20,6813,"Work",513.975341796875,513.975341796875,"walking",0.0833333333333333,0.43,"weekday",2,"40 to 64","<1km","walking",0.43,0.0833333333333333,0.583333333333333,0.583333333333333
"86111/1000",NA,86111,1950,"60-64 years","male",20,6814,"Leisure",210.90705871582,210.90705871582,"car",0.5,26.04,"weekday",1,"40 to 64",">10km","car",26.04,0.5,3.5,3.5
"86111/1000",NA,86111,1950,"60-64 years","male",20,6815,"Leisure",210.90705871582,210.90705871582,"car",0.5,26.01,"weekday",2,"40 to 64",">10km","car",26.01,0.5,3.5,3.5
"86111/1001",NA,86111,1951,"55-59 years","female",20,6816,"Other",181.938278198242,181.938278198242,"car",0.5,26.04,"weekday",1,"40 to 64",">10km","car",26.04,0.5,3.5,3.5
"86111/1001",NA,86111,1951,"55-59 years","female",20,6817,"Other",181.938278198242,181.938278198242,"car",0.5,26.01,"weekday",2,"40 to 64",">10km","car",26.01,0.5,3.5,3.5
"86111/1002",NA,86111,1952,"15-19 years","female",20,6818,"Other",194.907958984375,194.907958984375,"car",0.5,26.04,"weekday",1,"15 to 19",">10km","car",26.04,0.5,3.5,3.5
"86111/1002",NA,86111,1952,"15-19 years","female",20,6819,"Other",194.907958984375,194.907958984375,"car",0.5,26.01,"weekday",2,"15 to 19",">10km","car",26.01,0.5,3.5,3.5
"86113/1000",NA,86113,1953,"25-29 years","female",20,6820,"Work",220.279357910156,220.279357910156,"car",0.166666666666667,2.84,"weekday",1,"20 to 39","3-5km","bicycle",2.84,0.258181818181818,1.16666666666667,1.80727272727273
"86113/1000",NA,86113,1953,"25-29 years","female",20,6821,"Work",220.279357910156,220.279357910156,"car",0.0833333333333333,2.84,"weekday",2,"20 to 39","3-5km","bicycle",2.84,0.258181818181818,0.583333333333333,1.80727272727273
"86119/1000",NA,86119,1954,"55-59 years","male",20,6822,"Work",167.802215576172,167.802215576172,"car",0.833333333333333,44.52,"weekday",1,"40 to 64",">10km","car",44.52,0.833333333333333,5.83333333333333,5.83333333333333
"86119/1000",NA,86119,1954,"55-59 years","male",20,6823,"Work",167.802215576172,167.802215576172,"car",0.75,44.58,"weekday",2,"40 to 64",">10km","car",44.58,0.75,5.25,5.25
"86120/1001",NA,86120,1955,"65-69 years","female",20,6824,"Work",129.623992919922,129.623992919922,"car",0.333333333333333,16.82,"weekday",1,"65 plus",">10km","car",16.82,0.333333333333333,2.33333333333333,2.33333333333333
"86120/1001",NA,86120,1955,"65-69 years","female",20,6825,"Work",129.623992919922,129.623992919922,"car",0.333333333333333,16.89,"weekday",2,"65 plus",">10km","car",16.89,0.333333333333333,2.33333333333333,2.33333333333333
"86121/1000",NA,86121,1956,"50-54 years","male",20,6826,"Other",205.661956787109,205.661956787109,"car",0.333333333333333,20.77,"weekday",1,"40 to 64",">10km","car",20.77,0.333333333333333,2.33333333333333,2.33333333333333
"86121/1000",NA,86121,1956,"50-54 years","male",20,6827,"Other",205.661956787109,205.661956787109,"car",0.116666666666667,7.46,"weekday",2,"40 to 64","6-10km","car",7.46,0.116666666666667,0.816666666666667,0.816666666666667
"86121/1000",NA,86121,1956,"50-54 years","male",20,6828,"Shopping",205.661956787109,205.661956787109,"car",0.25,10.82,"weekday",3,"40 to 64",">10km","car",10.82,0.25,1.75,1.75
"86121/1000",NA,86121,1956,"50-54 years","male",20,6829,"Shopping",205.661956787109,205.661956787109,"car",0.0833333333333333,0.84,"weekday",4,"40 to 64","<1km","bicycle",0.84,0.0763636363636364,0.583333333333333,0.534545454545454
"86121/1000",NA,86121,1956,"50-54 years","male",20,6830,"Shopping",205.661956787109,205.661956787109,"car",0.0833333333333333,1.07,"weekday",5,"40 to 64","1-2km","bicycle",1.07,0.0972727272727273,0.583333333333333,0.680909090909091
"86121/1000",NA,86121,1956,"50-54 years","male",20,6831,"Shopping",205.661956787109,205.661956787109,"car",0.333333333333333,24.23,"weekday",6,"40 to 64",">10km","car",24.23,0.333333333333333,2.33333333333333,2.33333333333333
"86121/1000",NA,86121,1956,"50-54 years","male",20,6832,"Other",205.661956787109,205.661956787109,"car",0.333333333333333,20.77,"weekday",7,"40 to 64",">10km","car",20.77,0.333333333333333,2.33333333333333,2.33333333333333
"86121/1000",NA,86121,1956,"50-54 years","male",20,6833,"Other",205.661956787109,205.661956787109,"car",0.416666666666667,20.51,"weekday",8,"40 to 64",">10km","car",20.51,0.416666666666667,2.91666666666667,2.91666666666667
"86123/1000",NA,86123,1957,"65-69 years","male",20,6834,"Shopping",238.977981567383,238.977981567383,"car",0.5,21.62,"weekday",1,"65 plus",">10km","car",21.62,0.5,3.5,3.5
"86123/1000",NA,86123,1957,"65-69 years","male",20,6835,"Shopping",238.977981567383,238.977981567383,"car",0.5,21.53,"weekday",2,"65 plus",">10km","car",21.53,0.5,3.5,3.5
"86123/1001",NA,86123,1958,"60-64 years","female",20,6836,"Shopping",290.651428222656,290.651428222656,"car",0.5,21.62,"weekday",1,"40 to 64",">10km","car",21.62,0.5,3.5,3.5
"86123/1001",NA,86123,1958,"60-64 years","female",20,6837,"Shopping",290.651428222656,290.651428222656,"car",0.5,21.53,"weekday",2,"40 to 64",">10km","car",21.53,0.5,3.5,3.5
"86123/1002",NA,86123,1959,"50-54 years","male",20,6838,"Work",205.661956787109,205.661956787109,"car",0.5,25.28,"weekday",1,"40 to 64",">10km","car",25.28,0.5,3.5,3.5
"86124/1000",NA,86124,1960,"45-49 years","female",20,6839,"Other",368.072875976562,368.072875976562,"car",0.25,11.91,"weekday",1,"40 to 64",">10km","car",11.91,0.25,1.75,1.75
"86124/1000",NA,86124,1960,"45-49 years","female",20,6840,"Other",368.072875976562,368.072875976562,"car",0.5,10.29,"weekday",2,"40 to 64",">10km","car",10.29,0.5,3.5,3.5
"86124/1000",NA,86124,1960,"45-49 years","female",20,6841,"Work",368.072875976562,368.072875976562,"car",0.666666666666667,41.58,"weekday",3,"40 to 64",">10km","car",41.58,0.666666666666667,4.66666666666667,4.66666666666667
"86124/1000",NA,86124,1960,"45-49 years","female",20,6842,"Other",368.072875976562,368.072875976562,"car",0.75,41.7,"weekday",4,"40 to 64",">10km","car",41.7,0.75,5.25,5.25
"86124/1000",NA,86124,1960,"45-49 years","female",20,6843,"Other",368.072875976562,368.072875976562,"car",0.5,26.14,"weekday",5,"40 to 64",">10km","car",26.14,0.5,3.5,3.5
"86124/1000",NA,86124,1960,"45-49 years","female",20,6844,"Other",368.072875976562,368.072875976562,"car",0.5,21.28,"weekday",6,"40 to 64",">10km","car",21.28,0.5,3.5,3.5
"86124/1001",NA,86124,1961,"45-49 years","male",20,6845,"Other",269.638153076172,269.638153076172,"car",0.5,21.94,"weekday",1,"40 to 64",">10km","car",21.94,0.5,3.5,3.5
"86124/1001",NA,86124,1961,"45-49 years","male",20,6846,"Work",269.638153076172,269.638153076172,"car",0.75,40.76,"weekday",2,"40 to 64",">10km","car",40.76,0.75,5.25,5.25
"86124/1001",NA,86124,1961,"45-49 years","male",20,6847,"Other",269.638153076172,269.638153076172,"car",0.5,22.88,"weekday",3,"40 to 64",">10km","car",22.88,0.5,3.5,3.5
"86124/1001",NA,86124,1961,"45-49 years","male",20,6848,"Other",269.638153076172,269.638153076172,"car",0.25,10.3,"weekday",4,"40 to 64",">10km","car",10.3,0.25,1.75,1.75
"86124/1001",NA,86124,1961,"45-49 years","male",20,6849,"Other",269.638153076172,269.638153076172,"car",0.25,22.5,"weekday",5,"40 to 64",">10km","car",22.5,0.25,1.75,1.75
"86124/1001",NA,86124,1961,"45-49 years","male",20,6850,"Other",269.638153076172,269.638153076172,"car",0.5,21.28,"weekday",6,"40 to 64",">10km","car",21.28,0.5,3.5,3.5
"86124/1001",NA,86124,1961,"45-49 years","male",20,6851,"Other",269.638153076172,269.638153076172,"car",0.25,1.84,"weekday",7,"40 to 64","1-2km","bicycle",1.84,0.167272727272727,1.75,1.17090909090909
"86124/1001",NA,86124,1961,"45-49 years","male",20,6852,"Other",269.638153076172,269.638153076172,"car",0.25,1.84,"weekday",8,"40 to 64","1-2km","bicycle",1.84,0.167272727272727,1.75,1.17090909090909
"86124/1002",NA,86124,1962,"15-19 years","female",20,6853,"Education",282.893920898438,282.893920898438,"car",0.25,11.91,"weekday",1,"15 to 19",">10km","car",11.91,0.25,1.75,1.75
"86124/1002",NA,86124,1962,"15-19 years","female",20,6854,"Work",282.893920898438,282.893920898438,"car",0.25,10.3,"weekday",2,"15 to 19",">10km","car",10.3,0.25,1.75,1.75
"86124/1002",NA,86124,1962,"15-19 years","female",20,6855,"Work",282.893920898438,282.893920898438,"car",0.25,1.84,"weekday",3,"15 to 19","1-2km","bicycle",1.84,0.167272727272727,1.75,1.17090909090909
"86127/1000",NA,86127,1963,"40-44 years","male",20,6856,"Work",369.611175537109,369.611175537109,"car",1,48.93,"weekday",1,"40 to 64",">10km","car",48.93,1,7,7
"86127/1000",NA,86127,1963,"40-44 years","male",20,6857,"Work",369.611175537109,369.611175537109,"car",2,48.69,"weekday",2,"40 to 64",">10km","car",48.69,2,14,14
"86127/1001",NA,86127,1964,"40-44 years","female",20,6858,"Work",259.748474121094,259.748474121094,"car",0.25,10.81,"weekday",1,"40 to 64",">10km","car",10.81,0.25,1.75,1.75
"86127/1001",NA,86127,1964,"40-44 years","female",20,6859,"Work",259.748474121094,259.748474121094,"car",0.25,10.82,"weekday",2,"40 to 64",">10km","car",10.82,0.25,1.75,1.75
"86129/1000",NA,86129,1965,"45-49 years","male",20,6860,"Work",222.079360961914,222.079360961914,"car",0.35,17.66,"weekday",1,"40 to 64",">10km","car",17.66,0.35,2.45,2.45
"86129/1000",NA,86129,1965,"45-49 years","male",20,6861,"Work",222.079360961914,222.079360961914,"car",0.383333333333333,17.63,"weekday",2,"40 to 64",">10km","car",17.63,0.383333333333333,2.68333333333333,2.68333333333333
"86129/1000",NA,86129,1965,"45-49 years","male",20,6862,"Other",222.079360961914,222.079360961914,"car",0.216666666666667,10.51,"weekday",3,"40 to 64",">10km","car",10.51,0.216666666666667,1.51666666666667,1.51666666666667
"86129/1000",NA,86129,1965,"45-49 years","male",20,6863,"Other",222.079360961914,222.079360961914,"car",0.2,10.53,"weekday",4,"40 to 64",">10km","car",10.53,0.2,1.4,1.4
"86129/1001",NA,86129,1966,"40-44 years","female",20,6864,"Work",259.748474121094,259.748474121094,"car",0.283333333333333,17.66,"weekday",1,"40 to 64",">10km","car",17.66,0.283333333333333,1.98333333333333,1.98333333333333
"86129/1001",NA,86129,1966,"40-44 years","female",20,6865,"Other",259.748474121094,259.748474121094,"car",0.333333333333333,22.58,"weekday",2,"40 to 64",">10km","car",22.58,0.333333333333333,2.33333333333333,2.33333333333333
"86129/1001",NA,86129,1966,"40-44 years","female",20,6866,"Other",259.748474121094,259.748474121094,"car",0.316666666666667,17.43,"weekday",3,"40 to 64",">10km","car",17.43,0.316666666666667,2.21666666666667,2.21666666666667
"86129/1001",NA,86129,1966,"40-44 years","female",20,6867,"Other",259.748474121094,259.748474121094,"car",0.3,17.01,"weekday",4,"40 to 64",">10km","car",17.01,0.3,2.1,2.1
"86129/1001",NA,86129,1966,"40-44 years","female",20,6868,"Work",259.748474121094,259.748474121094,"car",0.366666666666667,23.13,"weekday",5,"40 to 64",">10km","car",23.13,0.366666666666667,2.56666666666667,2.56666666666667
"86129/1001",NA,86129,1966,"40-44 years","female",20,6869,"Other",259.748474121094,259.748474121094,"car",0.4,22.58,"weekday",6,"40 to 64",">10km","car",22.58,0.4,2.8,2.8
"86129/1001",NA,86129,1966,"40-44 years","female",20,6870,"Other",259.748474121094,259.748474121094,"car",0.4,21.75,"weekday",7,"40 to 64",">10km","car",21.75,0.4,2.8,2.8
"86129/1002",NA,86129,1967,"15-19 years","female",20,6871,"Other",232.997085571289,232.997085571289,"car",0.25,11.3,"weekday",1,"15 to 19",">10km","car",11.3,0.25,1.75,1.75
"86129/1002",NA,86129,1967,"15-19 years","female",20,6872,"Other",232.997085571289,232.997085571289,"car",0.25,11.21,"weekday",2,"15 to 19",">10km","car",11.21,0.25,1.75,1.75
"86129/1003",NA,86129,1968,"15-19 years","male",20,6873,"Other",261.753723144531,261.753723144531,"car",1,21.85,"weekday",1,"15 to 19",">10km","car",21.85,1,7,7
"86129/1003",NA,86129,1968,"15-19 years","male",20,6874,"Other",261.753723144531,261.753723144531,"car",0.316666666666667,17.43,"weekday",2,"15 to 19",">10km","car",17.43,0.316666666666667,2.21666666666667,2.21666666666667
"86129/1003",NA,86129,1968,"15-19 years","male",20,6875,"Education",261.753723144531,261.753723144531,"car",0.3,17.01,"weekday",3,"15 to 19",">10km","car",17.01,0.3,2.1,2.1
"86129/1003",NA,86129,1968,"15-19 years","male",20,6876,"Education",261.753723144531,261.753723144531,"car",0.4,21.75,"weekday",4,"15 to 19",">10km","car",21.75,0.4,2.8,2.8
"86130/1000",NA,86130,1969,"50-54 years","female",20,6877,"Leisure",176.780258178711,176.780258178711,"car",0.333333333333333,10.5,"weekday",1,"40 to 64",">10km","car",10.5,0.333333333333333,2.33333333333333,2.33333333333333
"86130/1000",NA,86130,1969,"50-54 years","female",20,6878,"Leisure",176.780258178711,176.780258178711,"car",0.25,10.44,"weekday",2,"40 to 64",">10km","car",10.44,0.25,1.75,1.75
"86130/1001",NA,86130,1970,"45-49 years","male",20,6879,"Work",185.775009155273,185.775009155273,"car",0.833333333333333,47.67,"weekday",1,"40 to 64",">10km","car",47.67,0.833333333333333,5.83333333333333,5.83333333333333
"86130/1001",NA,86130,1970,"45-49 years","male",20,6880,"Work",185.775009155273,185.775009155273,"car",1,47.66,"weekday",2,"40 to 64",">10km","car",47.66,1,7,7
"86130/1002",NA,86130,1971,"20-24 years","female",20,6881,"Shopping",210.157943725586,210.157943725586,"car",0.0833333333333333,4.99,"weekday",1,"20 to 39","3-5km","bicycle",4.99,0.453636363636364,0.583333333333333,3.17545454545455
"86130/1002",NA,86130,1971,"20-24 years","female",20,6882,"Shopping",210.157943725586,210.157943725586,"car",0.0833333333333333,4.92,"weekday",2,"20 to 39","3-5km","bicycle",4.92,0.447272727272727,0.583333333333333,3.13090909090909
"86130/1002",NA,86130,1971,"20-24 years","female",20,6883,"Leisure",210.157943725586,210.157943725586,"car",0.333333333333333,20.73,"weekday",3,"20 to 39",">10km","car",20.73,0.333333333333333,2.33333333333333,2.33333333333333
"86130/1002",NA,86130,1971,"20-24 years","female",20,6884,"Leisure",210.157943725586,210.157943725586,"car",0.4,20.75,"weekday",4,"20 to 39",">10km","car",20.75,0.4,2.8,2.8
"86131/1000",NA,86131,1972,"70-74 years","female",20,6885,"Other",258.704772949219,258.704772949219,"car",0.333333333333333,11.99,"weekday",1,"65 plus",">10km","car",11.99,0.333333333333333,2.33333333333333,2.33333333333333
"86131/1000",NA,86131,1972,"70-74 years","female",20,6886,"Other",258.704772949219,258.704772949219,"car",0.416666666666667,12.03,"weekday",2,"65 plus",">10km","car",12.03,0.416666666666667,2.91666666666667,2.91666666666667
"86131/1000",NA,86131,1972,"70-74 years","female",20,6887,"Other",258.704772949219,258.704772949219,"car",0.416666666666667,11.99,"weekday",3,"65 plus",">10km","car",11.99,0.416666666666667,2.91666666666667,2.91666666666667
"86131/1000",NA,86131,1972,"70-74 years","female",20,6888,"Other",258.704772949219,258.704772949219,"car",0.416666666666667,12.03,"weekday",4,"65 plus",">10km","car",12.03,0.416666666666667,2.91666666666667,2.91666666666667
"86137/1000",NA,86137,1973,"40-44 years","female",20,6889,"Other",259.748474121094,259.748474121094,"car",0.333333333333333,11.43,"weekday",1,"40 to 64",">10km","car",11.43,0.333333333333333,2.33333333333333,2.33333333333333
"86137/1000",NA,86137,1973,"40-44 years","female",20,6890,"Work",259.748474121094,259.748474121094,"car",0.133333333333333,1.51,"weekday",2,"40 to 64","1-2km","bicycle",1.51,0.137272727272727,0.933333333333333,0.960909090909091
"86137/1000",NA,86137,1973,"40-44 years","female",20,6891,"Other",259.748474121094,259.748474121094,"car",0.0833333333333333,1.51,"weekday",3,"40 to 64","1-2km","bicycle",1.51,0.137272727272727,0.583333333333333,0.960909090909091
"86137/1000",NA,86137,1973,"40-44 years","female",20,6892,"Shopping",259.748474121094,259.748474121094,"car",0.533333333333333,22.48,"weekday",4,"40 to 64",">10km","car",22.48,0.533333333333333,3.73333333333333,3.73333333333333
"86137/1000",NA,86137,1973,"40-44 years","female",20,6893,"Shopping",259.748474121094,259.748474121094,"car",0.133333333333333,0.93,"weekday",5,"40 to 64","<1km","bicycle",0.93,0.0845454545454545,0.933333333333333,0.591818181818182
"86137/1000",NA,86137,1973,"40-44 years","female",20,6894,"Shopping",259.748474121094,259.748474121094,"car",0.666666666666667,24.42,"weekday",6,"40 to 64",">10km","car",24.42,0.666666666666667,4.66666666666667,4.66666666666667
"86137/1000",NA,86137,1973,"40-44 years","female",20,6895,"Leisure",259.748474121094,259.748474121094,"car",0.0833333333333333,3.26,"weekday",7,"40 to 64","3-5km","bicycle",3.26,0.296363636363636,0.583333333333333,2.07454545454545
"86137/1000",NA,86137,1973,"40-44 years","female",20,6896,"Leisure",259.748474121094,259.748474121094,"car",0.0833333333333333,3.26,"weekday",8,"40 to 64","3-5km","bicycle",3.26,0.296363636363636,0.583333333333333,2.07454545454545
"86137/1001",NA,86137,1974,"45-49 years","male",20,6897,"Work",222.079360961914,222.079360961914,"car",0.25,11.09,"weekday",1,"40 to 64",">10km","car",11.09,0.25,1.75,1.75
"86137/1001",NA,86137,1974,"45-49 years","male",20,6898,"Work",222.079360961914,222.079360961914,"car",0.25,11.12,"weekday",2,"40 to 64",">10km","car",11.12,0.25,1.75,1.75
"86141/1000",NA,86141,1975,"50-54 years","female",20,6899,"Work",106.351432800293,106.351432800293,"car",0.25,7.86,"weekday",1,"40 to 64","6-10km","car",7.86,0.25,1.75,1.75
"86141/1000",NA,86141,1975,"50-54 years","female",20,6900,"Work",106.351432800293,106.351432800293,"car",0.25,7.8,"weekday",2,"40 to 64","6-10km","car",7.8,0.25,1.75,1.75
"86142/1000",NA,86142,1976,"60-64 years","female",20,6901,"Other",168.799240112305,168.799240112305,"car",1,22.7,"weekday",1,"40 to 64",">10km","car",22.7,1,7,7
"86142/1000",NA,86142,1976,"60-64 years","female",20,6902,"Other",168.799240112305,168.799240112305,"car",1,23.77,"weekday",2,"40 to 64",">10km","car",23.77,1,7,7
"86142/1000",NA,86142,1976,"60-64 years","female",20,6903,"Other",168.799240112305,168.799240112305,"car",0.166666666666667,5.34,"weekday",3,"40 to 64","6-10km","car",5.34,0.166666666666667,1.16666666666667,1.16666666666667
"86142/1000",NA,86142,1976,"60-64 years","female",20,6904,"Other",168.799240112305,168.799240112305,"car",0.25,5.29,"weekday",4,"40 to 64","6-10km","car",5.29,0.25,1.75,1.75
"86142/1000",NA,86142,1976,"60-64 years","female",20,6905,"Other",168.799240112305,168.799240112305,"car",0.25,5.34,"weekday",5,"40 to 64","6-10km","car",5.34,0.25,1.75,1.75
"86142/1001",NA,86142,1977,"60-64 years","male",20,6906,"Leisure",182.489120483398,182.489120483398,"car",0.0833333333333333,2.34,"weekday",1,"40 to 64","3-5km","bicycle",2.34,0.212727272727273,0.583333333333333,1.48909090909091
"86142/1001",NA,86142,1977,"60-64 years","male",20,6907,"Leisure",182.489120483398,182.489120483398,"car",0.0833333333333333,2.28,"weekday",2,"40 to 64","3-5km","bicycle",2.28,0.207272727272727,0.583333333333333,1.45090909090909
"86142/1002",NA,86142,1978,"35-39 years","female",20,6908,"Other",136.559432983398,136.559432983398,"car",1,22.7,"weekday",1,"20 to 39",">10km","car",22.7,1,7,7
"86142/1002",NA,86142,1978,"35-39 years","female",20,6909,"Other",136.559432983398,136.559432983398,"car",1,23.77,"weekday",2,"20 to 39",">10km","car",23.77,1,7,7
"86142/1002",NA,86142,1978,"35-39 years","female",20,6910,"Other",136.559432983398,136.559432983398,"car",0.166666666666667,5.34,"weekday",3,"20 to 39","6-10km","car",5.34,0.166666666666667,1.16666666666667,1.16666666666667
"86142/1002",NA,86142,1978,"35-39 years","female",20,6911,"Other",136.559432983398,136.559432983398,"car",0.25,5.29,"weekday",4,"20 to 39","6-10km","car",5.29,0.25,1.75,1.75
"86142/1002",NA,86142,1978,"35-39 years","female",20,6912,"Other",136.559432983398,136.559432983398,"car",0.25,5.34,"weekday",5,"20 to 39","6-10km","car",5.34,0.25,1.75,1.75
"86142/1003",NA,86142,1979,"40-44 years","male",20,6913,"Work",162.067153930664,162.067153930664,"car",0.5,22.73,"weekday",1,"40 to 64",">10km","car",22.73,0.5,3.5,3.5
"86142/1003",NA,86142,1979,"40-44 years","male",20,6914,"Work",162.067153930664,162.067153930664,"car",1,22.8,"weekday",2,"40 to 64",">10km","car",22.8,1,7,7
"86149/1000",NA,86149,1980,"90-94 years","female",20,6915,"Shopping",46.4216995239258,46.4216995239258,"car",0.25,5.47,"weekday",1,"65 plus","6-10km","car",5.47,0.25,1.75,1.75
"86149/1000",NA,86149,1980,"90-94 years","female",20,6916,"Shopping",46.4216995239258,46.4216995239258,"car",0.25,5.35,"weekday",2,"65 plus","6-10km","car",5.35,0.25,1.75,1.75
"86149/1001",NA,86149,1981,"90-94 years","male",20,6917,"Shopping",43.9591636657715,43.9591636657715,"car",0.25,5.47,"weekday",1,"65 plus","6-10km","car",5.47,0.25,1.75,1.75
"86149/1001",NA,86149,1981,"90-94 years","male",20,6918,"Shopping",43.9591636657715,43.9591636657715,"car",0.25,5.35,"weekday",2,"65 plus","6-10km","car",5.35,0.25,1.75,1.75
"86155/1000",NA,86155,1982,"50-54 years","female",20,6919,"Other",100.969757080078,100.969757080078,"car",0.183333333333333,4.05,"weekday",1,"40 to 64","3-5km","bicycle",4.05,0.368181818181818,1.28333333333333,2.57727272727273
"86155/1000",NA,86155,1982,"50-54 years","female",20,6920,"Work",100.969757080078,100.969757080078,"car",0.116666666666667,3.66,"weekday",2,"40 to 64","3-5km","bicycle",3.66,0.332727272727273,0.816666666666667,2.32909090909091
"86155/1000",NA,86155,1982,"50-54 years","female",20,6921,"Shopping",100.969757080078,100.969757080078,"car",0.183333333333333,1.54,"weekday",3,"40 to 64","1-2km","bicycle",1.54,0.14,1.28333333333333,0.98
"86155/1000",NA,86155,1982,"50-54 years","female",20,6922,"Shopping",100.969757080078,100.969757080078,"car",0.183333333333333,2.32,"weekday",4,"40 to 64","3-5km","bicycle",2.32,0.210909090909091,1.28333333333333,1.47636363636364
"86155/1000",NA,86155,1982,"50-54 years","female",20,6923,"Other",100.969757080078,100.969757080078,"car",0.333333333333333,4.05,"weekday",5,"40 to 64","3-5km","bicycle",4.05,0.368181818181818,2.33333333333333,2.57727272727273
"86155/1000",NA,86155,1982,"50-54 years","female",20,6924,"Other",100.969757080078,100.969757080078,"car",0.233333333333333,4.06,"weekday",6,"40 to 64","3-5km","bicycle",4.06,0.369090909090909,1.63333333333333,2.58363636363636
"86155/1000",NA,86155,1982,"50-54 years","female",20,6925,"Shopping",100.969757080078,100.969757080078,"car",0.1,1.86,"weekday",7,"40 to 64","1-2km","bicycle",1.86,0.169090909090909,0.7,1.18363636363636
"86155/1000",NA,86155,1982,"50-54 years","female",20,6926,"Shopping",100.969757080078,100.969757080078,"car",0.116666666666667,1.86,"weekday",8,"40 to 64","1-2km","bicycle",1.86,0.169090909090909,0.816666666666667,1.18363636363636
"86155/1001",NA,86155,1983,"50-54 years","male",20,6927,"Other",111.144454956055,111.144454956055,"car",0.0833333333333333,0.44,"weekday",1,"40 to 64","<1km","bicycle",0.44,0.04,0.583333333333333,0.28
"86155/1001",NA,86155,1983,"50-54 years","male",20,6928,"Work",111.144454956055,111.144454956055,"car",0.483333333333333,13.8,"weekday",2,"40 to 64",">10km","car",13.8,0.483333333333333,3.38333333333333,3.38333333333333
"86155/1001",NA,86155,1983,"50-54 years","male",20,6929,"Leisure",111.144454956055,111.144454956055,"car",0.1,2.29,"weekday",3,"40 to 64","3-5km","bicycle",2.29,0.208181818181818,0.7,1.45727272727273
"86155/1001",NA,86155,1983,"50-54 years","male",20,6930,"Work",111.144454956055,111.144454956055,"car",0.116666666666667,2.82,"weekday",4,"40 to 64","3-5km","bicycle",2.82,0.256363636363636,0.816666666666667,1.79454545454545
"86155/1001",NA,86155,1983,"50-54 years","male",20,6931,"Work",111.144454956055,111.144454956055,"car",0.416666666666667,14.21,"weekday",5,"40 to 64",">10km","car",14.21,0.416666666666667,2.91666666666667,2.91666666666667
"86155/1002",NA,86155,1984,"15-19 years","male",20,6932,"Education",162.666137695312,162.666137695312,"car",0.0833333333333333,0.44,"weekday",1,"15 to 19","<1km","bicycle",0.44,0.04,0.583333333333333,0.28
"86155/1002",NA,86155,1984,"15-19 years","male",20,6933,"Education",162.666137695312,162.666137695312,"public.transport",0.166666666666667,3,"weekday",1,"15 to 19","3-5km","public.transport",3,0.166666666666667,1.16666666666667,1.16666666666667
"86155/1002",NA,86155,1984,"15-19 years","male",20,6934,"Education",162.666137695312,162.666137695312,"public.transport",0.0833333333333333,1.92,"weekday",1,"15 to 19","1-2km","public.transport",1.92,0.0833333333333333,0.583333333333333,0.583333333333333
"86155/1002",NA,86155,1984,"15-19 years","male",20,6935,"Education",162.666137695312,162.666137695312,"walking",0.0333333333333333,0.09,"weekday",1,"15 to 19","<1km","walking",0.09,0.0333333333333333,0.233333333333333,0.233333333333333
"86155/1002",NA,86155,1984,"15-19 years","male",20,6936,"Education",162.666137695312,162.666137695312,"car",0.233333333333333,4.06,"weekday",2,"15 to 19","3-5km","bicycle",4.06,0.369090909090909,1.63333333333333,2.58363636363636
"86159/1000",NA,86159,1985,"45-49 years","male",20,6937,"Work",86.0019607543945,86.0019607543945,"car",0.75,19.69,"weekday",1,"40 to 64",">10km","car",19.69,0.75,5.25,5.25
"86159/1000",NA,86159,1985,"45-49 years","male",20,6938,"Work",86.0019607543945,86.0019607543945,"car",0.75,19.93,"weekday",2,"40 to 64",">10km","car",19.93,0.75,5.25,5.25
"86166/1000",NA,86166,1986,"30-34 years","male",20,6939,"Other",138.331512451172,138.331512451172,"car",0.416666666666667,10.77,"weekday",1,"20 to 39",">10km","car",10.77,0.416666666666667,2.91666666666667,2.91666666666667
"86166/1000",NA,86166,1986,"30-34 years","male",20,6940,"Other",138.331512451172,138.331512451172,"car",0.266666666666667,10.68,"weekday",2,"20 to 39",">10km","car",10.68,0.266666666666667,1.86666666666667,1.86666666666667
"86166/1000",NA,86166,1986,"30-34 years","male",20,6941,"Other",138.331512451172,138.331512451172,"car",0.333333333333333,10.77,"weekday",3,"20 to 39",">10km","car",10.77,0.333333333333333,2.33333333333333,2.33333333333333
"86166/1000",NA,86166,1986,"30-34 years","male",20,6942,"Shopping",138.331512451172,138.331512451172,"car",0.25,3,"weekday",4,"20 to 39","3-5km","bicycle",3,0.272727272727273,1.75,1.90909090909091
"86166/1000",NA,86166,1986,"30-34 years","male",20,6943,"Shopping",138.331512451172,138.331512451172,"car",0.166666666666667,9.26,"weekday",5,"20 to 39","6-10km","car",9.26,0.166666666666667,1.16666666666667,1.16666666666667
"86167/1000",NA,86167,1987,"45-49 years","female",20,6944,"Work",128.661026000977,128.661026000977,"car",0.2,5.7,"weekday",1,"40 to 64","6-10km","car",5.7,0.2,1.4,1.4
"86167/1000",NA,86167,1987,"45-49 years","female",20,6945,"Work",128.661026000977,128.661026000977,"car",0.0833333333333333,5.63,"weekday",2,"40 to 64","6-10km","car",5.63,0.0833333333333333,0.583333333333333,0.583333333333333
"86167/1001",NA,86167,1988,"55-59 years","male",20,6946,"Work",132.476211547852,132.476211547852,"car",0.583333333333333,32.17,"weekday",1,"40 to 64",">10km","car",32.17,0.583333333333333,4.08333333333333,4.08333333333333
"86167/1001",NA,86167,1988,"55-59 years","male",20,6947,"Work",132.476211547852,132.476211547852,"car",0.75,32.18,"weekday",2,"40 to 64",">10km","car",32.18,0.75,5.25,5.25
"86169/1000",NA,86169,1989,"70-74 years","female",20,6948,"Leisure",114.950271606445,114.950271606445,"car",0.5,15.7,"weekday",1,"65 plus",">10km","car",15.7,0.5,3.5,3.5
"86169/1000",NA,86169,1989,"70-74 years","female",20,6949,"Leisure",114.950271606445,114.950271606445,"car",0.5,15.53,"weekday",2,"65 plus",">10km","car",15.53,0.5,3.5,3.5
"86169/1001",NA,86169,1990,"70-74 years","male",20,6950,"Leisure",105.506164550781,105.506164550781,"car",2,113.92,"weekday",1,"65 plus",">10km","car",113.92,2,14,14
"86169/1001",NA,86169,1990,"70-74 years","male",20,6951,"Shopping",105.506164550781,105.506164550781,"car",0.5,32.64,"weekday",2,"65 plus",">10km","car",32.64,0.5,3.5,3.5
"86169/1001",NA,86169,1990,"70-74 years","male",20,6952,"Leisure",105.506164550781,105.506164550781,"car",0.5,29.89,"weekday",3,"65 plus",">10km","car",29.89,0.5,3.5,3.5
"86169/1002",NA,86169,1991,"35-39 years","male",20,6953,"Other",102.222640991211,102.222640991211,"car",1.5,41.2,"weekday",1,"20 to 39",">10km","car",41.2,1.5,10.5,10.5
"86169/1002",NA,86169,1991,"35-39 years","male",20,6954,"Other",102.222640991211,102.222640991211,"car",2,41.34,"weekday",2,"20 to 39",">10km","car",41.34,2,14,14
"86169/1002",NA,86169,1991,"35-39 years","male",20,6955,"Other",102.222640991211,102.222640991211,"car",0.333333333333333,9.57,"weekday",3,"20 to 39","6-10km","car",9.57,0.333333333333333,2.33333333333333,2.33333333333333
"86169/1002",NA,86169,1991,"35-39 years","male",20,6956,"Other",102.222640991211,102.222640991211,"car",0.333333333333333,9.52,"weekday",4,"20 to 39","6-10km","car",9.52,0.333333333333333,2.33333333333333,2.33333333333333
"86262/1000",NA,86262,1992,"45-49 years","male",20,6957,"Other",412.569610595703,412.569610595703,"car",0.333333333333333,17.09,"weekday",1,"40 to 64",">10km","car",17.09,0.333333333333333,2.33333333333333,2.33333333333333
"86262/1000",NA,86262,1992,"45-49 years","male",20,6958,"Other",412.569610595703,412.569610595703,"car",0.333333333333333,17.57,"weekday",2,"40 to 64",">10km","car",17.57,0.333333333333333,2.33333333333333,2.33333333333333
"86262/1000",NA,86262,1992,"45-49 years","male",20,6959,"Leisure",412.569610595703,412.569610595703,"car",3,200.93,"weekday",3,"40 to 64",">10km","car",200.93,3,21,21
"86262/1001",NA,86262,1993,"35-39 years","female",20,6960,"Leisure",320.457489013672,320.457489013672,"car",3,200.93,"weekday",1,"20 to 39",">10km","car",200.93,3,21,21
"86262/1002",NA,86262,1994,"15-19 years","female",20,6961,"Leisure",424.069610595703,424.069610595703,"car",3,200.93,"weekday",1,"15 to 19",">10km","car",200.93,3,21,21
"86262/1003",NA,86262,1995,"15-19 years","male",20,6962,"Leisure",333.733825683594,333.733825683594,"car",0.333333333333333,17.09,"weekday",1,"15 to 19",">10km","car",17.09,0.333333333333333,2.33333333333333,2.33333333333333
"86265/1000",NA,86265,1996,"25-29 years","female",20,6963,"Other",1009.62487792969,1009.62487792969,"car",0.166666666666667,10.75,"weekday",1,"20 to 39",">10km","car",10.75,0.166666666666667,1.16666666666667,1.16666666666667
"86265/1000",NA,86265,1996,"25-29 years","female",20,6964,"Other",1009.62487792969,1009.62487792969,"car",0.166666666666667,10.78,"weekday",2,"20 to 39",">10km","car",10.78,0.166666666666667,1.16666666666667,1.16666666666667
"86265/1000",NA,86265,1996,"25-29 years","female",20,6965,"Other",1009.62487792969,1009.62487792969,"car",0.166666666666667,10.75,"weekday",3,"20 to 39",">10km","car",10.75,0.166666666666667,1.16666666666667,1.16666666666667
"86265/1000",NA,86265,1996,"25-29 years","female",20,6966,"Other",1009.62487792969,1009.62487792969,"car",0.166666666666667,10.78,"weekday",4,"20 to 39",">10km","car",10.78,0.166666666666667,1.16666666666667,1.16666666666667
"86265/1001",NA,86265,1997,"30-34 years","male",20,6967,"Work",805.150207519531,805.150207519531,"car",0.5,23.81,"weekday",1,"20 to 39",">10km","car",23.81,0.5,3.5,3.5
"86265/1001",NA,86265,1997,"30-34 years","male",20,6968,"Work",805.150207519531,805.150207519531,"car",0.5,23.04,"weekday",2,"20 to 39",">10km","car",23.04,0.5,3.5,3.5
"86265/1001",NA,86265,1997,"30-34 years","male",20,6969,"Work",805.150207519531,805.150207519531,"car",0.5,5.92,"weekday",3,"20 to 39","6-10km","car",5.92,0.5,3.5,3.5
"86266/1000",NA,86266,1998,"50-54 years","female",20,6970,"Work",308.720367431641,308.720367431641,"car",0.333333333333333,10.31,"weekday",1,"40 to 64",">10km","car",10.31,0.333333333333333,2.33333333333333,2.33333333333333
"86266/1000",NA,86266,1998,"50-54 years","female",20,6971,"Work",308.720367431641,308.720367431641,"car",0.333333333333333,10.31,"weekday",2,"40 to 64",">10km","car",10.31,0.333333333333333,2.33333333333333,2.33333333333333
"86266/1001",NA,86266,1999,"20-24 years","female",20,6972,"Work",492.016418457031,492.016418457031,"car",0.0833333333333333,2.6,"weekday",1,"20 to 39","3-5km","bicycle",2.6,0.236363636363636,0.583333333333333,1.65454545454545
"86266/1001",NA,86266,1999,"20-24 years","female",20,6973,"Work",492.016418457031,492.016418457031,"car",0.0833333333333333,2.6,"weekday",2,"20 to 39","3-5km","bicycle",2.6,0.236363636363636,0.583333333333333,1.65454545454545
"86267/1001",NA,86267,2000,"45-49 years","female",20,6974,"Work",402.263244628906,402.263244628906,"car",1,39.07,"weekday",1,"40 to 64",">10km","car",39.07,1,7,7
"86267/1001",NA,86267,2000,"45-49 years","female",20,6975,"Work",402.263244628906,402.263244628906,"car",1,38.74,"weekday",2,"40 to 64",">10km","car",38.74,1,7,7
"86267/1002",NA,86267,2001,"15-19 years","female",20,6976,"Education",424.069610595703,424.069610595703,"car",0.5,15.31,"weekday",1,"15 to 19",">10km","car",15.31,0.5,3.5,3.5
"86267/1002",NA,86267,2001,"15-19 years","female",20,6977,"Education",424.069610595703,424.069610595703,"car",0.5,15.47,"weekday",2,"15 to 19",">10km","car",15.47,0.5,3.5,3.5
"86271/1000",NA,86271,2002,"35-39 years","male",20,6978,"Work",347.083160400391,347.083160400391,"car",0.5,28.61,"weekday",1,"20 to 39",">10km","car",28.61,0.5,3.5,3.5
"86271/1000",NA,86271,2002,"35-39 years","male",20,6979,"Work",347.083160400391,347.083160400391,"car",0.5,14.9,"weekday",2,"20 to 39",">10km","car",14.9,0.5,3.5,3.5
"86271/1000",NA,86271,2002,"35-39 years","male",20,6980,"Work",347.083160400391,347.083160400391,"car",0.5,29,"weekday",3,"20 to 39",">10km","car",29,0.5,3.5,3.5
"86271/1000",NA,86271,2002,"35-39 years","male",20,6981,"Work",347.083160400391,347.083160400391,"car",0.25,7.61,"weekday",4,"20 to 39","6-10km","car",7.61,0.25,1.75,1.75
"86271/1000",NA,86271,2002,"35-39 years","male",20,6982,"Other",347.083160400391,347.083160400391,"car",0.916666666666667,52.71,"weekday",5,"20 to 39",">10km","car",52.71,0.916666666666667,6.41666666666667,6.41666666666667
"86271/1000",NA,86271,2002,"35-39 years","male",20,6983,"Work",347.083160400391,347.083160400391,"car",1,88.78,"weekday",6,"20 to 39",">10km","car",88.78,1,7,7
"86271/1000",NA,86271,2002,"35-39 years","male",20,6984,"Other",347.083160400391,347.083160400391,"car",1.5,89.58,"weekday",7,"20 to 39",">10km","car",89.58,1.5,10.5,10.5
"86271/1000",NA,86271,2002,"35-39 years","male",20,6985,"Work",347.083160400391,347.083160400391,"car",1,74.24,"weekday",8,"20 to 39",">10km","car",74.24,1,7,7
"86271/1000",NA,86271,2002,"35-39 years","male",20,6986,"Work",347.083160400391,347.083160400391,"car",0.633333333333333,32.84,"weekday",9,"20 to 39",">10km","car",32.84,0.633333333333333,4.43333333333333,4.43333333333333
"86271/1001",NA,86271,2003,"35-39 years","female",20,6987,"Other",320.457489013672,320.457489013672,"car",0.25,10.7,"weekday",1,"20 to 39",">10km","car",10.7,0.25,1.75,1.75
"86271/1001",NA,86271,2003,"35-39 years","female",20,6988,"Leisure",320.457489013672,320.457489013672,"car",0.75,40.38,"weekday",2,"20 to 39",">10km","car",40.38,0.75,5.25,5.25
"86271/1001",NA,86271,2003,"35-39 years","female",20,6989,"Leisure",320.457489013672,320.457489013672,"car",0.166666666666667,5.15,"weekday",3,"20 to 39","6-10km","car",5.15,0.166666666666667,1.16666666666667,1.16666666666667
"86271/1001",NA,86271,2003,"35-39 years","female",20,6990,"Shopping",320.457489013672,320.457489013672,"car",0.333333333333333,18.58,"weekday",4,"20 to 39",">10km","car",18.58,0.333333333333333,2.33333333333333,2.33333333333333
"86271/1001",NA,86271,2003,"35-39 years","female",20,6991,"Other",320.457489013672,320.457489013672,"car",0.333333333333333,24.64,"weekday",5,"20 to 39",">10km","car",24.64,0.333333333333333,2.33333333333333,2.33333333333333
"86271/1001",NA,86271,2003,"35-39 years","female",20,6992,"Other",320.457489013672,320.457489013672,"car",0.25,10.74,"weekday",6,"20 to 39",">10km","car",10.74,0.25,1.75,1.75
"86273/1000",NA,86273,2004,"50-54 years","female",20,6993,"Work",193.905059814453,193.905059814453,"car",0.583333333333333,28.38,"weekday",1,"40 to 64",">10km","car",28.38,0.583333333333333,4.08333333333333,4.08333333333333
"86273/1000",NA,86273,2004,"50-54 years","female",20,6994,"Work",193.905059814453,193.905059814453,"car",0.5,28.22,"weekday",2,"40 to 64",">10km","car",28.22,0.5,3.5,3.5
"86273/1001",NA,86273,2005,"25-29 years","female",20,6995,"Work",358.802307128906,358.802307128906,"car",0.933333333333333,35.12,"weekday",1,"20 to 39",">10km","car",35.12,0.933333333333333,6.53333333333333,6.53333333333333
"86273/1001",NA,86273,2005,"25-29 years","female",20,6996,"Work",358.802307128906,358.802307128906,"car",2.43333333333333,35.19,"weekday",2,"20 to 39",">10km","car",35.19,2.43333333333333,17.0333333333333,17.0333333333333
"86274/1000",NA,86274,2006,"65-69 years","male",20,6997,"Work",151.590209960938,151.590209960938,"car",0.166666666666667,7.43,"weekday",1,"65 plus","6-10km","car",7.43,0.166666666666667,1.16666666666667,1.16666666666667
"86274/1000",NA,86274,2006,"65-69 years","male",20,6998,"Work",151.590209960938,151.590209960938,"car",0.166666666666667,7.49,"weekday",2,"65 plus","6-10km","car",7.49,0.166666666666667,1.16666666666667,1.16666666666667
"86274/1000",NA,86274,2006,"65-69 years","male",20,6999,"Shopping",151.590209960938,151.590209960938,"car",0.133333333333333,3.98,"weekday",3,"65 plus","3-5km","bicycle",3.98,0.361818181818182,0.933333333333333,2.53272727272727
"86274/1000",NA,86274,2006,"65-69 years","male",20,7000,"Shopping",151.590209960938,151.590209960938,"car",0.166666666666667,4,"weekday",4,"65 plus","3-5km","bicycle",4,0.363636363636364,1.16666666666667,2.54545454545455
"86274/1001",NA,86274,2007,"65-69 years","female",20,7001,"Work",158.535507202148,158.535507202148,"car",0.916666666666667,44.43,"weekday",1,"65 plus",">10km","car",44.43,0.916666666666667,6.41666666666667,6.41666666666667
"86274/1001",NA,86274,2007,"65-69 years","female",20,7002,"Work",158.535507202148,158.535507202148,"car",1,44.18,"weekday",2,"65 plus",">10km","car",44.18,1,7,7
"86275/1000",NA,86275,2008,"70-74 years","female",20,7003,"Other",373.284271240234,373.284271240234,"car",0.333333333333333,8.22,"weekday",1,"65 plus","6-10km","car",8.22,0.333333333333333,2.33333333333333,2.33333333333333
"86275/1000",NA,86275,2008,"70-74 years","female",20,7004,"Other",373.284271240234,373.284271240234,"car",0.166666666666667,1.94,"weekday",2,"65 plus","1-2km","bicycle",1.94,0.176363636363636,1.16666666666667,1.23454545454545
"86275/1000",NA,86275,2008,"70-74 years","female",20,7005,"Shopping",373.284271240234,373.284271240234,"car",0.25,2.71,"weekday",3,"65 plus","3-5km","bicycle",2.71,0.246363636363636,1.75,1.72454545454545
"86275/1000",NA,86275,2008,"70-74 years","female",20,7006,"Leisure",373.284271240234,373.284271240234,"car",0.25,4.2,"weekday",4,"65 plus","3-5km","bicycle",4.2,0.381818181818182,1.75,2.67272727272727
"86275/1000",NA,86275,2008,"70-74 years","female",20,7007,"Leisure",373.284271240234,373.284271240234,"car",0.0833333333333333,2.82,"weekday",5,"65 plus","3-5km","bicycle",2.82,0.256363636363636,0.583333333333333,1.79454545454545
"86275/1003",NA,86275,2009,"15-19 years","male",20,7008,"Education",333.733825683594,333.733825683594,"car",0.333333333333333,8.22,"weekday",1,"15 to 19","6-10km","car",8.22,0.333333333333333,2.33333333333333,2.33333333333333
"86275/1003",NA,86275,2009,"15-19 years","male",20,7009,"Education",333.733825683594,333.733825683594,"walking",0.05,0.12,"weekday",2,"15 to 19","<1km","walking",0.12,0.05,0.35,0.35
"86275/1003",NA,86275,2009,"15-19 years","male",20,7010,"Education",333.733825683594,333.733825683594,"public.transport",0.5,8.27,"weekday",2,"15 to 19","6-10km","public.transport",8.27,0.5,3.5,3.5
"86275/1003",NA,86275,2009,"15-19 years","male",20,7011,"Education",333.733825683594,333.733825683594,"walking",0.0833333333333333,0.29,"weekday",2,"15 to 19","<1km","walking",0.29,0.0833333333333333,0.583333333333333,0.583333333333333
"86277/1000",NA,86277,2010,"55-59 years","male",20,7012,"Work",333.321807861328,333.321807861328,"car",0.25,10.68,"weekday",1,"40 to 64",">10km","car",10.68,0.25,1.75,1.75
"86279/1000",NA,86279,2011,"60-64 years","female",20,7013,"Work",156.893493652344,156.893493652344,"car",1,42.11,"weekday",1,"40 to 64",">10km","car",42.11,1,7,7
"86279/1000",NA,86279,2011,"60-64 years","female",20,7014,"Work",156.893493652344,156.893493652344,"car",1.08333333333333,41.29,"weekday",2,"40 to 64",">10km","car",41.29,1.08333333333333,7.58333333333333,7.58333333333333
"86279/1001",NA,86279,2012,"75-79 years","male",20,7015,"Shopping",146.185394287109,146.185394287109,"car",0.416666666666667,23.02,"weekday",1,"65 plus",">10km","car",23.02,0.416666666666667,2.91666666666667,2.91666666666667
"86279/1001",NA,86279,2012,"75-79 years","male",20,7016,"Shopping",146.185394287109,146.185394287109,"car",0.416666666666667,23.55,"weekday",2,"65 plus",">10km","car",23.55,0.416666666666667,2.91666666666667,2.91666666666667
"86280/1001",NA,86280,2013,"70-74 years","male",20,7017,"Shopping",152.162673950195,152.162673950195,"car",0.166666666666667,4.89,"weekday",1,"65 plus","3-5km","bicycle",4.89,0.444545454545455,1.16666666666667,3.11181818181818
"86280/1001",NA,86280,2013,"70-74 years","male",20,7018,"Shopping",152.162673950195,152.162673950195,"car",0.166666666666667,4.87,"weekday",2,"65 plus","3-5km","bicycle",4.87,0.442727272727273,1.16666666666667,3.09909090909091
"86280/1001",NA,86280,2013,"70-74 years","male",20,7019,"Shopping",152.162673950195,152.162673950195,"car",0.166666666666667,4.89,"weekday",3,"65 plus","3-5km","bicycle",4.89,0.444545454545455,1.16666666666667,3.11181818181818
"86280/1001",NA,86280,2013,"70-74 years","male",20,7020,"Shopping",152.162673950195,152.162673950195,"car",0.166666666666667,4.87,"weekday",4,"65 plus","3-5km","bicycle",4.87,0.442727272727273,1.16666666666667,3.09909090909091
"86281/1000",NA,86281,2014,"70-74 years","male",20,7021,"Leisure",194.17448425293,194.17448425293,"walking",0.75,1.03,"weekday",1,"65 plus","1-2km","walking",1.03,0.75,5.25,5.25
"86281/1000",NA,86281,2014,"70-74 years","male",20,7022,"Leisure",194.17448425293,194.17448425293,"walking",0.75,1.03,"weekday",2,"65 plus","1-2km","walking",1.03,0.75,5.25,5.25
"86282/1000",NA,86282,2015,"60-64 years","male",20,7023,"Other",402.593353271484,402.593353271484,"car",0.166666666666667,6.18,"weekday",1,"40 to 64","6-10km","car",6.18,0.166666666666667,1.16666666666667,1.16666666666667
"86282/1000",NA,86282,2015,"60-64 years","male",20,7024,"Other",402.593353271484,402.593353271484,"car",0.166666666666667,6.18,"weekday",2,"40 to 64","6-10km","car",6.18,0.166666666666667,1.16666666666667,1.16666666666667
"86282/1000",NA,86282,2015,"60-64 years","male",20,7025,"Other",402.593353271484,402.593353271484,"car",0.166666666666667,3.08,"weekday",3,"40 to 64","3-5km","bicycle",3.08,0.28,1.16666666666667,1.96
"86282/1000",NA,86282,2015,"60-64 years","male",20,7026,"Other",402.593353271484,402.593353271484,"car",0.25,6.48,"weekday",4,"40 to 64","6-10km","car",6.48,0.25,1.75,1.75
"86282/1000",NA,86282,2015,"60-64 years","male",20,7027,"Other",402.593353271484,402.593353271484,"car",0.25,6.62,"weekday",5,"40 to 64","6-10km","car",6.62,0.25,1.75,1.75
"86282/1000",NA,86282,2015,"60-64 years","male",20,7028,"Other",402.593353271484,402.593353271484,"car",0.0666666666666667,3.06,"weekday",6,"40 to 64","3-5km","bicycle",3.06,0.278181818181818,0.466666666666667,1.94727272727273
"86282/1000",NA,86282,2015,"60-64 years","male",20,7029,"Shopping",402.593353271484,402.593353271484,"car",0.166666666666667,4.99,"weekday",7,"40 to 64","3-5km","bicycle",4.99,0.453636363636364,1.16666666666667,3.17545454545455
"86282/1000",NA,86282,2015,"60-64 years","male",20,7030,"Shopping",402.593353271484,402.593353271484,"car",0.05,1.58,"weekday",8,"40 to 64","1-2km","bicycle",1.58,0.143636363636364,0.35,1.00545454545455
"86282/1000",NA,86282,2015,"60-64 years","male",20,7031,"Shopping",402.593353271484,402.593353271484,"car",0.116666666666667,4.73,"weekday",9,"40 to 64","3-5km","bicycle",4.73,0.43,0.816666666666667,3.01
"86282/1001",NA,86282,2016,"50-54 years","female",20,7032,"Other",545.624633789062,545.624633789062,"car",0.0833333333333333,2.38,"weekday",1,"40 to 64","3-5km","bicycle",2.38,0.216363636363636,0.583333333333333,1.51454545454545
"86282/1001",NA,86282,2016,"50-54 years","female",20,7033,"Other",545.624633789062,545.624633789062,"car",0.0833333333333333,2.35,"weekday",2,"40 to 64","3-5km","bicycle",2.35,0.213636363636364,0.583333333333333,1.49545454545455
"86282/1001",NA,86282,2016,"50-54 years","female",20,7034,"Work",545.624633789062,545.624633789062,"car",0.583333333333333,27.33,"weekday",3,"40 to 64",">10km","car",27.33,0.583333333333333,4.08333333333333,4.08333333333333
"86282/1001",NA,86282,2016,"50-54 years","female",20,7035,"Work",545.624633789062,545.624633789062,"car",0.833333333333333,53.42,"weekday",4,"40 to 64",">10km","car",53.42,0.833333333333333,5.83333333333333,5.83333333333333
"86282/1002",NA,86282,2017,"20-24 years","male",20,7036,"Work",1041.95043945312,1041.95043945312,"car",0.333333333333333,4.96,"weekday",1,"20 to 39","3-5km","bicycle",4.96,0.450909090909091,2.33333333333333,3.15636363636364
"86282/1002",NA,86282,2017,"20-24 years","male",20,7037,"Work",1041.95043945312,1041.95043945312,"car",0.333333333333333,4.96,"weekday",2,"20 to 39","3-5km","bicycle",4.96,0.450909090909091,2.33333333333333,3.15636363636364
"86282/1003",NA,86282,2018,"15-19 years","male",20,7038,"Other",431.189636230469,431.189636230469,"car",0.0833333333333333,2.38,"weekday",1,"15 to 19","3-5km","bicycle",2.38,0.216363636363636,0.583333333333333,1.51454545454545
"86282/1003",NA,86282,2018,"15-19 years","male",20,7039,"Other",431.189636230469,431.189636230469,"car",0.0833333333333333,2.35,"weekday",2,"15 to 19","3-5km","bicycle",2.35,0.213636363636364,0.583333333333333,1.49545454545455
"86282/1003",NA,86282,2018,"15-19 years","male",20,7040,"Leisure",431.189636230469,431.189636230469,"car",0.75,29.78,"weekday",3,"15 to 19",">10km","car",29.78,0.75,5.25,5.25
"86282/1003",NA,86282,2018,"15-19 years","male",20,7041,"Leisure",431.189636230469,431.189636230469,"car",0.583333333333333,30.17,"weekday",4,"15 to 19",">10km","car",30.17,0.583333333333333,4.08333333333333,4.08333333333333
"86288/1000",NA,86288,2019,"70-74 years","male",20,7042,"Shopping",428.166778564453,428.166778564453,"walking",1.5,5.35,"weekday",1,"65 plus","6-10km","walking",5.35,1.5,10.5,10.5
"86288/1000",NA,86288,2019,"70-74 years","male",20,7043,"Shopping",428.166778564453,428.166778564453,"walking",1.5,5.35,"weekday",2,"65 plus","6-10km","walking",5.35,1.5,10.5,10.5
"86288/1001",NA,86288,2020,"40-44 years","female",20,7044,"Work",594.987426757812,594.987426757812,"car",0.5,5.82,"weekday",1,"40 to 64","6-10km","car",5.82,0.5,3.5,3.5
"86288/1001",NA,86288,2020,"40-44 years","female",20,7045,"Work",594.987426757812,594.987426757812,"public.transport",1,47.14,"weekday",1,"40 to 64",">10km","public.transport",47.14,1,7,7
"86288/1001",NA,86288,2020,"40-44 years","female",20,7046,"Work",594.987426757812,594.987426757812,"walking",0.25,0.86,"weekday",1,"40 to 64","<1km","walking",0.86,0.25,1.75,1.75
"86288/1001",NA,86288,2020,"40-44 years","female",20,7047,"Work",594.987426757812,594.987426757812,"walking",0.25,0.86,"weekday",2,"40 to 64","<1km","walking",0.86,0.25,1.75,1.75
"86288/1001",NA,86288,2020,"40-44 years","female",20,7048,"Work",594.987426757812,594.987426757812,"public.transport",1,47.14,"weekday",2,"40 to 64",">10km","public.transport",47.14,1,7,7
"86288/1001",NA,86288,2020,"40-44 years","female",20,7049,"Work",594.987426757812,594.987426757812,"car",0.5,5.85,"weekday",2,"40 to 64","6-10km","car",5.85,0.5,3.5,3.5
"86288/1002",NA,86288,2021,"35-39 years","male",20,7050,"Work",448.437194824219,448.437194824219,"car",1,32.6,"weekday",1,"20 to 39",">10km","car",32.6,1,7,7
"86288/1002",NA,86288,2021,"35-39 years","male",20,7051,"Work",448.437194824219,448.437194824219,"car",1,32.48,"weekday",2,"20 to 39",">10km","car",32.48,1,7,7
"86288/1003",NA,86288,2022,"15-19 years","female",20,7052,"Work",547.904968261719,547.904968261719,"car",1,16.66,"weekday",1,"15 to 19",">10km","car",16.66,1,7,7
"86288/1003",NA,86288,2022,"15-19 years","female",20,7053,"Leisure",547.904968261719,547.904968261719,"car",1,16.59,"weekday",2,"15 to 19",">10km","car",16.59,1,7,7
"86288/1004",NA,86288,2023,"15-19 years","female",20,7054,"Work",547.904968261719,547.904968261719,"car",0.5,10.94,"weekday",1,"15 to 19",">10km","car",10.94,0.5,3.5,3.5
"86288/1004",NA,86288,2023,"15-19 years","female",20,7055,"Work",547.904968261719,547.904968261719,"car",0.5,10.94,"weekday",2,"15 to 19",">10km","car",10.94,0.5,3.5,3.5
"86289/1000",NA,86289,2024,"85-89 years","male",20,7056,"Shopping",244.913619995117,244.913619995117,"car",0.416666666666667,10.57,"weekday",1,"65 plus",">10km","car",10.57,0.416666666666667,2.91666666666667,2.91666666666667
"86289/1000",NA,86289,2024,"85-89 years","male",20,7057,"Shopping",244.913619995117,244.913619995117,"car",0.5,10.42,"weekday",2,"65 plus",">10km","car",10.42,0.5,3.5,3.5
"86289/1001",NA,86289,2025,"85-89 years","female",20,7058,"Shopping",321.118682861328,321.118682861328,"car",0.416666666666667,10.57,"weekday",1,"65 plus",">10km","car",10.57,0.416666666666667,2.91666666666667,2.91666666666667
"86289/1001",NA,86289,2025,"85-89 years","female",20,7059,"Shopping",321.118682861328,321.118682861328,"car",0.5,10.42,"weekday",2,"65 plus",">10km","car",10.42,0.5,3.5,3.5
"86323/1000",NA,86323,2026,"65-69 years","female",20,7060,"Shopping",101.395683288574,101.395683288574,"car",0.166666666666667,4.29,"weekday",1,"65 plus","3-5km","bicycle",4.29,0.39,1.16666666666667,2.73
"86323/1000",NA,86323,2026,"65-69 years","female",20,7061,"Shopping",101.395683288574,101.395683288574,"car",0.25,4.23,"weekday",2,"65 plus","3-5km","bicycle",4.23,0.384545454545455,1.75,2.69181818181818
"86323/1001",NA,86323,2027,"50-54 years","male",20,7062,"Work",184.723663330078,184.723663330078,"car",0.916666666666667,28.29,"weekday",1,"40 to 64",">10km","car",28.29,0.916666666666667,6.41666666666667,6.41666666666667
"86323/1001",NA,86323,2027,"50-54 years","male",20,7063,"Work",184.723663330078,184.723663330078,"car",1,28.08,"weekday",2,"40 to 64",">10km","car",28.08,1,7,7
"86324/1000",NA,86324,2028,"40-44 years","female",20,7064,"Shopping",165.249099731445,165.249099731445,"car",0.25,4.24,"weekday",1,"40 to 64","3-5km","bicycle",4.24,0.385454545454545,1.75,2.69818181818182
"86324/1000",NA,86324,2028,"40-44 years","female",20,7065,"Shopping",165.249099731445,165.249099731445,"car",0.25,4.15,"weekday",2,"40 to 64","3-5km","bicycle",4.15,0.377272727272727,1.75,2.64090909090909
"86324/1001",NA,86324,2029,"40-44 years","male",20,7066,"Work",122.080093383789,122.080093383789,"car",1,42.93,"weekday",1,"40 to 64",">10km","car",42.93,1,7,7
"86324/1001",NA,86324,2029,"40-44 years","male",20,7067,"Work",122.080093383789,122.080093383789,"car",1,42.98,"weekday",2,"40 to 64",">10km","car",42.98,1,7,7
"86324/1002",NA,86324,2030,"15-19 years","male",20,7068,"Work",191.803237915039,191.803237915039,"car",0.5,20.56,"weekday",1,"15 to 19",">10km","car",20.56,0.5,3.5,3.5
"86324/1002",NA,86324,2030,"15-19 years","male",20,7069,"Work",191.803237915039,191.803237915039,"car",0.5,20.27,"weekday",2,"15 to 19",">10km","car",20.27,0.5,3.5,3.5
"86327/1000",NA,86327,2031,"55-59 years","male",20,7070,"Work",159.136917114258,159.136917114258,"car",1.16666666666667,17.62,"weekday",1,"40 to 64",">10km","car",17.62,1.16666666666667,8.16666666666667,8.16666666666667
"86327/1000",NA,86327,2031,"55-59 years","male",20,7071,"Work",159.136917114258,159.136917114258,"car",1.33333333333333,17.56,"weekday",2,"40 to 64",">10km","car",17.56,1.33333333333333,9.33333333333333,9.33333333333333
"86327/1001",NA,86327,2032,"60-64 years","female",20,7072,"Shopping",170.002777099609,170.002777099609,"car",1,14.1,"weekday",1,"40 to 64",">10km","car",14.1,1,7,7
"86327/1001",NA,86327,2032,"60-64 years","female",20,7073,"Shopping",170.002777099609,170.002777099609,"car",1,14.53,"weekday",2,"40 to 64",">10km","car",14.53,1,7,7
"86329/1001",NA,86329,2033,"60-64 years","male",20,7074,"Work",126.624420166016,126.624420166016,"car",0.25,10.03,"weekday",1,"40 to 64",">10km","car",10.03,0.25,1.75,1.75
"86329/1001",NA,86329,2033,"60-64 years","male",20,7075,"Work",126.624420166016,126.624420166016,"car",0.166666666666667,9.67,"weekday",2,"40 to 64","6-10km","car",9.67,0.166666666666667,1.16666666666667,1.16666666666667
"86329/1001",NA,86329,2033,"60-64 years","male",20,7076,"Work",126.624420166016,126.624420166016,"car",0.25,10.03,"weekday",3,"40 to 64",">10km","car",10.03,0.25,1.75,1.75
"86329/1001",NA,86329,2033,"60-64 years","male",20,7077,"Work",126.624420166016,126.624420166016,"car",0.25,9.67,"weekday",4,"40 to 64","6-10km","car",9.67,0.25,1.75,1.75
"86331/1000",NA,86331,2034,"65-69 years","female",20,7078,"Leisure",89.9724197387695,89.9724197387695,"walking",0.333333333333333,0.93,"weekday",1,"65 plus","<1km","walking",0.93,0.333333333333333,2.33333333333333,2.33333333333333
"86331/1000",NA,86331,2034,"65-69 years","female",20,7079,"Leisure",89.9724197387695,89.9724197387695,"walking",0.333333333333333,0.93,"weekday",2,"65 plus","<1km","walking",0.93,0.333333333333333,2.33333333333333,2.33333333333333
"86332/1000",NA,86332,2035,"45-49 years","male",20,7080,"Shopping",130.098175048828,130.098175048828,"car",0.15,2.55,"weekday",1,"40 to 64","3-5km","bicycle",2.55,0.231818181818182,1.05,1.62272727272727
"86332/1000",NA,86332,2035,"45-49 years","male",20,7081,"Shopping",130.098175048828,130.098175048828,"car",0.0666666666666667,2.9,"weekday",2,"40 to 64","3-5km","bicycle",2.9,0.263636363636364,0.466666666666667,1.84545454545455
"86332/1000",NA,86332,2035,"45-49 years","male",20,7082,"Shopping",130.098175048828,130.098175048828,"car",0.0666666666666667,1.18,"weekday",3,"40 to 64","1-2km","bicycle",1.18,0.107272727272727,0.466666666666667,0.750909090909091
"86341/1000",NA,86341,2036,"30-34 years","female",20,7083,"Other",166.980453491211,166.980453491211,"walking",0.25,1.2,"weekday",1,"20 to 39","1-2km","walking",1.2,0.25,1.75,1.75
"86341/1000",NA,86341,2036,"30-34 years","female",20,7084,"Other",166.980453491211,166.980453491211,"walking",0.1,1.2,"weekday",2,"20 to 39","1-2km","walking",1.2,0.1,0.7,0.7
"86341/1000",NA,86341,2036,"30-34 years","female",20,7085,"Other",166.980453491211,166.980453491211,"car",0.0833333333333333,1.33,"weekday",3,"20 to 39","1-2km","bicycle",1.33,0.120909090909091,0.583333333333333,0.846363636363636
"86341/1000",NA,86341,2036,"30-34 years","female",20,7086,"Other",166.980453491211,166.980453491211,"car",0.166666666666667,1.37,"weekday",4,"20 to 39","1-2km","bicycle",1.37,0.124545454545455,1.16666666666667,0.871818181818182
"86341/1001",NA,86341,2037,"55-59 years","female",20,7087,"Work",187.210632324219,187.210632324219,"walking",0.05,0.09,"weekday",1,"40 to 64","<1km","walking",0.09,0.05,0.35,0.35
"86341/1001",NA,86341,2037,"55-59 years","female",20,7088,"Shopping",187.210632324219,187.210632324219,"walking",0.0333333333333333,0.15,"weekday",2,"40 to 64","<1km","walking",0.15,0.0333333333333333,0.233333333333333,0.233333333333333
"86341/1001",NA,86341,2037,"55-59 years","female",20,7089,"Shopping",187.210632324219,187.210632324219,"walking",0.05,0.1,"weekday",3,"40 to 64","<1km","walking",0.1,0.05,0.35,0.35
"86342/1000",NA,86342,2038,"50-54 years","female",20,7090,"Other",181.629013061523,181.629013061523,"car",0.5,28.35,"weekday",1,"40 to 64",">10km","car",28.35,0.5,3.5,3.5
"86342/1000",NA,86342,2038,"50-54 years","female",20,7091,"Other",181.629013061523,181.629013061523,"car",0.5,28.74,"weekday",2,"40 to 64",">10km","car",28.74,0.5,3.5,3.5
"86342/1000",NA,86342,2038,"50-54 years","female",20,7092,"Shopping",181.629013061523,181.629013061523,"car",0.0833333333333333,6.95,"weekday",3,"40 to 64","6-10km","car",6.95,0.0833333333333333,0.583333333333333,0.583333333333333
"86342/1000",NA,86342,2038,"50-54 years","female",20,7093,"Shopping",181.629013061523,181.629013061523,"car",0.0833333333333333,6.93,"weekday",4,"40 to 64","6-10km","car",6.93,0.0833333333333333,0.583333333333333,0.583333333333333
"86342/1001",NA,86342,2039,"50-54 years","male",20,7094,"Other",228.976974487305,228.976974487305,"car",0.5,28.35,"weekday",1,"40 to 64",">10km","car",28.35,0.5,3.5,3.5
"86342/1001",NA,86342,2039,"50-54 years","male",20,7095,"Other",228.976974487305,228.976974487305,"car",0.5,28.74,"weekday",2,"40 to 64",">10km","car",28.74,0.5,3.5,3.5
"86342/1001",NA,86342,2039,"50-54 years","male",20,7096,"Shopping",228.976974487305,228.976974487305,"car",0.0833333333333333,6.95,"weekday",3,"40 to 64","6-10km","car",6.95,0.0833333333333333,0.583333333333333,0.583333333333333
"86342/1001",NA,86342,2039,"50-54 years","male",20,7097,"Shopping",228.976974487305,228.976974487305,"car",0.0833333333333333,6.93,"weekday",4,"40 to 64","6-10km","car",6.93,0.0833333333333333,0.583333333333333,0.583333333333333
"86342/1001",NA,86342,2039,"50-54 years","male",20,7098,"Work",228.976974487305,228.976974487305,"car",0.583333333333333,26.84,"weekday",5,"40 to 64",">10km","car",26.84,0.583333333333333,4.08333333333333,4.08333333333333
"86342/1001",NA,86342,2039,"50-54 years","male",20,7099,"Work",228.976974487305,228.976974487305,"car",0.666666666666667,26.75,"weekday",6,"40 to 64",">10km","car",26.75,0.666666666666667,4.66666666666667,4.66666666666667
"86342/1002",NA,86342,2040,"20-24 years","female",20,7100,"Work",288.452209472656,288.452209472656,"car",0.5,23.96,"weekday",1,"20 to 39",">10km","car",23.96,0.5,3.5,3.5
"86342/1002",NA,86342,2040,"20-24 years","female",20,7101,"Work",288.452209472656,288.452209472656,"car",0.75,23.65,"weekday",2,"20 to 39",">10km","car",23.65,0.75,5.25,5.25
"86342/1003",NA,86342,2041,"15-19 years","female",20,7102,"Education",215.904037475586,215.904037475586,"car",0.666666666666667,28.35,"weekday",1,"15 to 19",">10km","car",28.35,0.666666666666667,4.66666666666667,4.66666666666667
"86342/1003",NA,86342,2041,"15-19 years","female",20,7103,"Education",215.904037475586,215.904037475586,"car",0.5,28.74,"weekday",2,"15 to 19",">10km","car",28.74,0.5,3.5,3.5
"86343/1000",NA,86343,2042,"40-44 years","male",20,7104,"Work",104.61457824707,104.61457824707,"car",0.75,21.07,"weekday",1,"40 to 64",">10km","car",21.07,0.75,5.25,5.25
"86343/1000",NA,86343,2042,"40-44 years","male",20,7105,"Work",104.61457824707,104.61457824707,"car",0.75,20.66,"weekday",2,"40 to 64",">10km","car",20.66,0.75,5.25,5.25
"86344/1000",NA,86344,2043,"65-69 years","female",20,7106,"Work",101.395683288574,101.395683288574,"car",0.166666666666667,11.81,"weekday",1,"65 plus",">10km","car",11.81,0.166666666666667,1.16666666666667,1.16666666666667
"86344/1001",NA,86344,2044,"70-74 years","male",20,7107,"Leisure",103.645225524902,103.645225524902,"walking",0.25,1.46,"weekday",1,"65 plus","1-2km","walking",1.46,0.25,1.75,1.75
"86344/1001",NA,86344,2044,"70-74 years","male",20,7108,"Leisure",103.645225524902,103.645225524902,"walking",0.25,1.46,"weekday",2,"65 plus","1-2km","walking",1.46,0.25,1.75,1.75
"86345/1000",NA,86345,2045,"30-34 years","male",20,7109,"Work",160.394088745117,160.394088745117,"car",0.166666666666667,5.48,"weekday",1,"20 to 39","6-10km","car",5.48,0.166666666666667,1.16666666666667,1.16666666666667
"86345/1000",NA,86345,2045,"30-34 years","male",20,7110,"Work",160.394088745117,160.394088745117,"car",0.166666666666667,5.73,"weekday",2,"20 to 39","6-10km","car",5.73,0.166666666666667,1.16666666666667,1.16666666666667
"86345/1001",NA,86345,2046,"65-69 years","female",20,7111,"Shopping",101.395683288574,101.395683288574,"car",0.05,1.03,"weekday",1,"65 plus","1-2km","bicycle",1.03,0.0936363636363636,0.35,0.655454545454546
"86345/1001",NA,86345,2046,"65-69 years","female",20,7112,"Shopping",101.395683288574,101.395683288574,"car",0.0833333333333333,1.05,"weekday",2,"65 plus","1-2km","bicycle",1.05,0.0954545454545455,0.583333333333333,0.668181818181818
"86346/1000",NA,86346,2047,"55-59 years","female",20,7113,"Work",151.029312133789,151.029312133789,"car",0.25,5.36,"weekday",1,"40 to 64","6-10km","car",5.36,0.25,1.75,1.75
"86346/1000",NA,86346,2047,"55-59 years","female",20,7114,"Work",151.029312133789,151.029312133789,"car",0.166666666666667,10.1,"weekday",2,"40 to 64",">10km","car",10.1,0.166666666666667,1.16666666666667,1.16666666666667
"86346/1000",NA,86346,2047,"55-59 years","female",20,7115,"Work",151.029312133789,151.029312133789,"car",0.333333333333333,15.03,"weekday",3,"40 to 64",">10km","car",15.03,0.333333333333333,2.33333333333333,2.33333333333333
"86346/1001",NA,86346,2048,"55-59 years","male",20,7116,"Work",159.136917114258,159.136917114258,"car",0.333333333333333,10.71,"weekday",1,"40 to 64",">10km","car",10.71,0.333333333333333,2.33333333333333,2.33333333333333
"86346/1001",NA,86346,2048,"55-59 years","male",20,7117,"Work",159.136917114258,159.136917114258,"car",0.583333333333333,10.74,"weekday",2,"40 to 64",">10km","car",10.74,0.583333333333333,4.08333333333333,4.08333333333333
"86348/1000",NA,86348,2049,"85-89 years","female",20,7118,"Shopping",59.7602348327637,59.7602348327637,"car",0.25,14.53,"weekday",1,"65 plus",">10km","car",14.53,0.25,1.75,1.75
"86348/1000",NA,86348,2049,"85-89 years","female",20,7119,"Shopping",59.7602348327637,59.7602348327637,"car",0.2,14.96,"weekday",2,"65 plus",">10km","car",14.96,0.2,1.4,1.4
"86348/1001",NA,86348,2050,"60-64 years","male",20,7120,"Shopping",126.624420166016,126.624420166016,"car",0.25,14.53,"weekday",1,"40 to 64",">10km","car",14.53,0.25,1.75,1.75
"86348/1001",NA,86348,2050,"60-64 years","male",20,7121,"Shopping",126.624420166016,126.624420166016,"car",0.2,14.96,"weekday",2,"40 to 64",">10km","car",14.96,0.2,1.4,1.4
"86355/1000",NA,86355,2051,"70-74 years","male",20,7122,"Other",216.582794189453,216.582794189453,"car",0.25,6.66,"weekday",1,"65 plus","6-10km","car",6.66,0.25,1.75,1.75
"86355/1000",NA,86355,2051,"70-74 years","male",20,7124,"Other",216.582794189453,216.582794189453,"car",0.25,6.53,"weekday",3,"65 plus","6-10km","car",6.53,0.25,1.75,1.75
"86355/1002",NA,86355,2052,"15-19 years","female",20,7125,"Leisure",232.997085571289,232.997085571289,"car",0.166666666666667,6.66,"weekday",1,"15 to 19","6-10km","car",6.66,0.166666666666667,1.16666666666667,1.16666666666667
"86355/1002",NA,86355,2052,"15-19 years","female",20,7127,"Other",232.997085571289,232.997085571289,"car",0.25,6.53,"weekday",3,"15 to 19","6-10km","car",6.53,0.25,1.75,1.75
"86355/1003",NA,86355,2053,"30-34 years","male",20,7128,"Work",243.462539672852,243.462539672852,"car",0.916666666666667,17.12,"weekday",1,"20 to 39",">10km","car",17.12,0.916666666666667,6.41666666666667,6.41666666666667
"86355/1003",NA,86355,2053,"30-34 years","male",20,7129,"Other",243.462539672852,243.462539672852,"car",0.166666666666667,6.66,"weekday",2,"20 to 39","6-10km","car",6.66,0.166666666666667,1.16666666666667,1.16666666666667
"86355/1003",NA,86355,2053,"30-34 years","male",20,7130,"Other",243.462539672852,243.462539672852,"car",0.233333333333333,6.53,"weekday",3,"20 to 39","6-10km","car",6.53,0.233333333333333,1.63333333333333,1.63333333333333
"86355/1003",NA,86355,2053,"30-34 years","male",20,7131,"Work",243.462539672852,243.462539672852,"car",0.583333333333333,17.2,"weekday",4,"20 to 39",">10km","car",17.2,0.583333333333333,4.08333333333333,4.08333333333333
"86356/1000",NA,86356,2054,"25-29 years","female",20,7132,"Shopping",178.791854858398,178.791854858398,"car",0.0833333333333333,1.37,"weekday",1,"20 to 39","1-2km","bicycle",1.37,0.124545454545455,0.583333333333333,0.871818181818182
"86356/1000",NA,86356,2054,"25-29 years","female",20,7133,"Shopping",178.791854858398,178.791854858398,"car",0.05,1.47,"weekday",2,"20 to 39","1-2km","bicycle",1.47,0.133636363636364,0.35,0.935454545454545
"86356/1001",NA,86356,2055,"20-24 years","male",20,7134,"Work",135.873886108398,135.873886108398,"car",0.466666666666667,10.33,"weekday",1,"20 to 39",">10km","car",10.33,0.466666666666667,3.26666666666667,3.26666666666667
"86356/1001",NA,86356,2055,"20-24 years","male",20,7135,"Work",135.873886108398,135.873886108398,"car",0.466666666666667,10.35,"weekday",2,"20 to 39",">10km","car",10.35,0.466666666666667,3.26666666666667,3.26666666666667
"86357/1000",NA,86357,2056,"45-49 years","female",20,7136,"Shopping",173.53498840332,173.53498840332,"walking",0.133333333333333,0.63,"weekday",1,"40 to 64","<1km","walking",0.63,0.133333333333333,0.933333333333333,0.933333333333333
"86357/1000",NA,86357,2056,"45-49 years","female",20,7137,"Shopping",173.53498840332,173.53498840332,"public.transport",0.75,16.27,"weekday",1,"40 to 64",">10km","public.transport",16.27,0.75,5.25,5.25
"86357/1000",NA,86357,2056,"45-49 years","female",20,7138,"Shopping",173.53498840332,173.53498840332,"walking",0.0833333333333333,0.44,"weekday",1,"40 to 64","<1km","walking",0.44,0.0833333333333333,0.583333333333333,0.583333333333333
"86357/1000",NA,86357,2056,"45-49 years","female",20,7139,"Shopping",173.53498840332,173.53498840332,"walking",0.0833333333333333,0.44,"weekday",2,"40 to 64","<1km","walking",0.44,0.0833333333333333,0.583333333333333,0.583333333333333
"86357/1000",NA,86357,2056,"45-49 years","female",20,7140,"Shopping",173.53498840332,173.53498840332,"public.transport",0.783333333333333,16.17,"weekday",2,"40 to 64",">10km","public.transport",16.17,0.783333333333333,5.48333333333333,5.48333333333333
"86357/1000",NA,86357,2056,"45-49 years","female",20,7141,"Shopping",173.53498840332,173.53498840332,"walking",0.116666666666667,0.63,"weekday",2,"40 to 64","<1km","walking",0.63,0.116666666666667,0.816666666666667,0.816666666666667
"86361/1000",NA,86361,2057,"70-74 years","female",20,7142,"Other",148.091735839844,148.091735839844,"car",0.25,3.18,"weekday",1,"65 plus","3-5km","bicycle",3.18,0.289090909090909,1.75,2.02363636363636
"86361/1000",NA,86361,2057,"70-74 years","female",20,7143,"Shopping",148.091735839844,148.091735839844,"car",0.25,6.3,"weekday",2,"65 plus","6-10km","car",6.3,0.25,1.75,1.75
"86361/1000",NA,86361,2057,"70-74 years","female",20,7144,"Shopping",148.091735839844,148.091735839844,"car",0.25,6.68,"weekday",3,"65 plus","6-10km","car",6.68,0.25,1.75,1.75
"86368/1001",NA,86368,2058,"20-24 years","female",20,7145,"Work",143.811325073242,143.811325073242,"car",0.666666666666667,39.13,"weekday",1,"20 to 39",">10km","car",39.13,0.666666666666667,4.66666666666667,4.66666666666667
"86368/1001",NA,86368,2058,"20-24 years","female",20,7146,"Work",143.811325073242,143.811325073242,"car",0.666666666666667,38.42,"weekday",2,"20 to 39",">10km","car",38.42,0.666666666666667,4.66666666666667,4.66666666666667
"86372/1001",NA,86372,2059,"70-74 years","male",20,7147,"Shopping",123.979629516602,123.979629516602,"car",0.3,7.65,"weekday",1,"65 plus","6-10km","car",7.65,0.3,2.1,2.1
"86372/1001",NA,86372,2059,"70-74 years","male",20,7148,"Shopping",123.979629516602,123.979629516602,"car",0.333333333333333,7.59,"weekday",2,"65 plus","6-10km","car",7.59,0.333333333333333,2.33333333333333,2.33333333333333
"86372/1004",NA,86372,2060,"30-34 years","male",20,7149,"Shopping",139.366546630859,139.366546630859,"car",0.3,7.65,"weekday",1,"20 to 39","6-10km","car",7.65,0.3,2.1,2.1
"86372/1004",NA,86372,2060,"30-34 years","male",20,7150,"Shopping",139.366546630859,139.366546630859,"car",0.333333333333333,7.59,"weekday",2,"20 to 39","6-10km","car",7.59,0.333333333333333,2.33333333333333,2.33333333333333
"86373/1000",NA,86373,2061,"55-59 years","male",20,7151,"Work",199.032653808594,199.032653808594,"car",0.25,2.62,"weekday",1,"40 to 64","3-5km","bicycle",2.62,0.238181818181818,1.75,1.66727272727273
"86373/1000",NA,86373,2061,"55-59 years","male",20,7152,"Work",199.032653808594,199.032653808594,"car",0.25,2.72,"weekday",2,"40 to 64","3-5km","bicycle",2.72,0.247272727272727,1.75,1.73090909090909
"86373/1000",NA,86373,2061,"55-59 years","male",20,7153,"Other",199.032653808594,199.032653808594,"car",0.25,4.28,"weekday",3,"40 to 64","3-5km","bicycle",4.28,0.389090909090909,1.75,2.72363636363636
"86373/1000",NA,86373,2061,"55-59 years","male",20,7154,"Other",199.032653808594,199.032653808594,"car",0.216666666666667,4.35,"weekday",4,"40 to 64","3-5km","bicycle",4.35,0.395454545454545,1.51666666666667,2.76818181818182
"86373/1001",NA,86373,2062,"45-49 years","male",20,7155,"Other",185.775009155273,185.775009155273,"car",0.25,4.28,"weekday",1,"40 to 64","3-5km","bicycle",4.28,0.389090909090909,1.75,2.72363636363636
"86373/1001",NA,86373,2062,"45-49 years","male",20,7156,"Work",185.775009155273,185.775009155273,"car",0.25,23.88,"weekday",2,"40 to 64",">10km","car",23.88,0.25,1.75,1.75
"86373/1001",NA,86373,2062,"45-49 years","male",20,7157,"Work",185.775009155273,185.775009155273,"car",0.666666666666667,24.44,"weekday",3,"40 to 64",">10km","car",24.44,0.666666666666667,4.66666666666667,4.66666666666667
"86375/1000",NA,86375,2063,"25-29 years","female",20,7158,"Work",178.791854858398,178.791854858398,"car",0.166666666666667,5.17,"weekday",1,"20 to 39","6-10km","car",5.17,0.166666666666667,1.16666666666667,1.16666666666667
"86375/1000",NA,86375,2063,"25-29 years","female",20,7159,"Work",178.791854858398,178.791854858398,"car",0.166666666666667,5.46,"weekday",2,"20 to 39","6-10km","car",5.46,0.166666666666667,1.16666666666667,1.16666666666667
"86375/1001",NA,86375,2064,"25-29 years","male",20,7160,"Work",213.285980224609,213.285980224609,"car",0.25,6.87,"weekday",1,"20 to 39","6-10km","car",6.87,0.25,1.75,1.75
"86375/1001",NA,86375,2064,"25-29 years","male",20,7161,"Work",213.285980224609,213.285980224609,"car",0.25,6.91,"weekday",2,"20 to 39","6-10km","car",6.91,0.25,1.75,1.75
"86377/1000",NA,86377,2065,"70-74 years","female",20,7162,"Shopping",182.455474853516,182.455474853516,"car",0.0833333333333333,1.03,"weekday",1,"65 plus","1-2km","bicycle",1.03,0.0936363636363636,0.583333333333333,0.655454545454546
"86377/1000",NA,86377,2065,"70-74 years","female",20,7163,"Shopping",182.455474853516,182.455474853516,"car",0.0833333333333333,1.03,"weekday",2,"65 plus","1-2km","bicycle",1.03,0.0936363636363636,0.583333333333333,0.655454545454546
"86380/1001",NA,86380,2066,"35-39 years","male",20,7164,"Other",102.222640991211,102.222640991211,"car",0.0833333333333333,3.31,"weekday",1,"20 to 39","3-5km","bicycle",3.31,0.300909090909091,0.583333333333333,2.10636363636364
"86380/1001",NA,86380,2066,"35-39 years","male",20,7165,"Other",102.222640991211,102.222640991211,"car",0.0833333333333333,3.2,"weekday",2,"20 to 39","3-5km","bicycle",3.2,0.290909090909091,0.583333333333333,2.03636363636364
"86380/1001",NA,86380,2066,"35-39 years","male",20,7166,"Other",102.222640991211,102.222640991211,"car",0.0833333333333333,3.31,"weekday",3,"20 to 39","3-5km","bicycle",3.31,0.300909090909091,0.583333333333333,2.10636363636364
"86380/1001",NA,86380,2066,"35-39 years","male",20,7167,"Other",102.222640991211,102.222640991211,"car",0.0833333333333333,3.2,"weekday",4,"20 to 39","3-5km","bicycle",3.2,0.290909090909091,0.583333333333333,2.03636363636364
"86384/1000",NA,86384,2067,"70-74 years","female",20,7168,"Work",74.8938827514648,74.8938827514648,"car",0.25,5.96,"weekday",1,"65 plus","6-10km","car",5.96,0.25,1.75,1.75
"86384/1000",NA,86384,2067,"70-74 years","female",20,7169,"Work",74.8938827514648,74.8938827514648,"public.transport",0.583333333333333,13.57,"weekday",1,"65 plus",">10km","public.transport",13.57,0.583333333333333,4.08333333333333,4.08333333333333
"86384/1000",NA,86384,2067,"70-74 years","female",20,7170,"Work",74.8938827514648,74.8938827514648,"walking",0.166666666666667,0.63,"weekday",1,"65 plus","<1km","walking",0.63,0.166666666666667,1.16666666666667,1.16666666666667
"86384/1000",NA,86384,2067,"70-74 years","female",20,7171,"Work",74.8938827514648,74.8938827514648,"walking",0.166666666666667,0.63,"weekday",2,"65 plus","<1km","walking",0.63,0.166666666666667,1.16666666666667,1.16666666666667
"86384/1000",NA,86384,2067,"70-74 years","female",20,7172,"Work",74.8938827514648,74.8938827514648,"public.transport",0.583333333333333,13.57,"weekday",2,"65 plus",">10km","public.transport",13.57,0.583333333333333,4.08333333333333,4.08333333333333
"86384/1000",NA,86384,2067,"70-74 years","female",20,7173,"Work",74.8938827514648,74.8938827514648,"car",0.25,5.92,"weekday",2,"65 plus","6-10km","car",5.92,0.25,1.75,1.75
"86385/1000",NA,86385,2068,"20-24 years","male",20,7174,"Work",179.940673828125,179.940673828125,"car",0.833333333333333,23.86,"weekday",1,"20 to 39",">10km","car",23.86,0.833333333333333,5.83333333333333,5.83333333333333
"86385/1000",NA,86385,2068,"20-24 years","male",20,7175,"Work",179.940673828125,179.940673828125,"car",0.5,23.79,"weekday",2,"20 to 39",">10km","car",23.79,0.5,3.5,3.5
"86385/1001",NA,86385,2069,"25-29 years","female",20,7176,"Other",138.642837524414,138.642837524414,"car",0.166666666666667,2.48,"weekday",1,"20 to 39","3-5km","bicycle",2.48,0.225454545454545,1.16666666666667,1.57818181818182
"86385/1001",NA,86385,2069,"25-29 years","female",20,7177,"Work",138.642837524414,138.642837524414,"car",0.25,9.55,"weekday",2,"20 to 39","6-10km","car",9.55,0.25,1.75,1.75
"86385/1001",NA,86385,2069,"25-29 years","female",20,7178,"Other",138.642837524414,138.642837524414,"car",0.25,9.5,"weekday",3,"20 to 39","6-10km","car",9.5,0.25,1.75,1.75
"86385/1001",NA,86385,2069,"25-29 years","female",20,7179,"Other",138.642837524414,138.642837524414,"car",0.166666666666667,2.46,"weekday",4,"20 to 39","3-5km","bicycle",2.46,0.223636363636364,1.16666666666667,1.56545454545455
"86386/1000",NA,86386,2070,"60-64 years","male",20,7180,"Other",93.5367965698242,93.5367965698242,"car",0.1,2.92,"weekday",1,"40 to 64","3-5km","bicycle",2.92,0.265454545454545,0.7,1.85818181818182
"86386/1000",NA,86386,2070,"60-64 years","male",20,7181,"Other",93.5367965698242,93.5367965698242,"car",0.1,2.91,"weekday",2,"40 to 64","3-5km","bicycle",2.91,0.264545454545455,0.7,1.85181818181818
"86386/1000",NA,86386,2070,"60-64 years","male",20,7182,"Other",93.5367965698242,93.5367965698242,"car",0.0833333333333333,2.92,"weekday",3,"40 to 64","3-5km","bicycle",2.92,0.265454545454545,0.583333333333333,1.85818181818182
"86386/1000",NA,86386,2070,"60-64 years","male",20,7183,"Other",93.5367965698242,93.5367965698242,"car",0.0666666666666667,5.3,"weekday",4,"40 to 64","6-10km","car",5.3,0.0666666666666667,0.466666666666667,0.466666666666667
"86386/1000",NA,86386,2070,"60-64 years","male",20,7184,"Leisure",93.5367965698242,93.5367965698242,"car",0.333333333333333,6.22,"weekday",5,"40 to 64","6-10km","car",6.22,0.333333333333333,2.33333333333333,2.33333333333333
"86386/1000",NA,86386,2070,"60-64 years","male",20,7185,"Leisure",93.5367965698242,93.5367965698242,"car",0.233333333333333,8.06,"weekday",6,"40 to 64","6-10km","car",8.06,0.233333333333333,1.63333333333333,1.63333333333333
"86396/1000",NA,86396,2071,"50-54 years","male",20,7187,"Work",76.2739486694336,76.2739486694336,"car",0.583333333333333,15.92,"weekday",2,"40 to 64",">10km","car",15.92,0.583333333333333,4.08333333333333,4.08333333333333
"86396/1000",NA,86396,2071,"50-54 years","male",20,7188,"Work",76.2739486694336,76.2739486694336,"car",0.0833333333333333,6.87,"weekday",3,"40 to 64","6-10km","car",6.87,0.0833333333333333,0.583333333333333,0.583333333333333
"86396/1000",NA,86396,2071,"50-54 years","male",20,7189,"Work",76.2739486694336,76.2739486694336,"car",0.333333333333333,7.21,"weekday",4,"40 to 64","6-10km","car",7.21,0.333333333333333,2.33333333333333,2.33333333333333
"86396/1000",NA,86396,2071,"50-54 years","male",20,7190,"Work",76.2739486694336,76.2739486694336,"car",0.25,4.25,"weekday",5,"40 to 64","3-5km","bicycle",4.25,0.386363636363636,1.75,2.70454545454545
"86396/1000",NA,86396,2071,"50-54 years","male",20,7191,"Work",76.2739486694336,76.2739486694336,"car",0.416666666666667,19.48,"weekday",6,"40 to 64",">10km","car",19.48,0.416666666666667,2.91666666666667,2.91666666666667
"86396/1000",NA,86396,2071,"50-54 years","male",20,7192,"Work",76.2739486694336,76.2739486694336,"car",0.416666666666667,22.12,"weekday",7,"40 to 64",">10km","car",22.12,0.416666666666667,2.91666666666667,2.91666666666667
"86396/1000",NA,86396,2071,"50-54 years","male",20,7193,"Work",76.2739486694336,76.2739486694336,"car",0.333333333333333,3,"weekday",8,"40 to 64","3-5km","bicycle",3,0.272727272727273,2.33333333333333,1.90909090909091
"86396/1000",NA,86396,2071,"50-54 years","male",20,7194,"Work",76.2739486694336,76.2739486694336,"car",0.5,14.37,"weekday",9,"40 to 64",">10km","car",14.37,0.5,3.5,3.5
"86396/1000",NA,86396,2071,"50-54 years","male",20,7195,"Leisure",76.2739486694336,76.2739486694336,"car",0.0833333333333333,4.38,"weekday",10,"40 to 64","3-5km","bicycle",4.38,0.398181818181818,0.583333333333333,2.78727272727273
"86396/1000",NA,86396,2071,"50-54 years","male",20,7196,"Leisure",76.2739486694336,76.2739486694336,"car",0.15,3.3,"weekday",11,"40 to 64","3-5km","bicycle",3.3,0.3,1.05,2.1
"86396/1001",NA,86396,2072,"50-54 years","female",20,7198,"Other",69.2914581298828,69.2914581298828,"car",0.25,2.72,"weekday",1,"40 to 64","3-5km","bicycle",2.72,0.247272727272727,1.75,1.73090909090909
"86396/1001",NA,86396,2072,"50-54 years","female",20,7199,"Other",69.2914581298828,69.2914581298828,"car",0.266666666666667,2.5,"weekday",2,"40 to 64","3-5km","bicycle",2.5,0.227272727272727,1.86666666666667,1.59090909090909
"86397/1007",NA,86397,2073,"45-49 years","female",20,7200,"Shopping",106.189163208008,106.189163208008,"car",0.25,7.23,"weekday",1,"40 to 64","6-10km","car",7.23,0.25,1.75,1.75
"86397/1007",NA,86397,2073,"45-49 years","female",20,7201,"Shopping",106.189163208008,106.189163208008,"car",0.25,7.04,"weekday",2,"40 to 64","6-10km","car",7.04,0.25,1.75,1.75
"86397/1007",NA,86397,2073,"45-49 years","female",20,7202,"Other",106.189163208008,106.189163208008,"car",0.166666666666667,4.14,"weekday",3,"40 to 64","3-5km","bicycle",4.14,0.376363636363636,1.16666666666667,2.63454545454545
"86397/1007",NA,86397,2073,"45-49 years","female",20,7203,"Other",106.189163208008,106.189163208008,"car",0.0833333333333333,4.26,"weekday",4,"40 to 64","3-5km","bicycle",4.26,0.387272727272727,0.583333333333333,2.71090909090909
"86397/1007",NA,86397,2073,"45-49 years","female",20,7204,"Shopping",106.189163208008,106.189163208008,"car",0.333333333333333,3.69,"weekday",5,"40 to 64","3-5km","bicycle",3.69,0.335454545454545,2.33333333333333,2.34818181818182
"86397/1007",NA,86397,2073,"45-49 years","female",20,7205,"Shopping",106.189163208008,106.189163208008,"car",0.25,4.05,"weekday",6,"40 to 64","3-5km","bicycle",4.05,0.368181818181818,1.75,2.57727272727273
"86397/1007",NA,86397,2073,"45-49 years","female",20,7206,"Other",106.189163208008,106.189163208008,"car",0.0833333333333333,4.14,"weekday",7,"40 to 64","3-5km","bicycle",4.14,0.376363636363636,0.583333333333333,2.63454545454545
"86397/1007",NA,86397,2073,"45-49 years","female",20,7207,"Other",106.189163208008,106.189163208008,"car",0.0833333333333333,4.26,"weekday",8,"40 to 64","3-5km","bicycle",4.26,0.387272727272727,0.583333333333333,2.71090909090909
"86397/1007",NA,86397,2073,"45-49 years","female",20,7208,"Leisure",106.189163208008,106.189163208008,"car",0.25,4.62,"weekday",9,"40 to 64","3-5km","bicycle",4.62,0.42,1.75,2.94
"86397/1007",NA,86397,2073,"45-49 years","female",20,7209,"Leisure",106.189163208008,106.189163208008,"car",0.166666666666667,4.54,"weekday",10,"40 to 64","3-5km","bicycle",4.54,0.412727272727273,1.16666666666667,2.88909090909091
"86397/1007",NA,86397,2073,"45-49 years","female",20,7210,"Leisure",106.189163208008,106.189163208008,"car",0.166666666666667,4.01,"weekday",11,"40 to 64","3-5km","bicycle",4.01,0.364545454545455,1.16666666666667,2.55181818181818
"86397/1007",NA,86397,2073,"45-49 years","female",20,7211,"Shopping",106.189163208008,106.189163208008,"car",0.133333333333333,1.32,"weekday",12,"40 to 64","1-2km","bicycle",1.32,0.12,0.933333333333333,0.84
"86397/1007",NA,86397,2073,"45-49 years","female",20,7212,"Shopping",106.189163208008,106.189163208008,"car",0.166666666666667,2.93,"weekday",13,"40 to 64","3-5km","bicycle",2.93,0.266363636363636,1.16666666666667,1.86454545454545
"86398/1000",NA,86398,2074,"60-64 years","male",20,7213,"Leisure",118.489356994629,118.489356994629,"car",0.166666666666667,5.47,"weekday",1,"40 to 64","6-10km","car",5.47,0.166666666666667,1.16666666666667,1.16666666666667
"86398/1000",NA,86398,2074,"60-64 years","male",20,7214,"Shopping",118.489356994629,118.489356994629,"car",0.166666666666667,3.16,"weekday",2,"40 to 64","3-5km","bicycle",3.16,0.287272727272727,1.16666666666667,2.01090909090909
"86398/1000",NA,86398,2074,"60-64 years","male",20,7215,"Shopping",118.489356994629,118.489356994629,"car",0.166666666666667,2.64,"weekday",3,"40 to 64","3-5km","bicycle",2.64,0.24,1.16666666666667,1.68
"86401/1000",NA,86401,2075,"60-64 years","female",20,7216,"Work",109.600570678711,109.600570678711,"car",0.416666666666667,11.35,"weekday",1,"40 to 64",">10km","car",11.35,0.416666666666667,2.91666666666667,2.91666666666667
"86401/1000",NA,86401,2075,"60-64 years","female",20,7217,"Work",109.600570678711,109.600570678711,"car",0.416666666666667,11.37,"weekday",2,"40 to 64",">10km","car",11.37,0.416666666666667,2.91666666666667,2.91666666666667
"86402/1000",NA,86402,2076,"70-74 years","female",20,7218,"Shopping",74.8938827514648,74.8938827514648,"car",0.333333333333333,7.12,"weekday",1,"65 plus","6-10km","car",7.12,0.333333333333333,2.33333333333333,2.33333333333333
"86402/1000",NA,86402,2076,"70-74 years","female",20,7219,"Shopping",74.8938827514648,74.8938827514648,"car",0.333333333333333,6.97,"weekday",2,"65 plus","6-10km","car",6.97,0.333333333333333,2.33333333333333,2.33333333333333
"86402/1001",NA,86402,2077,"70-74 years","male",20,7220,"Shopping",68.7407379150391,68.7407379150391,"car",0.333333333333333,7.12,"weekday",1,"65 plus","6-10km","car",7.12,0.333333333333333,2.33333333333333,2.33333333333333
"86402/1001",NA,86402,2077,"70-74 years","male",20,7221,"Shopping",68.7407379150391,68.7407379150391,"car",0.333333333333333,6.97,"weekday",2,"65 plus","6-10km","car",6.97,0.333333333333333,2.33333333333333,2.33333333333333
"86403/1000",NA,86403,2078,"35-39 years","male",20,7222,"Work",102.222640991211,102.222640991211,"car",0.333333333333333,17.37,"weekday",1,"20 to 39",">10km","car",17.37,0.333333333333333,2.33333333333333,2.33333333333333
"86403/1000",NA,86403,2078,"35-39 years","male",20,7223,"Shopping",102.222640991211,102.222640991211,"car",0.166666666666667,5.2,"weekday",2,"20 to 39","6-10km","car",5.2,0.166666666666667,1.16666666666667,1.16666666666667
"86403/1000",NA,86403,2078,"35-39 years","male",20,7224,"Work",102.222640991211,102.222640991211,"car",0.166666666666667,5.47,"weekday",3,"20 to 39","6-10km","car",5.47,0.166666666666667,1.16666666666667,1.16666666666667
"86403/1000",NA,86403,2078,"35-39 years","male",20,7225,"Work",102.222640991211,102.222640991211,"car",0.333333333333333,17.26,"weekday",4,"20 to 39",">10km","car",17.26,0.333333333333333,2.33333333333333,2.33333333333333
"86404/1001",NA,86404,2079,"25-29 years","male",20,7226,"Work",124.118743896484,124.118743896484,"car",0.75,44.5,"weekday",1,"20 to 39",">10km","car",44.5,0.75,5.25,5.25
"86404/1001",NA,86404,2079,"25-29 years","male",20,7227,"Work",124.118743896484,124.118743896484,"car",0.75,44.24,"weekday",2,"20 to 39",">10km","car",44.24,0.75,5.25,5.25
"86406/1001",NA,86406,2080,"50-54 years","female",20,7228,"Work",69.2914581298828,69.2914581298828,"car",0.75,35.21,"weekday",1,"40 to 64",">10km","car",35.21,0.75,5.25,5.25
"86406/1001",NA,86406,2080,"50-54 years","female",20,7229,"Work",69.2914581298828,69.2914581298828,"car",1,35.16,"weekday",2,"40 to 64",">10km","car",35.16,1,7,7
"86409/1000",NA,86409,2081,"65-69 years","female",20,7230,"Other",86.0002593994141,86.0002593994141,"car",0.166666666666667,4.71,"weekday",1,"65 plus","3-5km","bicycle",4.71,0.428181818181818,1.16666666666667,2.99727272727273
"86409/1000",NA,86409,2081,"65-69 years","female",20,7231,"Other",86.0002593994141,86.0002593994141,"car",0.166666666666667,4.63,"weekday",2,"65 plus","3-5km","bicycle",4.63,0.420909090909091,1.16666666666667,2.94636363636364
"86409/1000",NA,86409,2081,"65-69 years","female",20,7232,"Other",86.0002593994141,86.0002593994141,"car",0.166666666666667,4.11,"weekday",3,"65 plus","3-5km","bicycle",4.11,0.373636363636364,1.16666666666667,2.61545454545455
"86409/1000",NA,86409,2081,"65-69 years","female",20,7233,"Leisure",86.0002593994141,86.0002593994141,"car",0.25,4.03,"weekday",4,"65 plus","3-5km","bicycle",4.03,0.366363636363636,1.75,2.56454545454545
"86409/1000",NA,86409,2081,"65-69 years","female",20,7234,"Leisure",86.0002593994141,86.0002593994141,"car",0.166666666666667,6.36,"weekday",5,"65 plus","6-10km","car",6.36,0.166666666666667,1.16666666666667,1.16666666666667
"86409/1001",NA,86409,2082,"75-79 years","male",20,7235,"Other",76.3799514770508,76.3799514770508,"car",0.416666666666667,20.11,"weekday",1,"65 plus",">10km","car",20.11,0.416666666666667,2.91666666666667,2.91666666666667
"86409/1001",NA,86409,2082,"75-79 years","male",20,7236,"Other",76.3799514770508,76.3799514770508,"car",0.416666666666667,20.15,"weekday",2,"65 plus",">10km","car",20.15,0.416666666666667,2.91666666666667,2.91666666666667
"86409/1001",NA,86409,2082,"75-79 years","male",20,7237,"Leisure",76.3799514770508,76.3799514770508,"car",0.0833333333333333,2.89,"weekday",3,"65 plus","3-5km","bicycle",2.89,0.262727272727273,0.583333333333333,1.83909090909091
"86409/1001",NA,86409,2082,"75-79 years","male",20,7238,"Leisure",76.3799514770508,76.3799514770508,"car",0.0833333333333333,2.93,"weekday",4,"65 plus","3-5km","bicycle",2.93,0.266363636363636,0.583333333333333,1.86454545454545
"86500/1000",NA,86500,2083,"30-34 years","female",20,7239,"Shopping",395.394561767578,395.394561767578,"car",0.166666666666667,3.15,"weekday",1,"20 to 39","3-5km","bicycle",3.15,0.286363636363636,1.16666666666667,2.00454545454545
"86500/1000",NA,86500,2083,"30-34 years","female",20,7240,"Shopping",395.394561767578,395.394561767578,"car",0.166666666666667,2.81,"weekday",2,"20 to 39","3-5km","bicycle",2.81,0.255454545454545,1.16666666666667,1.78818181818182
"86500/1001",NA,86500,2084,"30-34 years","male",20,7241,"Work",455.562774658203,455.562774658203,"car",0.416666666666667,20.2,"weekday",1,"20 to 39",">10km","car",20.2,0.416666666666667,2.91666666666667,2.91666666666667
"86500/1001",NA,86500,2084,"30-34 years","male",20,7242,"Other",455.562774658203,455.562774658203,"car",0.0833333333333333,0.56,"weekday",2,"20 to 39","<1km","bicycle",0.56,0.0509090909090909,0.583333333333333,0.356363636363636
"86500/1001",NA,86500,2084,"30-34 years","male",20,7243,"Shopping",455.562774658203,455.562774658203,"car",0.5,14.09,"weekday",3,"20 to 39",">10km","car",14.09,0.5,3.5,3.5
"86500/1001",NA,86500,2084,"30-34 years","male",20,7244,"Shopping",455.562774658203,455.562774658203,"car",0.25,6.01,"weekday",4,"20 to 39","6-10km","car",6.01,0.25,1.75,1.75
"86502/1000",NA,86502,2085,"60-64 years","male",20,7245,"Shopping",143.074340820312,143.074340820312,"car",0.3,7.62,"weekday",1,"40 to 64","6-10km","car",7.62,0.3,2.1,2.1
"86502/1000",NA,86502,2085,"60-64 years","male",20,7246,"Shopping",143.074340820312,143.074340820312,"car",0.2,7.45,"weekday",2,"40 to 64","6-10km","car",7.45,0.2,1.4,1.4
"86502/1000",NA,86502,2085,"60-64 years","male",20,7247,"Shopping",143.074340820312,143.074340820312,"car",0.3,2.85,"weekday",3,"40 to 64","3-5km","bicycle",2.85,0.259090909090909,2.1,1.81363636363636
"86502/1000",NA,86502,2085,"60-64 years","male",20,7248,"Shopping",143.074340820312,143.074340820312,"car",0.1,2.9,"weekday",4,"40 to 64","3-5km","bicycle",2.9,0.263636363636364,0.7,1.84545454545455
"86502/1001",NA,86502,2086,"50-54 years","female",20,7249,"Work",193.905059814453,193.905059814453,"car",0.833333333333333,14.55,"weekday",1,"40 to 64",">10km","car",14.55,0.833333333333333,5.83333333333333,5.83333333333333
"86502/1001",NA,86502,2086,"50-54 years","female",20,7250,"Work",193.905059814453,193.905059814453,"car",1,13.7,"weekday",2,"40 to 64",">10km","car",13.7,1,7,7
"86504/1000",NA,86504,2087,"25-29 years","male",20,7251,"Work",442.651611328125,442.651611328125,"car",0.5,14.24,"weekday",1,"20 to 39",">10km","car",14.24,0.5,3.5,3.5
"86504/1000",NA,86504,2087,"25-29 years","male",20,7252,"Work",442.651611328125,442.651611328125,"car",0.583333333333333,13.58,"weekday",2,"20 to 39",">10km","car",13.58,0.583333333333333,4.08333333333333,4.08333333333333
"86504/1001",NA,86504,2088,"25-29 years","female",20,7253,"Work",358.802307128906,358.802307128906,"car",0.166666666666667,3.82,"weekday",1,"20 to 39","3-5km","bicycle",3.82,0.347272727272727,1.16666666666667,2.43090909090909
"86504/1001",NA,86504,2088,"25-29 years","female",20,7254,"Work",358.802307128906,358.802307128906,"car",0.25,4.55,"weekday",2,"20 to 39","3-5km","bicycle",4.55,0.413636363636364,1.75,2.89545454545455
"86507/1001",NA,86507,2089,"65-69 years","female",20,7255,"Other",158.535507202148,158.535507202148,"car",1,20.52,"weekday",1,"65 plus",">10km","car",20.52,1,7,7
"86507/1001",NA,86507,2089,"65-69 years","female",20,7256,"Shopping",158.535507202148,158.535507202148,"walking",0.0833333333333333,0.74,"weekday",2,"65 plus","<1km","walking",0.74,0.0833333333333333,0.583333333333333,0.583333333333333
"86507/1001",NA,86507,2089,"65-69 years","female",20,7257,"Shopping",158.535507202148,158.535507202148,"walking",0.0833333333333333,0.74,"weekday",3,"65 plus","<1km","walking",0.74,0.0833333333333333,0.583333333333333,0.583333333333333
"86507/1001",NA,86507,2089,"65-69 years","female",20,7258,"Shopping",158.535507202148,158.535507202148,"car",1,20.1,"weekday",3,"65 plus",">10km","car",20.1,1,7,7
"86508/1000",NA,86508,2090,"55-59 years","female",20,7259,"Other",179.280990600586,179.280990600586,"walking",0.0833333333333333,0.01,"weekday",1,"40 to 64","<1km","walking",0.01,0.0833333333333333,0.583333333333333,0.583333333333333
"86508/1000",NA,86508,2090,"55-59 years","female",20,7260,"Other",179.280990600586,179.280990600586,"walking",0.0833333333333333,0.01,"weekday",2,"40 to 64","<1km","walking",0.01,0.0833333333333333,0.583333333333333,0.583333333333333
"86508/1001",NA,86508,2091,"55-59 years","male",20,7261,"Work",261.203918457031,261.203918457031,"car",1,79.77,"weekday",1,"40 to 64",">10km","car",79.77,1,7,7
"86508/1001",NA,86508,2091,"55-59 years","male",20,7262,"Work",261.203918457031,261.203918457031,"car",2,80.01,"weekday",2,"40 to 64",">10km","car",80.01,2,14,14
"86509/1000",NA,86509,2092,"55-59 years","male",20,7263,"Work",333.321807861328,333.321807861328,"car",0.3,9.81,"weekday",1,"40 to 64","6-10km","car",9.81,0.3,2.1,2.1
"86509/1000",NA,86509,2092,"55-59 years","male",20,7264,"Work",333.321807861328,333.321807861328,"car",0.35,9.29,"weekday",2,"40 to 64","6-10km","car",9.29,0.35,2.45,2.45
"86513/1000",NA,86513,2093,"60-64 years","female",20,7265,"Shopping",156.893493652344,156.893493652344,"car",0.116666666666667,3.75,"weekday",1,"40 to 64","3-5km","bicycle",3.75,0.340909090909091,0.816666666666667,2.38636363636364
"86513/1000",NA,86513,2093,"60-64 years","female",20,7266,"Shopping",156.893493652344,156.893493652344,"car",0.116666666666667,4.58,"weekday",2,"40 to 64","3-5km","bicycle",4.58,0.416363636363636,0.816666666666667,2.91454545454545
"86513/1000",NA,86513,2093,"60-64 years","female",20,7267,"Leisure",156.893493652344,156.893493652344,"car",0.333333333333333,10.94,"weekday",3,"40 to 64",">10km","car",10.94,0.333333333333333,2.33333333333333,2.33333333333333
"86513/1000",NA,86513,2093,"60-64 years","female",20,7268,"Leisure",156.893493652344,156.893493652344,"car",0.666666666666667,10.41,"weekday",4,"40 to 64",">10km","car",10.41,0.666666666666667,4.66666666666667,4.66666666666667
"86513/1001",NA,86513,2094,"55-59 years","male",20,7269,"Work",261.203918457031,261.203918457031,"car",0.166666666666667,3.8,"weekday",1,"40 to 64","3-5km","bicycle",3.8,0.345454545454545,1.16666666666667,2.41818181818182
"86513/1001",NA,86513,2094,"55-59 years","male",20,7270,"Work",261.203918457031,261.203918457031,"car",0.166666666666667,3.3,"weekday",2,"40 to 64","3-5km","bicycle",3.3,0.3,1.16666666666667,2.1
"86514/1000",NA,86514,2095,"55-59 years","female",20,7271,"Work",179.280990600586,179.280990600586,"car",0.416666666666667,16.45,"weekday",1,"40 to 64",">10km","car",16.45,0.416666666666667,2.91666666666667,2.91666666666667
"86514/1000",NA,86514,2095,"55-59 years","female",20,7272,"Work",179.280990600586,179.280990600586,"car",0.5,16.63,"weekday",2,"40 to 64",">10km","car",16.63,0.5,3.5,3.5
"86514/1000",NA,86514,2095,"55-59 years","female",20,7273,"Shopping",179.280990600586,179.280990600586,"car",0.25,3.77,"weekday",3,"40 to 64","3-5km","bicycle",3.77,0.342727272727273,1.75,2.39909090909091
"86514/1000",NA,86514,2095,"55-59 years","female",20,7274,"Shopping",179.280990600586,179.280990600586,"car",0.166666666666667,4.72,"weekday",4,"40 to 64","3-5km","bicycle",4.72,0.429090909090909,1.16666666666667,3.00363636363636
"86514/1001",NA,86514,2096,"15-19 years","female",20,7275,"Shopping",194.715454101562,194.715454101562,"car",0.25,3.77,"weekday",1,"15 to 19","3-5km","bicycle",3.77,0.342727272727273,1.75,2.39909090909091
"86514/1001",NA,86514,2096,"15-19 years","female",20,7276,"Shopping",194.715454101562,194.715454101562,"car",0.166666666666667,4.72,"weekday",2,"15 to 19","3-5km","bicycle",4.72,0.429090909090909,1.16666666666667,3.00363636363636
"86515/1000",NA,86515,2097,"50-54 years","male",20,7277,"Work",184.872970581055,184.872970581055,"car",0.333333333333333,11.03,"weekday",1,"40 to 64",">10km","car",11.03,0.333333333333333,2.33333333333333,2.33333333333333
"86515/1000",NA,86515,2097,"50-54 years","male",20,7278,"Work",184.872970581055,184.872970581055,"car",0.533333333333333,10.68,"weekday",2,"40 to 64",">10km","car",10.68,0.533333333333333,3.73333333333333,3.73333333333333
"86516/1000",NA,86516,2098,"35-39 years","female",20,7279,"Shopping",147.140991210938,147.140991210938,"car",0.0833333333333333,1.08,"weekday",1,"20 to 39","1-2km","bicycle",1.08,0.0981818181818182,0.583333333333333,0.687272727272727
"86516/1000",NA,86516,2098,"35-39 years","female",20,7280,"Shopping",147.140991210938,147.140991210938,"car",0.05,1.3,"weekday",2,"20 to 39","1-2km","bicycle",1.3,0.118181818181818,0.35,0.827272727272727
"86516/1000",NA,86516,2098,"35-39 years","female",20,7281,"Work",147.140991210938,147.140991210938,"car",0.216666666666667,5.89,"weekday",3,"20 to 39","6-10km","car",5.89,0.216666666666667,1.51666666666667,1.51666666666667
"86516/1000",NA,86516,2098,"35-39 years","female",20,7282,"Shopping",147.140991210938,147.140991210938,"car",0.0833333333333333,0.93,"weekday",4,"20 to 39","<1km","bicycle",0.93,0.0845454545454545,0.583333333333333,0.591818181818182
"86516/1000",NA,86516,2098,"35-39 years","female",20,7283,"Work",147.140991210938,147.140991210938,"car",0.05,0.96,"weekday",5,"20 to 39","<1km","bicycle",0.96,0.0872727272727273,0.35,0.610909090909091
"86516/1000",NA,86516,2098,"35-39 years","female",20,7284,"Work",147.140991210938,147.140991210938,"car",0.233333333333333,5.63,"weekday",6,"20 to 39","6-10km","car",5.63,0.233333333333333,1.63333333333333,1.63333333333333
"86516/1001",NA,86516,2099,"35-39 years","male",20,7285,"Work",159.366409301758,159.366409301758,"car",0.5,16.79,"weekday",1,"20 to 39",">10km","car",16.79,0.5,3.5,3.5
"86516/1001",NA,86516,2099,"35-39 years","male",20,7286,"Work",159.366409301758,159.366409301758,"car",0.583333333333333,16.82,"weekday",2,"20 to 39",">10km","car",16.82,0.583333333333333,4.08333333333333,4.08333333333333
"86517/1000",NA,86517,2100,"35-39 years","male",20,7287,"Work",253.730651855469,253.730651855469,"car",0.1,3.55,"weekday",1,"20 to 39","3-5km","bicycle",3.55,0.322727272727273,0.7,2.25909090909091
"86517/1000",NA,86517,2100,"35-39 years","male",20,7288,"Work",253.730651855469,253.730651855469,"car",0.116666666666667,3.48,"weekday",2,"20 to 39","3-5km","bicycle",3.48,0.316363636363636,0.816666666666667,2.21454545454545
"86517/1001",NA,86517,2101,"30-34 years","female",20,7289,"Work",395.394561767578,395.394561767578,"car",0.55,13.98,"weekday",1,"20 to 39",">10km","car",13.98,0.55,3.85,3.85
"86517/1001",NA,86517,2101,"30-34 years","female",20,7290,"Work",395.394561767578,395.394561767578,"car",0.5,13.69,"weekday",2,"20 to 39",">10km","car",13.69,0.5,3.5,3.5
"86519/1000",NA,86519,2102,"50-54 years","male",20,7291,"Work",184.872970581055,184.872970581055,"car",0.333333333333333,10.79,"weekday",1,"40 to 64",">10km","car",10.79,0.333333333333333,2.33333333333333,2.33333333333333
"86519/1000",NA,86519,2102,"50-54 years","male",20,7292,"Work",184.872970581055,184.872970581055,"car",0.333333333333333,10.71,"weekday",2,"40 to 64",">10km","car",10.71,0.333333333333333,2.33333333333333,2.33333333333333
"86519/1001",NA,86519,2103,"50-54 years","female",20,7293,"Work",193.905059814453,193.905059814453,"car",0.333333333333333,14.25,"weekday",1,"40 to 64",">10km","car",14.25,0.333333333333333,2.33333333333333,2.33333333333333
"86520/1000",NA,86520,2104,"50-54 years","male",20,7294,"Work",235.916015625,235.916015625,"car",0.166666666666667,3.87,"weekday",1,"40 to 64","3-5km","bicycle",3.87,0.351818181818182,1.16666666666667,2.46272727272727
"86520/1000",NA,86520,2104,"50-54 years","male",20,7295,"Work",235.916015625,235.916015625,"car",0.166666666666667,3.55,"weekday",2,"40 to 64","3-5km","bicycle",3.55,0.322727272727273,1.16666666666667,2.25909090909091
"86521/1000",NA,86521,2105,"75-79 years","male",20,7296,"Other",146.185394287109,146.185394287109,"car",0.416666666666667,29.63,"weekday",1,"65 plus",">10km","car",29.63,0.416666666666667,2.91666666666667,2.91666666666667
"86521/1000",NA,86521,2105,"75-79 years","male",20,7297,"Other",146.185394287109,146.185394287109,"car",0.416666666666667,30.4,"weekday",2,"65 plus",">10km","car",30.4,0.416666666666667,2.91666666666667,2.91666666666667
"86521/1001",NA,86521,2106,"75-79 years","female",20,7298,"Other",181.604446411133,181.604446411133,"car",0.416666666666667,29.63,"weekday",1,"65 plus",">10km","car",29.63,0.416666666666667,2.91666666666667,2.91666666666667
"86521/1001",NA,86521,2106,"75-79 years","female",20,7299,"Other",181.604446411133,181.604446411133,"car",0.416666666666667,30.4,"weekday",2,"65 plus",">10km","car",30.4,0.416666666666667,2.91666666666667,2.91666666666667
"86523/1000",NA,86523,2107,"55-59 years","male",20,7300,"Work",415.868316650391,415.868316650391,"car",0.25,7.34,"weekday",1,"40 to 64","6-10km","car",7.34,0.25,1.75,1.75
"86523/1000",NA,86523,2107,"55-59 years","male",20,7301,"Work",415.868316650391,415.868316650391,"car",0.25,7.09,"weekday",2,"40 to 64","6-10km","car",7.09,0.25,1.75,1.75
"86523/1001",NA,86523,2108,"55-59 years","female",20,7302,"Other",285.437072753906,285.437072753906,"car",0.25,7.34,"weekday",1,"40 to 64","6-10km","car",7.34,0.25,1.75,1.75
"86523/1001",NA,86523,2108,"55-59 years","female",20,7303,"Work",285.437072753906,285.437072753906,"car",0.483333333333333,10.91,"weekday",2,"40 to 64",">10km","car",10.91,0.483333333333333,3.38333333333333,3.38333333333333
"86523/1001",NA,86523,2108,"55-59 years","female",20,7304,"Other",285.437072753906,285.437072753906,"car",0.483333333333333,10.37,"weekday",3,"40 to 64",">10km","car",10.37,0.483333333333333,3.38333333333333,3.38333333333333
"86523/1001",NA,86523,2108,"55-59 years","female",20,7305,"Other",285.437072753906,285.437072753906,"car",0.25,7.09,"weekday",4,"40 to 64","6-10km","car",7.09,0.25,1.75,1.75
"86523/1002",NA,86523,2109,"15-19 years","female",20,7306,"Work",310.010620117188,310.010620117188,"car",0.333333333333333,4.94,"weekday",1,"15 to 19","3-5km","bicycle",4.94,0.449090909090909,2.33333333333333,3.14363636363636
"86523/1002",NA,86523,2109,"15-19 years","female",20,7307,"Work",310.010620117188,310.010620117188,"public.transport",0.666666666666667,22.54,"weekday",1,"15 to 19",">10km","public.transport",22.54,0.666666666666667,4.66666666666667,4.66666666666667
"86523/1002",NA,86523,2109,"15-19 years","female",20,7308,"Work",310.010620117188,310.010620117188,"walking",0.0833333333333333,0.86,"weekday",1,"15 to 19","<1km","walking",0.86,0.0833333333333333,0.583333333333333,0.583333333333333
"86523/1002",NA,86523,2109,"15-19 years","female",20,7309,"Work",310.010620117188,310.010620117188,"walking",0.166666666666667,0.86,"weekday",2,"15 to 19","<1km","walking",0.86,0.166666666666667,1.16666666666667,1.16666666666667
"86523/1002",NA,86523,2109,"15-19 years","female",20,7310,"Work",310.010620117188,310.010620117188,"public.transport",0.483333333333333,22.54,"weekday",2,"15 to 19",">10km","public.transport",22.54,0.483333333333333,3.38333333333333,3.38333333333333
"86523/1002",NA,86523,2109,"15-19 years","female",20,7311,"Work",310.010620117188,310.010620117188,"car",0.166666666666667,4.58,"weekday",2,"15 to 19","3-5km","bicycle",4.58,0.416363636363636,1.16666666666667,2.91454545454545
"86524/1000",NA,86524,2110,"60-64 years","male",20,7312,"Shopping",143.074340820312,143.074340820312,"car",1,79.62,"weekday",1,"40 to 64",">10km","car",79.62,1,7,7
"86524/1000",NA,86524,2110,"60-64 years","male",20,7313,"Shopping",143.074340820312,143.074340820312,"car",1,79.83,"weekday",2,"40 to 64",">10km","car",79.83,1,7,7
"86524/1001",NA,86524,2111,"65-69 years","female",20,7314,"Leisure",158.535507202148,158.535507202148,"car",1,79.62,"weekday",1,"65 plus",">10km","car",79.62,1,7,7
"86524/1001",NA,86524,2111,"65-69 years","female",20,7315,"Leisure",158.535507202148,158.535507202148,"car",1,79.83,"weekday",2,"65 plus",">10km","car",79.83,1,7,7
"86525/1000",NA,86525,2112,"35-39 years","female",20,7316,"Work",147.140991210938,147.140991210938,"car",0.25,3.93,"weekday",1,"20 to 39","3-5km","bicycle",3.93,0.357272727272727,1.75,2.50090909090909
"86525/1000",NA,86525,2112,"35-39 years","female",20,7318,"Work",147.140991210938,147.140991210938,"car",0.25,4.66,"weekday",3,"20 to 39","3-5km","bicycle",4.66,0.423636363636364,1.75,2.96545454545455
"86525/1001",NA,86525,2113,"35-39 years","male",20,7319,"Work",159.366409301758,159.366409301758,"car",0.15,4,"weekday",1,"20 to 39","3-5km","bicycle",4,0.363636363636364,1.05,2.54545454545455
"86525/1001",NA,86525,2113,"35-39 years","male",20,7320,"Work",159.366409301758,159.366409301758,"car",0.166666666666667,3.6,"weekday",2,"20 to 39","3-5km","bicycle",3.6,0.327272727272727,1.16666666666667,2.29090909090909
"86526/1000",NA,86526,2114,"80-84 years","male",20,7322,"Leisure",213.465911865234,213.465911865234,"car",0.916666666666667,21.41,"weekday",2,"65 plus",">10km","car",21.41,0.916666666666667,6.41666666666667,6.41666666666667
"86526/1000",NA,86526,2114,"80-84 years","male",20,7323,"Leisure",213.465911865234,213.465911865234,"car",1.16666666666667,21.2,"weekday",3,"65 plus",">10km","car",21.2,1.16666666666667,8.16666666666667,8.16666666666667
"86526/1001",NA,86526,2115,"80-84 years","female",20,7325,"Leisure",190.173706054688,190.173706054688,"car",0.916666666666667,21.41,"weekday",2,"65 plus",">10km","car",21.41,0.916666666666667,6.41666666666667,6.41666666666667
"86526/1001",NA,86526,2115,"80-84 years","female",20,7326,"Leisure",190.173706054688,190.173706054688,"car",1.16666666666667,21.2,"weekday",3,"65 plus",">10km","car",21.2,1.16666666666667,8.16666666666667,8.16666666666667
"86527/1000",NA,86527,2116,"30-34 years","female",20,7328,"Other",248.344512939453,248.344512939453,"car",0.5,13.08,"weekday",2,"20 to 39",">10km","car",13.08,0.5,3.5,3.5
"86527/1000",NA,86527,2116,"30-34 years","female",20,7329,"Other",248.344512939453,248.344512939453,"car",0.5,13.35,"weekday",3,"20 to 39",">10km","car",13.35,0.5,3.5,3.5
"86527/1001",NA,86527,2117,"30-34 years","male",20,7330,"Work",286.1357421875,286.1357421875,"car",0.416666666666667,9.26,"weekday",1,"20 to 39","6-10km","car",9.26,0.416666666666667,2.91666666666667,2.91666666666667
"86527/1001",NA,86527,2117,"30-34 years","male",20,7331,"Leisure",286.1357421875,286.1357421875,"car",0.166666666666667,1.53,"weekday",2,"20 to 39","1-2km","bicycle",1.53,0.139090909090909,1.16666666666667,0.973636363636364
"86527/1001",NA,86527,2117,"30-34 years","male",20,7332,"Leisure",286.1357421875,286.1357421875,"car",0.666666666666667,7.08,"weekday",3,"20 to 39","6-10km","car",7.08,0.666666666666667,4.66666666666667,4.66666666666667
"86528/1001",NA,86528,2118,"65-69 years","male",20,7334,"Shopping",151.590209960938,151.590209960938,"car",1,79.7,"weekday",2,"65 plus",">10km","car",79.7,1,7,7
"86528/1001",NA,86528,2118,"65-69 years","male",20,7335,"Leisure",151.590209960938,151.590209960938,"walking",1,0.95,"weekday",3,"65 plus","<1km","walking",0.95,1,7,7
"86528/1001",NA,86528,2118,"65-69 years","male",20,7336,"Leisure",151.590209960938,151.590209960938,"car",1,80.66,"weekday",4,"65 plus",">10km","car",80.66,1,7,7
"86528/1002",NA,86528,2119,"65-69 years","female",20,7338,"Shopping",158.535507202148,158.535507202148,"car",1,79.7,"weekday",2,"65 plus",">10km","car",79.7,1,7,7
"86528/1002",NA,86528,2119,"65-69 years","female",20,7339,"Leisure",158.535507202148,158.535507202148,"walking",1,0.95,"weekday",3,"65 plus","<1km","walking",0.95,1,7,7
"86528/1002",NA,86528,2119,"65-69 years","female",20,7340,"Leisure",158.535507202148,158.535507202148,"car",1,80.66,"weekday",4,"65 plus",">10km","car",80.66,1,7,7
"86529/1000",NA,86529,2120,"65-69 years","female",20,7341,"Shopping",158.535507202148,158.535507202148,"car",1,74.29,"weekday",1,"65 plus",">10km","car",74.29,1,7,7
"86529/1000",NA,86529,2120,"65-69 years","female",20,7342,"Shopping",158.535507202148,158.535507202148,"car",1,74.21,"weekday",2,"65 plus",">10km","car",74.21,1,7,7
"86529/1001",NA,86529,2121,"70-74 years","male",20,7343,"Shopping",152.162673950195,152.162673950195,"car",1,74.29,"weekday",1,"65 plus",">10km","car",74.29,1,7,7
"86529/1001",NA,86529,2121,"70-74 years","male",20,7344,"Shopping",152.162673950195,152.162673950195,"car",1,74.21,"weekday",2,"65 plus",">10km","car",74.21,1,7,7
"86530/1002",NA,86530,2122,"35-39 years","male",20,7345,"Work",754.537231445312,754.537231445312,"car",0.166666666666667,2.67,"weekday",1,"20 to 39","3-5km","bicycle",2.67,0.242727272727273,1.16666666666667,1.69909090909091
"86530/1002",NA,86530,2122,"35-39 years","male",20,7346,"Work",754.537231445312,754.537231445312,"car",0.166666666666667,3.28,"weekday",2,"20 to 39","3-5km","bicycle",3.28,0.298181818181818,1.16666666666667,2.08727272727273
"86534/1001",NA,86534,2123,"75-79 years","female",20,7347,"Other",410.973388671875,410.973388671875,"car",0.5,17.02,"weekday",1,"65 plus",">10km","car",17.02,0.5,3.5,3.5
"86534/1001",NA,86534,2123,"75-79 years","female",20,7348,"Other",410.973388671875,410.973388671875,"car",0.5,17.55,"weekday",2,"65 plus",">10km","car",17.55,0.5,3.5,3.5
"86535/1000",NA,86535,2124,"60-64 years","male",20,7349,"Other",407.964630126953,407.964630126953,"car",0.5,17.42,"weekday",1,"40 to 64",">10km","car",17.42,0.5,3.5,3.5
"86535/1000",NA,86535,2124,"60-64 years","male",20,7350,"Shopping",407.964630126953,407.964630126953,"car",0.166666666666667,1.48,"weekday",2,"40 to 64","1-2km","bicycle",1.48,0.134545454545455,1.16666666666667,0.941818181818182
"86535/1000",NA,86535,2124,"60-64 years","male",20,7351,"Shopping",407.964630126953,407.964630126953,"car",0.75,17.15,"weekday",3,"40 to 64",">10km","car",17.15,0.75,5.25,5.25
"86535/1000",NA,86535,2124,"60-64 years","male",20,7352,"Shopping",407.964630126953,407.964630126953,"car",0.5,4.54,"weekday",4,"40 to 64","3-5km","bicycle",4.54,0.412727272727273,3.5,2.88909090909091
"86535/1001",NA,86535,2125,"60-64 years","female",20,7353,"Other",437.736572265625,437.736572265625,"car",0.5,17.42,"weekday",1,"40 to 64",">10km","car",17.42,0.5,3.5,3.5
"86535/1001",NA,86535,2125,"60-64 years","female",20,7354,"Other",437.736572265625,437.736572265625,"car",0.166666666666667,1.48,"weekday",2,"40 to 64","1-2km","bicycle",1.48,0.134545454545455,1.16666666666667,0.941818181818182
"86535/1001",NA,86535,2125,"60-64 years","female",20,7355,"Shopping",437.736572265625,437.736572265625,"car",0.75,17.15,"weekday",3,"40 to 64",">10km","car",17.15,0.75,5.25,5.25
"86535/1001",NA,86535,2125,"60-64 years","female",20,7356,"Shopping",437.736572265625,437.736572265625,"car",0.5,4.54,"weekday",4,"40 to 64","3-5km","bicycle",4.54,0.412727272727273,3.5,2.88909090909091
"86536/1001",NA,86536,2126,"35-39 years","male",20,7357,"Work",967.957153320312,967.957153320312,"car",0.833333333333333,17.87,"weekday",1,"20 to 39",">10km","car",17.87,0.833333333333333,5.83333333333333,5.83333333333333
"86536/1001",NA,86536,2126,"35-39 years","male",20,7358,"Other",967.957153320312,967.957153320312,"car",0.416666666666667,17.05,"weekday",2,"20 to 39",">10km","car",17.05,0.416666666666667,2.91666666666667,2.91666666666667
"86536/1001",NA,86536,2126,"35-39 years","male",20,7359,"Other",967.957153320312,967.957153320312,"car",0.166666666666667,2.65,"weekday",3,"20 to 39","3-5km","bicycle",2.65,0.240909090909091,1.16666666666667,1.68636363636364
"86536/1005",NA,86536,2127,"15-19 years","female",20,7360,"Education",659.454467773438,659.454467773438,"car",0.166666666666667,2.39,"weekday",1,"15 to 19","3-5km","bicycle",2.39,0.217272727272727,1.16666666666667,1.52090909090909
"86536/1005",NA,86536,2127,"15-19 years","female",20,7361,"Education",659.454467773438,659.454467773438,"car",0.166666666666667,2.65,"weekday",2,"15 to 19","3-5km","bicycle",2.65,0.240909090909091,1.16666666666667,1.68636363636364
"86537/1000",NA,86537,2128,"30-34 years","female",20,7362,"Other",721.209655761719,721.209655761719,"car",0.25,7,"weekday",1,"20 to 39","6-10km","car",7,0.25,1.75,1.75
"86537/1000",NA,86537,2128,"30-34 years","female",20,7363,"Other",721.209655761719,721.209655761719,"car",0.25,7.53,"weekday",2,"20 to 39","6-10km","car",7.53,0.25,1.75,1.75
"86539/1002",NA,86539,2129,"50-54 years","male",20,7364,"Work",488.224273681641,488.224273681641,"car",0.25,5.69,"weekday",1,"40 to 64","6-10km","car",5.69,0.25,1.75,1.75
"86539/1002",NA,86539,2129,"50-54 years","male",20,7365,"Work",488.224273681641,488.224273681641,"car",0.333333333333333,6.21,"weekday",2,"40 to 64","6-10km","car",6.21,0.333333333333333,2.33333333333333,2.33333333333333
"86539/1003",NA,86539,2130,"45-49 years","female",20,7366,"Other",587.36279296875,587.36279296875,"car",0.166666666666667,2.18,"weekday",1,"40 to 64","3-5km","bicycle",2.18,0.198181818181818,1.16666666666667,1.38727272727273
"86539/1003",NA,86539,2130,"45-49 years","female",20,7367,"Other",587.36279296875,587.36279296875,"car",0.216666666666667,2.65,"weekday",2,"40 to 64","3-5km","bicycle",2.65,0.240909090909091,1.51666666666667,1.68636363636364
"86539/1003",NA,86539,2130,"45-49 years","female",20,7368,"Other",587.36279296875,587.36279296875,"car",0.25,2.18,"weekday",3,"40 to 64","3-5km","bicycle",2.18,0.198181818181818,1.75,1.38727272727273
"86539/1003",NA,86539,2130,"45-49 years","female",20,7369,"Other",587.36279296875,587.36279296875,"car",0.0666666666666667,2.65,"weekday",4,"40 to 64","3-5km","bicycle",2.65,0.240909090909091,0.466666666666667,1.68636363636364
"86539/1004",NA,86539,2131,"15-19 years","male",20,7370,"Education",541.848937988281,541.848937988281,"car",0.166666666666667,2.18,"weekday",1,"15 to 19","3-5km","bicycle",2.18,0.198181818181818,1.16666666666667,1.38727272727273
"86539/1004",NA,86539,2131,"15-19 years","male",20,7371,"Education",541.848937988281,541.848937988281,"car",0.0666666666666667,2.65,"weekday",2,"15 to 19","3-5km","bicycle",2.65,0.240909090909091,0.466666666666667,1.68636363636364
"86540/1001",NA,86540,2132,"75-79 years","male",20,7372,"Other",388.227874755859,388.227874755859,"car",0.166666666666667,3.57,"weekday",1,"65 plus","3-5km","bicycle",3.57,0.324545454545455,1.16666666666667,2.27181818181818
"86540/1001",NA,86540,2132,"75-79 years","male",20,7373,"Other",388.227874755859,388.227874755859,"car",0.2,2.93,"weekday",2,"65 plus","3-5km","bicycle",2.93,0.266363636363636,1.4,1.86454545454545
"86540/1001",NA,86540,2132,"75-79 years","male",20,7374,"Other",388.227874755859,388.227874755859,"car",0.2,3.57,"weekday",3,"65 plus","3-5km","bicycle",3.57,0.324545454545455,1.4,2.27181818181818
"86540/1001",NA,86540,2132,"75-79 years","male",20,7375,"Other",388.227874755859,388.227874755859,"car",0.25,2.93,"weekday",4,"65 plus","3-5km","bicycle",2.93,0.266363636363636,1.75,1.86454545454545
"86541/1000",NA,86541,2133,"30-34 years","female",20,7376,"Other",1036.71923828125,1036.71923828125,"car",0.25,4.39,"weekday",1,"20 to 39","3-5km","bicycle",4.39,0.399090909090909,1.75,2.79363636363636
"86541/1000",NA,86541,2133,"30-34 years","female",20,7377,"Other",1036.71923828125,1036.71923828125,"car",0.25,4.83,"weekday",2,"20 to 39","3-5km","bicycle",4.83,0.439090909090909,1.75,3.07363636363636
"86541/1000",NA,86541,2133,"30-34 years","female",20,7378,"Other",1036.71923828125,1036.71923828125,"car",0.25,4.39,"weekday",3,"20 to 39","3-5km","bicycle",4.39,0.399090909090909,1.75,2.79363636363636
"86541/1000",NA,86541,2133,"30-34 years","female",20,7379,"Other",1036.71923828125,1036.71923828125,"car",0.166666666666667,4.83,"weekday",4,"20 to 39","3-5km","bicycle",4.83,0.439090909090909,1.16666666666667,3.07363636363636
"86542/1000",NA,86542,2134,"50-54 years","male",20,7380,"Other",488.224273681641,488.224273681641,"car",0.166666666666667,1.9,"weekday",1,"40 to 64","1-2km","bicycle",1.9,0.172727272727273,1.16666666666667,1.20909090909091
"86542/1000",NA,86542,2134,"50-54 years","male",20,7381,"Other",488.224273681641,488.224273681641,"car",0.166666666666667,1.57,"weekday",2,"40 to 64","1-2km","bicycle",1.57,0.142727272727273,1.16666666666667,0.999090909090909
"86542/1000",NA,86542,2134,"50-54 years","male",20,7382,"Work",488.224273681641,488.224273681641,"car",0.416666666666667,24.5,"weekday",3,"40 to 64",">10km","car",24.5,0.416666666666667,2.91666666666667,2.91666666666667
"86542/1000",NA,86542,2134,"50-54 years","male",20,7383,"Work",488.224273681641,488.224273681641,"car",0.5,24.69,"weekday",4,"40 to 64",">10km","car",24.69,0.5,3.5,3.5
"86543/1000",NA,86543,2135,"30-34 years","male",20,7384,"Work",893.932983398438,893.932983398438,"car",0.25,8.94,"weekday",1,"20 to 39","6-10km","car",8.94,0.25,1.75,1.75
"86543/1000",NA,86543,2135,"30-34 years","male",20,7385,"Work",893.932983398438,893.932983398438,"car",0.25,7.84,"weekday",2,"20 to 39","6-10km","car",7.84,0.25,1.75,1.75
"86544/1000",NA,86544,2136,"45-49 years","male",20,7386,"Work",490.858123779297,490.858123779297,"car",0.166666666666667,4.7,"weekday",1,"40 to 64","3-5km","bicycle",4.7,0.427272727272727,1.16666666666667,2.99090909090909
"86544/1000",NA,86544,2136,"45-49 years","male",20,7387,"Work",490.858123779297,490.858123779297,"car",0.166666666666667,4.78,"weekday",2,"40 to 64","3-5km","bicycle",4.78,0.434545454545455,1.16666666666667,3.04181818181818
"86544/1001",NA,86544,2137,"50-54 years","female",20,7388,"Shopping",484.974609375,484.974609375,"car",0.25,4.36,"weekday",1,"40 to 64","3-5km","bicycle",4.36,0.396363636363636,1.75,2.77454545454545
"86544/1001",NA,86544,2137,"50-54 years","female",20,7389,"Shopping",484.974609375,484.974609375,"car",0.25,4.66,"weekday",2,"40 to 64","3-5km","bicycle",4.66,0.423636363636364,1.75,2.96545454545455
"86544/1002",NA,86544,2138,"20-24 years","female",20,7390,"Shopping",856.685302734375,856.685302734375,"car",0.25,4.36,"weekday",1,"20 to 39","3-5km","bicycle",4.36,0.396363636363636,1.75,2.77454545454545
"86544/1002",NA,86544,2138,"20-24 years","female",20,7391,"Shopping",856.685302734375,856.685302734375,"car",0.25,4.66,"weekday",2,"20 to 39","3-5km","bicycle",4.66,0.423636363636364,1.75,2.96545454545455
"86545/1000",NA,86545,2139,"35-39 years","female",20,7392,"Shopping",522.818908691406,522.818908691406,"car",0.166666666666667,1.96,"weekday",1,"20 to 39","1-2km","bicycle",1.96,0.178181818181818,1.16666666666667,1.24727272727273
"86545/1000",NA,86545,2139,"35-39 years","female",20,7393,"Shopping",522.818908691406,522.818908691406,"car",0.2,2.07,"weekday",2,"20 to 39","3-5km","bicycle",2.07,0.188181818181818,1.4,1.31727272727273
"86546/1000",NA,86546,2140,"25-29 years","male",20,7394,"Shopping",1061.46960449219,1061.46960449219,"car",0.0833333333333333,1.69,"weekday",1,"20 to 39","1-2km","bicycle",1.69,0.153636363636364,0.583333333333333,1.07545454545455
"86546/1000",NA,86546,2140,"25-29 years","male",20,7395,"Shopping",1061.46960449219,1061.46960449219,"car",0.1,1.79,"weekday",2,"20 to 39","1-2km","bicycle",1.79,0.162727272727273,0.7,1.13909090909091
"86547/1000",NA,86547,2141,"30-34 years","female",20,7396,"Work",718.065612792969,718.065612792969,"car",0.25,3.9,"weekday",1,"20 to 39","3-5km","bicycle",3.9,0.354545454545455,1.75,2.48181818181818
"86547/1000",NA,86547,2141,"30-34 years","female",20,7397,"Work",718.065612792969,718.065612792969,"car",0.25,3.94,"weekday",2,"20 to 39","3-5km","bicycle",3.94,0.358181818181818,1.75,2.50727272727273
"86548/1000",NA,86548,2142,"90-94 years","male",20,7398,"Other",394.444702148438,394.444702148438,"car",0.166666666666667,5.55,"weekday",1,"65 plus","6-10km","car",5.55,0.166666666666667,1.16666666666667,1.16666666666667
"86548/1000",NA,86548,2142,"90-94 years","male",20,7399,"Other",394.444702148438,394.444702148438,"car",0.166666666666667,4.68,"weekday",2,"65 plus","3-5km","bicycle",4.68,0.425454545454545,1.16666666666667,2.97818181818182
"86548/1000",NA,86548,2142,"90-94 years","male",20,7400,"Other",394.444702148438,394.444702148438,"car",0.25,1.8,"weekday",3,"65 plus","1-2km","bicycle",1.8,0.163636363636364,1.75,1.14545454545455
"86548/1000",NA,86548,2142,"90-94 years","male",20,7401,"Other",394.444702148438,394.444702148438,"car",0.25,5.55,"weekday",4,"65 plus","6-10km","car",5.55,0.25,1.75,1.75
"86548/1000",NA,86548,2142,"90-94 years","male",20,7402,"Other",394.444702148438,394.444702148438,"car",0.25,5.7,"weekday",5,"65 plus","6-10km","car",5.7,0.25,1.75,1.75
"86549/1000",NA,86549,2143,"50-54 years","male",20,7403,"Work",488.224273681641,488.224273681641,"car",0.25,9.77,"weekday",1,"40 to 64","6-10km","car",9.77,0.25,1.75,1.75
"86549/1000",NA,86549,2143,"50-54 years","male",20,7404,"Work",488.224273681641,488.224273681641,"car",0.333333333333333,8.38,"weekday",2,"40 to 64","6-10km","car",8.38,0.333333333333333,2.33333333333333,2.33333333333333
"86549/1001",NA,86549,2144,"50-54 years","female",20,7405,"Work",484.974609375,484.974609375,"car",0.25,9.77,"weekday",1,"40 to 64","6-10km","car",9.77,0.25,1.75,1.75
"86549/1001",NA,86549,2144,"50-54 years","female",20,7406,"Work",484.974609375,484.974609375,"car",0.333333333333333,8.38,"weekday",2,"40 to 64","6-10km","car",8.38,0.333333333333333,2.33333333333333,2.33333333333333
"86549/1002",NA,86549,2145,"30-34 years","female",20,7407,"Work",718.065612792969,718.065612792969,"car",0.166666666666667,1.89,"weekday",1,"20 to 39","1-2km","bicycle",1.89,0.171818181818182,1.16666666666667,1.20272727272727
"86549/1002",NA,86549,2145,"30-34 years","female",20,7408,"Work",718.065612792969,718.065612792969,"car",0.166666666666667,1.94,"weekday",2,"20 to 39","1-2km","bicycle",1.94,0.176363636363636,1.16666666666667,1.23454545454545
"86549/1003",NA,86549,2146,"30-34 years","female",20,7409,"Other",718.065612792969,718.065612792969,"car",0.0833333333333333,1.12,"weekday",1,"20 to 39","1-2km","bicycle",1.12,0.101818181818182,0.583333333333333,0.712727272727273
"86549/1003",NA,86549,2146,"30-34 years","female",20,7410,"Other",718.065612792969,718.065612792969,"car",0.0833333333333333,1.3,"weekday",2,"20 to 39","1-2km","bicycle",1.3,0.118181818181818,0.583333333333333,0.827272727272727
"86549/1003",NA,86549,2146,"30-34 years","female",20,7411,"Other",718.065612792969,718.065612792969,"car",0.0833333333333333,1.12,"weekday",3,"20 to 39","1-2km","bicycle",1.12,0.101818181818182,0.583333333333333,0.712727272727273
"86549/1003",NA,86549,2146,"30-34 years","female",20,7412,"Other",718.065612792969,718.065612792969,"car",0.0833333333333333,1.3,"weekday",4,"20 to 39","1-2km","bicycle",1.3,0.118181818181818,0.583333333333333,0.827272727272727
"86550/1000",NA,86550,2147,"80-84 years","male",20,7413,"Leisure",532.242065429688,532.242065429688,"car",0.0833333333333333,2.39,"weekday",1,"65 plus","3-5km","bicycle",2.39,0.217272727272727,0.583333333333333,1.52090909090909
"86550/1000",NA,86550,2147,"80-84 years","male",20,7415,"Leisure",532.242065429688,532.242065429688,"car",0.0833333333333333,2.39,"weekday",3,"65 plus","3-5km","bicycle",2.39,0.217272727272727,0.583333333333333,1.52090909090909
"86552/1000",NA,86552,2148,"40-44 years","female",20,7416,"Other",830.912109375,830.912109375,"car",0.166666666666667,3.44,"weekday",1,"40 to 64","3-5km","bicycle",3.44,0.312727272727273,1.16666666666667,2.18909090909091
"86552/1000",NA,86552,2148,"40-44 years","female",20,7417,"Other",830.912109375,830.912109375,"car",0.25,2.86,"weekday",2,"40 to 64","3-5km","bicycle",2.86,0.26,1.75,1.82
"86552/1000",NA,86552,2148,"40-44 years","female",20,7418,"Other",830.912109375,830.912109375,"car",0.25,3.44,"weekday",3,"40 to 64","3-5km","bicycle",3.44,0.312727272727273,1.75,2.18909090909091
"86552/1000",NA,86552,2148,"40-44 years","female",20,7419,"Other",830.912109375,830.912109375,"car",0.15,2.86,"weekday",4,"40 to 64","3-5km","bicycle",2.86,0.26,1.05,1.82
"86552/1001",NA,86552,2149,"35-39 years","male",20,7420,"Work",967.957153320312,967.957153320312,"car",0.416666666666667,6.88,"weekday",1,"20 to 39","6-10km","car",6.88,0.416666666666667,2.91666666666667,2.91666666666667
"86552/1001",NA,86552,2149,"35-39 years","male",20,7421,"Work",967.957153320312,967.957153320312,"car",0.416666666666667,7.34,"weekday",2,"20 to 39","6-10km","car",7.34,0.416666666666667,2.91666666666667,2.91666666666667
"86552/1002",NA,86552,2150,"15-19 years","male",20,7422,"Education",782.303466796875,782.303466796875,"car",0.166666666666667,3.44,"weekday",1,"15 to 19","3-5km","bicycle",3.44,0.312727272727273,1.16666666666667,2.18909090909091
"86552/1002",NA,86552,2150,"15-19 years","male",20,7423,"Education",782.303466796875,782.303466796875,"car",0.15,2.86,"weekday",2,"15 to 19","3-5km","bicycle",2.86,0.26,1.05,1.82
"86553/1000",NA,86553,2151,"60-64 years","female",20,7424,"Shopping",531.132019042969,531.132019042969,"car",0.25,1.79,"weekday",1,"40 to 64","1-2km","bicycle",1.79,0.162727272727273,1.75,1.13909090909091
"86553/1000",NA,86553,2151,"60-64 years","female",20,7425,"Shopping",531.132019042969,531.132019042969,"car",0.25,1.71,"weekday",2,"40 to 64","1-2km","bicycle",1.71,0.155454545454545,1.75,1.08818181818182
"86553/1001",NA,86553,2152,"25-29 years","male",20,7426,"Shopping",1189.41027832031,1189.41027832031,"car",0.25,1.79,"weekday",1,"20 to 39","1-2km","bicycle",1.79,0.162727272727273,1.75,1.13909090909091
"86553/1001",NA,86553,2152,"25-29 years","male",20,7427,"Shopping",1189.41027832031,1189.41027832031,"car",0.25,1.71,"weekday",2,"20 to 39","1-2km","bicycle",1.71,0.155454545454545,1.75,1.08818181818182
"86553/1002",NA,86553,2153,"25-29 years","female",20,7428,"Shopping",1240.35559082031,1240.35559082031,"car",0.25,1.79,"weekday",1,"20 to 39","1-2km","bicycle",1.79,0.162727272727273,1.75,1.13909090909091
"86553/1002",NA,86553,2153,"25-29 years","female",20,7429,"Shopping",1240.35559082031,1240.35559082031,"car",0.25,1.71,"weekday",2,"20 to 39","1-2km","bicycle",1.71,0.155454545454545,1.75,1.08818181818182
"86555/1000",NA,86555,2154,"45-49 years","female",20,7430,"Other",848.014831542969,848.014831542969,"car",0.25,2.43,"weekday",1,"40 to 64","3-5km","bicycle",2.43,0.220909090909091,1.75,1.54636363636364
"86555/1000",NA,86555,2154,"45-49 years","female",20,7431,"Education",848.014831542969,848.014831542969,"car",0.0666666666666667,2.45,"weekday",2,"40 to 64","3-5km","bicycle",2.45,0.222727272727273,0.466666666666667,1.55909090909091
"86555/1000",NA,86555,2154,"45-49 years","female",20,7432,"Other",848.014831542969,848.014831542969,"car",0.0833333333333333,2.93,"weekday",3,"40 to 64","3-5km","bicycle",2.93,0.266363636363636,0.583333333333333,1.86454545454545
"86555/1000",NA,86555,2154,"45-49 years","female",20,7433,"Other",848.014831542969,848.014831542969,"car",0.0833333333333333,0.59,"weekday",4,"40 to 64","<1km","bicycle",0.59,0.0536363636363636,0.583333333333333,0.375454545454545
"86555/1000",NA,86555,2154,"45-49 years","female",20,7434,"Other",848.014831542969,848.014831542969,"car",0.25,2.7,"weekday",5,"40 to 64","3-5km","bicycle",2.7,0.245454545454545,1.75,1.71818181818182
"86557/1000",NA,86557,2155,"85-89 years","male",20,7435,"Shopping",394.444702148438,394.444702148438,"car",0.25,4.14,"weekday",1,"65 plus","3-5km","bicycle",4.14,0.376363636363636,1.75,2.63454545454545
"86557/1000",NA,86557,2155,"85-89 years","male",20,7436,"Shopping",394.444702148438,394.444702148438,"car",0.333333333333333,4.56,"weekday",2,"65 plus","3-5km","bicycle",4.56,0.414545454545454,2.33333333333333,2.90181818181818
"86561/1001",NA,86561,2156,"25-29 years","male",20,7437,"Other",242.281494140625,242.281494140625,"car",0.0833333333333333,1,"weekday",1,"20 to 39","1-2km","bicycle",1,0.0909090909090909,0.583333333333333,0.636363636363636
"86561/1001",NA,86561,2156,"25-29 years","male",20,7438,"Other",242.281494140625,242.281494140625,"car",0.0833333333333333,0.99,"weekday",2,"20 to 39","<1km","bicycle",0.99,0.09,0.583333333333333,0.63
"86568/1000",NA,86568,2157,"25-29 years","female",20,7439,"Shopping",283.506378173828,283.506378173828,"car",0.166666666666667,3.02,"weekday",1,"20 to 39","3-5km","bicycle",3.02,0.274545454545455,1.16666666666667,1.92181818181818
"86568/1000",NA,86568,2157,"25-29 years","female",20,7440,"Shopping",283.506378173828,283.506378173828,"car",0.0833333333333333,2.99,"weekday",2,"20 to 39","3-5km","bicycle",2.99,0.271818181818182,0.583333333333333,1.90272727272727
"86568/1001",NA,86568,2158,"25-29 years","male",20,7441,"Work",228.088623046875,228.088623046875,"car",0.166666666666667,5.41,"weekday",1,"20 to 39","6-10km","car",5.41,0.166666666666667,1.16666666666667,1.16666666666667
"86568/1001",NA,86568,2158,"25-29 years","male",20,7442,"Work",228.088623046875,228.088623046875,"car",0.0833333333333333,5.41,"weekday",2,"20 to 39","6-10km","car",5.41,0.0833333333333333,0.583333333333333,0.583333333333333
"86569/1000",NA,86569,2159,"70-74 years","female",20,7443,"Work",105.644348144531,105.644348144531,"car",0.333333333333333,9.55,"weekday",1,"65 plus","6-10km","car",9.55,0.333333333333333,2.33333333333333,2.33333333333333
"86569/1000",NA,86569,2159,"70-74 years","female",20,7444,"Work",105.644348144531,105.644348144531,"car",0.5,9.33,"weekday",2,"65 plus","6-10km","car",9.33,0.5,3.5,3.5
"86571/1000",NA,86571,2160,"55-59 years","male",20,7445,"Work",159.136917114258,159.136917114258,"car",0.25,6.12,"weekday",1,"40 to 64","6-10km","car",6.12,0.25,1.75,1.75
"86571/1000",NA,86571,2160,"55-59 years","male",20,7446,"Work",159.136917114258,159.136917114258,"car",0.333333333333333,6.01,"weekday",2,"40 to 64","6-10km","car",6.01,0.333333333333333,2.33333333333333,2.33333333333333
"86573/1000",NA,86573,2161,"25-29 years","female",20,7447,"Work",301.147644042969,301.147644042969,"car",0.416666666666667,7.84,"weekday",1,"20 to 39","6-10km","car",7.84,0.416666666666667,2.91666666666667,2.91666666666667
"86573/1000",NA,86573,2161,"25-29 years","female",20,7448,"Work",301.147644042969,301.147644042969,"car",0.333333333333333,7.72,"weekday",2,"20 to 39","6-10km","car",7.72,0.333333333333333,2.33333333333333,2.33333333333333
"86573/1001",NA,86573,2162,"30-34 years","male",20,7449,"Other",198.818878173828,198.818878173828,"car",0.166666666666667,4.79,"weekday",1,"20 to 39","3-5km","bicycle",4.79,0.435454545454545,1.16666666666667,3.04818181818182
"86573/1001",NA,86573,2162,"30-34 years","male",20,7450,"Other",198.818878173828,198.818878173828,"car",0.133333333333333,4.36,"weekday",2,"20 to 39","3-5km","bicycle",4.36,0.396363636363636,0.933333333333333,2.77454545454545
"86573/1001",NA,86573,2162,"30-34 years","male",20,7451,"Other",198.818878173828,198.818878173828,"car",0.166666666666667,4.79,"weekday",3,"20 to 39","3-5km","bicycle",4.79,0.435454545454545,1.16666666666667,3.04818181818182
"86573/1001",NA,86573,2162,"30-34 years","male",20,7452,"Other",198.818878173828,198.818878173828,"car",0.116666666666667,4.36,"weekday",4,"20 to 39","3-5km","bicycle",4.36,0.396363636363636,0.816666666666667,2.77454545454545
"86574/1000",NA,86574,2163,"25-29 years","male",20,7453,"Leisure",382.1396484375,382.1396484375,"car",0.25,15.22,"weekday",1,"20 to 39",">10km","car",15.22,0.25,1.75,1.75
"86574/1000",NA,86574,2163,"25-29 years","male",20,7454,"Work",382.1396484375,382.1396484375,"car",0.5,33.39,"weekday",2,"20 to 39",">10km","car",33.39,0.5,3.5,3.5
"86574/1000",NA,86574,2163,"25-29 years","male",20,7455,"Leisure",382.1396484375,382.1396484375,"car",0.25,18.1,"weekday",3,"20 to 39",">10km","car",18.1,0.25,1.75,1.75
"86574/1000",NA,86574,2163,"25-29 years","male",20,7456,"Leisure",382.1396484375,382.1396484375,"car",0.0833333333333333,3.04,"weekday",4,"20 to 39","3-5km","bicycle",3.04,0.276363636363636,0.583333333333333,1.93454545454545
"86574/1001",NA,86574,2164,"30-34 years","female",20,7457,"Other",263.370697021484,263.370697021484,"car",0.05,0.7,"weekday",1,"20 to 39","<1km","bicycle",0.7,0.0636363636363636,0.35,0.445454545454545
"86574/1001",NA,86574,2164,"30-34 years","female",20,7458,"Other",263.370697021484,263.370697021484,"car",0.05,0.7,"weekday",2,"20 to 39","<1km","bicycle",0.7,0.0636363636363636,0.35,0.445454545454545
"86574/1001",NA,86574,2164,"30-34 years","female",20,7459,"Other",263.370697021484,263.370697021484,"car",0.05,0.7,"weekday",3,"20 to 39","<1km","bicycle",0.7,0.0636363636363636,0.35,0.445454545454545
"86574/1001",NA,86574,2164,"30-34 years","female",20,7460,"Other",263.370697021484,263.370697021484,"car",0.05,0.7,"weekday",4,"20 to 39","<1km","bicycle",0.7,0.0636363636363636,0.35,0.445454545454545
"86575/1000",NA,86575,2165,"35-39 years","male",20,7461,"Work",174.027191162109,174.027191162109,"car",0.283333333333333,10.39,"weekday",1,"20 to 39",">10km","car",10.39,0.283333333333333,1.98333333333333,1.98333333333333
"86575/1000",NA,86575,2165,"35-39 years","male",20,7462,"Work",174.027191162109,174.027191162109,"car",0.5,10.17,"weekday",2,"20 to 39",">10km","car",10.17,0.5,3.5,3.5
"86575/1001",NA,86575,2166,"30-34 years","female",20,7463,"Leisure",166.980453491211,166.980453491211,"car",0.0833333333333333,2.78,"weekday",1,"20 to 39","3-5km","bicycle",2.78,0.252727272727273,0.583333333333333,1.76909090909091
"86575/1001",NA,86575,2166,"30-34 years","female",20,7464,"Leisure",166.980453491211,166.980453491211,"car",0.0833333333333333,2.76,"weekday",2,"20 to 39","3-5km","bicycle",2.76,0.250909090909091,0.583333333333333,1.75636363636364
"86578/1000",NA,86578,2167,"30-34 years","male",20,7465,"Work",160.394088745117,160.394088745117,"car",0.333333333333333,7.34,"weekday",1,"20 to 39","6-10km","car",7.34,0.333333333333333,2.33333333333333,2.33333333333333
"86578/1000",NA,86578,2167,"30-34 years","male",20,7466,"Work",160.394088745117,160.394088745117,"car",0.25,7.31,"weekday",2,"20 to 39","6-10km","car",7.31,0.25,1.75,1.75
"86578/1001",NA,86578,2168,"25-29 years","female",20,7467,"Shopping",242.946258544922,242.946258544922,"car",0.166666666666667,7.11,"weekday",1,"20 to 39","6-10km","car",7.11,0.166666666666667,1.16666666666667,1.16666666666667
"86578/1001",NA,86578,2168,"25-29 years","female",20,7468,"Shopping",242.946258544922,242.946258544922,"car",0.166666666666667,7.04,"weekday",2,"20 to 39","6-10km","car",7.04,0.166666666666667,1.16666666666667,1.16666666666667
"86580/1000",NA,86580,2169,"30-34 years","female",20,7469,"Leisure",134.708923339844,134.708923339844,"walking",0.25,0.79,"weekday",1,"20 to 39","<1km","walking",0.79,0.25,1.75,1.75
"86580/1000",NA,86580,2169,"30-34 years","female",20,7470,"Leisure",134.708923339844,134.708923339844,"walking",0.25,0.79,"weekday",2,"20 to 39","<1km","walking",0.79,0.25,1.75,1.75
"86580/1001",NA,86580,2170,"30-34 years","male",20,7471,"Work",160.394088745117,160.394088745117,"car",0.5,26.42,"weekday",1,"20 to 39",">10km","car",26.42,0.5,3.5,3.5
"86580/1001",NA,86580,2170,"30-34 years","male",20,7472,"Work",160.394088745117,160.394088745117,"car",0.5,25.13,"weekday",2,"20 to 39",">10km","car",25.13,0.5,3.5,3.5
"86581/1000",NA,86581,2171,"40-44 years","male",20,7473,"Work",92.8286743164062,92.8286743164062,"car",0.25,12.83,"weekday",1,"40 to 64",">10km","car",12.83,0.25,1.75,1.75
"86581/1000",NA,86581,2171,"40-44 years","male",20,7474,"Work",92.8286743164062,92.8286743164062,"car",0.333333333333333,12.61,"weekday",2,"40 to 64",">10km","car",12.61,0.333333333333333,2.33333333333333,2.33333333333333
"86583/1000",NA,86583,2172,"35-39 years","female",20,7475,"Other",126.796051025391,126.796051025391,"car",0.166666666666667,3.95,"weekday",1,"20 to 39","3-5km","bicycle",3.95,0.359090909090909,1.16666666666667,2.51363636363636
"86583/1000",NA,86583,2172,"35-39 years","female",20,7476,"Other",126.796051025391,126.796051025391,"car",0.2,3.76,"weekday",2,"20 to 39","3-5km","bicycle",3.76,0.341818181818182,1.4,2.39272727272727
"86583/1000",NA,86583,2172,"35-39 years","female",20,7477,"Other",126.796051025391,126.796051025391,"car",0.166666666666667,3.95,"weekday",3,"20 to 39","3-5km","bicycle",3.95,0.359090909090909,1.16666666666667,2.51363636363636
"86583/1000",NA,86583,2172,"35-39 years","female",20,7478,"Other",126.796051025391,126.796051025391,"car",0.116666666666667,3.76,"weekday",4,"20 to 39","3-5km","bicycle",3.76,0.341818181818182,0.816666666666667,2.39272727272727
"86584/1000",NA,86584,2173,"40-44 years","male",20,7479,"Work",129.676559448242,129.676559448242,"car",0.25,16.48,"weekday",1,"40 to 64",">10km","car",16.48,0.25,1.75,1.75
"86584/1000",NA,86584,2173,"40-44 years","male",20,7480,"Work",129.676559448242,129.676559448242,"car",0.25,16.34,"weekday",2,"40 to 64",">10km","car",16.34,0.25,1.75,1.75
"86584/1002",NA,86584,2174,"15-19 years","male",20,7481,"Education",203.738250732422,203.738250732422,"walking",0.133333333333333,0.54,"weekday",1,"15 to 19","<1km","walking",0.54,0.133333333333333,0.933333333333333,0.933333333333333
"86584/1002",NA,86584,2174,"15-19 years","male",20,7482,"Education",203.738250732422,203.738250732422,"public.transport",0.366666666666667,7.66,"weekday",1,"15 to 19","6-10km","public.transport",7.66,0.366666666666667,2.56666666666667,2.56666666666667
"86584/1002",NA,86584,2174,"15-19 years","male",20,7483,"Education",203.738250732422,203.738250732422,"walking",0.05,0.15,"weekday",1,"15 to 19","<1km","walking",0.15,0.05,0.35,0.35
"86584/1002",NA,86584,2174,"15-19 years","male",20,7484,"Education",203.738250732422,203.738250732422,"walking",0.05,0.15,"weekday",2,"15 to 19","<1km","walking",0.15,0.05,0.35,0.35
"86584/1002",NA,86584,2174,"15-19 years","male",20,7485,"Education",203.738250732422,203.738250732422,"public.transport",0.583333333333333,7.6,"weekday",2,"15 to 19","6-10km","public.transport",7.6,0.583333333333333,4.08333333333333,4.08333333333333
"86584/1002",NA,86584,2174,"15-19 years","male",20,7486,"Education",203.738250732422,203.738250732422,"walking",0.116666666666667,0.42,"weekday",2,"15 to 19","<1km","walking",0.42,0.116666666666667,0.816666666666667,0.816666666666667
"86585/1000",NA,86585,2175,"35-39 years","male",20,7487,"Work",163.832672119141,163.832672119141,"car",0.5,22.46,"weekday",1,"20 to 39",">10km","car",22.46,0.5,3.5,3.5
"86585/1000",NA,86585,2175,"35-39 years","male",20,7488,"Work",163.832672119141,163.832672119141,"car",1,23.23,"weekday",2,"20 to 39",">10km","car",23.23,1,7,7
"86585/1001",NA,86585,2176,"35-39 years","female",20,7489,"Other",126.796051025391,126.796051025391,"walking",0.0833333333333333,0.25,"weekday",1,"20 to 39","<1km","walking",0.25,0.0833333333333333,0.583333333333333,0.583333333333333
"86585/1001",NA,86585,2176,"35-39 years","female",20,7490,"Other",126.796051025391,126.796051025391,"public.transport",0.333333333333333,3.59,"weekday",1,"20 to 39","3-5km","public.transport",3.59,0.333333333333333,2.33333333333333,2.33333333333333
"86585/1001",NA,86585,2176,"35-39 years","female",20,7491,"Other",126.796051025391,126.796051025391,"walking",0.05,0.33,"weekday",1,"20 to 39","<1km","walking",0.33,0.05,0.35,0.35
"86585/1001",NA,86585,2176,"35-39 years","female",20,7492,"Other",126.796051025391,126.796051025391,"walking",0.25,0.95,"weekday",2,"20 to 39","<1km","walking",0.95,0.25,1.75,1.75
"86585/1001",NA,86585,2176,"35-39 years","female",20,7493,"Other",126.796051025391,126.796051025391,"public.transport",0.166666666666667,2.79,"weekday",2,"20 to 39","3-5km","public.transport",2.79,0.166666666666667,1.16666666666667,1.16666666666667
"86585/1001",NA,86585,2176,"35-39 years","female",20,7494,"Other",126.796051025391,126.796051025391,"walking",0.0666666666666667,0.25,"weekday",2,"20 to 39","<1km","walking",0.25,0.0666666666666667,0.466666666666667,0.466666666666667
"86585/1001",NA,86585,2176,"35-39 years","female",20,7495,"Other",126.796051025391,126.796051025391,"walking",0.0833333333333333,0.25,"weekday",3,"20 to 39","<1km","walking",0.25,0.0833333333333333,0.583333333333333,0.583333333333333
"86585/1001",NA,86585,2176,"35-39 years","female",20,7496,"Other",126.796051025391,126.796051025391,"public.transport",0.133333333333333,2.8,"weekday",3,"20 to 39","3-5km","public.transport",2.8,0.133333333333333,0.933333333333333,0.933333333333333
"86585/1001",NA,86585,2176,"35-39 years","female",20,7497,"Other",126.796051025391,126.796051025391,"walking",0.216666666666667,0.95,"weekday",3,"20 to 39","<1km","walking",0.95,0.216666666666667,1.51666666666667,1.51666666666667
"86585/1001",NA,86585,2176,"35-39 years","female",20,7498,"Other",126.796051025391,126.796051025391,"walking",0.0833333333333333,0.33,"weekday",4,"20 to 39","<1km","walking",0.33,0.0833333333333333,0.583333333333333,0.583333333333333
"86585/1001",NA,86585,2176,"35-39 years","female",20,7499,"Other",126.796051025391,126.796051025391,"public.transport",0.333333333333333,3.58,"weekday",4,"20 to 39","3-5km","public.transport",3.58,0.333333333333333,2.33333333333333,2.33333333333333
"86585/1001",NA,86585,2176,"35-39 years","female",20,7500,"Other",126.796051025391,126.796051025391,"walking",0.0833333333333333,0.25,"weekday",4,"20 to 39","<1km","walking",0.25,0.0833333333333333,0.583333333333333,0.583333333333333
"86586/1000",NA,86586,2177,"30-34 years","male",20,7501,"Work",187.17204284668,187.17204284668,"car",1,45.57,"weekday",1,"20 to 39",">10km","car",45.57,1,7,7
"86586/1000",NA,86586,2177,"30-34 years","male",20,7502,"Work",187.17204284668,187.17204284668,"car",1,45.8,"weekday",2,"20 to 39",">10km","car",45.8,1,7,7
"86586/1001",NA,86586,2178,"30-34 years","female",20,7503,"Other",157.198715209961,157.198715209961,"car",0.166666666666667,3.85,"weekday",1,"20 to 39","3-5km","bicycle",3.85,0.35,1.16666666666667,2.45
"86586/1001",NA,86586,2178,"30-34 years","female",20,7504,"Work",157.198715209961,157.198715209961,"car",0.416666666666667,25.16,"weekday",2,"20 to 39",">10km","car",25.16,0.416666666666667,2.91666666666667,2.91666666666667
"86586/1001",NA,86586,2178,"30-34 years","female",20,7505,"Other",157.198715209961,157.198715209961,"car",0.5,26.21,"weekday",3,"20 to 39",">10km","car",26.21,0.5,3.5,3.5
"86586/1001",NA,86586,2178,"30-34 years","female",20,7506,"Shopping",157.198715209961,157.198715209961,"car",0.25,2.64,"weekday",4,"20 to 39","3-5km","bicycle",2.64,0.24,1.75,1.68
"86586/1001",NA,86586,2178,"30-34 years","female",20,7507,"Shopping",157.198715209961,157.198715209961,"car",0.166666666666667,1.83,"weekday",5,"20 to 39","1-2km","bicycle",1.83,0.166363636363636,1.16666666666667,1.16454545454545
"86588/1000",NA,86588,2179,"25-29 years","female",20,7508,"Other",283.506378173828,283.506378173828,"car",0.166666666666667,4.17,"weekday",1,"20 to 39","3-5km","bicycle",4.17,0.379090909090909,1.16666666666667,2.65363636363636
"86588/1000",NA,86588,2179,"25-29 years","female",20,7509,"Shopping",283.506378173828,283.506378173828,"car",0.116666666666667,2.64,"weekday",2,"20 to 39","3-5km","bicycle",2.64,0.24,0.816666666666667,1.68
"86588/1000",NA,86588,2179,"25-29 years","female",20,7510,"Shopping",283.506378173828,283.506378173828,"car",0.05,2.15,"weekday",3,"20 to 39","3-5km","bicycle",2.15,0.195454545454545,0.35,1.36818181818182
"86588/1000",NA,86588,2179,"25-29 years","female",20,7511,"Other",283.506378173828,283.506378173828,"car",0.166666666666667,4.17,"weekday",4,"20 to 39","3-5km","bicycle",4.17,0.379090909090909,1.16666666666667,2.65363636363636
"86588/1000",NA,86588,2179,"25-29 years","female",20,7512,"Other",283.506378173828,283.506378173828,"car",0.0833333333333333,3.98,"weekday",5,"20 to 39","3-5km","bicycle",3.98,0.361818181818182,0.583333333333333,2.53272727272727
"86591/1000",NA,86591,2180,"50-54 years","male",20,7513,"Work",172.041442871094,172.041442871094,"car",1.33333333333333,38.38,"weekday",1,"40 to 64",">10km","car",38.38,1.33333333333333,9.33333333333333,9.33333333333333
"86591/1000",NA,86591,2180,"50-54 years","male",20,7514,"Work",172.041442871094,172.041442871094,"car",0.416666666666667,38.67,"weekday",2,"40 to 64",">10km","car",38.67,0.416666666666667,2.91666666666667,2.91666666666667
"86591/1001",NA,86591,2181,"50-54 years","female",20,7515,"Work",176.780258178711,176.780258178711,"car",1.5,41.55,"weekday",1,"40 to 64",">10km","car",41.55,1.5,10.5,10.5
"86591/1001",NA,86591,2181,"50-54 years","female",20,7516,"Work",176.780258178711,176.780258178711,"car",1.5,41.2,"weekday",2,"40 to 64",">10km","car",41.2,1.5,10.5,10.5
"86591/1002",NA,86591,2182,"20-24 years","female",20,7517,"Work",210.157943725586,210.157943725586,"car",1.41666666666667,41.56,"weekday",1,"20 to 39",">10km","car",41.56,1.41666666666667,9.91666666666667,9.91666666666667
"86591/1002",NA,86591,2182,"20-24 years","female",20,7518,"Work",210.157943725586,210.157943725586,"car",1.33333333333333,41.52,"weekday",2,"20 to 39",">10km","car",41.52,1.33333333333333,9.33333333333333,9.33333333333333
"86595/1000",NA,86595,2183,"40-44 years","female",20,7519,"Other",217.286178588867,217.286178588867,"car",0.166666666666667,6.73,"weekday",1,"40 to 64","6-10km","car",6.73,0.166666666666667,1.16666666666667,1.16666666666667
"86595/1000",NA,86595,2183,"40-44 years","female",20,7520,"Other",217.286178588867,217.286178588867,"car",0.166666666666667,6.73,"weekday",2,"40 to 64","6-10km","car",6.73,0.166666666666667,1.16666666666667,1.16666666666667
"86595/1000",NA,86595,2183,"40-44 years","female",20,7521,"Other",217.286178588867,217.286178588867,"car",0.166666666666667,6.73,"weekday",3,"40 to 64","6-10km","car",6.73,0.166666666666667,1.16666666666667,1.16666666666667
"86595/1000",NA,86595,2183,"40-44 years","female",20,7522,"Other",217.286178588867,217.286178588867,"car",0.166666666666667,6.73,"weekday",4,"40 to 64","6-10km","car",6.73,0.166666666666667,1.16666666666667,1.16666666666667
"86595/1001",NA,86595,2184,"50-54 years","male",20,7523,"Work",172.041442871094,172.041442871094,"car",0.583333333333333,32.15,"weekday",1,"40 to 64",">10km","car",32.15,0.583333333333333,4.08333333333333,4.08333333333333
"86595/1001",NA,86595,2184,"50-54 years","male",20,7524,"Work",172.041442871094,172.041442871094,"car",1,30.42,"weekday",2,"40 to 64",">10km","car",30.42,1,7,7
"86599/1000",NA,86599,2185,"35-39 years","male",20,7525,"Other",315.360321044922,315.360321044922,"car",0.166666666666667,8.27,"weekday",1,"20 to 39","6-10km","car",8.27,0.166666666666667,1.16666666666667,1.16666666666667
"86599/1000",NA,86599,2185,"35-39 years","male",20,7526,"Other",315.360321044922,315.360321044922,"car",0.166666666666667,8.29,"weekday",2,"20 to 39","6-10km","car",8.29,0.166666666666667,1.16666666666667,1.16666666666667
"86599/1000",NA,86599,2185,"35-39 years","male",20,7527,"Leisure",315.360321044922,315.360321044922,"walking",0.666666666666667,3.98,"weekday",3,"20 to 39","3-5km","walking",3.98,0.666666666666667,4.66666666666667,4.66666666666667
"86599/1000",NA,86599,2185,"35-39 years","male",20,7528,"Leisure",315.360321044922,315.360321044922,"walking",0.666666666666667,3.98,"weekday",4,"20 to 39","3-5km","walking",3.98,0.666666666666667,4.66666666666667,4.66666666666667
"86599/1000",NA,86599,2185,"35-39 years","male",20,7529,"Shopping",315.360321044922,315.360321044922,"car",0.333333333333333,17.61,"weekday",5,"20 to 39",">10km","car",17.61,0.333333333333333,2.33333333333333,2.33333333333333
"86599/1000",NA,86599,2185,"35-39 years","male",20,7530,"Shopping",315.360321044922,315.360321044922,"car",0.333333333333333,17.68,"weekday",6,"20 to 39",">10km","car",17.68,0.333333333333333,2.33333333333333,2.33333333333333
"86599/1001",NA,86599,2186,"65-69 years","female",20,7531,"Other",274.936340332031,274.936340332031,"car",0.166666666666667,8.27,"weekday",1,"65 plus","6-10km","car",8.27,0.166666666666667,1.16666666666667,1.16666666666667
"86599/1001",NA,86599,2186,"65-69 years","female",20,7532,"Other",274.936340332031,274.936340332031,"car",0.166666666666667,8.29,"weekday",2,"65 plus","6-10km","car",8.29,0.166666666666667,1.16666666666667,1.16666666666667
"86599/1001",NA,86599,2186,"65-69 years","female",20,7533,"Shopping",274.936340332031,274.936340332031,"car",0.666666666666667,34.69,"weekday",3,"65 plus",">10km","car",34.69,0.666666666666667,4.66666666666667,4.66666666666667
"86599/1001",NA,86599,2186,"65-69 years","female",20,7534,"Other",274.936340332031,274.936340332031,"car",0.666666666666667,27.21,"weekday",4,"65 plus",">10km","car",27.21,0.666666666666667,4.66666666666667,4.66666666666667
"86599/1001",NA,86599,2186,"65-69 years","female",20,7535,"Other",274.936340332031,274.936340332031,"car",0.166666666666667,8.29,"weekday",5,"65 plus","6-10km","car",8.29,0.166666666666667,1.16666666666667,1.16666666666667
"86599/1002",NA,86599,2187,"35-39 years","female",20,7536,"Work",298.092132568359,298.092132568359,"car",0.166666666666667,7.8,"weekday",1,"20 to 39","6-10km","car",7.8,0.166666666666667,1.16666666666667,1.16666666666667
"86599/1002",NA,86599,2187,"35-39 years","female",20,7537,"Work",298.092132568359,298.092132568359,"car",0.166666666666667,7.83,"weekday",2,"20 to 39","6-10km","car",7.83,0.166666666666667,1.16666666666667,1.16666666666667
"86600/1000",NA,86600,2188,"40-44 years","male",20,7538,"Work",211.578475952148,211.578475952148,"car",0.583333333333333,31.46,"weekday",1,"40 to 64",">10km","car",31.46,0.583333333333333,4.08333333333333,4.08333333333333
"86600/1000",NA,86600,2188,"40-44 years","male",20,7539,"Work",211.578475952148,211.578475952148,"car",0.583333333333333,31.43,"weekday",2,"40 to 64",">10km","car",31.43,0.583333333333333,4.08333333333333,4.08333333333333
"86600/1001",NA,86600,2189,"35-39 years","female",20,7540,"Leisure",140.541229248047,140.541229248047,"car",0.5,21.91,"weekday",1,"20 to 39",">10km","car",21.91,0.5,3.5,3.5
"86600/1001",NA,86600,2189,"35-39 years","female",20,7541,"Shopping",140.541229248047,140.541229248047,"car",0.416666666666667,17.68,"weekday",2,"20 to 39",">10km","car",17.68,0.416666666666667,2.91666666666667,2.91666666666667
"86600/1001",NA,86600,2189,"35-39 years","female",20,7542,"Shopping",140.541229248047,140.541229248047,"car",0.166666666666667,4.9,"weekday",3,"20 to 39","3-5km","bicycle",4.9,0.445454545454545,1.16666666666667,3.11818181818182
"86601/1000",NA,86601,2190,"55-59 years","male",20,7543,"Work",136.198272705078,136.198272705078,"car",0.666666666666667,29.27,"weekday",1,"40 to 64",">10km","car",29.27,0.666666666666667,4.66666666666667,4.66666666666667
"86601/1000",NA,86601,2190,"55-59 years","male",20,7544,"Work",136.198272705078,136.198272705078,"car",0.75,29.23,"weekday",2,"40 to 64",">10km","car",29.23,0.75,5.25,5.25
"86601/1001",NA,86601,2191,"55-59 years","female",20,7545,"Work",124.50057220459,124.50057220459,"car",0.666666666666667,29.27,"weekday",1,"40 to 64",">10km","car",29.27,0.666666666666667,4.66666666666667,4.66666666666667
"86601/1001",NA,86601,2191,"55-59 years","female",20,7546,"Work",124.50057220459,124.50057220459,"car",0.75,29.23,"weekday",2,"40 to 64",">10km","car",29.23,0.75,5.25,5.25
"86602/1000",NA,86602,2192,"45-49 years","male",20,7547,"Other",269.638153076172,269.638153076172,"car",0.416666666666667,21.14,"weekday",1,"40 to 64",">10km","car",21.14,0.416666666666667,2.91666666666667,2.91666666666667
"86602/1000",NA,86602,2192,"45-49 years","male",20,7548,"Work",269.638153076172,269.638153076172,"car",0.416666666666667,11.7,"weekday",2,"40 to 64",">10km","car",11.7,0.416666666666667,2.91666666666667,2.91666666666667
"86602/1000",NA,86602,2192,"45-49 years","male",20,7549,"Other",269.638153076172,269.638153076172,"car",0.416666666666667,11.62,"weekday",3,"40 to 64",">10km","car",11.62,0.416666666666667,2.91666666666667,2.91666666666667
"86602/1000",NA,86602,2192,"45-49 years","male",20,7550,"Other",269.638153076172,269.638153076172,"car",0.583333333333333,21.16,"weekday",4,"40 to 64",">10km","car",21.16,0.583333333333333,4.08333333333333,4.08333333333333
"86602/1001",NA,86602,2193,"45-49 years","female",20,7551,"Work",368.072875976562,368.072875976562,"car",0.166666666666667,7.36,"weekday",1,"40 to 64","6-10km","car",7.36,0.166666666666667,1.16666666666667,1.16666666666667
"86602/1001",NA,86602,2193,"45-49 years","female",20,7552,"Work",368.072875976562,368.072875976562,"car",0.166666666666667,7.36,"weekday",2,"40 to 64","6-10km","car",7.36,0.166666666666667,1.16666666666667,1.16666666666667
"86602/1001",NA,86602,2193,"45-49 years","female",20,7553,"Leisure",368.072875976562,368.072875976562,"car",0.5,24,"weekday",3,"40 to 64",">10km","car",24,0.5,3.5,3.5
"86602/1001",NA,86602,2193,"45-49 years","female",20,7554,"Leisure",368.072875976562,368.072875976562,"car",0.5,23.79,"weekday",4,"40 to 64",">10km","car",23.79,0.5,3.5,3.5
"86603/1000",NA,86603,2194,"40-44 years","male",20,7555,"Other",309.189117431641,309.189117431641,"car",0.5,14.4,"weekday",1,"40 to 64",">10km","car",14.4,0.5,3.5,3.5
"86603/1000",NA,86603,2194,"40-44 years","male",20,7556,"Other",309.189117431641,309.189117431641,"car",0.5,13.5,"weekday",2,"40 to 64",">10km","car",13.5,0.5,3.5,3.5
"86603/1000",NA,86603,2194,"40-44 years","male",20,7557,"Other",309.189117431641,309.189117431641,"car",0.25,8.74,"weekday",3,"40 to 64","6-10km","car",8.74,0.25,1.75,1.75
"86603/1000",NA,86603,2194,"40-44 years","male",20,7558,"Other",309.189117431641,309.189117431641,"car",0.35,17.61,"weekday",4,"40 to 64",">10km","car",17.61,0.35,2.45,2.45
"86603/1000",NA,86603,2194,"40-44 years","male",20,7559,"Other",309.189117431641,309.189117431641,"car",0.333333333333333,14.4,"weekday",5,"40 to 64",">10km","car",14.4,0.333333333333333,2.33333333333333,2.33333333333333
"86603/1000",NA,86603,2194,"40-44 years","male",20,7560,"Other",309.189117431641,309.189117431641,"car",0.583333333333333,15.72,"weekday",6,"40 to 64",">10km","car",15.72,0.583333333333333,4.08333333333333,4.08333333333333
"86603/1000",NA,86603,2194,"40-44 years","male",20,7561,"Leisure",309.189117431641,309.189117431641,"car",0.316666666666667,8.76,"weekday",7,"40 to 64","6-10km","car",8.76,0.316666666666667,2.21666666666667,2.21666666666667
"86603/1000",NA,86603,2194,"40-44 years","male",20,7562,"Other",309.189117431641,309.189117431641,"car",0.366666666666667,8.86,"weekday",8,"40 to 64","6-10km","car",8.86,0.366666666666667,2.56666666666667,2.56666666666667
"86603/1000",NA,86603,2194,"40-44 years","male",20,7563,"Other",309.189117431641,309.189117431641,"car",0.766666666666667,27.51,"weekday",9,"40 to 64",">10km","car",27.51,0.766666666666667,5.36666666666667,5.36666666666667
"86603/1001",NA,86603,2195,"15-19 years","female",20,7564,"Education",194.907958984375,194.907958984375,"car",0.5,14.4,"weekday",1,"15 to 19",">10km","car",14.4,0.5,3.5,3.5
"86603/1001",NA,86603,2195,"15-19 years","female",20,7565,"Leisure",194.907958984375,194.907958984375,"car",0.583333333333333,15.72,"weekday",2,"15 to 19",">10km","car",15.72,0.583333333333333,4.08333333333333,4.08333333333333
"86603/1001",NA,86603,2195,"15-19 years","female",20,7566,"Leisure",194.907958984375,194.907958984375,"car",0.766666666666667,27.51,"weekday",3,"15 to 19",">10km","car",27.51,0.766666666666667,5.36666666666667,5.36666666666667
"86604/1000",NA,86604,2196,"60-64 years","female",20,7567,"Work",166.379119873047,166.379119873047,"car",2,133.3,"weekday",1,"40 to 64",">10km","car",133.3,2,14,14
"86604/1000",NA,86604,2196,"60-64 years","female",20,7568,"Shopping",166.379119873047,166.379119873047,"car",1,82.59,"weekday",2,"40 to 64",">10km","car",82.59,1,7,7
"86604/1000",NA,86604,2196,"60-64 years","female",20,7569,"Leisure",166.379119873047,166.379119873047,"car",1.25,38.37,"weekday",3,"40 to 64",">10km","car",38.37,1.25,8.75,8.75
"86604/1000",NA,86604,2196,"60-64 years","female",20,7570,"Leisure",166.379119873047,166.379119873047,"car",0.333333333333333,13.61,"weekday",4,"40 to 64",">10km","car",13.61,0.333333333333333,2.33333333333333,2.33333333333333
"86607/1000",NA,86607,2197,"75-79 years","female",20,7571,"Other",149.856811523438,149.856811523438,"car",0.25,6.6,"weekday",1,"65 plus","6-10km","car",6.6,0.25,1.75,1.75
"86607/1000",NA,86607,2197,"75-79 years","female",20,7572,"Other",149.856811523438,149.856811523438,"car",0.25,6.64,"weekday",2,"65 plus","6-10km","car",6.64,0.25,1.75,1.75
"86607/1001",NA,86607,2198,"50-54 years","female",20,7573,"Work",176.780258178711,176.780258178711,"car",0.366666666666667,16.55,"weekday",1,"40 to 64",">10km","car",16.55,0.366666666666667,2.56666666666667,2.56666666666667
"86607/1001",NA,86607,2198,"50-54 years","female",20,7574,"Work",176.780258178711,176.780258178711,"public.transport",0.683333333333333,30.23,"weekday",1,"40 to 64",">10km","public.transport",30.23,0.683333333333333,4.78333333333333,4.78333333333333
"86607/1001",NA,86607,2198,"50-54 years","female",20,7575,"Work",176.780258178711,176.780258178711,"walking",0.116666666666667,0.5,"weekday",1,"40 to 64","<1km","walking",0.5,0.116666666666667,0.816666666666667,0.816666666666667
"86607/1001",NA,86607,2198,"50-54 years","female",20,7576,"Work",176.780258178711,176.780258178711,"walking",0.166666666666667,0.5,"weekday",2,"40 to 64","<1km","walking",0.5,0.166666666666667,1.16666666666667,1.16666666666667
"86607/1001",NA,86607,2198,"50-54 years","female",20,7577,"Work",176.780258178711,176.780258178711,"public.transport",0.683333333333333,30.23,"weekday",2,"40 to 64",">10km","public.transport",30.23,0.683333333333333,4.78333333333333,4.78333333333333
"86607/1001",NA,86607,2198,"50-54 years","female",20,7578,"Work",176.780258178711,176.780258178711,"car",0.35,16.42,"weekday",2,"40 to 64",">10km","car",16.42,0.35,2.45,2.45
"86608/1000",NA,86608,2199,"45-49 years","male",20,7579,"Work",156.624847412109,156.624847412109,"car",1,41.48,"weekday",1,"40 to 64",">10km","car",41.48,1,7,7
"86612/1000",NA,86612,2200,"55-59 years","female",20,7580,"Work",124.50057220459,124.50057220459,"car",0.666666666666667,27.73,"weekday",1,"40 to 64",">10km","car",27.73,0.666666666666667,4.66666666666667,4.66666666666667
"86612/1000",NA,86612,2200,"55-59 years","female",20,7581,"Work",124.50057220459,124.50057220459,"car",0.666666666666667,28,"weekday",2,"40 to 64",">10km","car",28,0.666666666666667,4.66666666666667,4.66666666666667
"86612/1001",NA,86612,2201,"60-64 years","male",20,7582,"Work",144.323944091797,144.323944091797,"car",0.666666666666667,27.73,"weekday",1,"40 to 64",">10km","car",27.73,0.666666666666667,4.66666666666667,4.66666666666667
"86612/1001",NA,86612,2201,"60-64 years","male",20,7583,"Work",144.323944091797,144.323944091797,"car",0.666666666666667,28,"weekday",2,"40 to 64",">10km","car",28,0.666666666666667,4.66666666666667,4.66666666666667
"86613/1000",NA,86613,2202,"45-49 years","male",20,7584,"Work",185.775009155273,185.775009155273,"car",1,49.73,"weekday",1,"40 to 64",">10km","car",49.73,1,7,7
"86613/1000",NA,86613,2202,"45-49 years","male",20,7585,"Work",185.775009155273,185.775009155273,"car",0.5,30.64,"weekday",2,"40 to 64",">10km","car",30.64,0.5,3.5,3.5
"86613/1000",NA,86613,2202,"45-49 years","male",20,7586,"Other",185.775009155273,185.775009155273,"car",0.333333333333333,12.44,"weekday",3,"40 to 64",">10km","car",12.44,0.333333333333333,2.33333333333333,2.33333333333333
"86613/1000",NA,86613,2202,"45-49 years","male",20,7587,"Other",185.775009155273,185.775009155273,"car",0.75,29.8,"weekday",4,"40 to 64",">10km","car",29.8,0.75,5.25,5.25
"86613/1001",NA,86613,2203,"80-84 years","male",20,7588,"Leisure",125.668037414551,125.668037414551,"car",0.666666666666667,27.69,"weekday",1,"65 plus",">10km","car",27.69,0.666666666666667,4.66666666666667,4.66666666666667
"86613/1001",NA,86613,2203,"80-84 years","male",20,7589,"Leisure",125.668037414551,125.668037414551,"car",1,27.75,"weekday",2,"65 plus",">10km","car",27.75,1,7,7
"86613/1002",NA,86613,2204,"45-49 years","female",20,7590,"Leisure",253.594482421875,253.594482421875,"car",0.666666666666667,27.69,"weekday",1,"40 to 64",">10km","car",27.69,0.666666666666667,4.66666666666667,4.66666666666667
"86613/1002",NA,86613,2204,"45-49 years","female",20,7591,"Leisure",253.594482421875,253.594482421875,"car",1,27.75,"weekday",2,"40 to 64",">10km","car",27.75,1,7,7
"86620/1000",NA,86620,2205,"30-34 years","female",20,7592,"Work",72.7955856323242,72.7955856323242,"car",0.5,22.91,"weekday",1,"20 to 39",">10km","car",22.91,0.5,3.5,3.5
"86620/1001",NA,86620,2206,"25-29 years","male",20,7593,"Work",80.8674468994141,80.8674468994141,"other",0.333333333333333,16.33,"weekday",1,"20 to 39",">10km","other",16.33,0.333333333333333,2.33333333333333,2.33333333333333
"86620/1001",NA,86620,2206,"25-29 years","male",20,7594,"Work",80.8674468994141,80.8674468994141,"other",0.333333333333333,16.49,"weekday",2,"20 to 39",">10km","other",16.49,0.333333333333333,2.33333333333333,2.33333333333333
"86623/1000",NA,86623,2207,"55-59 years","female",20,7595,"Work",120.31526184082,120.31526184082,"car",0.833333333333333,21.45,"weekday",1,"40 to 64",">10km","car",21.45,0.833333333333333,5.83333333333333,5.83333333333333
"86623/1000",NA,86623,2207,"55-59 years","female",20,7596,"Work",120.31526184082,120.31526184082,"car",0.816666666666667,21.39,"weekday",2,"40 to 64",">10km","car",21.39,0.816666666666667,5.71666666666667,5.71666666666667
"86629/1000",NA,86629,2208,"25-29 years","female",20,7597,"Work",90.3303756713867,90.3303756713867,"car",0.1,2.33,"weekday",1,"20 to 39","3-5km","bicycle",2.33,0.211818181818182,0.7,1.48272727272727
"86629/1000",NA,86629,2208,"25-29 years","female",20,7598,"Work",90.3303756713867,90.3303756713867,"car",0.116666666666667,2.55,"weekday",2,"20 to 39","3-5km","bicycle",2.55,0.231818181818182,0.816666666666667,1.62272727272727
"86629/1001",NA,86629,2209,"20-24 years","male",20,7599,"Work",117.237274169922,117.237274169922,"car",0.5,20.57,"weekday",1,"20 to 39",">10km","car",20.57,0.5,3.5,3.5
"86629/1001",NA,86629,2209,"20-24 years","male",20,7600,"Work",117.237274169922,117.237274169922,"car",0.5,20.7,"weekday",2,"20 to 39",">10km","car",20.7,0.5,3.5,3.5
"86630/1000",NA,86630,2210,"80-84 years","male",20,7601,"Leisure",111.738418579102,111.738418579102,"walking",0.5,0.69,"weekday",1,"65 plus","<1km","walking",0.69,0.5,3.5,3.5
"86630/1000",NA,86630,2210,"80-84 years","male",20,7602,"Leisure",111.738418579102,111.738418579102,"walking",0.5,0.69,"weekday",2,"65 plus","<1km","walking",0.69,0.5,3.5,3.5
"86630/1000",NA,86630,2210,"80-84 years","male",20,7603,"Shopping",111.738418579102,111.738418579102,"car",0.166666666666667,3.35,"weekday",3,"65 plus","3-5km","bicycle",3.35,0.304545454545455,1.16666666666667,2.13181818181818
"86630/1000",NA,86630,2210,"80-84 years","male",20,7604,"Shopping",111.738418579102,111.738418579102,"car",0.166666666666667,3.33,"weekday",4,"65 plus","3-5km","bicycle",3.33,0.302727272727273,1.16666666666667,2.11909090909091
"86630/1001",NA,86630,2211,"65-69 years","female",20,7605,"Leisure",86.0002593994141,86.0002593994141,"walking",0.5,0.69,"weekday",1,"65 plus","<1km","walking",0.69,0.5,3.5,3.5
"86630/1001",NA,86630,2211,"65-69 years","female",20,7606,"Leisure",86.0002593994141,86.0002593994141,"walking",0.5,0.69,"weekday",2,"65 plus","<1km","walking",0.69,0.5,3.5,3.5
"86633/1001",NA,86633,2212,"30-34 years","female",20,7607,"Work",72.7955856323242,72.7955856323242,"car",0.333333333333333,10.97,"weekday",1,"20 to 39",">10km","car",10.97,0.333333333333333,2.33333333333333,2.33333333333333
"86633/1001",NA,86633,2212,"30-34 years","female",20,7608,"Work",72.7955856323242,72.7955856323242,"car",0.25,11.04,"weekday",2,"20 to 39",">10km","car",11.04,0.25,1.75,1.75
"86633/1001",NA,86633,2212,"30-34 years","female",20,7609,"Leisure",72.7955856323242,72.7955856323242,"walking",0.25,0.33,"weekday",3,"20 to 39","<1km","walking",0.33,0.25,1.75,1.75
"86633/1001",NA,86633,2212,"30-34 years","female",20,7610,"Leisure",72.7955856323242,72.7955856323242,"walking",0.25,0.33,"weekday",4,"20 to 39","<1km","walking",0.33,0.25,1.75,1.75
"86637/1000",NA,86637,2213,"30-34 years","female",20,7611,"Leisure",72.7955856323242,72.7955856323242,"car",0.166666666666667,4.27,"weekday",1,"20 to 39","3-5km","bicycle",4.27,0.388181818181818,1.16666666666667,2.71727272727273
"86637/1000",NA,86637,2213,"30-34 years","female",20,7612,"Leisure",72.7955856323242,72.7955856323242,"car",0.166666666666667,4.22,"weekday",2,"20 to 39","3-5km","bicycle",4.22,0.383636363636364,1.16666666666667,2.68545454545455
"86637/1000",NA,86637,2213,"30-34 years","female",20,7613,"Other",72.7955856323242,72.7955856323242,"car",0.333333333333333,6.05,"weekday",3,"20 to 39","6-10km","car",6.05,0.333333333333333,2.33333333333333,2.33333333333333
"86637/1000",NA,86637,2213,"30-34 years","female",20,7614,"Other",72.7955856323242,72.7955856323242,"car",0.5,14.63,"weekday",4,"20 to 39",">10km","car",14.63,0.5,3.5,3.5
"86637/1000",NA,86637,2213,"30-34 years","female",20,7615,"Other",72.7955856323242,72.7955856323242,"car",0.5,10.38,"weekday",5,"20 to 39",">10km","car",10.38,0.5,3.5,3.5
"86637/1000",NA,86637,2213,"30-34 years","female",20,7616,"Other",72.7955856323242,72.7955856323242,"car",0.25,6.05,"weekday",6,"20 to 39","6-10km","car",6.05,0.25,1.75,1.75
"86637/1000",NA,86637,2213,"30-34 years","female",20,7617,"Other",72.7955856323242,72.7955856323242,"car",1,24.06,"weekday",7,"20 to 39",">10km","car",24.06,1,7,7
"86637/1000",NA,86637,2213,"30-34 years","female",20,7618,"Other",72.7955856323242,72.7955856323242,"car",0.666666666666667,19.11,"weekday",8,"20 to 39",">10km","car",19.11,0.666666666666667,4.66666666666667,4.66666666666667
"86642/1000",NA,86642,2214,"35-39 years","female",20,7619,"Work",69.9950256347656,69.9950256347656,"car",1.75,118.22,"weekday",1,"20 to 39",">10km","car",118.22,1.75,12.25,12.25
"86642/1000",NA,86642,2214,"35-39 years","female",20,7620,"Work",69.9950256347656,69.9950256347656,"car",1.75,118.07,"weekday",2,"20 to 39",">10km","car",118.07,1.75,12.25,12.25
"86645/1000",NA,86645,2215,"55-59 years","female",20,7621,"Other",138.399810791016,138.399810791016,"car",0.166666666666667,2.75,"weekday",1,"40 to 64","3-5km","bicycle",2.75,0.25,1.16666666666667,1.75
"86645/1000",NA,86645,2215,"55-59 years","female",20,7622,"Other",138.399810791016,138.399810791016,"car",0.25,2.72,"weekday",2,"40 to 64","3-5km","bicycle",2.72,0.247272727272727,1.75,1.73090909090909
"86645/1003",NA,86645,2216,"85-89 years","male",20,7623,"Other",64.0561752319336,64.0561752319336,"car",0.166666666666667,2.75,"weekday",1,"65 plus","3-5km","bicycle",2.75,0.25,1.16666666666667,1.75
"86645/1003",NA,86645,2216,"85-89 years","male",20,7624,"Other",64.0561752319336,64.0561752319336,"car",0.25,2.72,"weekday",2,"65 plus","3-5km","bicycle",2.72,0.247272727272727,1.75,1.73090909090909
"86648/1000",NA,86648,2217,"75-79 years","male",20,7625,"Leisure",117.231155395508,117.231155395508,"walking",0.333333333333333,1.34,"weekday",1,"65 plus","1-2km","walking",1.34,0.333333333333333,2.33333333333333,2.33333333333333
"86648/1000",NA,86648,2217,"75-79 years","male",20,7626,"Leisure",117.231155395508,117.231155395508,"walking",0.333333333333333,1.34,"weekday",2,"65 plus","1-2km","walking",1.34,0.333333333333333,2.33333333333333,2.33333333333333
"86648/1001",NA,86648,2218,"45-49 years","male",20,7627,"Work",131.999420166016,131.999420166016,"car",0.333333333333333,22.69,"weekday",1,"40 to 64",">10km","car",22.69,0.333333333333333,2.33333333333333,2.33333333333333
"86648/1001",NA,86648,2218,"45-49 years","male",20,7628,"Work",131.999420166016,131.999420166016,"car",0.75,22.69,"weekday",2,"40 to 64",">10km","car",22.69,0.75,5.25,5.25
"86741/1000",NA,86741,2219,"30-34 years","female",20,7629,"Work",248.344512939453,248.344512939453,"car",0.5,12.15,"weekday",1,"20 to 39",">10km","car",12.15,0.5,3.5,3.5
"86741/1000",NA,86741,2219,"30-34 years","female",20,7630,"Leisure",248.344512939453,248.344512939453,"car",0.5,8.01,"weekday",2,"20 to 39","6-10km","car",8.01,0.5,3.5,3.5
"86741/1000",NA,86741,2219,"30-34 years","female",20,7631,"Other",248.344512939453,248.344512939453,"car",0.5,14.97,"weekday",3,"20 to 39",">10km","car",14.97,0.5,3.5,3.5
"86741/1000",NA,86741,2219,"30-34 years","female",20,7632,"Other",248.344512939453,248.344512939453,"car",0.416666666666667,9.99,"weekday",4,"20 to 39","6-10km","car",9.99,0.416666666666667,2.91666666666667,2.91666666666667
"86741/1000",NA,86741,2219,"30-34 years","female",20,7633,"Shopping",248.344512939453,248.344512939453,"car",0.333333333333333,9.4,"weekday",5,"20 to 39","6-10km","car",9.4,0.333333333333333,2.33333333333333,2.33333333333333
"86741/1000",NA,86741,2219,"30-34 years","female",20,7634,"Shopping",248.344512939453,248.344512939453,"car",0.333333333333333,9.28,"weekday",6,"20 to 39","6-10km","car",9.28,0.333333333333333,2.33333333333333,2.33333333333333
"86741/1001",NA,86741,2220,"30-34 years","female",20,7635,"Work",248.344512939453,248.344512939453,"car",0.666666666666667,30.54,"weekday",1,"20 to 39",">10km","car",30.54,0.666666666666667,4.66666666666667,4.66666666666667
"86741/1001",NA,86741,2220,"30-34 years","female",20,7636,"Leisure",248.344512939453,248.344512939453,"car",0.416666666666667,25.5,"weekday",2,"20 to 39",">10km","car",25.5,0.416666666666667,2.91666666666667,2.91666666666667
"86741/1001",NA,86741,2220,"30-34 years","female",20,7637,"Shopping",248.344512939453,248.344512939453,"car",0.25,8.96,"weekday",3,"20 to 39","6-10km","car",8.96,0.25,1.75,1.75
"86741/1001",NA,86741,2220,"30-34 years","female",20,7638,"Shopping",248.344512939453,248.344512939453,"car",0.166666666666667,3.35,"weekday",4,"20 to 39","3-5km","bicycle",3.35,0.304545454545455,1.16666666666667,2.13181818181818
"86741/1001",NA,86741,2220,"30-34 years","female",20,7639,"Other",248.344512939453,248.344512939453,"car",0.333333333333333,9.4,"weekday",5,"20 to 39","6-10km","car",9.4,0.333333333333333,2.33333333333333,2.33333333333333
"86741/1001",NA,86741,2220,"30-34 years","female",20,7640,"Leisure",248.344512939453,248.344512939453,"car",0.0833333333333333,0.56,"weekday",6,"20 to 39","<1km","bicycle",0.56,0.0509090909090909,0.583333333333333,0.356363636363636
"86741/1001",NA,86741,2220,"30-34 years","female",20,7641,"Other",248.344512939453,248.344512939453,"car",0.0833333333333333,0.53,"weekday",7,"20 to 39","<1km","bicycle",0.53,0.0481818181818182,0.583333333333333,0.337272727272727
"86741/1001",NA,86741,2220,"30-34 years","female",20,7642,"Other",248.344512939453,248.344512939453,"car",0.333333333333333,9.28,"weekday",8,"20 to 39","6-10km","car",9.28,0.333333333333333,2.33333333333333,2.33333333333333
"86742/1001",NA,86742,2221,"40-44 years","female",20,7643,"Work",211.447692871094,211.447692871094,"car",1.33333333333333,88.97,"weekday",1,"40 to 64",">10km","car",88.97,1.33333333333333,9.33333333333333,9.33333333333333
"86742/1001",NA,86742,2221,"40-44 years","female",20,7644,"Work",211.447692871094,211.447692871094,"car",2,89.04,"weekday",2,"40 to 64",">10km","car",89.04,2,14,14
"86743/1000",NA,86743,2222,"50-54 years","female",20,7645,"Shopping",247.441833496094,247.441833496094,"car",0.25,2.77,"weekday",1,"40 to 64","3-5km","bicycle",2.77,0.251818181818182,1.75,1.76272727272727
"86743/1000",NA,86743,2222,"50-54 years","female",20,7646,"Shopping",247.441833496094,247.441833496094,"car",0.25,2.74,"weekday",2,"40 to 64","3-5km","bicycle",2.74,0.249090909090909,1.75,1.74363636363636
"86748/1000",NA,86748,2223,"35-39 years","female",20,7647,"Work",234.266296386719,234.266296386719,"car",0.416666666666667,14.35,"weekday",1,"20 to 39",">10km","car",14.35,0.416666666666667,2.91666666666667,2.91666666666667
"86748/1000",NA,86748,2223,"35-39 years","female",20,7648,"Work",234.266296386719,234.266296386719,"car",0.5,15.08,"weekday",2,"20 to 39",">10km","car",15.08,0.5,3.5,3.5
"86748/1000",NA,86748,2223,"35-39 years","female",20,7649,"Leisure",234.266296386719,234.266296386719,"car",1,15.8,"weekday",3,"20 to 39",">10km","car",15.8,1,7,7
"86748/1000",NA,86748,2223,"35-39 years","female",20,7650,"Leisure",234.266296386719,234.266296386719,"car",0.666666666666667,15.85,"weekday",4,"20 to 39",">10km","car",15.85,0.666666666666667,4.66666666666667,4.66666666666667
"86748/1001",NA,86748,2224,"40-44 years","male",20,7651,"Other",283.161804199219,283.161804199219,"car",0.166666666666667,5.42,"weekday",1,"40 to 64","6-10km","car",5.42,0.166666666666667,1.16666666666667,1.16666666666667
"86748/1001",NA,86748,2224,"40-44 years","male",20,7652,"Other",283.161804199219,283.161804199219,"car",0.166666666666667,5.32,"weekday",2,"40 to 64","6-10km","car",5.32,0.166666666666667,1.16666666666667,1.16666666666667
"86748/1001",NA,86748,2224,"40-44 years","male",20,7653,"Other",283.161804199219,283.161804199219,"car",0.166666666666667,5.42,"weekday",3,"40 to 64","6-10km","car",5.42,0.166666666666667,1.16666666666667,1.16666666666667
"86748/1001",NA,86748,2224,"40-44 years","male",20,7654,"Other",283.161804199219,283.161804199219,"car",0.166666666666667,5.32,"weekday",4,"40 to 64","6-10km","car",5.32,0.166666666666667,1.16666666666667,1.16666666666667
"86754/1000",NA,86754,2225,"45-49 years","male",20,7655,"Other",412.569610595703,412.569610595703,"car",0.166666666666667,4.3,"weekday",1,"40 to 64","3-5km","bicycle",4.3,0.390909090909091,1.16666666666667,2.73636363636364
"86754/1000",NA,86754,2225,"45-49 years","male",20,7656,"Other",412.569610595703,412.569610595703,"car",0.166666666666667,4.28,"weekday",2,"40 to 64","3-5km","bicycle",4.28,0.389090909090909,1.16666666666667,2.72363636363636
"86754/1001",NA,86754,2226,"45-49 years","female",20,7657,"Leisure",402.263244628906,402.263244628906,"car",2.5,104.75,"weekday",1,"40 to 64",">10km","car",104.75,2.5,17.5,17.5
"86754/1002",NA,86754,2227,"15-19 years","male",20,7658,"Education",333.733825683594,333.733825683594,"car",0.166666666666667,4.3,"weekday",1,"15 to 19","3-5km","bicycle",4.3,0.390909090909091,1.16666666666667,2.73636363636364
"86754/1002",NA,86754,2227,"15-19 years","male",20,7659,"Education",333.733825683594,333.733825683594,"public.transport",0.333333333333333,6.93,"weekday",1,"15 to 19","6-10km","public.transport",6.93,0.333333333333333,2.33333333333333,2.33333333333333
"86754/1002",NA,86754,2227,"15-19 years","male",20,7660,"Education",333.733825683594,333.733825683594,"walking",0.05,0.12,"weekday",1,"15 to 19","<1km","walking",0.12,0.05,0.35,0.35
"86754/1002",NA,86754,2227,"15-19 years","male",20,7661,"Education",333.733825683594,333.733825683594,"walking",0.05,0.12,"weekday",2,"15 to 19","<1km","walking",0.12,0.05,0.35,0.35
"86754/1002",NA,86754,2227,"15-19 years","male",20,7662,"Education",333.733825683594,333.733825683594,"public.transport",0.333333333333333,7.04,"weekday",2,"15 to 19","6-10km","public.transport",7.04,0.333333333333333,2.33333333333333,2.33333333333333
"86754/1002",NA,86754,2227,"15-19 years","male",20,7663,"Education",333.733825683594,333.733825683594,"public.transport",0.166666666666667,3.96,"weekday",2,"15 to 19","3-5km","public.transport",3.96,0.166666666666667,1.16666666666667,1.16666666666667
"86754/1002",NA,86754,2227,"15-19 years","male",20,7664,"Education",333.733825683594,333.733825683594,"walking",0.0833333333333333,0.47,"weekday",2,"15 to 19","<1km","walking",0.47,0.0833333333333333,0.583333333333333,0.583333333333333
"86756/1000",NA,86756,2228,"60-64 years","female",20,7665,"Shopping",341.697387695312,341.697387695312,"car",0.333333333333333,4.53,"weekday",1,"40 to 64","3-5km","bicycle",4.53,0.411818181818182,2.33333333333333,2.88272727272727
"86756/1000",NA,86756,2228,"60-64 years","female",20,7666,"Shopping",341.697387695312,341.697387695312,"car",0.416666666666667,4.5,"weekday",2,"40 to 64","3-5km","bicycle",4.5,0.409090909090909,2.91666666666667,2.86363636363636
"86756/1000",NA,86756,2228,"60-64 years","female",20,7667,"Shopping",341.697387695312,341.697387695312,"car",0.5,7.2,"weekday",3,"40 to 64","6-10km","car",7.2,0.5,3.5,3.5
"86756/1000",NA,86756,2228,"60-64 years","female",20,7668,"Shopping",341.697387695312,341.697387695312,"car",0.666666666666667,7.17,"weekday",4,"40 to 64","6-10km","car",7.17,0.666666666666667,4.66666666666667,4.66666666666667
"86756/1001",NA,86756,2229,"60-64 years","male",20,7669,"Work",311.600738525391,311.600738525391,"car",0.583333333333333,15.54,"weekday",1,"40 to 64",">10km","car",15.54,0.583333333333333,4.08333333333333,4.08333333333333
"86756/1001",NA,86756,2229,"60-64 years","male",20,7670,"Work",311.600738525391,311.600738525391,"car",1,15.58,"weekday",2,"40 to 64",">10km","car",15.58,1,7,7
"86756/1002",NA,86756,2230,"25-29 years","male",20,7671,"Leisure",964.048278808594,964.048278808594,"bicycle",0.5,3.78,"weekday",1,"20 to 39","3-5km","bicycle",3.78,0.5,3.5,3.5
"86756/1002",NA,86756,2230,"25-29 years","male",20,7672,"Leisure",964.048278808594,964.048278808594,"bicycle",0.5,3.78,"weekday",2,"20 to 39","3-5km","bicycle",3.78,0.5,3.5,3.5
"86756/1003",NA,86756,2231,"20-24 years","male",20,7673,"Shopping",806.452819824219,806.452819824219,"car",0.5,7.2,"weekday",1,"20 to 39","6-10km","car",7.2,0.5,3.5,3.5
"86756/1003",NA,86756,2231,"20-24 years","male",20,7674,"Shopping",806.452819824219,806.452819824219,"car",0.666666666666667,7.17,"weekday",2,"20 to 39","6-10km","car",7.17,0.666666666666667,4.66666666666667,4.66666666666667
"86759/1000",NA,86759,2232,"50-54 years","female",20,7675,"Shopping",193.905059814453,193.905059814453,"car",0.333333333333333,6.31,"weekday",1,"40 to 64","6-10km","car",6.31,0.333333333333333,2.33333333333333,2.33333333333333
"86759/1000",NA,86759,2232,"50-54 years","female",20,7676,"Shopping",193.905059814453,193.905059814453,"car",0.333333333333333,6.26,"weekday",2,"40 to 64","6-10km","car",6.26,0.333333333333333,2.33333333333333,2.33333333333333
"86759/1001",NA,86759,2233,"55-59 years","male",20,7677,"Work",261.203918457031,261.203918457031,"car",0.666666666666667,13.95,"weekday",1,"40 to 64",">10km","car",13.95,0.666666666666667,4.66666666666667,4.66666666666667
"86759/1001",NA,86759,2233,"55-59 years","male",20,7678,"Work",261.203918457031,261.203918457031,"car",1,13.9,"weekday",2,"40 to 64",">10km","car",13.9,1,7,7
"86761/1000",NA,86761,2234,"40-44 years","female",20,7679,"Work",460.510681152344,460.510681152344,"car",0.5,14.1,"weekday",1,"40 to 64",">10km","car",14.1,0.5,3.5,3.5
"86761/1000",NA,86761,2234,"40-44 years","female",20,7680,"Work",460.510681152344,460.510681152344,"car",0.75,13.68,"weekday",2,"40 to 64",">10km","car",13.68,0.75,5.25,5.25
"86761/1001",NA,86761,2235,"40-44 years","male",20,7681,"Other",387.342620849609,387.342620849609,"car",0.25,7.79,"weekday",1,"40 to 64","6-10km","car",7.79,0.25,1.75,1.75
"86761/1001",NA,86761,2235,"40-44 years","male",20,7682,"Work",387.342620849609,387.342620849609,"car",0.166666666666667,1.47,"weekday",2,"40 to 64","1-2km","bicycle",1.47,0.133636363636364,1.16666666666667,0.935454545454545
"86761/1001",NA,86761,2235,"40-44 years","male",20,7683,"Other",387.342620849609,387.342620849609,"car",0.166666666666667,1.41,"weekday",3,"40 to 64","1-2km","bicycle",1.41,0.128181818181818,1.16666666666667,0.897272727272727
"86761/1001",NA,86761,2235,"40-44 years","male",20,7684,"Other",387.342620849609,387.342620849609,"car",0.416666666666667,7.75,"weekday",4,"40 to 64","6-10km","car",7.75,0.416666666666667,2.91666666666667,2.91666666666667
"86766/1000",NA,86766,2236,"55-59 years","female",20,7685,"Work",285.437072753906,285.437072753906,"car",0.166666666666667,7.23,"weekday",1,"40 to 64","6-10km","car",7.23,0.166666666666667,1.16666666666667,1.16666666666667
"86766/1000",NA,86766,2236,"55-59 years","female",20,7686,"Other",285.437072753906,285.437072753906,"car",0.166666666666667,3.68,"weekday",2,"40 to 64","3-5km","bicycle",3.68,0.334545454545455,1.16666666666667,2.34181818181818
"86766/1000",NA,86766,2236,"55-59 years","female",20,7687,"Other",285.437072753906,285.437072753906,"car",0.25,4.12,"weekday",3,"40 to 64","3-5km","bicycle",4.12,0.374545454545455,1.75,2.62181818181818
"86766/1001",NA,86766,2237,"20-24 years","male",20,7688,"Work",589.546936035156,589.546936035156,"car",0.166666666666667,10.54,"weekday",1,"20 to 39",">10km","car",10.54,0.166666666666667,1.16666666666667,1.16666666666667
"86766/1001",NA,86766,2237,"20-24 years","male",20,7689,"Work",589.546936035156,589.546936035156,"car",0.25,10.46,"weekday",2,"20 to 39",">10km","car",10.46,0.25,1.75,1.75
"86766/1002",NA,86766,2238,"15-19 years","male",20,7690,"Shopping",243.971801757812,243.971801757812,"car",0.333333333333333,7.14,"weekday",1,"15 to 19","6-10km","car",7.14,0.333333333333333,2.33333333333333,2.33333333333333
"86766/1002",NA,86766,2238,"15-19 years","male",20,7691,"Shopping",243.971801757812,243.971801757812,"car",0.333333333333333,7.11,"weekday",2,"15 to 19","6-10km","car",7.11,0.333333333333333,2.33333333333333,2.33333333333333
"86767/1000",NA,86767,2239,"35-39 years","female",20,7692,"Other",320.457489013672,320.457489013672,"car",0.266666666666667,7.34,"weekday",1,"20 to 39","6-10km","car",7.34,0.266666666666667,1.86666666666667,1.86666666666667
"86767/1000",NA,86767,2239,"35-39 years","female",20,7693,"Other",320.457489013672,320.457489013672,"car",0.216666666666667,7.3,"weekday",2,"20 to 39","6-10km","car",7.3,0.216666666666667,1.51666666666667,1.51666666666667
"86767/1000",NA,86767,2239,"35-39 years","female",20,7694,"Shopping",320.457489013672,320.457489013672,"car",0.266666666666667,7.22,"weekday",3,"20 to 39","6-10km","car",7.22,0.266666666666667,1.86666666666667,1.86666666666667
"86767/1000",NA,86767,2239,"35-39 years","female",20,7695,"Work",320.457489013672,320.457489013672,"car",0.0333333333333333,0.72,"weekday",4,"20 to 39","<1km","bicycle",0.72,0.0654545454545454,0.233333333333333,0.458181818181818
"86767/1000",NA,86767,2239,"35-39 years","female",20,7696,"Other",320.457489013672,320.457489013672,"car",0.85,43.5,"weekday",5,"20 to 39",">10km","car",43.5,0.85,5.95,5.95
"86767/1000",NA,86767,2239,"35-39 years","female",20,7697,"Work",320.457489013672,320.457489013672,"car",1.11666666666667,43.43,"weekday",6,"20 to 39",">10km","car",43.43,1.11666666666667,7.81666666666667,7.81666666666667
"86767/1000",NA,86767,2239,"35-39 years","female",20,7698,"Work",320.457489013672,320.457489013672,"car",0.4,6.84,"weekday",7,"20 to 39","6-10km","car",6.84,0.4,2.8,2.8
"86767/1001",NA,86767,2240,"40-44 years","male",20,7699,"Leisure",387.342620849609,387.342620849609,"walking",0.166666666666667,0.86,"weekday",1,"40 to 64","<1km","walking",0.86,0.166666666666667,1.16666666666667,1.16666666666667
"86767/1001",NA,86767,2240,"40-44 years","male",20,7700,"Leisure",387.342620849609,387.342620849609,"walking",0.166666666666667,0.86,"weekday",2,"40 to 64","<1km","walking",0.86,0.166666666666667,1.16666666666667,1.16666666666667
"86767/1001",NA,86767,2240,"40-44 years","male",20,7701,"Other",387.342620849609,387.342620849609,"car",0.25,6.88,"weekday",3,"40 to 64","6-10km","car",6.88,0.25,1.75,1.75
"86767/1001",NA,86767,2240,"40-44 years","male",20,7702,"Other",387.342620849609,387.342620849609,"car",0.85,43.5,"weekday",4,"40 to 64",">10km","car",43.5,0.85,5.95,5.95
"86767/1001",NA,86767,2240,"40-44 years","male",20,7703,"Other",387.342620849609,387.342620849609,"car",1.11666666666667,43.43,"weekday",5,"40 to 64",">10km","car",43.43,1.11666666666667,7.81666666666667,7.81666666666667
"86767/1001",NA,86767,2240,"40-44 years","male",20,7704,"Other",387.342620849609,387.342620849609,"car",0.0166666666666667,0.1,"weekday",6,"40 to 64","<1km","bicycle",0.1,0.00909090909090909,0.116666666666667,0.0636363636363636
"86767/1001",NA,86767,2240,"40-44 years","male",20,7705,"Other",387.342620849609,387.342620849609,"car",0.166666666666667,6.98,"weekday",7,"40 to 64","6-10km","car",6.98,0.166666666666667,1.16666666666667,1.16666666666667
"86800/1000",NA,86800,2241,"45-49 years","female",20,7706,"Other",185.58512878418,185.58512878418,"car",0.366666666666667,17.83,"weekday",1,"40 to 64",">10km","car",17.83,0.366666666666667,2.56666666666667,2.56666666666667
"86800/1000",NA,86800,2241,"45-49 years","female",20,7707,"Shopping",185.58512878418,185.58512878418,"car",0.133333333333333,5.68,"weekday",2,"40 to 64","6-10km","car",5.68,0.133333333333333,0.933333333333333,0.933333333333333
"86800/1000",NA,86800,2241,"45-49 years","female",20,7708,"Other",185.58512878418,185.58512878418,"car",0.416666666666667,14.6,"weekday",3,"40 to 64",">10km","car",14.6,0.416666666666667,2.91666666666667,2.91666666666667
"86800/1000",NA,86800,2241,"45-49 years","female",20,7709,"Other",185.58512878418,185.58512878418,"car",0.333333333333333,15.02,"weekday",4,"40 to 64",">10km","car",15.02,0.333333333333333,2.33333333333333,2.33333333333333
"86800/1000",NA,86800,2241,"45-49 years","female",20,7710,"Other",185.58512878418,185.58512878418,"car",0.25,14.98,"weekday",5,"40 to 64",">10km","car",14.98,0.25,1.75,1.75
"86800/1000",NA,86800,2241,"45-49 years","female",20,7711,"Other",185.58512878418,185.58512878418,"car",0.333333333333333,17.83,"weekday",6,"40 to 64",">10km","car",17.83,0.333333333333333,2.33333333333333,2.33333333333333
"86800/1000",NA,86800,2241,"45-49 years","female",20,7712,"Shopping",185.58512878418,185.58512878418,"car",0.333333333333333,17.29,"weekday",7,"40 to 64",">10km","car",17.29,0.333333333333333,2.33333333333333,2.33333333333333
"86800/1000",NA,86800,2241,"45-49 years","female",20,7713,"Shopping",185.58512878418,185.58512878418,"car",0.0833333333333333,1.65,"weekday",8,"40 to 64","1-2km","bicycle",1.65,0.15,0.583333333333333,1.05
"86800/1001",NA,86800,2242,"15-19 years","male",20,7714,"Leisure",191.803237915039,191.803237915039,"car",0.366666666666667,17.83,"weekday",1,"15 to 19",">10km","car",17.83,0.366666666666667,2.56666666666667,2.56666666666667
"86800/1001",NA,86800,2242,"15-19 years","male",20,7715,"Leisure",191.803237915039,191.803237915039,"car",0.333333333333333,17.29,"weekday",2,"15 to 19",">10km","car",17.29,0.333333333333333,2.33333333333333,2.33333333333333
"86800/1001",NA,86800,2242,"15-19 years","male",20,7716,"Leisure",191.803237915039,191.803237915039,"car",0.0833333333333333,1.65,"weekday",3,"15 to 19","1-2km","bicycle",1.65,0.15,0.583333333333333,1.05
"86802/1000",NA,86802,2243,"35-39 years","female",20,7717,"Other",212.434097290039,212.434097290039,"car",0.166666666666667,1.97,"weekday",1,"20 to 39","1-2km","bicycle",1.97,0.179090909090909,1.16666666666667,1.25363636363636
"86802/1000",NA,86802,2243,"35-39 years","female",20,7718,"Other",212.434097290039,212.434097290039,"car",0.166666666666667,1.86,"weekday",2,"20 to 39","1-2km","bicycle",1.86,0.169090909090909,1.16666666666667,1.18363636363636
"86802/1000",NA,86802,2243,"35-39 years","female",20,7719,"Leisure",212.434097290039,212.434097290039,"car",0.0833333333333333,0.71,"weekday",3,"20 to 39","<1km","bicycle",0.71,0.0645454545454545,0.583333333333333,0.451818181818182
"86802/1000",NA,86802,2243,"35-39 years","female",20,7720,"Leisure",212.434097290039,212.434097290039,"car",0.0833333333333333,0.76,"weekday",4,"20 to 39","<1km","bicycle",0.76,0.0690909090909091,0.583333333333333,0.483636363636364
"86802/1000",NA,86802,2243,"35-39 years","female",20,7721,"Other",212.434097290039,212.434097290039,"car",0.116666666666667,1.08,"weekday",5,"20 to 39","1-2km","bicycle",1.08,0.0981818181818182,0.816666666666667,0.687272727272727
"86802/1000",NA,86802,2243,"35-39 years","female",20,7722,"Other",212.434097290039,212.434097290039,"car",0.133333333333333,1.45,"weekday",6,"20 to 39","1-2km","bicycle",1.45,0.131818181818182,0.933333333333333,0.922727272727273
"86802/1000",NA,86802,2243,"35-39 years","female",20,7723,"Other",212.434097290039,212.434097290039,"car",0.25,1.86,"weekday",7,"20 to 39","1-2km","bicycle",1.86,0.169090909090909,1.75,1.18363636363636
"86802/1000",NA,86802,2243,"35-39 years","female",20,7724,"Shopping",212.434097290039,212.434097290039,"car",0.533333333333333,10.31,"weekday",8,"20 to 39",">10km","car",10.31,0.533333333333333,3.73333333333333,3.73333333333333
"86802/1000",NA,86802,2243,"35-39 years","female",20,7725,"Shopping",212.434097290039,212.434097290039,"car",0.75,10.32,"weekday",9,"20 to 39",">10km","car",10.32,0.75,5.25,5.25
"86802/1001",NA,86802,2244,"40-44 years","male",20,7726,"Leisure",204.532974243164,204.532974243164,"walking",0.5,3.75,"weekday",1,"40 to 64","3-5km","walking",3.75,0.5,3.5,3.5
"86802/1001",NA,86802,2244,"40-44 years","male",20,7727,"Leisure",204.532974243164,204.532974243164,"walking",0.583333333333333,3.75,"weekday",2,"40 to 64","3-5km","walking",3.75,0.583333333333333,4.08333333333333,4.08333333333333
"86802/1001",NA,86802,2244,"40-44 years","male",20,7728,"Other",204.532974243164,204.532974243164,"car",0.166666666666667,1.97,"weekday",3,"40 to 64","1-2km","bicycle",1.97,0.179090909090909,1.16666666666667,1.25363636363636
"86802/1001",NA,86802,2244,"40-44 years","male",20,7729,"Other",204.532974243164,204.532974243164,"car",0.166666666666667,1.86,"weekday",4,"40 to 64","1-2km","bicycle",1.86,0.169090909090909,1.16666666666667,1.18363636363636
"86802/1001",NA,86802,2244,"40-44 years","male",20,7730,"Shopping",204.532974243164,204.532974243164,"car",0.533333333333333,10.31,"weekday",5,"40 to 64",">10km","car",10.31,0.533333333333333,3.73333333333333,3.73333333333333
"86802/1001",NA,86802,2244,"40-44 years","male",20,7731,"Shopping",204.532974243164,204.532974243164,"car",0.75,10.32,"weekday",6,"40 to 64",">10km","car",10.32,0.75,5.25,5.25
"86802/1002",NA,86802,2245,"35-39 years","female",20,7732,"Leisure",212.434097290039,212.434097290039,"walking",0.416666666666667,2.6,"weekday",1,"20 to 39","3-5km","walking",2.6,0.416666666666667,2.91666666666667,2.91666666666667
"86802/1002",NA,86802,2245,"35-39 years","female",20,7733,"Leisure",212.434097290039,212.434097290039,"walking",0.583333333333333,2.6,"weekday",2,"20 to 39","3-5km","walking",2.6,0.583333333333333,4.08333333333333,4.08333333333333
"86802/1002",NA,86802,2245,"35-39 years","female",20,7734,"Other",212.434097290039,212.434097290039,"car",0.116666666666667,1.08,"weekday",3,"20 to 39","1-2km","bicycle",1.08,0.0981818181818182,0.816666666666667,0.687272727272727
"86802/1002",NA,86802,2245,"35-39 years","female",20,7735,"Other",212.434097290039,212.434097290039,"car",0.133333333333333,1.45,"weekday",4,"20 to 39","1-2km","bicycle",1.45,0.131818181818182,0.933333333333333,0.922727272727273
"86802/1002",NA,86802,2245,"35-39 years","female",20,7736,"Other",212.434097290039,212.434097290039,"car",0.25,1.86,"weekday",5,"20 to 39","1-2km","bicycle",1.86,0.169090909090909,1.75,1.18363636363636
"86802/1003",NA,86802,2246,"30-34 years","male",20,7737,"Other",313.588012695312,313.588012695312,"car",0.05,1.08,"weekday",1,"20 to 39","1-2km","bicycle",1.08,0.0981818181818182,0.35,0.687272727272727
"86802/1003",NA,86802,2246,"30-34 years","male",20,7738,"Other",313.588012695312,313.588012695312,"car",0.233333333333333,1.45,"weekday",2,"20 to 39","1-2km","bicycle",1.45,0.131818181818182,1.63333333333333,0.922727272727273
"86802/1003",NA,86802,2246,"30-34 years","male",20,7739,"Work",313.588012695312,313.588012695312,"car",0.333333333333333,9.79,"weekday",3,"20 to 39","6-10km","car",9.79,0.333333333333333,2.33333333333333,2.33333333333333
"86802/1003",NA,86802,2246,"30-34 years","male",20,7740,"Work",313.588012695312,313.588012695312,"car",0.533333333333333,10.49,"weekday",4,"20 to 39",">10km","car",10.49,0.533333333333333,3.73333333333333,3.73333333333333
"86803/1000",NA,86803,2247,"30-34 years","male",20,7741,"Work",313.588012695312,313.588012695312,"car",0.5,25.58,"weekday",1,"20 to 39",">10km","car",25.58,0.5,3.5,3.5
"86803/1000",NA,86803,2247,"30-34 years","male",20,7742,"Work",313.588012695312,313.588012695312,"car",0.5,25.44,"weekday",2,"20 to 39",">10km","car",25.44,0.5,3.5,3.5
"86803/1001",NA,86803,2248,"40-44 years","female",20,7743,"Other",276.858306884766,276.858306884766,"car",0.416666666666667,18.06,"weekday",1,"40 to 64",">10km","car",18.06,0.416666666666667,2.91666666666667,2.91666666666667
"86803/1001",NA,86803,2248,"40-44 years","female",20,7744,"Other",276.858306884766,276.858306884766,"car",0.166666666666667,3.14,"weekday",2,"40 to 64","3-5km","bicycle",3.14,0.285454545454545,1.16666666666667,1.99818181818182
"86803/1001",NA,86803,2248,"40-44 years","female",20,7745,"Other",276.858306884766,276.858306884766,"car",0.5,19.9,"weekday",3,"40 to 64",">10km","car",19.9,0.5,3.5,3.5
"86803/1001",NA,86803,2248,"40-44 years","female",20,7746,"Other",276.858306884766,276.858306884766,"car",0.45,18.06,"weekday",4,"40 to 64",">10km","car",18.06,0.45,3.15,3.15
"86803/1001",NA,86803,2248,"40-44 years","female",20,7747,"Other",276.858306884766,276.858306884766,"car",0.166666666666667,3.14,"weekday",5,"40 to 64","3-5km","bicycle",3.14,0.285454545454545,1.16666666666667,1.99818181818182
"86803/1001",NA,86803,2248,"40-44 years","female",20,7748,"Other",276.858306884766,276.858306884766,"car",0.316666666666667,19.9,"weekday",6,"40 to 64",">10km","car",19.9,0.316666666666667,2.21666666666667,2.21666666666667
"86804/1000",NA,86804,2249,"45-49 years","male",20,7749,"Other",171.093643188477,171.093643188477,"car",0.133333333333333,1.24,"weekday",1,"40 to 64","1-2km","bicycle",1.24,0.112727272727273,0.933333333333333,0.789090909090909
"86804/1000",NA,86804,2249,"45-49 years","male",20,7750,"Other",171.093643188477,171.093643188477,"car",0.0833333333333333,1.35,"weekday",2,"40 to 64","1-2km","bicycle",1.35,0.122727272727273,0.583333333333333,0.859090909090909
"86804/1000",NA,86804,2249,"45-49 years","male",20,7751,"Other",171.093643188477,171.093643188477,"car",0.1,1.24,"weekday",3,"40 to 64","1-2km","bicycle",1.24,0.112727272727273,0.7,0.789090909090909
"86804/1000",NA,86804,2249,"45-49 years","male",20,7752,"Shopping",171.093643188477,171.093643188477,"car",0.0666666666666667,2.47,"weekday",4,"40 to 64","3-5km","bicycle",2.47,0.224545454545455,0.466666666666667,1.57181818181818
"86804/1000",NA,86804,2249,"45-49 years","male",20,7753,"Shopping",171.093643188477,171.093643188477,"car",0.333333333333333,3.31,"weekday",5,"40 to 64","3-5km","bicycle",3.31,0.300909090909091,2.33333333333333,2.10636363636364
"86808/1000",NA,86808,2250,"70-74 years","male",20,7754,"Other",103.645225524902,103.645225524902,"car",1.16666666666667,23.15,"weekday",1,"65 plus",">10km","car",23.15,1.16666666666667,8.16666666666667,8.16666666666667
"86808/1000",NA,86808,2250,"70-74 years","male",20,7755,"Other",103.645225524902,103.645225524902,"car",0.583333333333333,23.52,"weekday",2,"65 plus",">10km","car",23.52,0.583333333333333,4.08333333333333,4.08333333333333
"86808/1001",NA,86808,2251,"60-64 years","female",20,7756,"Work",170.002777099609,170.002777099609,"car",0.5,17.52,"weekday",1,"40 to 64",">10km","car",17.52,0.5,3.5,3.5
"86808/1001",NA,86808,2251,"60-64 years","female",20,7757,"Work",170.002777099609,170.002777099609,"car",0.833333333333333,10.28,"weekday",2,"40 to 64",">10km","car",10.28,0.833333333333333,5.83333333333333,5.83333333333333
"86808/1001",NA,86808,2251,"60-64 years","female",20,7758,"Work",170.002777099609,170.002777099609,"car",0.233333333333333,4.46,"weekday",3,"40 to 64","3-5km","bicycle",4.46,0.405454545454545,1.63333333333333,2.83818181818182
"86808/1001",NA,86808,2251,"60-64 years","female",20,7759,"Work",170.002777099609,170.002777099609,"car",0.333333333333333,10.49,"weekday",4,"40 to 64",">10km","car",10.49,0.333333333333333,2.33333333333333,2.33333333333333
"86809/1000",NA,86809,2252,"45-49 years","female",20,7760,"Other",185.58512878418,185.58512878418,"car",0.25,10.77,"weekday",1,"40 to 64",">10km","car",10.77,0.25,1.75,1.75
"86809/1000",NA,86809,2252,"45-49 years","female",20,7761,"Other",185.58512878418,185.58512878418,"car",0.25,10.85,"weekday",2,"40 to 64",">10km","car",10.85,0.25,1.75,1.75
"86809/1000",NA,86809,2252,"45-49 years","female",20,7762,"Other",185.58512878418,185.58512878418,"car",0.25,10.77,"weekday",3,"40 to 64",">10km","car",10.77,0.25,1.75,1.75
"86809/1000",NA,86809,2252,"45-49 years","female",20,7763,"Other",185.58512878418,185.58512878418,"car",0.25,10.85,"weekday",4,"40 to 64",">10km","car",10.85,0.25,1.75,1.75
"86810/1000",NA,86810,2253,"70-74 years","male",20,7764,"Leisure",91.9685287475586,91.9685287475586,"car",0.166666666666667,1.89,"weekday",1,"65 plus","1-2km","bicycle",1.89,0.171818181818182,1.16666666666667,1.20272727272727
"86810/1000",NA,86810,2253,"70-74 years","male",20,7765,"Leisure",91.9685287475586,91.9685287475586,"car",0.25,1.89,"weekday",2,"65 plus","1-2km","bicycle",1.89,0.171818181818182,1.75,1.20272727272727
"86810/1000",NA,86810,2253,"70-74 years","male",20,7766,"Leisure",91.9685287475586,91.9685287475586,"walking",0.25,0.51,"weekday",3,"65 plus","<1km","walking",0.51,0.25,1.75,1.75
"86810/1000",NA,86810,2253,"70-74 years","male",20,7767,"Leisure",91.9685287475586,91.9685287475586,"walking",0.516666666666667,0.51,"weekday",4,"65 plus","<1km","walking",0.51,0.516666666666667,3.61666666666667,3.61666666666667
"86810/1000",NA,86810,2253,"70-74 years","male",20,7768,"Shopping",91.9685287475586,91.9685287475586,"car",0.05,0.88,"weekday",5,"65 plus","<1km","bicycle",0.88,0.08,0.35,0.56
"86810/1000",NA,86810,2253,"70-74 years","male",20,7769,"Shopping",91.9685287475586,91.9685287475586,"car",0.05,0.75,"weekday",6,"65 plus","<1km","bicycle",0.75,0.0681818181818182,0.35,0.477272727272727
"86811/1000",NA,86811,2254,"35-39 years","male",20,7770,"Work",124.57698059082,124.57698059082,"public.transport",0.233333333333333,4.25,"weekday",1,"20 to 39","3-5km","public.transport",4.25,0.233333333333333,1.63333333333333,1.63333333333333
"86811/1000",NA,86811,2254,"35-39 years","male",20,7771,"Work",124.57698059082,124.57698059082,"car",1,34.54,"weekday",2,"20 to 39",">10km","car",34.54,1,7,7
"86811/1000",NA,86811,2254,"35-39 years","male",20,7772,"Work",124.57698059082,124.57698059082,"car",0.583333333333333,31.1,"weekday",3,"20 to 39",">10km","car",31.1,0.583333333333333,4.08333333333333,4.08333333333333
"86811/1000",NA,86811,2254,"35-39 years","male",20,7773,"Other",124.57698059082,124.57698059082,"car",0.0833333333333333,1.42,"weekday",4,"20 to 39","1-2km","bicycle",1.42,0.129090909090909,0.583333333333333,0.903636363636364
"86811/1000",NA,86811,2254,"35-39 years","male",20,7774,"Other",124.57698059082,124.57698059082,"car",0.0833333333333333,1.47,"weekday",5,"20 to 39","1-2km","bicycle",1.47,0.133636363636364,0.583333333333333,0.935454545454545
"86811/1000",NA,86811,2254,"35-39 years","male",20,7775,"Shopping",124.57698059082,124.57698059082,"car",0.166666666666667,1.42,"weekday",6,"20 to 39","1-2km","bicycle",1.42,0.129090909090909,1.16666666666667,0.903636363636364
"86811/1000",NA,86811,2254,"35-39 years","male",20,7776,"Shopping",124.57698059082,124.57698059082,"car",0.0833333333333333,1.47,"weekday",7,"20 to 39","1-2km","bicycle",1.47,0.133636363636364,0.583333333333333,0.935454545454545
"86812/1000",NA,86812,2255,"60-64 years","female",20,7777,"Work",150.850219726562,150.850219726562,"car",0.5,22.28,"weekday",1,"40 to 64",">10km","car",22.28,0.5,3.5,3.5
"86812/1000",NA,86812,2255,"60-64 years","female",20,7778,"Work",150.850219726562,150.850219726562,"car",0.583333333333333,22.4,"weekday",2,"40 to 64",">10km","car",22.4,0.583333333333333,4.08333333333333,4.08333333333333
"86813/1000",NA,86813,2256,"70-74 years","male",20,7779,"Other",91.9685287475586,91.9685287475586,"car",0.333333333333333,13.94,"weekday",1,"65 plus",">10km","car",13.94,0.333333333333333,2.33333333333333,2.33333333333333
"86813/1000",NA,86813,2256,"70-74 years","male",20,7780,"Other",91.9685287475586,91.9685287475586,"car",0.333333333333333,13.71,"weekday",2,"65 plus",">10km","car",13.71,0.333333333333333,2.33333333333333,2.33333333333333
"86813/1000",NA,86813,2256,"70-74 years","male",20,7781,"Shopping",91.9685287475586,91.9685287475586,"car",0.0833333333333333,1.36,"weekday",3,"65 plus","1-2km","bicycle",1.36,0.123636363636364,0.583333333333333,0.865454545454545
"86813/1000",NA,86813,2256,"70-74 years","male",20,7782,"Shopping",91.9685287475586,91.9685287475586,"car",0.0833333333333333,1.42,"weekday",4,"65 plus","1-2km","bicycle",1.42,0.129090909090909,0.583333333333333,0.903636363636364
"86815/1000",NA,86815,2257,"55-59 years","male",20,7783,"Work",185.705001831055,185.705001831055,"car",1,35.08,"weekday",1,"40 to 64",">10km","car",35.08,1,7,7
"86815/1000",NA,86815,2257,"55-59 years","male",20,7784,"Work",185.705001831055,185.705001831055,"car",1.16666666666667,34.68,"weekday",2,"40 to 64",">10km","car",34.68,1.16666666666667,8.16666666666667,8.16666666666667
"86815/1000",NA,86815,2257,"55-59 years","male",20,7785,"Shopping",185.705001831055,185.705001831055,"car",0.5,21.2,"weekday",3,"40 to 64",">10km","car",21.2,0.5,3.5,3.5
"86815/1000",NA,86815,2257,"55-59 years","male",20,7786,"Shopping",185.705001831055,185.705001831055,"car",0.5,21.14,"weekday",4,"40 to 64",">10km","car",21.14,0.5,3.5,3.5
"86815/1001",NA,86815,2258,"50-54 years","female",20,7787,"Other",170.989166259766,170.989166259766,"car",0.166666666666667,1.3,"weekday",1,"40 to 64","1-2km","bicycle",1.3,0.118181818181818,1.16666666666667,0.827272727272727
"86815/1001",NA,86815,2258,"50-54 years","female",20,7788,"Other",170.989166259766,170.989166259766,"car",0.166666666666667,1.41,"weekday",2,"40 to 64","1-2km","bicycle",1.41,0.128181818181818,1.16666666666667,0.897272727272727
"86815/1001",NA,86815,2258,"50-54 years","female",20,7789,"Other",170.989166259766,170.989166259766,"car",0.166666666666667,1.3,"weekday",3,"40 to 64","1-2km","bicycle",1.3,0.118181818181818,1.16666666666667,0.827272727272727
"86815/1001",NA,86815,2258,"50-54 years","female",20,7790,"Other",170.989166259766,170.989166259766,"car",0.166666666666667,1.41,"weekday",4,"40 to 64","1-2km","bicycle",1.41,0.128181818181818,1.16666666666667,0.897272727272727
"86815/1001",NA,86815,2258,"50-54 years","female",20,7791,"Shopping",170.989166259766,170.989166259766,"car",0.5,21.2,"weekday",5,"40 to 64",">10km","car",21.2,0.5,3.5,3.5
"86815/1001",NA,86815,2258,"50-54 years","female",20,7792,"Shopping",170.989166259766,170.989166259766,"car",0.5,21.14,"weekday",6,"40 to 64",">10km","car",21.14,0.5,3.5,3.5
"86819/1000",NA,86819,2259,"40-44 years","female",20,7793,"Other",276.858306884766,276.858306884766,"car",0.0833333333333333,1.45,"weekday",1,"40 to 64","1-2km","bicycle",1.45,0.131818181818182,0.583333333333333,0.922727272727273
"86819/1000",NA,86819,2259,"40-44 years","female",20,7794,"Other",276.858306884766,276.858306884766,"car",0.166666666666667,6.22,"weekday",2,"40 to 64","6-10km","car",6.22,0.166666666666667,1.16666666666667,1.16666666666667
"86819/1000",NA,86819,2259,"40-44 years","female",20,7795,"Other",276.858306884766,276.858306884766,"car",0.283333333333333,7.38,"weekday",3,"40 to 64","6-10km","car",7.38,0.283333333333333,1.98333333333333,1.98333333333333
"86819/1000",NA,86819,2259,"40-44 years","female",20,7796,"Shopping",276.858306884766,276.858306884766,"car",0.45,27.35,"weekday",4,"40 to 64",">10km","car",27.35,0.45,3.15,3.15
"86819/1000",NA,86819,2259,"40-44 years","female",20,7797,"Shopping",276.858306884766,276.858306884766,"car",0.666666666666667,19.22,"weekday",5,"40 to 64",">10km","car",19.22,0.666666666666667,4.66666666666667,4.66666666666667
"86819/1000",NA,86819,2259,"40-44 years","female",20,7798,"Shopping",276.858306884766,276.858306884766,"car",0.35,9.64,"weekday",6,"40 to 64","6-10km","car",9.64,0.35,2.45,2.45
"86819/1000",NA,86819,2259,"40-44 years","female",20,7799,"Other",276.858306884766,276.858306884766,"car",0.0833333333333333,1.45,"weekday",7,"40 to 64","1-2km","bicycle",1.45,0.131818181818182,0.583333333333333,0.922727272727273
"86819/1000",NA,86819,2259,"40-44 years","female",20,7800,"Other",276.858306884766,276.858306884766,"car",0.166666666666667,6.22,"weekday",8,"40 to 64","6-10km","car",6.22,0.166666666666667,1.16666666666667,1.16666666666667
"86819/1000",NA,86819,2259,"40-44 years","female",20,7801,"Other",276.858306884766,276.858306884766,"car",0.25,7.38,"weekday",9,"40 to 64","6-10km","car",7.38,0.25,1.75,1.75
"86819/1001",NA,86819,2260,"40-44 years","male",20,7802,"Shopping",204.532974243164,204.532974243164,"car",0.45,27.35,"weekday",1,"40 to 64",">10km","car",27.35,0.45,3.15,3.15
"86819/1001",NA,86819,2260,"40-44 years","male",20,7803,"Shopping",204.532974243164,204.532974243164,"car",0.666666666666667,19.22,"weekday",2,"40 to 64",">10km","car",19.22,0.666666666666667,4.66666666666667,4.66666666666667
"86819/1001",NA,86819,2260,"40-44 years","male",20,7804,"Shopping",204.532974243164,204.532974243164,"car",0.35,9.64,"weekday",3,"40 to 64","6-10km","car",9.64,0.35,2.45,2.45
"86819/1002",NA,86819,2261,"15-19 years","male",20,7805,"Other",321.347106933594,321.347106933594,"car",0.0833333333333333,1.45,"weekday",1,"15 to 19","1-2km","bicycle",1.45,0.131818181818182,0.583333333333333,0.922727272727273
"86819/1002",NA,86819,2261,"15-19 years","male",20,7806,"Education",321.347106933594,321.347106933594,"car",0.166666666666667,6.22,"weekday",2,"15 to 19","6-10km","car",6.22,0.166666666666667,1.16666666666667,1.16666666666667
"86819/1002",NA,86819,2261,"15-19 years","male",20,7807,"Education",321.347106933594,321.347106933594,"car",0.25,7.38,"weekday",3,"15 to 19","6-10km","car",7.38,0.25,1.75,1.75
"86820/1000",NA,86820,2262,"45-49 years","male",20,7808,"Work",130.098175048828,130.098175048828,"car",0.0666666666666667,3.96,"weekday",1,"40 to 64","3-5km","bicycle",3.96,0.36,0.466666666666667,2.52
"86820/1000",NA,86820,2262,"45-49 years","male",20,7809,"Work",130.098175048828,130.098175048828,"public.transport",0.6,19.99,"weekday",1,"40 to 64",">10km","public.transport",19.99,0.6,4.2,4.2
"86820/1000",NA,86820,2262,"45-49 years","male",20,7810,"Work",130.098175048828,130.098175048828,"walking",0.116666666666667,0.35,"weekday",1,"40 to 64","<1km","walking",0.35,0.116666666666667,0.816666666666667,0.816666666666667
"86820/1000",NA,86820,2262,"45-49 years","male",20,7811,"Other",130.098175048828,130.098175048828,"walking",0.0833333333333333,0.26,"weekday",2,"40 to 64","<1km","walking",0.26,0.0833333333333333,0.583333333333333,0.583333333333333
"86820/1000",NA,86820,2262,"45-49 years","male",20,7812,"Shopping",130.098175048828,130.098175048828,"walking",0.0833333333333333,0.59,"weekday",3,"40 to 64","<1km","walking",0.59,0.0833333333333333,0.583333333333333,0.583333333333333
"86820/1000",NA,86820,2262,"45-49 years","male",20,7813,"Shopping",130.098175048828,130.098175048828,"public.transport",0.7,19.99,"weekday",3,"40 to 64",">10km","public.transport",19.99,0.7,4.9,4.9
"86820/1000",NA,86820,2262,"45-49 years","male",20,7814,"Shopping",130.098175048828,130.098175048828,"car",0.183333333333333,4.36,"weekday",3,"40 to 64","3-5km","bicycle",4.36,0.396363636363636,1.28333333333333,2.77454545454545
"86820/1000",NA,86820,2262,"45-49 years","male",20,7815,"Shopping",130.098175048828,130.098175048828,"car",0.05,0.75,"weekday",4,"40 to 64","<1km","bicycle",0.75,0.0681818181818182,0.35,0.477272727272727
"86820/1000",NA,86820,2262,"45-49 years","male",20,7816,"Other",130.098175048828,130.098175048828,"car",0.2,10.74,"weekday",5,"40 to 64",">10km","car",10.74,0.2,1.4,1.4
"86820/1000",NA,86820,2262,"45-49 years","male",20,7817,"Other",130.098175048828,130.098175048828,"car",0.216666666666667,10.66,"weekday",6,"40 to 64",">10km","car",10.66,0.216666666666667,1.51666666666667,1.51666666666667
"86821/1001",NA,86821,2263,"30-34 years","female",20,7818,"Education",166.980453491211,166.980453491211,"walking",0.466666666666667,1.51,"weekday",1,"20 to 39","1-2km","walking",1.51,0.466666666666667,3.26666666666667,3.26666666666667
"86821/1001",NA,86821,2263,"30-34 years","female",20,7819,"Education",166.980453491211,166.980453491211,"walking",0.4,1.51,"weekday",2,"20 to 39","1-2km","walking",1.51,0.4,2.8,2.8
"86822/1001",NA,86822,2264,"50-54 years","male",20,7820,"Work",215.5634765625,215.5634765625,"car",0.666666666666667,30.53,"weekday",1,"40 to 64",">10km","car",30.53,0.666666666666667,4.66666666666667,4.66666666666667
"86822/1001",NA,86822,2264,"50-54 years","male",20,7821,"Work",215.5634765625,215.5634765625,"car",1.08333333333333,30.97,"weekday",2,"40 to 64",">10km","car",30.97,1.08333333333333,7.58333333333333,7.58333333333333
"86828/1000",NA,86828,2265,"45-49 years","male",20,7822,"Other",146.615966796875,146.615966796875,"car",0.75,26.03,"weekday",1,"40 to 64",">10km","car",26.03,0.75,5.25,5.25
"86828/1000",NA,86828,2265,"45-49 years","male",20,7823,"Work",146.615966796875,146.615966796875,"car",0.333333333333333,10.66,"weekday",2,"40 to 64",">10km","car",10.66,0.333333333333333,2.33333333333333,2.33333333333333
"86828/1000",NA,86828,2265,"45-49 years","male",20,7824,"Work",146.615966796875,146.615966796875,"car",0.5,19.08,"weekday",3,"40 to 64",">10km","car",19.08,0.5,3.5,3.5
"86828/1001",NA,86828,2266,"75-79 years","male",20,7825,"Leisure",94.0405426025391,94.0405426025391,"car",0.1,1.17,"weekday",1,"65 plus","1-2km","bicycle",1.17,0.106363636363636,0.7,0.744545454545455
"86832/1000",NA,86832,2267,"80-84 years","male",20,7828,"Other",85.9947814941406,85.9947814941406,"car",0.25,10.83,"weekday",1,"65 plus",">10km","car",10.83,0.25,1.75,1.75
"86832/1000",NA,86832,2267,"80-84 years","male",20,7829,"Other",85.9947814941406,85.9947814941406,"car",0.25,11,"weekday",2,"65 plus",">10km","car",11,0.25,1.75,1.75
"86834/1000",NA,86834,2268,"75-79 years","female",20,7830,"Other",179.141998291016,179.141998291016,"car",1.25,55.55,"weekday",1,"65 plus",">10km","car",55.55,1.25,8.75,8.75
"86834/1000",NA,86834,2268,"75-79 years","female",20,7831,"Shopping",179.141998291016,179.141998291016,"car",1.5,61.36,"weekday",2,"65 plus",">10km","car",61.36,1.5,10.5,10.5
"86834/1000",NA,86834,2268,"75-79 years","female",20,7832,"Shopping",179.141998291016,179.141998291016,"car",0.5,13.82,"weekday",3,"65 plus",">10km","car",13.82,0.5,3.5,3.5
"86834/1001",NA,86834,2269,"80-84 years","male",20,7833,"Other",150.226211547852,150.226211547852,"car",1.25,55.55,"weekday",1,"65 plus",">10km","car",55.55,1.25,8.75,8.75
"86834/1001",NA,86834,2269,"80-84 years","male",20,7834,"Shopping",150.226211547852,150.226211547852,"car",1.5,61.36,"weekday",2,"65 plus",">10km","car",61.36,1.5,10.5,10.5
"86834/1001",NA,86834,2269,"80-84 years","male",20,7835,"Shopping",150.226211547852,150.226211547852,"car",0.5,13.82,"weekday",3,"65 plus",">10km","car",13.82,0.5,3.5,3.5
"86834/1002",NA,86834,2270,"55-59 years","female",20,7836,"Other",217.49284362793,217.49284362793,"car",1.25,55.55,"weekday",1,"40 to 64",">10km","car",55.55,1.25,8.75,8.75
"86834/1002",NA,86834,2270,"55-59 years","female",20,7837,"Shopping",217.49284362793,217.49284362793,"car",1.5,61.36,"weekday",2,"40 to 64",">10km","car",61.36,1.5,10.5,10.5
"86834/1002",NA,86834,2270,"55-59 years","female",20,7838,"Shopping",217.49284362793,217.49284362793,"car",0.5,13.82,"weekday",3,"40 to 64",">10km","car",13.82,0.5,3.5,3.5
"86834/1003",NA,86834,2271,"50-54 years","male",20,7839,"Other",205.661956787109,205.661956787109,"car",1.25,55.55,"weekday",1,"40 to 64",">10km","car",55.55,1.25,8.75,8.75
"86834/1003",NA,86834,2271,"50-54 years","male",20,7840,"Shopping",205.661956787109,205.661956787109,"car",1.5,61.36,"weekday",2,"40 to 64",">10km","car",61.36,1.5,10.5,10.5
"86834/1003",NA,86834,2271,"50-54 years","male",20,7841,"Shopping",205.661956787109,205.661956787109,"car",0.5,13.82,"weekday",3,"40 to 64",">10km","car",13.82,0.5,3.5,3.5
"86835/1000",NA,86835,2272,"65-69 years","male",20,7842,"Shopping",199.9111328125,199.9111328125,"car",0.166666666666667,5.21,"weekday",1,"65 plus","6-10km","car",5.21,0.166666666666667,1.16666666666667,1.16666666666667
"86835/1000",NA,86835,2272,"65-69 years","male",20,7843,"Shopping",199.9111328125,199.9111328125,"car",0.166666666666667,5.15,"weekday",2,"65 plus","6-10km","car",5.15,0.166666666666667,1.16666666666667,1.16666666666667
"86843/1000",NA,86843,2273,"85-89 years","male",20,7844,"Other",82.8858871459961,82.8858871459961,"car",0.25,14.95,"weekday",1,"65 plus",">10km","car",14.95,0.25,1.75,1.75
"86843/1000",NA,86843,2273,"85-89 years","male",20,7845,"Shopping",82.8858871459961,82.8858871459961,"car",0.166666666666667,6.47,"weekday",2,"65 plus","6-10km","car",6.47,0.166666666666667,1.16666666666667,1.16666666666667
"86843/1000",NA,86843,2273,"85-89 years","male",20,7846,"Shopping",82.8858871459961,82.8858871459961,"car",0.0833333333333333,3.27,"weekday",3,"65 plus","3-5km","bicycle",3.27,0.297272727272727,0.583333333333333,2.08090909090909
"86843/1000",NA,86843,2273,"85-89 years","male",20,7847,"Other",82.8858871459961,82.8858871459961,"car",0.166666666666667,1.35,"weekday",4,"65 plus","1-2km","bicycle",1.35,0.122727272727273,1.16666666666667,0.859090909090909
"86843/1000",NA,86843,2273,"85-89 years","male",20,7848,"Other",82.8858871459961,82.8858871459961,"car",0.0833333333333333,7.56,"weekday",5,"65 plus","6-10km","car",7.56,0.0833333333333333,0.583333333333333,0.583333333333333
"86843/1001",NA,86843,2274,"75-79 years","female",20,7849,"Other",102.54719543457,102.54719543457,"car",0.25,14.95,"weekday",1,"65 plus",">10km","car",14.95,0.25,1.75,1.75
"86843/1001",NA,86843,2274,"75-79 years","female",20,7850,"Shopping",102.54719543457,102.54719543457,"car",0.166666666666667,6.47,"weekday",2,"65 plus","6-10km","car",6.47,0.166666666666667,1.16666666666667,1.16666666666667
"86843/1001",NA,86843,2274,"75-79 years","female",20,7851,"Shopping",102.54719543457,102.54719543457,"car",0.0833333333333333,3.27,"weekday",3,"65 plus","3-5km","bicycle",3.27,0.297272727272727,0.583333333333333,2.08090909090909
"86843/1001",NA,86843,2274,"75-79 years","female",20,7852,"Shopping",102.54719543457,102.54719543457,"car",0.166666666666667,1.35,"weekday",4,"65 plus","1-2km","bicycle",1.35,0.122727272727273,1.16666666666667,0.859090909090909
"86843/1001",NA,86843,2274,"75-79 years","female",20,7853,"Shopping",102.54719543457,102.54719543457,"car",0.0833333333333333,7.56,"weekday",5,"65 plus","6-10km","car",7.56,0.0833333333333333,0.583333333333333,0.583333333333333
"86844/1000",NA,86844,2275,"40-44 years","female",20,7854,"Other",259.748474121094,259.748474121094,"car",0.333333333333333,12.58,"weekday",1,"40 to 64",">10km","car",12.58,0.333333333333333,2.33333333333333,2.33333333333333
"86844/1000",NA,86844,2275,"40-44 years","female",20,7855,"Leisure",259.748474121094,259.748474121094,"car",0.333333333333333,12.33,"weekday",2,"40 to 64",">10km","car",12.33,0.333333333333333,2.33333333333333,2.33333333333333
"86844/1000",NA,86844,2275,"40-44 years","female",20,7856,"Other",259.748474121094,259.748474121094,"car",0.5,12.49,"weekday",3,"40 to 64",">10km","car",12.49,0.5,3.5,3.5
"86844/1000",NA,86844,2275,"40-44 years","female",20,7857,"Other",259.748474121094,259.748474121094,"car",0.383333333333333,12.78,"weekday",4,"40 to 64",">10km","car",12.78,0.383333333333333,2.68333333333333,2.68333333333333
"86844/1001",NA,86844,2276,"35-39 years","male",20,7858,"Work",259.737060546875,259.737060546875,"car",0.516666666666667,25.3,"weekday",1,"20 to 39",">10km","car",25.3,0.516666666666667,3.61666666666667,3.61666666666667
"86844/1001",NA,86844,2276,"35-39 years","male",20,7859,"Work",259.737060546875,259.737060546875,"car",0.65,25.12,"weekday",2,"20 to 39",">10km","car",25.12,0.65,4.55,4.55
"86848/1000",NA,86848,2277,"55-59 years","female",20,7860,"Leisure",124.50057220459,124.50057220459,"car",0.25,7.05,"weekday",1,"40 to 64","6-10km","car",7.05,0.25,1.75,1.75
"86848/1000",NA,86848,2277,"55-59 years","female",20,7861,"Leisure",124.50057220459,124.50057220459,"car",1,6.88,"weekday",2,"40 to 64","6-10km","car",6.88,1,7,7
"86848/1000",NA,86848,2277,"55-59 years","female",20,7862,"Shopping",124.50057220459,124.50057220459,"car",0.25,9.66,"weekday",3,"40 to 64","6-10km","car",9.66,0.25,1.75,1.75
"86848/1000",NA,86848,2277,"55-59 years","female",20,7863,"Shopping",124.50057220459,124.50057220459,"car",0.25,9.69,"weekday",4,"40 to 64","6-10km","car",9.69,0.25,1.75,1.75
"86848/1001",NA,86848,2278,"55-59 years","male",20,7864,"Work",136.198272705078,136.198272705078,"car",0.333333333333333,14.07,"weekday",1,"40 to 64",">10km","car",14.07,0.333333333333333,2.33333333333333,2.33333333333333
"86848/1001",NA,86848,2278,"55-59 years","male",20,7865,"Work",136.198272705078,136.198272705078,"car",0.25,3.49,"weekday",2,"40 to 64","3-5km","bicycle",3.49,0.317272727272727,1.75,2.22090909090909
"86848/1001",NA,86848,2278,"55-59 years","male",20,7866,"Work",136.198272705078,136.198272705078,"car",0.333333333333333,3.52,"weekday",3,"40 to 64","3-5km","bicycle",3.52,0.32,2.33333333333333,2.24
"86848/1001",NA,86848,2278,"55-59 years","male",20,7867,"Work",136.198272705078,136.198272705078,"car",0.333333333333333,14.15,"weekday",4,"40 to 64",">10km","car",14.15,0.333333333333333,2.33333333333333,2.33333333333333
"86851/1000",NA,86851,2279,"40-44 years","male",20,7868,"Other",309.189117431641,309.189117431641,"car",0.333333333333333,9.99,"weekday",1,"40 to 64","6-10km","car",9.99,0.333333333333333,2.33333333333333,2.33333333333333
"86851/1000",NA,86851,2279,"40-44 years","male",20,7869,"Other",309.189117431641,309.189117431641,"car",0.333333333333333,9.96,"weekday",2,"40 to 64","6-10km","car",9.96,0.333333333333333,2.33333333333333,2.33333333333333
"86851/1000",NA,86851,2279,"40-44 years","male",20,7870,"Other",309.189117431641,309.189117431641,"car",0.333333333333333,9.99,"weekday",3,"40 to 64","6-10km","car",9.99,0.333333333333333,2.33333333333333,2.33333333333333
"86851/1000",NA,86851,2279,"40-44 years","male",20,7871,"Other",309.189117431641,309.189117431641,"car",0.333333333333333,9.96,"weekday",4,"40 to 64","6-10km","car",9.96,0.333333333333333,2.33333333333333,2.33333333333333
"86851/1001",NA,86851,2280,"35-39 years","female",20,7872,"Work",205.37922668457,205.37922668457,"car",0.333333333333333,9.41,"weekday",1,"20 to 39","6-10km","car",9.41,0.333333333333333,2.33333333333333,2.33333333333333
"86851/1001",NA,86851,2280,"35-39 years","female",20,7873,"Work",205.37922668457,205.37922668457,"car",0.416666666666667,9.52,"weekday",2,"20 to 39","6-10km","car",9.52,0.416666666666667,2.91666666666667,2.91666666666667
"86852/1000",NA,86852,2281,"65-69 years","male",20,7874,"Shopping",199.9111328125,199.9111328125,"car",0.166666666666667,13.8,"weekday",1,"65 plus",">10km","car",13.8,0.166666666666667,1.16666666666667,1.16666666666667
"86852/1000",NA,86852,2281,"65-69 years","male",20,7875,"Shopping",199.9111328125,199.9111328125,"car",0.166666666666667,13.78,"weekday",2,"65 plus",">10km","car",13.78,0.166666666666667,1.16666666666667,1.16666666666667
"86852/1000",NA,86852,2281,"65-69 years","male",20,7876,"Other",199.9111328125,199.9111328125,"car",0.166666666666667,9.79,"weekday",3,"65 plus","6-10km","car",9.79,0.166666666666667,1.16666666666667,1.16666666666667
"86852/1000",NA,86852,2281,"65-69 years","male",20,7877,"Other",199.9111328125,199.9111328125,"car",0.25,9.79,"weekday",4,"65 plus","6-10km","car",9.79,0.25,1.75,1.75
"86852/1001",NA,86852,2282,"70-74 years","female",20,7878,"Shopping",216.413101196289,216.413101196289,"car",0.166666666666667,13.8,"weekday",1,"65 plus",">10km","car",13.8,0.166666666666667,1.16666666666667,1.16666666666667
"86852/1001",NA,86852,2282,"70-74 years","female",20,7879,"Shopping",216.413101196289,216.413101196289,"car",0.166666666666667,13.78,"weekday",2,"65 plus",">10km","car",13.78,0.166666666666667,1.16666666666667,1.16666666666667
"86852/1001",NA,86852,2282,"70-74 years","female",20,7880,"Other",216.413101196289,216.413101196289,"car",0.333333333333333,8.08,"weekday",3,"65 plus","6-10km","car",8.08,0.333333333333333,2.33333333333333,2.33333333333333
"86852/1001",NA,86852,2282,"70-74 years","female",20,7881,"Other",216.413101196289,216.413101196289,"car",0.25,7.83,"weekday",4,"65 plus","6-10km","car",7.83,0.25,1.75,1.75
"86852/1001",NA,86852,2282,"70-74 years","female",20,7882,"Other",216.413101196289,216.413101196289,"car",0.166666666666667,9.79,"weekday",5,"65 plus","6-10km","car",9.79,0.166666666666667,1.16666666666667,1.16666666666667
"86852/1001",NA,86852,2282,"70-74 years","female",20,7883,"Other",216.413101196289,216.413101196289,"car",0.25,9.79,"weekday",6,"65 plus","6-10km","car",9.79,0.25,1.75,1.75
"86855/1002",NA,86855,2283,"20-24 years","male",20,7884,"Work",198.558609008789,198.558609008789,"car",0.25,19.8,"weekday",1,"20 to 39",">10km","car",19.8,0.25,1.75,1.75
"86855/1002",NA,86855,2283,"20-24 years","male",20,7885,"Work",198.558609008789,198.558609008789,"car",0.416666666666667,19.41,"weekday",2,"20 to 39",">10km","car",19.41,0.416666666666667,2.91666666666667,2.91666666666667
"86857/1000",NA,86857,2284,"30-34 years","female",20,7886,"Work",190.952270507812,190.952270507812,"car",0.916666666666667,23.34,"weekday",1,"20 to 39",">10km","car",23.34,0.916666666666667,6.41666666666667,6.41666666666667
"86857/1000",NA,86857,2284,"30-34 years","female",20,7887,"Work",190.952270507812,190.952270507812,"car",0.75,23.38,"weekday",2,"20 to 39",">10km","car",23.38,0.75,5.25,5.25
"86860/1000",NA,86860,2286,"55-59 years","male",20,7890,"Work",109.337989807129,109.337989807129,"car",0.5,45.21,"weekday",1,"40 to 64",">10km","car",45.21,0.5,3.5,3.5
"86860/1000",NA,86860,2286,"55-59 years","male",20,7891,"Work",109.337989807129,109.337989807129,"car",0.666666666666667,46.53,"weekday",2,"40 to 64",">10km","car",46.53,0.666666666666667,4.66666666666667,4.66666666666667
"86861/1001",NA,86861,2287,"30-34 years","female",20,7892,"Work",72.7955856323242,72.7955856323242,"car",0.166666666666667,2.38,"weekday",1,"20 to 39","3-5km","bicycle",2.38,0.216363636363636,1.16666666666667,1.51454545454545
"86861/1001",NA,86861,2287,"30-34 years","female",20,7893,"Work",72.7955856323242,72.7955856323242,"car",0.166666666666667,2.1,"weekday",2,"20 to 39","3-5km","bicycle",2.1,0.190909090909091,1.16666666666667,1.33636363636364
"86862/1000",NA,86862,2288,"50-54 years","male",20,7894,"Work",96.621337890625,96.621337890625,"car",0.666666666666667,21.67,"weekday",1,"40 to 64",">10km","car",21.67,0.666666666666667,4.66666666666667,4.66666666666667
"86862/1000",NA,86862,2288,"50-54 years","male",20,7895,"Work",96.621337890625,96.621337890625,"car",0.75,21.46,"weekday",2,"40 to 64",">10km","car",21.46,0.75,5.25,5.25
"86864/1000",NA,86864,2289,"65-69 years","female",20,7896,"Work",108.942321777344,108.942321777344,"car",0.166666666666667,2.14,"weekday",1,"65 plus","3-5km","bicycle",2.14,0.194545454545455,1.16666666666667,1.36181818181818
"86864/1000",NA,86864,2289,"65-69 years","female",20,7897,"Work",108.942321777344,108.942321777344,"car",0.166666666666667,3.05,"weekday",2,"65 plus","3-5km","bicycle",3.05,0.277272727272727,1.16666666666667,1.94090909090909
"86865/1000",NA,86865,2290,"25-29 years","male",20,7898,"Work",117.837989807129,117.837989807129,"car",0.25,11.55,"weekday",1,"20 to 39",">10km","car",11.55,0.25,1.75,1.75
"86865/1000",NA,86865,2290,"25-29 years","male",20,7899,"Work",117.837989807129,117.837989807129,"car",0.25,11.86,"weekday",2,"20 to 39",">10km","car",11.86,0.25,1.75,1.75
"86865/1001",NA,86865,2291,"25-29 years","female",20,7900,"Education",131.627136230469,131.627136230469,"walking",0.25,2.05,"weekday",1,"20 to 39","3-5km","walking",2.05,0.25,1.75,1.75
"86865/1001",NA,86865,2291,"25-29 years","female",20,7901,"Education",131.627136230469,131.627136230469,"public.transport",0.416666666666667,16.63,"weekday",1,"20 to 39",">10km","public.transport",16.63,0.416666666666667,2.91666666666667,2.91666666666667
"86865/1001",NA,86865,2291,"25-29 years","female",20,7902,"Education",131.627136230469,131.627136230469,"walking",0.0833333333333333,0.19,"weekday",1,"20 to 39","<1km","walking",0.19,0.0833333333333333,0.583333333333333,0.583333333333333
"86865/1001",NA,86865,2291,"25-29 years","female",20,7903,"Education",131.627136230469,131.627136230469,"walking",0.0833333333333333,0.19,"weekday",2,"20 to 39","<1km","walking",0.19,0.0833333333333333,0.583333333333333,0.583333333333333
"86865/1001",NA,86865,2291,"25-29 years","female",20,7904,"Education",131.627136230469,131.627136230469,"public.transport",0.35,16.65,"weekday",2,"20 to 39",">10km","public.transport",16.65,0.35,2.45,2.45
"86865/1001",NA,86865,2291,"25-29 years","female",20,7905,"Education",131.627136230469,131.627136230469,"walking",0.25,2.05,"weekday",2,"20 to 39","3-5km","walking",2.05,0.25,1.75,1.75
"86865/1002",NA,86865,2292,"25-29 years","male",20,7906,"Work",117.837989807129,117.837989807129,"car",0.25,2.05,"weekday",1,"20 to 39","3-5km","bicycle",2.05,0.186363636363636,1.75,1.30454545454545
"86865/1002",NA,86865,2292,"25-29 years","male",20,7907,"Work",117.837989807129,117.837989807129,"car",0.216666666666667,2.96,"weekday",2,"20 to 39","3-5km","bicycle",2.96,0.269090909090909,1.51666666666667,1.88363636363636
"86867/1000",NA,86867,2293,"55-59 years","male",20,7908,"Work",125.77254486084,125.77254486084,"car",0.416666666666667,9.54,"weekday",1,"40 to 64","6-10km","car",9.54,0.416666666666667,2.91666666666667,2.91666666666667
"86867/1000",NA,86867,2293,"55-59 years","male",20,7909,"Work",125.77254486084,125.77254486084,"car",0.416666666666667,10.32,"weekday",2,"40 to 64",">10km","car",10.32,0.416666666666667,2.91666666666667,2.91666666666667
"86867/1001",NA,86867,2294,"50-54 years","female",20,7910,"Other",100.969757080078,100.969757080078,"car",0.166666666666667,1.6,"weekday",1,"40 to 64","1-2km","bicycle",1.6,0.145454545454545,1.16666666666667,1.01818181818182
"86867/1001",NA,86867,2294,"50-54 years","female",20,7911,"Other",100.969757080078,100.969757080078,"car",0.2,2.14,"weekday",2,"40 to 64","3-5km","bicycle",2.14,0.194545454545455,1.4,1.36181818181818
"86867/1001",NA,86867,2294,"50-54 years","female",20,7912,"Shopping",100.969757080078,100.969757080078,"car",0.166666666666667,1.58,"weekday",3,"40 to 64","1-2km","bicycle",1.58,0.143636363636364,1.16666666666667,1.00545454545455
"86867/1001",NA,86867,2294,"50-54 years","female",20,7913,"Other",100.969757080078,100.969757080078,"car",0.25,2.77,"weekday",4,"40 to 64","3-5km","bicycle",2.77,0.251818181818182,1.75,1.76272727272727
"86867/1001",NA,86867,2294,"50-54 years","female",20,7914,"Other",100.969757080078,100.969757080078,"car",0.166666666666667,2.14,"weekday",5,"40 to 64","3-5km","bicycle",2.14,0.194545454545455,1.16666666666667,1.36181818181818
"86867/1002",NA,86867,2295,"15-19 years","female",20,7915,"Education",100.53645324707,100.53645324707,"car",0.166666666666667,1.6,"weekday",1,"15 to 19","1-2km","bicycle",1.6,0.145454545454545,1.16666666666667,1.01818181818182
"86867/1002",NA,86867,2295,"15-19 years","female",20,7916,"Education",100.53645324707,100.53645324707,"car",0.166666666666667,2.14,"weekday",2,"15 to 19","3-5km","bicycle",2.14,0.194545454545455,1.16666666666667,1.36181818181818
"86867/1003",NA,86867,2296,"15-19 years","female",20,7917,"Education",100.53645324707,100.53645324707,"car",0.166666666666667,1.6,"weekday",1,"15 to 19","1-2km","bicycle",1.6,0.145454545454545,1.16666666666667,1.01818181818182
"86867/1003",NA,86867,2296,"15-19 years","female",20,7918,"Education",100.53645324707,100.53645324707,"car",0.166666666666667,2.14,"weekday",2,"15 to 19","3-5km","bicycle",2.14,0.194545454545455,1.16666666666667,1.36181818181818
"86868/1000",NA,86868,2297,"25-29 years","female",20,7919,"Work",114.427558898926,114.427558898926,"car",0.5,22.75,"weekday",1,"20 to 39",">10km","car",22.75,0.5,3.5,3.5
"86868/1000",NA,86868,2297,"25-29 years","female",20,7920,"Work",114.427558898926,114.427558898926,"car",0.666666666666667,21.11,"weekday",2,"20 to 39",">10km","car",21.11,0.666666666666667,4.66666666666667,4.66666666666667
"86873/1000",NA,86873,2298,"45-49 years","male",20,7921,"Shopping",86.0019607543945,86.0019607543945,"car",0.166666666666667,2.05,"weekday",1,"40 to 64","3-5km","bicycle",2.05,0.186363636363636,1.16666666666667,1.30454545454545
"86873/1000",NA,86873,2298,"45-49 years","male",20,7922,"Shopping",86.0019607543945,86.0019607543945,"car",0.166666666666667,2.96,"weekday",2,"40 to 64","3-5km","bicycle",2.96,0.269090909090909,1.16666666666667,1.88363636363636
"86873/1001",NA,86873,2299,"50-54 years","female",20,7923,"Work",69.2914581298828,69.2914581298828,"car",0.766666666666667,18.39,"weekday",1,"40 to 64",">10km","car",18.39,0.766666666666667,5.36666666666667,5.36666666666667
"86873/1001",NA,86873,2299,"50-54 years","female",20,7924,"Work",69.2914581298828,69.2914581298828,"car",0.916666666666667,17.85,"weekday",2,"40 to 64",">10km","car",17.85,0.916666666666667,6.41666666666667,6.41666666666667
"86876/1000",NA,86876,2300,"35-39 years","male",20,7925,"Work",102.222640991211,102.222640991211,"car",0.666666666666667,21.65,"weekday",1,"20 to 39",">10km","car",21.65,0.666666666666667,4.66666666666667,4.66666666666667
"86876/1000",NA,86876,2300,"35-39 years","male",20,7926,"Work",102.222640991211,102.222640991211,"car",0.75,21.39,"weekday",2,"20 to 39",">10km","car",21.39,0.75,5.25,5.25
"86877/1000",NA,86877,2301,"55-59 years","female",20,7927,"Work",120.31526184082,120.31526184082,"car",0.55,17.45,"weekday",1,"40 to 64",">10km","car",17.45,0.55,3.85,3.85
"86877/1000",NA,86877,2301,"55-59 years","female",20,7928,"Work",120.31526184082,120.31526184082,"car",0.5,17.01,"weekday",2,"40 to 64",">10km","car",17.01,0.5,3.5,3.5
"86878/1000",NA,86878,2302,"30-34 years","male",20,7929,"Shopping",145.704574584961,145.704574584961,"car",0.416666666666667,11.44,"weekday",1,"20 to 39",">10km","car",11.44,0.416666666666667,2.91666666666667,2.91666666666667
"86878/1000",NA,86878,2302,"30-34 years","male",20,7930,"Shopping",145.704574584961,145.704574584961,"car",0.416666666666667,11.38,"weekday",2,"20 to 39",">10km","car",11.38,0.416666666666667,2.91666666666667,2.91666666666667
"86878/1001",NA,86878,2303,"40-44 years","male",20,7931,"Work",127.498237609863,127.498237609863,"car",0.583333333333333,21.31,"weekday",1,"40 to 64",">10km","car",21.31,0.583333333333333,4.08333333333333,4.08333333333333
"86878/1001",NA,86878,2303,"40-44 years","male",20,7932,"Work",127.498237609863,127.498237609863,"car",1.16666666666667,20.94,"weekday",2,"40 to 64",">10km","car",20.94,1.16666666666667,8.16666666666667,8.16666666666667
"86878/1002",NA,86878,2304,"35-39 years","female",20,7933,"Work",107.431304931641,107.431304931641,"car",0.25,7.15,"weekday",1,"20 to 39","6-10km","car",7.15,0.25,1.75,1.75
"86878/1002",NA,86878,2304,"35-39 years","female",20,7934,"Work",107.431304931641,107.431304931641,"car",0.25,8.1,"weekday",2,"20 to 39","6-10km","car",8.1,0.25,1.75,1.75
"86879/1000",NA,86879,2305,"35-39 years","female",20,7935,"Work",88.6674118041992,88.6674118041992,"car",1.33333333333333,31.56,"weekday",1,"20 to 39",">10km","car",31.56,1.33333333333333,9.33333333333333,9.33333333333333
"86879/1000",NA,86879,2305,"35-39 years","female",20,7936,"Work",88.6674118041992,88.6674118041992,"car",1.16666666666667,31.18,"weekday",2,"20 to 39",">10km","car",31.18,1.16666666666667,8.16666666666667,8.16666666666667
"86880/1001",NA,86880,2306,"40-44 years","male",20,7937,"Work",83.0692977905273,83.0692977905273,"car",0.666666666666667,19.67,"weekday",1,"40 to 64",">10km","car",19.67,0.666666666666667,4.66666666666667,4.66666666666667
"86880/1001",NA,86880,2306,"40-44 years","male",20,7938,"Work",83.0692977905273,83.0692977905273,"car",0.75,19.77,"weekday",2,"40 to 64",">10km","car",19.77,0.75,5.25,5.25
"86881/1000",NA,86881,2307,"45-49 years","female",20,7939,"Work",83.8268890380859,83.8268890380859,"car",0.25,3.92,"weekday",1,"40 to 64","3-5km","bicycle",3.92,0.356363636363636,1.75,2.49454545454545
"86881/1000",NA,86881,2307,"45-49 years","female",20,7940,"Work",83.8268890380859,83.8268890380859,"car",0.25,3.9,"weekday",2,"40 to 64","3-5km","bicycle",3.9,0.354545454545455,1.75,2.48181818181818
"86881/1001",NA,86881,2308,"45-49 years","male",20,7941,"Work",86.0019607543945,86.0019607543945,"car",0.166666666666667,4.12,"weekday",1,"40 to 64","3-5km","bicycle",4.12,0.374545454545455,1.16666666666667,2.62181818181818
"86881/1001",NA,86881,2308,"45-49 years","male",20,7942,"Work",86.0019607543945,86.0019607543945,"car",0.166666666666667,4.1,"weekday",2,"40 to 64","3-5km","bicycle",4.1,0.372727272727273,1.16666666666667,2.60909090909091
"86883/1000",NA,86883,2309,"55-59 years","female",20,7943,"Work",120.31526184082,120.31526184082,"car",0.25,7.93,"weekday",1,"40 to 64","6-10km","car",7.93,0.25,1.75,1.75
"86883/1000",NA,86883,2309,"55-59 years","female",20,7944,"Work",120.31526184082,120.31526184082,"car",0.25,9.6,"weekday",2,"40 to 64","6-10km","car",9.6,0.25,1.75,1.75
"86884/1001",NA,86884,2310,"50-54 years","male",20,7945,"Work",76.2739486694336,76.2739486694336,"car",0.5,24.07,"weekday",1,"40 to 64",">10km","car",24.07,0.5,3.5,3.5
"86884/1001",NA,86884,2310,"50-54 years","male",20,7946,"Work",76.2739486694336,76.2739486694336,"car",0.5,23.44,"weekday",2,"40 to 64",">10km","car",23.44,0.5,3.5,3.5
"86885/1000",NA,86885,2311,"40-44 years","female",20,7947,"Other",119.332992553711,119.332992553711,"car",0.25,6.8,"weekday",1,"40 to 64","6-10km","car",6.8,0.25,1.75,1.75
"86885/1000",NA,86885,2311,"40-44 years","female",20,7948,"Other",119.332992553711,119.332992553711,"car",0.25,1.69,"weekday",2,"40 to 64","1-2km","bicycle",1.69,0.153636363636364,1.75,1.07545454545455
"86885/1000",NA,86885,2311,"40-44 years","female",20,7949,"Other",119.332992553711,119.332992553711,"car",0.116666666666667,1.82,"weekday",3,"40 to 64","1-2km","bicycle",1.82,0.165454545454545,0.816666666666667,1.15818181818182
"86885/1000",NA,86885,2311,"40-44 years","female",20,7950,"Other",119.332992553711,119.332992553711,"car",0.166666666666667,7,"weekday",4,"40 to 64","6-10km","car",7,0.166666666666667,1.16666666666667,1.16666666666667
"86885/1000",NA,86885,2311,"40-44 years","female",20,7951,"Other",119.332992553711,119.332992553711,"car",0.0833333333333333,2.29,"weekday",5,"40 to 64","3-5km","bicycle",2.29,0.208181818181818,0.583333333333333,1.45727272727273
"86885/1000",NA,86885,2311,"40-44 years","female",20,7952,"Other",119.332992553711,119.332992553711,"car",0.15,8.22,"weekday",6,"40 to 64","6-10km","car",8.22,0.15,1.05,1.05
"86885/1000",NA,86885,2311,"40-44 years","female",20,7953,"Other",119.332992553711,119.332992553711,"car",0.166666666666667,8.01,"weekday",7,"40 to 64","6-10km","car",8.01,0.166666666666667,1.16666666666667,1.16666666666667
"86885/1000",NA,86885,2311,"40-44 years","female",20,7954,"Other",119.332992553711,119.332992553711,"car",0.133333333333333,2.05,"weekday",8,"40 to 64","3-5km","bicycle",2.05,0.186363636363636,0.933333333333333,1.30454545454545
"86885/1000",NA,86885,2311,"40-44 years","female",20,7955,"Shopping",119.332992553711,119.332992553711,"car",0.0833333333333333,3.14,"weekday",9,"40 to 64","3-5km","bicycle",3.14,0.285454545454545,0.583333333333333,1.99818181818182
"86885/1000",NA,86885,2311,"40-44 years","female",20,7956,"Shopping",119.332992553711,119.332992553711,"car",0.0833333333333333,2.07,"weekday",10,"40 to 64","3-5km","bicycle",2.07,0.188181818181818,0.583333333333333,1.31727272727273
"86885/1001",NA,86885,2312,"50-54 years","male",20,7957,"Work",117.068450927734,117.068450927734,"car",0.583333333333333,18.23,"weekday",1,"40 to 64",">10km","car",18.23,0.583333333333333,4.08333333333333,4.08333333333333
"86885/1001",NA,86885,2312,"50-54 years","male",20,7958,"Work",117.068450927734,117.068450927734,"car",0.75,17.87,"weekday",2,"40 to 64",">10km","car",17.87,0.75,5.25,5.25
"86887/1000",NA,86887,2313,"55-59 years","female",20,7959,"Work",94.9781875610352,94.9781875610352,"car",0.25,7.56,"weekday",1,"40 to 64","6-10km","car",7.56,0.25,1.75,1.75
"86887/1000",NA,86887,2313,"55-59 years","female",20,7960,"Work",94.9781875610352,94.9781875610352,"car",0.25,8.62,"weekday",2,"40 to 64","6-10km","car",8.62,0.25,1.75,1.75
"86888/1000",NA,86888,2314,"40-44 years","male",20,7961,"Work",162.067153930664,162.067153930664,"car",0.5,20.76,"weekday",1,"40 to 64",">10km","car",20.76,0.5,3.5,3.5
"86888/1000",NA,86888,2314,"40-44 years","male",20,7962,"Work",162.067153930664,162.067153930664,"car",0.666666666666667,21.18,"weekday",2,"40 to 64",">10km","car",21.18,0.666666666666667,4.66666666666667,4.66666666666667
"86888/1001",NA,86888,2315,"45-49 years","female",20,7963,"Other",163.545227050781,163.545227050781,"car",0.4,9.35,"weekday",1,"40 to 64","6-10km","car",9.35,0.4,2.8,2.8
"86888/1001",NA,86888,2315,"45-49 years","female",20,7964,"Other",163.545227050781,163.545227050781,"car",0.25,9.22,"weekday",2,"40 to 64","6-10km","car",9.22,0.25,1.75,1.75
"86888/1001",NA,86888,2315,"45-49 years","female",20,7965,"Other",163.545227050781,163.545227050781,"car",0.333333333333333,9.35,"weekday",3,"40 to 64","6-10km","car",9.35,0.333333333333333,2.33333333333333,2.33333333333333
"86888/1001",NA,86888,2315,"45-49 years","female",20,7966,"Other",163.545227050781,163.545227050781,"car",0.333333333333333,9.22,"weekday",4,"40 to 64","6-10km","car",9.22,0.333333333333333,2.33333333333333,2.33333333333333
"86981/1000",NA,86981,2316,"75-79 years","male",21,7967,"Leisure",146.185394287109,146.185394287109,"car",0.75,14.81,"weekday",1,"65 plus",">10km","car",14.81,0.75,5.25,5.25
"86981/1000",NA,86981,2316,"75-79 years","male",21,7968,"Leisure",146.185394287109,146.185394287109,"car",0.583333333333333,14.79,"weekday",2,"65 plus",">10km","car",14.79,0.583333333333333,4.08333333333333,4.08333333333333
"86981/1001",NA,86981,2317,"75-79 years","female",21,7969,"Leisure",181.604446411133,181.604446411133,"car",0.75,14.81,"weekday",1,"65 plus",">10km","car",14.81,0.75,5.25,5.25
"86981/1001",NA,86981,2317,"75-79 years","female",21,7970,"Leisure",181.604446411133,181.604446411133,"car",0.583333333333333,14.79,"weekday",2,"65 plus",">10km","car",14.79,0.583333333333333,4.08333333333333,4.08333333333333
"86982/1000",NA,86982,2318,"55-59 years","male",21,7972,"Shopping",568.874450683594,568.874450683594,"walking",0.0833333333333333,0.44,"weekday",1,"40 to 64","<1km","walking",0.44,0.0833333333333333,0.583333333333333,0.583333333333333
"86982/1000",NA,86982,2318,"55-59 years","male",21,7973,"Shopping",568.874450683594,568.874450683594,"walking",0.0833333333333333,0.44,"weekday",2,"40 to 64","<1km","walking",0.44,0.0833333333333333,0.583333333333333,0.583333333333333
"86982/1001",NA,86982,2319,"55-59 years","female",21,7974,"Work",390.454986572266,390.454986572266,"car",0.333333333333333,6.85,"weekday",1,"40 to 64","6-10km","car",6.85,0.333333333333333,2.33333333333333,2.33333333333333
"86982/1001",NA,86982,2319,"55-59 years","female",21,7975,"Work",390.454986572266,390.454986572266,"car",0.333333333333333,15.73,"weekday",2,"40 to 64",">10km","car",15.73,0.333333333333333,2.33333333333333,2.33333333333333
"86982/1001",NA,86982,2319,"55-59 years","female",21,7976,"Work",390.454986572266,390.454986572266,"car",0.333333333333333,15.69,"weekday",3,"40 to 64",">10km","car",15.69,0.333333333333333,2.33333333333333,2.33333333333333
"86982/1001",NA,86982,2319,"55-59 years","female",21,7977,"Work",390.454986572266,390.454986572266,"car",0.333333333333333,6.83,"weekday",4,"40 to 64","6-10km","car",6.83,0.333333333333333,2.33333333333333,2.33333333333333
"86982/1001",NA,86982,2319,"55-59 years","female",21,7978,"Shopping",390.454986572266,390.454986572266,"car",0.1,2.24,"weekday",5,"40 to 64","3-5km","bicycle",2.24,0.203636363636364,0.7,1.42545454545455
"86982/1001",NA,86982,2319,"55-59 years","female",21,7979,"Shopping",390.454986572266,390.454986572266,"car",0.133333333333333,2.23,"weekday",6,"40 to 64","3-5km","bicycle",2.23,0.202727272727273,0.933333333333333,1.41909090909091
"86982/1002",NA,86982,2320,"25-29 years","female",21,7980,"Work",781.433410644531,781.433410644531,"car",0.133333333333333,3.75,"weekday",1,"20 to 39","3-5km","bicycle",3.75,0.340909090909091,0.933333333333333,2.38636363636364
"86982/1002",NA,86982,2320,"25-29 years","female",21,7981,"Work",781.433410644531,781.433410644531,"public.transport",0.333333333333333,9.72,"weekday",1,"20 to 39","6-10km","public.transport",9.72,0.333333333333333,2.33333333333333,2.33333333333333
"86982/1002",NA,86982,2320,"25-29 years","female",21,7982,"Work",781.433410644531,781.433410644531,"walking",0.166666666666667,0.78,"weekday",1,"20 to 39","<1km","walking",0.78,0.166666666666667,1.16666666666667,1.16666666666667
"86982/1002",NA,86982,2320,"25-29 years","female",21,7983,"Work",781.433410644531,781.433410644531,"walking",0.166666666666667,0.78,"weekday",2,"20 to 39","<1km","walking",0.78,0.166666666666667,1.16666666666667,1.16666666666667
"86982/1002",NA,86982,2320,"25-29 years","female",21,7984,"Work",781.433410644531,781.433410644531,"public.transport",0.333333333333333,9.72,"weekday",2,"20 to 39","6-10km","public.transport",9.72,0.333333333333333,2.33333333333333,2.33333333333333
"86982/1002",NA,86982,2320,"25-29 years","female",21,7985,"Work",781.433410644531,781.433410644531,"car",0.25,3.72,"weekday",2,"20 to 39","3-5km","bicycle",3.72,0.338181818181818,1.75,2.36727272727273
"86982/1003",NA,86982,2321,"25-29 years","male",21,7986,"Work",964.048278808594,964.048278808594,"car",0.25,4.67,"weekday",1,"20 to 39","3-5km","bicycle",4.67,0.424545454545455,1.75,2.97181818181818
"86982/1003",NA,86982,2321,"25-29 years","male",21,7987,"Work",964.048278808594,964.048278808594,"car",0.333333333333333,4.82,"weekday",2,"20 to 39","3-5km","bicycle",4.82,0.438181818181818,2.33333333333333,3.06727272727273
"86983/1000",NA,86983,2322,"35-39 years","female",21,7988,"Other",414.036376953125,414.036376953125,"car",0.166666666666667,1.94,"weekday",1,"20 to 39","1-2km","bicycle",1.94,0.176363636363636,1.16666666666667,1.23454545454545
"86983/1000",NA,86983,2322,"35-39 years","female",21,7989,"Shopping",414.036376953125,414.036376953125,"car",0.166666666666667,2.34,"weekday",2,"20 to 39","3-5km","bicycle",2.34,0.212727272727273,1.16666666666667,1.48909090909091
"86983/1000",NA,86983,2322,"35-39 years","female",21,7990,"Shopping",414.036376953125,414.036376953125,"car",0.166666666666667,1.82,"weekday",3,"20 to 39","1-2km","bicycle",1.82,0.165454545454545,1.16666666666667,1.15818181818182
"86983/1000",NA,86983,2322,"35-39 years","female",21,7991,"Other",414.036376953125,414.036376953125,"car",0.25,1.94,"weekday",4,"20 to 39","1-2km","bicycle",1.94,0.176363636363636,1.75,1.23454545454545
"86983/1000",NA,86983,2322,"35-39 years","female",21,7992,"Other",414.036376953125,414.036376953125,"car",0.25,2.04,"weekday",5,"20 to 39","3-5km","bicycle",2.04,0.185454545454545,1.75,1.29818181818182
"86983/1000",NA,86983,2322,"35-39 years","female",21,7993,"Leisure",414.036376953125,414.036376953125,"walking",0.216666666666667,1.05,"weekday",6,"20 to 39","1-2km","walking",1.05,0.216666666666667,1.51666666666667,1.51666666666667
"86983/1000",NA,86983,2322,"35-39 years","female",21,7994,"Leisure",414.036376953125,414.036376953125,"walking",0.166666666666667,1.05,"weekday",7,"20 to 39","1-2km","walking",1.05,0.166666666666667,1.16666666666667,1.16666666666667
"86983/1001",NA,86983,2323,"35-39 years","male",21,7995,"Leisure",448.437194824219,448.437194824219,"walking",0.216666666666667,1.05,"weekday",1,"20 to 39","1-2km","walking",1.05,0.216666666666667,1.51666666666667,1.51666666666667
"86983/1001",NA,86983,2323,"35-39 years","male",21,7996,"Leisure",448.437194824219,448.437194824219,"walking",0.166666666666667,1.05,"weekday",2,"20 to 39","1-2km","walking",1.05,0.166666666666667,1.16666666666667,1.16666666666667
"86983/1001",NA,86983,2323,"35-39 years","male",21,7997,"Other",448.437194824219,448.437194824219,"car",0.05,1.1,"weekday",3,"20 to 39","1-2km","bicycle",1.1,0.1,0.35,0.7
"86983/1001",NA,86983,2323,"35-39 years","male",21,7998,"Other",448.437194824219,448.437194824219,"public.transport",0.0833333333333333,1.07,"weekday",4,"20 to 39","1-2km","public.transport",1.07,0.0833333333333333,0.583333333333333,0.583333333333333
"86985/1000",NA,86985,2324,"45-49 years","female",21,7999,"Leisure",294.0693359375,294.0693359375,"car",0.25,2.16,"weekday",1,"40 to 64","3-5km","bicycle",2.16,0.196363636363636,1.75,1.37454545454545
"86985/1000",NA,86985,2324,"45-49 years","female",21,8000,"Leisure",294.0693359375,294.0693359375,"car",0.25,2.23,"weekday",2,"40 to 64","3-5km","bicycle",2.23,0.202727272727273,1.75,1.41909090909091
"86985/1000",NA,86985,2324,"45-49 years","female",21,8001,"Other",294.0693359375,294.0693359375,"car",0.333333333333333,9.07,"weekday",3,"40 to 64","6-10km","car",9.07,0.333333333333333,2.33333333333333,2.33333333333333
"86985/1000",NA,86985,2324,"45-49 years","female",21,8002,"Other",294.0693359375,294.0693359375,"car",0.333333333333333,8.69,"weekday",4,"40 to 64","6-10km","car",8.69,0.333333333333333,2.33333333333333,2.33333333333333
"86985/1000",NA,86985,2324,"45-49 years","female",21,8003,"Leisure",294.0693359375,294.0693359375,"walking",0.666666666666667,0.56,"weekday",5,"40 to 64","<1km","walking",0.56,0.666666666666667,4.66666666666667,4.66666666666667
"86985/1000",NA,86985,2324,"45-49 years","female",21,8004,"Leisure",294.0693359375,294.0693359375,"walking",0.0833333333333333,0.56,"weekday",6,"40 to 64","<1km","walking",0.56,0.0833333333333333,0.583333333333333,0.583333333333333
"86985/1001",NA,86985,2325,"15-19 years","male",21,8005,"Education",243.971801757812,243.971801757812,"car",0.333333333333333,9.07,"weekday",1,"15 to 19","6-10km","car",9.07,0.333333333333333,2.33333333333333,2.33333333333333
"86985/1002",NA,86985,2326,"45-49 years","male",21,8006,"Work",301.603668212891,301.603668212891,"car",0.333333333333333,10.25,"weekday",1,"40 to 64",">10km","car",10.25,0.333333333333333,2.33333333333333,2.33333333333333
"86985/1002",NA,86985,2326,"45-49 years","male",21,8007,"Work",301.603668212891,301.603668212891,"car",0.5,10.2,"weekday",2,"40 to 64",">10km","car",10.2,0.5,3.5,3.5
"86985/1002",NA,86985,2326,"45-49 years","male",21,8008,"Leisure",301.603668212891,301.603668212891,"walking",0.666666666666667,0.56,"weekday",3,"40 to 64","<1km","walking",0.56,0.666666666666667,4.66666666666667,4.66666666666667
"86985/1002",NA,86985,2326,"45-49 years","male",21,8009,"Leisure",301.603668212891,301.603668212891,"walking",0.0833333333333333,0.56,"weekday",4,"40 to 64","<1km","walking",0.56,0.0833333333333333,0.583333333333333,0.583333333333333
"86986/1000",NA,86986,2327,"75-79 years","female",21,8010,"Shopping",231.745056152344,231.745056152344,"car",0.116666666666667,2.23,"weekday",1,"65 plus","3-5km","bicycle",2.23,0.202727272727273,0.816666666666667,1.41909090909091
"86986/1000",NA,86986,2327,"75-79 years","female",21,8011,"Shopping",231.745056152344,231.745056152344,"car",0.116666666666667,2.14,"weekday",2,"65 plus","3-5km","bicycle",2.14,0.194545454545455,0.816666666666667,1.36181818181818
"86987/1000",NA,86987,2328,"80-84 years","male",21,8012,"Other",213.465911865234,213.465911865234,"car",0.166666666666667,2.16,"weekday",1,"65 plus","3-5km","bicycle",2.16,0.196363636363636,1.16666666666667,1.37454545454545
"86987/1000",NA,86987,2328,"80-84 years","male",21,8013,"Other",213.465911865234,213.465911865234,"car",0.0833333333333333,2.58,"weekday",2,"65 plus","3-5km","bicycle",2.58,0.234545454545455,0.583333333333333,1.64181818181818
"86987/1001",NA,86987,2329,"75-79 years","female",21,8014,"Other",181.604446411133,181.604446411133,"car",0.166666666666667,5.63,"weekday",1,"65 plus","6-10km","car",5.63,0.166666666666667,1.16666666666667,1.16666666666667
"86987/1001",NA,86987,2329,"75-79 years","female",21,8015,"Other",181.604446411133,181.604446411133,"car",0.166666666666667,5.51,"weekday",2,"65 plus","6-10km","car",5.51,0.166666666666667,1.16666666666667,1.16666666666667
"86987/1001",NA,86987,2329,"75-79 years","female",21,8016,"Other",181.604446411133,181.604446411133,"car",0.0333333333333333,0.38,"weekday",3,"65 plus","<1km","bicycle",0.38,0.0345454545454545,0.233333333333333,0.241818181818182
"86987/1001",NA,86987,2329,"75-79 years","female",21,8017,"Other",181.604446411133,181.604446411133,"car",0.0333333333333333,0.38,"weekday",4,"65 plus","<1km","bicycle",0.38,0.0345454545454545,0.233333333333333,0.241818181818182
"86987/1001",NA,86987,2329,"75-79 years","female",21,8018,"Other",181.604446411133,181.604446411133,"car",0.166666666666667,2.16,"weekday",5,"65 plus","3-5km","bicycle",2.16,0.196363636363636,1.16666666666667,1.37454545454545
"86987/1001",NA,86987,2329,"75-79 years","female",21,8019,"Other",181.604446411133,181.604446411133,"car",0.0833333333333333,2.58,"weekday",6,"65 plus","3-5km","bicycle",2.58,0.234545454545455,0.583333333333333,1.64181818181818
"86988/1000",NA,86988,2330,"75-79 years","male",21,8020,"Shopping",146.185394287109,146.185394287109,"walking",0.0833333333333333,0.45,"weekday",1,"65 plus","<1km","walking",0.45,0.0833333333333333,0.583333333333333,0.583333333333333
"86988/1000",NA,86988,2330,"75-79 years","male",21,8021,"Shopping",146.185394287109,146.185394287109,"walking",0.0833333333333333,0.45,"weekday",2,"65 plus","<1km","walking",0.45,0.0833333333333333,0.583333333333333,0.583333333333333
"86988/1000",NA,86988,2330,"75-79 years","male",21,8022,"Shopping",146.185394287109,146.185394287109,"car",0.333333333333333,5.39,"weekday",3,"65 plus","6-10km","car",5.39,0.333333333333333,2.33333333333333,2.33333333333333
"86988/1000",NA,86988,2330,"75-79 years","male",21,8023,"Shopping",146.185394287109,146.185394287109,"car",0.333333333333333,5.29,"weekday",4,"65 plus","6-10km","car",5.29,0.333333333333333,2.33333333333333,2.33333333333333
"86988/1001",NA,86988,2331,"75-79 years","female",21,8024,"Shopping",181.604446411133,181.604446411133,"car",0.333333333333333,5.39,"weekday",1,"65 plus","6-10km","car",5.39,0.333333333333333,2.33333333333333,2.33333333333333
"86988/1001",NA,86988,2331,"75-79 years","female",21,8025,"Shopping",181.604446411133,181.604446411133,"car",0.333333333333333,5.29,"weekday",2,"65 plus","6-10km","car",5.29,0.333333333333333,2.33333333333333,2.33333333333333
"86989/1000",NA,86989,2332,"40-44 years","male",21,8026,"Shopping",177.851913452148,177.851913452148,"car",0.166666666666667,2.17,"weekday",1,"40 to 64","3-5km","bicycle",2.17,0.197272727272727,1.16666666666667,1.38090909090909
"86989/1000",NA,86989,2332,"40-44 years","male",21,8027,"Shopping",177.851913452148,177.851913452148,"car",0.166666666666667,2.15,"weekday",2,"40 to 64","3-5km","bicycle",2.15,0.195454545454545,1.16666666666667,1.36818181818182
"86989/1001",NA,86989,2333,"35-39 years","female",21,8028,"Work",147.140991210938,147.140991210938,"car",0.333333333333333,4.36,"weekday",1,"20 to 39","3-5km","bicycle",4.36,0.396363636363636,2.33333333333333,2.77454545454545
"86989/1001",NA,86989,2333,"35-39 years","female",21,8029,"Work",147.140991210938,147.140991210938,"car",0.333333333333333,4.39,"weekday",2,"20 to 39","3-5km","bicycle",4.39,0.399090909090909,2.33333333333333,2.79363636363636
"86990/1001",NA,86990,2334,"30-34 years","male",21,8030,"Work",286.1357421875,286.1357421875,"car",0.5,14.04,"weekday",1,"20 to 39",">10km","car",14.04,0.5,3.5,3.5
"86990/1001",NA,86990,2334,"30-34 years","male",21,8031,"Work",286.1357421875,286.1357421875,"car",0.5,14.04,"weekday",2,"20 to 39",">10km","car",14.04,0.5,3.5,3.5
"86991/1000",NA,86991,2335,"70-74 years","male",21,8032,"Leisure",152.162673950195,152.162673950195,"car",1.5,63.41,"weekday",1,"65 plus",">10km","car",63.41,1.5,10.5,10.5
"86991/1000",NA,86991,2335,"70-74 years","male",21,8033,"Leisure",152.162673950195,152.162673950195,"car",1.5,63.46,"weekday",2,"65 plus",">10km","car",63.46,1.5,10.5,10.5
"86991/1001",NA,86991,2336,"70-74 years","female",21,8034,"Leisure",171.396911621094,171.396911621094,"car",1.5,63.41,"weekday",1,"65 plus",">10km","car",63.41,1.5,10.5,10.5
"86991/1001",NA,86991,2336,"70-74 years","female",21,8035,"Leisure",171.396911621094,171.396911621094,"car",1.5,63.46,"weekday",2,"65 plus",">10km","car",63.46,1.5,10.5,10.5
"86992/1000",NA,86992,2337,"55-59 years","male",21,8036,"Work",261.203918457031,261.203918457031,"car",0.166666666666667,2.95,"weekday",1,"40 to 64","3-5km","bicycle",2.95,0.268181818181818,1.16666666666667,1.87727272727273
"86992/1000",NA,86992,2337,"55-59 years","male",21,8037,"Work",261.203918457031,261.203918457031,"car",0.25,2.92,"weekday",2,"40 to 64","3-5km","bicycle",2.92,0.265454545454545,1.75,1.85818181818182
"86992/1000",NA,86992,2337,"55-59 years","male",21,8038,"Leisure",261.203918457031,261.203918457031,"car",0.25,5.41,"weekday",3,"40 to 64","6-10km","car",5.41,0.25,1.75,1.75
"86992/1000",NA,86992,2337,"55-59 years","male",21,8039,"Leisure",261.203918457031,261.203918457031,"car",0.0833333333333333,2.75,"weekday",4,"40 to 64","3-5km","bicycle",2.75,0.25,0.583333333333333,1.75
"86992/1000",NA,86992,2337,"55-59 years","male",21,8040,"Leisure",261.203918457031,261.203918457031,"car",0.166666666666667,7.5,"weekday",5,"40 to 64","6-10km","car",7.5,0.166666666666667,1.16666666666667,1.16666666666667
"86992/1001",NA,86992,2338,"55-59 years","female",21,8041,"Work",179.280990600586,179.280990600586,"car",0.166666666666667,1.88,"weekday",1,"40 to 64","1-2km","bicycle",1.88,0.170909090909091,1.16666666666667,1.19636363636364
"86992/1001",NA,86992,2338,"55-59 years","female",21,8042,"Work",179.280990600586,179.280990600586,"car",0.25,2.02,"weekday",2,"40 to 64","3-5km","bicycle",2.02,0.183636363636364,1.75,1.28545454545455
"86993/1001",NA,86993,2339,"60-64 years","female",21,8043,"Work",156.893493652344,156.893493652344,"car",0.0833333333333333,2.6,"weekday",1,"40 to 64","3-5km","bicycle",2.6,0.236363636363636,0.583333333333333,1.65454545454545
"86993/1001",NA,86993,2339,"60-64 years","female",21,8044,"Work",156.893493652344,156.893493652344,"car",0.166666666666667,2.73,"weekday",2,"40 to 64","3-5km","bicycle",2.73,0.248181818181818,1.16666666666667,1.73727272727273
"86995/1000",NA,86995,2340,"25-29 years","female",21,8045,"Work",457.866882324219,457.866882324219,"car",0.333333333333333,5.69,"weekday",1,"20 to 39","6-10km","car",5.69,0.333333333333333,2.33333333333333,2.33333333333333
"86995/1000",NA,86995,2340,"25-29 years","female",21,8046,"Work",457.866882324219,457.866882324219,"car",0.25,5.85,"weekday",2,"20 to 39","6-10km","car",5.85,0.25,1.75,1.75
"86996/1000",NA,86996,2341,"45-49 years","female",21,8047,"Leisure",235.698928833008,235.698928833008,"car",0.0833333333333333,1.81,"weekday",1,"40 to 64","1-2km","bicycle",1.81,0.164545454545455,0.583333333333333,1.15181818181818
"86996/1000",NA,86996,2341,"45-49 years","female",21,8048,"Leisure",235.698928833008,235.698928833008,"car",0.0833333333333333,2,"weekday",2,"40 to 64","1-2km","bicycle",2,0.181818181818182,0.583333333333333,1.27272727272727
"86997/1000",NA,86997,2342,"60-64 years","male",21,8050,"Work",143.074340820312,143.074340820312,"car",0.583333333333333,20.96,"weekday",1,"40 to 64",">10km","car",20.96,0.583333333333333,4.08333333333333,4.08333333333333
"86997/1000",NA,86997,2342,"60-64 years","male",21,8051,"Work",143.074340820312,143.074340820312,"car",0.583333333333333,23.52,"weekday",2,"40 to 64",">10km","car",23.52,0.583333333333333,4.08333333333333,4.08333333333333
"86997/1001",NA,86997,2343,"60-64 years","female",21,8052,"Work",156.893493652344,156.893493652344,"car",0.0833333333333333,8.2,"weekday",1,"40 to 64","6-10km","car",8.2,0.0833333333333333,0.583333333333333,0.583333333333333
"86997/1001",NA,86997,2343,"60-64 years","female",21,8053,"Work",156.893493652344,156.893493652344,"car",0.166666666666667,8.76,"weekday",2,"40 to 64","6-10km","car",8.76,0.166666666666667,1.16666666666667,1.16666666666667
"86998/1000",NA,86998,2344,"80-84 years","female",21,8054,"Shopping",242.680282592773,242.680282592773,"car",0.166666666666667,1.91,"weekday",1,"65 plus","1-2km","bicycle",1.91,0.173636363636364,1.16666666666667,1.21545454545455
"86998/1000",NA,86998,2344,"80-84 years","female",21,8055,"Shopping",242.680282592773,242.680282592773,"car",0.0833333333333333,1.89,"weekday",2,"65 plus","1-2km","bicycle",1.89,0.171818181818182,0.583333333333333,1.20272727272727
"87001/1000",NA,87001,2345,"35-39 years","male",21,8056,"Work",347.083160400391,347.083160400391,"car",0.416666666666667,9.29,"weekday",1,"20 to 39","6-10km","car",9.29,0.416666666666667,2.91666666666667,2.91666666666667
"87001/1000",NA,87001,2345,"35-39 years","male",21,8057,"Work",347.083160400391,347.083160400391,"car",0.466666666666667,9.49,"weekday",2,"20 to 39","6-10km","car",9.49,0.466666666666667,3.26666666666667,3.26666666666667
"87001/1001",NA,87001,2346,"30-34 years","female",21,8059,"Other",540.867980957031,540.867980957031,"car",0.1,1.98,"weekday",1,"20 to 39","1-2km","bicycle",1.98,0.18,0.7,1.26
"87001/1001",NA,87001,2346,"30-34 years","female",21,8060,"Other",540.867980957031,540.867980957031,"car",0.0666666666666667,2.03,"weekday",2,"20 to 39","3-5km","bicycle",2.03,0.184545454545455,0.466666666666667,1.29181818181818
"87001/1001",NA,87001,2346,"30-34 years","female",21,8061,"Other",540.867980957031,540.867980957031,"car",0.1,1.98,"weekday",3,"20 to 39","1-2km","bicycle",1.98,0.18,0.7,1.26
"87001/1001",NA,87001,2346,"30-34 years","female",21,8062,"Other",540.867980957031,540.867980957031,"car",0.1,2.03,"weekday",4,"20 to 39","3-5km","bicycle",2.03,0.184545454545455,0.7,1.29181818181818
"87003/1000",NA,87003,2347,"35-39 years","male",21,8064,"Other",253.730651855469,253.730651855469,"car",0.0833333333333333,7.53,"weekday",1,"20 to 39","6-10km","car",7.53,0.0833333333333333,0.583333333333333,0.583333333333333
"87003/1000",NA,87003,2347,"35-39 years","male",21,8065,"Other",253.730651855469,253.730651855469,"car",0.133333333333333,7.77,"weekday",2,"20 to 39","6-10km","car",7.77,0.133333333333333,0.933333333333333,0.933333333333333
"87003/1000",NA,87003,2347,"35-39 years","male",21,8066,"Other",253.730651855469,253.730651855469,"car",0.133333333333333,7.53,"weekday",3,"20 to 39","6-10km","car",7.53,0.133333333333333,0.933333333333333,0.933333333333333
"87003/1000",NA,87003,2347,"35-39 years","male",21,8067,"Other",253.730651855469,253.730651855469,"car",0.1,7.77,"weekday",4,"20 to 39","6-10km","car",7.77,0.1,0.7,0.7
"87003/1001",NA,87003,2348,"35-39 years","female",21,8068,"Work",234.266296386719,234.266296386719,"car",0.5,10.55,"weekday",1,"20 to 39",">10km","car",10.55,0.5,3.5,3.5
"87003/1001",NA,87003,2348,"35-39 years","female",21,8069,"Work",234.266296386719,234.266296386719,"car",0.5,10.45,"weekday",2,"20 to 39",">10km","car",10.45,0.5,3.5,3.5
"87005/1000",NA,87005,2349,"55-59 years","female",21,8070,"Work",285.437072753906,285.437072753906,"car",0.4,4.9,"weekday",1,"40 to 64","3-5km","bicycle",4.9,0.445454545454545,2.8,3.11818181818182
"87005/1000",NA,87005,2349,"55-59 years","female",21,8071,"Other",285.437072753906,285.437072753906,"car",0.283333333333333,6.37,"weekday",2,"40 to 64","6-10km","car",6.37,0.283333333333333,1.98333333333333,1.98333333333333
"87005/1000",NA,87005,2349,"55-59 years","female",21,8072,"Shopping",285.437072753906,285.437072753906,"car",0.383333333333333,7.38,"weekday",3,"40 to 64","6-10km","car",7.38,0.383333333333333,2.68333333333333,2.68333333333333
"87005/1000",NA,87005,2349,"55-59 years","female",21,8073,"Shopping",285.437072753906,285.437072753906,"car",0.1,2.56,"weekday",4,"40 to 64","3-5km","bicycle",2.56,0.232727272727273,0.7,1.62909090909091
"87005/1002",NA,87005,2350,"20-24 years","female",21,8074,"Work",492.016418457031,492.016418457031,"car",0.65,9.44,"weekday",1,"20 to 39","6-10km","car",9.44,0.65,4.55,4.55
"87005/1002",NA,87005,2350,"20-24 years","female",21,8075,"Shopping",492.016418457031,492.016418457031,"car",0.383333333333333,7.38,"weekday",2,"20 to 39","6-10km","car",7.38,0.383333333333333,2.68333333333333,2.68333333333333
"87005/1002",NA,87005,2350,"20-24 years","female",21,8076,"Shopping",492.016418457031,492.016418457031,"car",0.1,2.56,"weekday",3,"20 to 39","3-5km","bicycle",2.56,0.232727272727273,0.7,1.62909090909091
"87009/1000",NA,87009,2351,"50-54 years","male",21,8077,"Work",235.916015625,235.916015625,"car",0.75,26.97,"weekday",1,"40 to 64",">10km","car",26.97,0.75,5.25,5.25
"87009/1000",NA,87009,2351,"50-54 years","male",21,8078,"Work",235.916015625,235.916015625,"car",1,27.21,"weekday",2,"40 to 64",">10km","car",27.21,1,7,7
"87012/1000",NA,87012,2352,"55-59 years","female",21,8080,"Work",568.320922851562,568.320922851562,"car",0.333333333333333,7.71,"weekday",1,"40 to 64","6-10km","car",7.71,0.333333333333333,2.33333333333333,2.33333333333333
"87012/1000",NA,87012,2352,"55-59 years","female",21,8081,"Work",568.320922851562,568.320922851562,"car",0.333333333333333,7.57,"weekday",2,"40 to 64","6-10km","car",7.57,0.333333333333333,2.33333333333333,2.33333333333333
"87012/1001",NA,87012,2353,"55-59 years","male",21,8082,"Work",598.893310546875,598.893310546875,"car",0.25,7.71,"weekday",1,"40 to 64","6-10km","car",7.71,0.25,1.75,1.75
"87012/1001",NA,87012,2353,"55-59 years","male",21,8083,"Work",598.893310546875,598.893310546875,"car",0.25,7.57,"weekday",2,"40 to 64","6-10km","car",7.57,0.25,1.75,1.75
"87012/1001",NA,87012,2353,"55-59 years","male",21,8084,"Work",598.893310546875,598.893310546875,"car",0.25,7.71,"weekday",3,"40 to 64","6-10km","car",7.71,0.25,1.75,1.75
"87012/1001",NA,87012,2353,"55-59 years","male",21,8085,"Work",598.893310546875,598.893310546875,"car",0.5,7.57,"weekday",4,"40 to 64","6-10km","car",7.57,0.5,3.5,3.5
"87012/1002",NA,87012,2354,"20-24 years","male",21,8086,"Work",1088.4951171875,1088.4951171875,"car",0.166666666666667,3.39,"weekday",1,"20 to 39","3-5km","bicycle",3.39,0.308181818181818,1.16666666666667,2.15727272727273
"87012/1002",NA,87012,2354,"20-24 years","male",21,8087,"Work",1088.4951171875,1088.4951171875,"car",0.166666666666667,3.39,"weekday",2,"20 to 39","3-5km","bicycle",3.39,0.308181818181818,1.16666666666667,2.15727272727273
"87013/1000",NA,87013,2355,"20-24 years","female",21,8088,"Other",1236.85375976562,1236.85375976562,"car",0.416666666666667,4.91,"weekday",1,"20 to 39","3-5km","bicycle",4.91,0.446363636363636,2.91666666666667,3.12454545454545
"87013/1000",NA,87013,2355,"20-24 years","female",21,8089,"Shopping",1236.85375976562,1236.85375976562,"car",0.233333333333333,1.97,"weekday",2,"20 to 39","1-2km","bicycle",1.97,0.179090909090909,1.63333333333333,1.25363636363636
"87013/1000",NA,87013,2355,"20-24 years","female",21,8090,"Shopping",1236.85375976562,1236.85375976562,"car",0.166666666666667,3.68,"weekday",3,"20 to 39","3-5km","bicycle",3.68,0.334545454545455,1.16666666666667,2.34181818181818
"87013/1001",NA,87013,2356,"55-59 years","female",21,8091,"Other",729.069885253906,729.069885253906,"car",0.0333333333333333,0.36,"weekday",1,"40 to 64","<1km","bicycle",0.36,0.0327272727272727,0.233333333333333,0.229090909090909
"87013/1001",NA,87013,2356,"55-59 years","female",21,8092,"Other",729.069885253906,729.069885253906,"car",0.0333333333333333,0.36,"weekday",2,"40 to 64","<1km","bicycle",0.36,0.0327272727272727,0.233333333333333,0.229090909090909
"87013/1001",NA,87013,2356,"55-59 years","female",21,8093,"Other",729.069885253906,729.069885253906,"car",0.0166666666666667,0.36,"weekday",3,"40 to 64","<1km","bicycle",0.36,0.0327272727272727,0.116666666666667,0.229090909090909
"87013/1001",NA,87013,2356,"55-59 years","female",21,8094,"Other",729.069885253906,729.069885253906,"car",0.0333333333333333,0.36,"weekday",4,"40 to 64","<1km","bicycle",0.36,0.0327272727272727,0.233333333333333,0.229090909090909
"87013/1001",NA,87013,2356,"55-59 years","female",21,8095,"Other",729.069885253906,729.069885253906,"car",0.166666666666667,2.38,"weekday",5,"40 to 64","3-5km","bicycle",2.38,0.216363636363636,1.16666666666667,1.51454545454545
"87013/1001",NA,87013,2356,"55-59 years","female",21,8096,"Other",729.069885253906,729.069885253906,"car",0.183333333333333,2.7,"weekday",6,"40 to 64","3-5km","bicycle",2.7,0.245454545454545,1.28333333333333,1.71818181818182
"87013/1002",NA,87013,2357,"25-29 years","female",21,8097,"Other",1591.18872070312,1591.18872070312,"car",0.416666666666667,4.91,"weekday",1,"20 to 39","3-5km","bicycle",4.91,0.446363636363636,2.91666666666667,3.12454545454545
"87013/1002",NA,87013,2357,"25-29 years","female",21,8098,"Shopping",1591.18872070312,1591.18872070312,"car",0.233333333333333,1.97,"weekday",2,"20 to 39","1-2km","bicycle",1.97,0.179090909090909,1.63333333333333,1.25363636363636
"87013/1002",NA,87013,2357,"25-29 years","female",21,8099,"Shopping",1591.18872070312,1591.18872070312,"car",0.166666666666667,3.68,"weekday",3,"20 to 39","3-5km","bicycle",3.68,0.334545454545455,1.16666666666667,2.34181818181818
"87013/1003",NA,87013,2358,"15-19 years","male",21,8100,"Other",782.303466796875,782.303466796875,"car",0.0333333333333333,0.36,"weekday",1,"15 to 19","<1km","bicycle",0.36,0.0327272727272727,0.233333333333333,0.229090909090909
"87013/1003",NA,87013,2358,"15-19 years","male",21,8101,"Other",782.303466796875,782.303466796875,"car",0.0333333333333333,0.36,"weekday",2,"15 to 19","<1km","bicycle",0.36,0.0327272727272727,0.233333333333333,0.229090909090909
"87013/1003",NA,87013,2358,"15-19 years","male",21,8102,"Other",782.303466796875,782.303466796875,"car",0.0166666666666667,0.36,"weekday",3,"15 to 19","<1km","bicycle",0.36,0.0327272727272727,0.116666666666667,0.229090909090909
"87013/1003",NA,87013,2358,"15-19 years","male",21,8103,"Other",782.303466796875,782.303466796875,"car",0.0333333333333333,0.36,"weekday",4,"15 to 19","<1km","bicycle",0.36,0.0327272727272727,0.233333333333333,0.229090909090909
"87013/1003",NA,87013,2358,"15-19 years","male",21,8104,"Other",782.303466796875,782.303466796875,"car",0.416666666666667,4.91,"weekday",5,"15 to 19","3-5km","bicycle",4.91,0.446363636363636,2.91666666666667,3.12454545454545
"87013/1003",NA,87013,2358,"15-19 years","male",21,8105,"Shopping",782.303466796875,782.303466796875,"car",0.233333333333333,1.97,"weekday",6,"15 to 19","1-2km","bicycle",1.97,0.179090909090909,1.63333333333333,1.25363636363636
"87013/1003",NA,87013,2358,"15-19 years","male",21,8106,"Shopping",782.303466796875,782.303466796875,"car",0.166666666666667,3.68,"weekday",7,"15 to 19","3-5km","bicycle",3.68,0.334545454545455,1.16666666666667,2.34181818181818
"87013/1004",NA,87013,2359,"15-19 years","male",21,8107,"Other",782.303466796875,782.303466796875,"car",0.166666666666667,2.38,"weekday",1,"15 to 19","3-5km","bicycle",2.38,0.216363636363636,1.16666666666667,1.51454545454545
"87013/1004",NA,87013,2359,"15-19 years","male",21,8108,"Other",782.303466796875,782.303466796875,"car",0.183333333333333,2.7,"weekday",2,"15 to 19","3-5km","bicycle",2.7,0.245454545454545,1.28333333333333,1.71818181818182
"87019/1000",NA,87019,2360,"60-64 years","male",21,8109,"Work",407.964630126953,407.964630126953,"car",0.5,17.24,"weekday",1,"40 to 64",">10km","car",17.24,0.5,3.5,3.5
"87019/1000",NA,87019,2360,"60-64 years","male",21,8110,"Work",407.964630126953,407.964630126953,"car",0.5,17.08,"weekday",2,"40 to 64",">10km","car",17.08,0.5,3.5,3.5
"87019/1001",NA,87019,2361,"60-64 years","female",21,8111,"Leisure",437.736572265625,437.736572265625,"walking",0.666666666666667,2.71,"weekday",1,"40 to 64","3-5km","walking",2.71,0.666666666666667,4.66666666666667,4.66666666666667
"87019/1001",NA,87019,2361,"60-64 years","female",21,8112,"Leisure",437.736572265625,437.736572265625,"walking",0.916666666666667,2.71,"weekday",2,"40 to 64","3-5km","walking",2.71,0.916666666666667,6.41666666666667,6.41666666666667
"87019/1001",NA,87019,2361,"60-64 years","female",21,8113,"Leisure",437.736572265625,437.736572265625,"car",0.166666666666667,4.09,"weekday",3,"40 to 64","3-5km","bicycle",4.09,0.371818181818182,1.16666666666667,2.60272727272727
"87019/1001",NA,87019,2361,"60-64 years","female",21,8114,"Leisure",437.736572265625,437.736572265625,"car",0.25,4.9,"weekday",4,"40 to 64","3-5km","bicycle",4.9,0.445454545454545,1.75,3.11818181818182
"87019/1001",NA,87019,2361,"60-64 years","female",21,8115,"Leisure",437.736572265625,437.736572265625,"car",0.5,8.67,"weekday",5,"40 to 64","6-10km","car",8.67,0.5,3.5,3.5
"87020/1000",NA,87020,2362,"60-64 years","female",21,8116,"Work",531.132019042969,531.132019042969,"car",0.166666666666667,1.48,"weekday",1,"40 to 64","1-2km","bicycle",1.48,0.134545454545455,1.16666666666667,0.941818181818182
"87020/1000",NA,87020,2362,"60-64 years","female",21,8117,"Work",531.132019042969,531.132019042969,"car",0.1,1.61,"weekday",2,"40 to 64","1-2km","bicycle",1.61,0.146363636363636,0.7,1.02454545454545
"87020/1001",NA,87020,2363,"55-59 years","male",21,8118,"Work",598.893310546875,598.893310546875,"walking",0.383333333333333,2.33,"weekday",1,"40 to 64","3-5km","walking",2.33,0.383333333333333,2.68333333333333,2.68333333333333
"87020/1001",NA,87020,2363,"55-59 years","male",21,8119,"Work",598.893310546875,598.893310546875,"walking",0.383333333333333,2.33,"weekday",2,"40 to 64","3-5km","walking",2.33,0.383333333333333,2.68333333333333,2.68333333333333
"87022/1000",NA,87022,2364,"40-44 years","male",21,8120,"Other",554.12841796875,554.12841796875,"car",0.333333333333333,1.67,"weekday",1,"40 to 64","1-2km","bicycle",1.67,0.151818181818182,2.33333333333333,1.06272727272727
"87022/1000",NA,87022,2364,"40-44 years","male",21,8121,"Other",554.12841796875,554.12841796875,"car",0.0833333333333333,1.35,"weekday",2,"40 to 64","1-2km","bicycle",1.35,0.122727272727273,0.583333333333333,0.859090909090909
"87022/1000",NA,87022,2364,"40-44 years","male",21,8122,"Work",554.12841796875,554.12841796875,"car",0.0666666666666667,1.98,"weekday",3,"40 to 64","1-2km","bicycle",1.98,0.18,0.466666666666667,1.26
"87022/1000",NA,87022,2364,"40-44 years","male",21,8123,"Work",554.12841796875,554.12841796875,"car",0.0833333333333333,2.24,"weekday",4,"40 to 64","3-5km","bicycle",2.24,0.203636363636364,0.583333333333333,1.42545454545455
"87022/1000",NA,87022,2364,"40-44 years","male",21,8124,"Other",554.12841796875,554.12841796875,"car",0.333333333333333,1.67,"weekday",5,"40 to 64","1-2km","bicycle",1.67,0.151818181818182,2.33333333333333,1.06272727272727
"87022/1000",NA,87022,2364,"40-44 years","male",21,8125,"Other",554.12841796875,554.12841796875,"car",0.0833333333333333,1.35,"weekday",6,"40 to 64","1-2km","bicycle",1.35,0.122727272727273,0.583333333333333,0.859090909090909
"87022/1000",NA,87022,2364,"40-44 years","male",21,8126,"Leisure",554.12841796875,554.12841796875,"car",0.166666666666667,1.7,"weekday",7,"40 to 64","1-2km","bicycle",1.7,0.154545454545455,1.16666666666667,1.08181818181818
"87022/1000",NA,87022,2364,"40-44 years","male",21,8127,"Leisure",554.12841796875,554.12841796875,"car",0.0833333333333333,1.49,"weekday",8,"40 to 64","1-2km","bicycle",1.49,0.135454545454545,0.583333333333333,0.948181818181818
"87022/1001",NA,87022,2365,"40-44 years","female",21,8128,"Work",575.516906738281,575.516906738281,"car",0.166666666666667,4.31,"weekday",1,"40 to 64","3-5km","bicycle",4.31,0.391818181818182,1.16666666666667,2.74272727272727
"87022/1001",NA,87022,2365,"40-44 years","female",21,8129,"Shopping",575.516906738281,575.516906738281,"walking",0.166666666666667,1.14,"weekday",2,"40 to 64","1-2km","walking",1.14,0.166666666666667,1.16666666666667,1.16666666666667
"87022/1001",NA,87022,2365,"40-44 years","female",21,8130,"Work",575.516906738281,575.516906738281,"walking",0.25,1.14,"weekday",3,"40 to 64","1-2km","walking",1.14,0.25,1.75,1.75
"87022/1001",NA,87022,2365,"40-44 years","female",21,8131,"Work",575.516906738281,575.516906738281,"car",0.333333333333333,4.51,"weekday",4,"40 to 64","3-5km","bicycle",4.51,0.41,2.33333333333333,2.87
"87022/1001",NA,87022,2365,"40-44 years","female",21,8132,"Leisure",575.516906738281,575.516906738281,"walking",0.25,1.11,"weekday",5,"40 to 64","1-2km","walking",1.11,0.25,1.75,1.75
"87022/1001",NA,87022,2365,"40-44 years","female",21,8133,"Leisure",575.516906738281,575.516906738281,"walking",0.25,1.11,"weekday",6,"40 to 64","1-2km","walking",1.11,0.25,1.75,1.75
"87030/1000",NA,87030,2366,"40-44 years","female",21,8134,"Other",575.516906738281,575.516906738281,"car",0.0833333333333333,1.16,"weekday",1,"40 to 64","1-2km","bicycle",1.16,0.105454545454545,0.583333333333333,0.738181818181818
"87030/1000",NA,87030,2366,"40-44 years","female",21,8135,"Other",575.516906738281,575.516906738281,"car",0.0833333333333333,1.1,"weekday",2,"40 to 64","1-2km","bicycle",1.1,0.1,0.583333333333333,0.7
"87030/1000",NA,87030,2366,"40-44 years","female",21,8136,"Leisure",575.516906738281,575.516906738281,"car",0.0833333333333333,1.16,"weekday",3,"40 to 64","1-2km","bicycle",1.16,0.105454545454545,0.583333333333333,0.738181818181818
"87030/1000",NA,87030,2366,"40-44 years","female",21,8137,"Shopping",575.516906738281,575.516906738281,"car",0.166666666666667,1.07,"weekday",4,"40 to 64","1-2km","bicycle",1.07,0.0972727272727273,1.16666666666667,0.680909090909091
"87030/1000",NA,87030,2366,"40-44 years","female",21,8138,"Shopping",575.516906738281,575.516906738281,"car",0.0833333333333333,0.87,"weekday",5,"40 to 64","<1km","bicycle",0.87,0.0790909090909091,0.583333333333333,0.553636363636364
"87030/1000",NA,87030,2366,"40-44 years","female",21,8139,"Shopping",575.516906738281,575.516906738281,"car",0.166666666666667,3.43,"weekday",6,"40 to 64","3-5km","bicycle",3.43,0.311818181818182,1.16666666666667,2.18272727272727
"87030/1000",NA,87030,2366,"40-44 years","female",21,8140,"Other",575.516906738281,575.516906738281,"car",0.25,2.54,"weekday",7,"40 to 64","3-5km","bicycle",2.54,0.230909090909091,1.75,1.61636363636364
"87030/1000",NA,87030,2366,"40-44 years","female",21,8141,"Other",575.516906738281,575.516906738281,"car",0.0833333333333333,1.1,"weekday",8,"40 to 64","1-2km","bicycle",1.1,0.1,0.583333333333333,0.7
"87030/1000",NA,87030,2366,"40-44 years","female",21,8142,"Other",575.516906738281,575.516906738281,"car",0.0833333333333333,1.26,"weekday",9,"40 to 64","1-2km","bicycle",1.26,0.114545454545455,0.583333333333333,0.801818181818182
"87030/1000",NA,87030,2366,"40-44 years","female",21,8143,"Other",575.516906738281,575.516906738281,"car",0.0833333333333333,1.28,"weekday",10,"40 to 64","1-2km","bicycle",1.28,0.116363636363636,0.583333333333333,0.814545454545455
"87030/1000",NA,87030,2366,"40-44 years","female",21,8144,"Other",575.516906738281,575.516906738281,"car",0.0833333333333333,1.26,"weekday",11,"40 to 64","1-2km","bicycle",1.26,0.114545454545455,0.583333333333333,0.801818181818182
"87030/1000",NA,87030,2366,"40-44 years","female",21,8145,"Other",575.516906738281,575.516906738281,"car",0.0833333333333333,1.28,"weekday",12,"40 to 64","1-2km","bicycle",1.28,0.116363636363636,0.583333333333333,0.814545454545455
"87030/1001",NA,87030,2367,"40-44 years","male",21,8146,"Leisure",554.12841796875,554.12841796875,"car",0.0833333333333333,2.58,"weekday",1,"40 to 64","3-5km","bicycle",2.58,0.234545454545455,0.583333333333333,1.64181818181818
"87030/1001",NA,87030,2367,"40-44 years","male",21,8147,"Shopping",554.12841796875,554.12841796875,"car",0.0833333333333333,2.24,"weekday",2,"40 to 64","3-5km","bicycle",2.24,0.203636363636364,0.583333333333333,1.42545454545455
"87030/1001",NA,87030,2367,"40-44 years","male",21,8148,"Shopping",554.12841796875,554.12841796875,"car",0.0833333333333333,0.54,"weekday",3,"40 to 64","<1km","bicycle",0.54,0.0490909090909091,0.583333333333333,0.343636363636364
"87030/1001",NA,87030,2367,"40-44 years","male",21,8149,"Other",554.12841796875,554.12841796875,"car",0.333333333333333,4.46,"weekday",4,"40 to 64","3-5km","bicycle",4.46,0.405454545454545,2.33333333333333,2.83818181818182
"87030/1001",NA,87030,2367,"40-44 years","male",21,8150,"Work",554.12841796875,554.12841796875,"car",0.166666666666667,1.67,"weekday",5,"40 to 64","1-2km","bicycle",1.67,0.151818181818182,1.16666666666667,1.06272727272727
"87030/1001",NA,87030,2367,"40-44 years","male",21,8151,"Other",554.12841796875,554.12841796875,"car",0.0833333333333333,1.13,"weekday",6,"40 to 64","1-2km","bicycle",1.13,0.102727272727273,0.583333333333333,0.719090909090909
"87030/1001",NA,87030,2367,"40-44 years","male",21,8152,"Other",554.12841796875,554.12841796875,"car",0.333333333333333,3.77,"weekday",7,"40 to 64","3-5km","bicycle",3.77,0.342727272727273,2.33333333333333,2.39909090909091
"87030/1001",NA,87030,2367,"40-44 years","male",21,8153,"Other",554.12841796875,554.12841796875,"car",0.0833333333333333,0.82,"weekday",8,"40 to 64","<1km","bicycle",0.82,0.0745454545454545,0.583333333333333,0.521818181818182
"87030/1001",NA,87030,2367,"40-44 years","male",21,8154,"Shopping",554.12841796875,554.12841796875,"car",0.166666666666667,3.08,"weekday",9,"40 to 64","3-5km","bicycle",3.08,0.28,1.16666666666667,1.96
"87030/1001",NA,87030,2367,"40-44 years","male",21,8155,"Shopping",554.12841796875,554.12841796875,"car",0.166666666666667,3.54,"weekday",10,"40 to 64","3-5km","bicycle",3.54,0.321818181818182,1.16666666666667,2.25272727272727
"87030/1002",NA,87030,2368,"15-19 years","female",21,8156,"Education",456.759735107422,456.759735107422,"car",0.333333333333333,4.46,"weekday",1,"15 to 19","3-5km","bicycle",4.46,0.405454545454545,2.33333333333333,2.83818181818182
"87030/1002",NA,87030,2368,"15-19 years","female",21,8157,"Shopping",456.759735107422,456.759735107422,"walking",0.0833333333333333,0.99,"weekday",2,"15 to 19","<1km","walking",0.99,0.0833333333333333,0.583333333333333,0.583333333333333
"87030/1002",NA,87030,2368,"15-19 years","female",21,8158,"Shopping",456.759735107422,456.759735107422,"public.transport",0.166666666666667,1.63,"weekday",2,"15 to 19","1-2km","public.transport",1.63,0.166666666666667,1.16666666666667,1.16666666666667
"87030/1002",NA,87030,2368,"15-19 years","female",21,8159,"Shopping",456.759735107422,456.759735107422,"walking",0.0833333333333333,0.31,"weekday",2,"15 to 19","<1km","walking",0.31,0.0833333333333333,0.583333333333333,0.583333333333333
"87030/1002",NA,87030,2368,"15-19 years","female",21,8160,"Shopping",456.759735107422,456.759735107422,"walking",0.0833333333333333,0.43,"weekday",3,"15 to 19","<1km","walking",0.43,0.0833333333333333,0.583333333333333,0.583333333333333
"87030/1002",NA,87030,2368,"15-19 years","female",21,8161,"Shopping",456.759735107422,456.759735107422,"car",0.333333333333333,3.77,"weekday",3,"15 to 19","3-5km","bicycle",3.77,0.342727272727273,2.33333333333333,2.39909090909091
"87031/1000",NA,87031,2369,"55-59 years","male",21,8162,"Work",532.142456054688,532.142456054688,"walking",0.25,0.88,"weekday",1,"40 to 64","<1km","walking",0.88,0.25,1.75,1.75
"87031/1000",NA,87031,2369,"55-59 years","male",21,8163,"Work",532.142456054688,532.142456054688,"public.transport",0.55,6.15,"weekday",1,"40 to 64","6-10km","public.transport",6.15,0.55,3.85,3.85
"87031/1000",NA,87031,2369,"55-59 years","male",21,8164,"Work",532.142456054688,532.142456054688,"walking",0.2,0.35,"weekday",1,"40 to 64","<1km","walking",0.35,0.2,1.4,1.4
"87031/1000",NA,87031,2369,"55-59 years","male",21,8165,"Work",532.142456054688,532.142456054688,"walking",0.25,0.35,"weekday",2,"40 to 64","<1km","walking",0.35,0.25,1.75,1.75
"87031/1000",NA,87031,2369,"55-59 years","male",21,8166,"Work",532.142456054688,532.142456054688,"public.transport",0.416666666666667,6.15,"weekday",2,"40 to 64","6-10km","public.transport",6.15,0.416666666666667,2.91666666666667,2.91666666666667
"87031/1000",NA,87031,2369,"55-59 years","male",21,8167,"Work",532.142456054688,532.142456054688,"walking",0.25,0.88,"weekday",2,"40 to 64","<1km","walking",0.88,0.25,1.75,1.75
"87031/1001",NA,87031,2370,"50-54 years","female",21,8168,"Work",484.974609375,484.974609375,"car",0.416666666666667,6.17,"weekday",1,"40 to 64","6-10km","car",6.17,0.416666666666667,2.91666666666667,2.91666666666667
"87031/1001",NA,87031,2370,"50-54 years","female",21,8169,"Work",484.974609375,484.974609375,"car",0.25,6.38,"weekday",2,"40 to 64","6-10km","car",6.38,0.25,1.75,1.75
"87031/1003",NA,87031,2371,"15-19 years","female",21,8170,"Education",456.759735107422,456.759735107422,"walking",0.333333333333333,1.15,"weekday",1,"15 to 19","1-2km","walking",1.15,0.333333333333333,2.33333333333333,2.33333333333333
"87031/1003",NA,87031,2371,"15-19 years","female",21,8171,"Education",456.759735107422,456.759735107422,"walking",0.333333333333333,1.15,"weekday",2,"15 to 19","1-2km","walking",1.15,0.333333333333333,2.33333333333333,2.33333333333333
"87032/1000",NA,87032,2372,"60-64 years","female",21,8172,"Shopping",437.736572265625,437.736572265625,"car",0.333333333333333,6.38,"weekday",1,"40 to 64","6-10km","car",6.38,0.333333333333333,2.33333333333333,2.33333333333333
"87032/1000",NA,87032,2372,"60-64 years","female",21,8173,"Shopping",437.736572265625,437.736572265625,"car",0.333333333333333,6.41,"weekday",2,"40 to 64","6-10km","car",6.41,0.333333333333333,2.33333333333333,2.33333333333333
"87032/1000",NA,87032,2372,"60-64 years","female",21,8174,"Work",437.736572265625,437.736572265625,"car",0.166666666666667,1.72,"weekday",3,"40 to 64","1-2km","bicycle",1.72,0.156363636363636,1.16666666666667,1.09454545454545
"87032/1000",NA,87032,2372,"60-64 years","female",21,8175,"Work",437.736572265625,437.736572265625,"car",0.166666666666667,2.95,"weekday",4,"40 to 64","3-5km","bicycle",2.95,0.268181818181818,1.16666666666667,1.87727272727273
"87032/1000",NA,87032,2372,"60-64 years","female",21,8176,"Work",437.736572265625,437.736572265625,"car",0.333333333333333,1.72,"weekday",5,"40 to 64","1-2km","bicycle",1.72,0.156363636363636,2.33333333333333,1.09454545454545
"87032/1000",NA,87032,2372,"60-64 years","female",21,8177,"Leisure",437.736572265625,437.736572265625,"walking",0.166666666666667,0.54,"weekday",6,"40 to 64","<1km","walking",0.54,0.166666666666667,1.16666666666667,1.16666666666667
"87032/1000",NA,87032,2372,"60-64 years","female",21,8178,"Leisure",437.736572265625,437.736572265625,"walking",0.166666666666667,0.54,"weekday",7,"40 to 64","<1km","walking",0.54,0.166666666666667,1.16666666666667,1.16666666666667
"87032/1001",NA,87032,2373,"40-44 years","female",21,8179,"Other",533.81396484375,533.81396484375,"car",0.25,1.72,"weekday",1,"40 to 64","1-2km","bicycle",1.72,0.156363636363636,1.75,1.09454545454545
"87032/1001",NA,87032,2373,"40-44 years","female",21,8180,"Other",533.81396484375,533.81396484375,"car",0.25,1.71,"weekday",2,"40 to 64","1-2km","bicycle",1.71,0.155454545454545,1.75,1.08818181818182
"87033/1000",NA,87033,2374,"50-54 years","female",21,8181,"Shopping",545.808776855469,545.808776855469,"walking",0.0833333333333333,0.19,"weekday",1,"40 to 64","<1km","walking",0.19,0.0833333333333333,0.583333333333333,0.583333333333333
"87033/1000",NA,87033,2374,"50-54 years","female",21,8182,"Shopping",545.808776855469,545.808776855469,"walking",0.0833333333333333,0.19,"weekday",2,"40 to 64","<1km","walking",0.19,0.0833333333333333,0.583333333333333,0.583333333333333
"87033/1000",NA,87033,2374,"50-54 years","female",21,8183,"Other",545.808776855469,545.808776855469,"walking",0.166666666666667,0.55,"weekday",3,"40 to 64","<1km","walking",0.55,0.166666666666667,1.16666666666667,1.16666666666667
"87033/1000",NA,87033,2374,"50-54 years","female",21,8184,"Other",545.808776855469,545.808776855469,"walking",0.166666666666667,0.55,"weekday",4,"40 to 64","<1km","walking",0.55,0.166666666666667,1.16666666666667,1.16666666666667
"87033/1001",NA,87033,2375,"45-49 years","male",21,8185,"Other",552.430297851562,552.430297851562,"bicycle",0.166666666666667,1.02,"weekday",1,"40 to 64","1-2km","bicycle",1.02,0.166666666666667,1.16666666666667,1.16666666666667
"87033/1001",NA,87033,2375,"45-49 years","male",21,8186,"Work",552.430297851562,552.430297851562,"bicycle",0.25,3.31,"weekday",2,"40 to 64","3-5km","bicycle",3.31,0.25,1.75,1.75
"87033/1001",NA,87033,2375,"45-49 years","male",21,8187,"Work",552.430297851562,552.430297851562,"bicycle",0.25,2.28,"weekday",3,"40 to 64","3-5km","bicycle",2.28,0.25,1.75,1.75
"87033/1001",NA,87033,2375,"45-49 years","male",21,8188,"Shopping",552.430297851562,552.430297851562,"bicycle",0.0833333333333333,0.48,"weekday",4,"40 to 64","<1km","bicycle",0.48,0.0833333333333333,0.583333333333333,0.583333333333333
"87033/1001",NA,87033,2375,"45-49 years","male",21,8189,"Shopping",552.430297851562,552.430297851562,"bicycle",0.0833333333333333,0.48,"weekday",5,"40 to 64","<1km","bicycle",0.48,0.0833333333333333,0.583333333333333,0.583333333333333
"87035/1000",NA,87035,2376,"35-39 years","male",21,8190,"Work",621.857666015625,621.857666015625,"car",0.5,11.53,"weekday",1,"20 to 39",">10km","car",11.53,0.5,3.5,3.5
"87035/1000",NA,87035,2376,"35-39 years","male",21,8191,"Work",621.857666015625,621.857666015625,"car",0.333333333333333,11.59,"weekday",2,"20 to 39",">10km","car",11.59,0.333333333333333,2.33333333333333,2.33333333333333
"87035/1000",NA,87035,2376,"35-39 years","male",21,8192,"Leisure",621.857666015625,621.857666015625,"walking",0.333333333333333,1.76,"weekday",3,"20 to 39","1-2km","walking",1.76,0.333333333333333,2.33333333333333,2.33333333333333
"87035/1000",NA,87035,2376,"35-39 years","male",21,8193,"Leisure",621.857666015625,621.857666015625,"walking",0.333333333333333,1.76,"weekday",4,"20 to 39","1-2km","walking",1.76,0.333333333333333,2.33333333333333,2.33333333333333
"87035/1001",NA,87035,2377,"35-39 years","female",21,8194,"Work",522.818908691406,522.818908691406,"car",1,36.31,"weekday",1,"20 to 39",">10km","car",36.31,1,7,7
"87035/1001",NA,87035,2377,"35-39 years","female",21,8195,"Work",522.818908691406,522.818908691406,"car",1,36.32,"weekday",2,"20 to 39",">10km","car",36.32,1,7,7
"87035/1001",NA,87035,2377,"35-39 years","female",21,8196,"Leisure",522.818908691406,522.818908691406,"walking",0.333333333333333,1.76,"weekday",3,"20 to 39","1-2km","walking",1.76,0.333333333333333,2.33333333333333,2.33333333333333
"87035/1001",NA,87035,2377,"35-39 years","female",21,8197,"Leisure",522.818908691406,522.818908691406,"walking",0.333333333333333,1.76,"weekday",4,"20 to 39","1-2km","walking",1.76,0.333333333333333,2.33333333333333,2.33333333333333
"87036/1000",NA,87036,2378,"45-49 years","female",21,8198,"Work",544.801513671875,544.801513671875,"car",0.416666666666667,9.64,"weekday",1,"40 to 64","6-10km","car",9.64,0.416666666666667,2.91666666666667,2.91666666666667
"87036/1000",NA,87036,2378,"45-49 years","female",21,8199,"Work",544.801513671875,544.801513671875,"car",0.25,9.6,"weekday",2,"40 to 64","6-10km","car",9.6,0.25,1.75,1.75
"87036/1001",NA,87036,2379,"45-49 years","male",21,8200,"Work",455.289733886719,455.289733886719,"bicycle",0.333333333333333,2.1,"weekday",1,"40 to 64","3-5km","bicycle",2.1,0.333333333333333,2.33333333333333,2.33333333333333
"87036/1001",NA,87036,2379,"45-49 years","male",21,8201,"Work",455.289733886719,455.289733886719,"bicycle",0.25,2.1,"weekday",2,"40 to 64","3-5km","bicycle",2.1,0.25,1.75,1.75
"87036/1001",NA,87036,2379,"45-49 years","male",21,8202,"Work",455.289733886719,455.289733886719,"bicycle",0.416666666666667,6.25,"weekday",3,"40 to 64","6-10km","bicycle",6.25,0.416666666666667,2.91666666666667,2.91666666666667
"87036/1001",NA,87036,2379,"45-49 years","male",21,8203,"Work",455.289733886719,455.289733886719,"bicycle",0.416666666666667,6.25,"weekday",4,"40 to 64","6-10km","bicycle",6.25,0.416666666666667,2.91666666666667,2.91666666666667
"87036/1001",NA,87036,2379,"45-49 years","male",21,8204,"Leisure",455.289733886719,455.289733886719,"car",0.416666666666667,9.64,"weekday",5,"40 to 64","6-10km","car",9.64,0.416666666666667,2.91666666666667,2.91666666666667
"87036/1001",NA,87036,2379,"45-49 years","male",21,8205,"Leisure",455.289733886719,455.289733886719,"car",0.25,9.6,"weekday",6,"40 to 64","6-10km","car",9.6,0.25,1.75,1.75
"87038/1007",NA,87038,2380,"75-79 years","female",21,8206,"Other",498.658630371094,498.658630371094,"car",0.0833333333333333,1.16,"weekday",1,"65 plus","1-2km","bicycle",1.16,0.105454545454545,0.583333333333333,0.738181818181818
"87038/1007",NA,87038,2380,"75-79 years","female",21,8207,"Shopping",498.658630371094,498.658630371094,"walking",0.0333333333333333,0.04,"weekday",2,"65 plus","<1km","walking",0.04,0.0333333333333333,0.233333333333333,0.233333333333333
"87038/1007",NA,87038,2380,"75-79 years","female",21,8208,"Shopping",498.658630371094,498.658630371094,"public.transport",0.35,2.35,"weekday",2,"65 plus","3-5km","public.transport",2.35,0.35,2.45,2.45
"87038/1007",NA,87038,2380,"75-79 years","female",21,8209,"Shopping",498.658630371094,498.658630371094,"walking",0.0666666666666667,0.16,"weekday",2,"65 plus","<1km","walking",0.16,0.0666666666666667,0.466666666666667,0.466666666666667
"87038/1007",NA,87038,2380,"75-79 years","female",21,8210,"Shopping",498.658630371094,498.658630371094,"walking",0.0833333333333333,0.39,"weekday",3,"65 plus","<1km","walking",0.39,0.0833333333333333,0.583333333333333,0.583333333333333
"87038/1007",NA,87038,2380,"75-79 years","female",21,8211,"Shopping",498.658630371094,498.658630371094,"public.transport",0.233333333333333,3.09,"weekday",3,"65 plus","3-5km","public.transport",3.09,0.233333333333333,1.63333333333333,1.63333333333333
"87038/1007",NA,87038,2380,"75-79 years","female",21,8212,"Shopping",498.658630371094,498.658630371094,"walking",0.15,0.48,"weekday",3,"65 plus","<1km","walking",0.48,0.15,1.05,1.05
"87038/1009",NA,87038,2381,"75-79 years","male",21,8213,"Other",388.227874755859,388.227874755859,"car",0.0833333333333333,1.16,"weekday",1,"65 plus","1-2km","bicycle",1.16,0.105454545454545,0.583333333333333,0.738181818181818
"87038/1009",NA,87038,2381,"75-79 years","male",21,8214,"Other",388.227874755859,388.227874755859,"car",0.1,1.21,"weekday",2,"65 plus","1-2km","bicycle",1.21,0.11,0.7,0.77
"87040/1000",NA,87040,2382,"45-49 years","male",21,8215,"Other",146.615966796875,146.615966796875,"car",0.0833333333333333,2.51,"weekday",1,"40 to 64","3-5km","bicycle",2.51,0.228181818181818,0.583333333333333,1.59727272727273
"87040/1000",NA,87040,2382,"45-49 years","male",21,8216,"Other",146.615966796875,146.615966796875,"car",0.0833333333333333,2.49,"weekday",2,"40 to 64","3-5km","bicycle",2.49,0.226363636363636,0.583333333333333,1.58454545454545
"87040/1000",NA,87040,2382,"45-49 years","male",21,8217,"Other",146.615966796875,146.615966796875,"car",0.166666666666667,2.51,"weekday",3,"40 to 64","3-5km","bicycle",2.51,0.228181818181818,1.16666666666667,1.59727272727273
"87040/1000",NA,87040,2382,"45-49 years","male",21,8218,"Shopping",146.615966796875,146.615966796875,"car",0.0833333333333333,2,"weekday",4,"40 to 64","1-2km","bicycle",2,0.181818181818182,0.583333333333333,1.27272727272727
"87040/1000",NA,87040,2382,"45-49 years","male",21,8219,"Shopping",146.615966796875,146.615966796875,"car",0.0333333333333333,0.7,"weekday",5,"40 to 64","<1km","bicycle",0.7,0.0636363636363636,0.233333333333333,0.445454545454545
"87041/1000",NA,87041,2383,"55-59 years","male",21,8220,"Leisure",141.208511352539,141.208511352539,"walking",0.25,1.27,"weekday",1,"40 to 64","1-2km","walking",1.27,0.25,1.75,1.75
"87041/1000",NA,87041,2383,"55-59 years","male",21,8221,"Leisure",141.208511352539,141.208511352539,"walking",0.25,1.27,"weekday",2,"40 to 64","1-2km","walking",1.27,0.25,1.75,1.75
"87045/1000",NA,87045,2384,"30-34 years","female",21,8222,"Work",119.532577514648,119.532577514648,"car",1.08333333333333,38.6,"weekday",1,"20 to 39",">10km","car",38.6,1.08333333333333,7.58333333333333,7.58333333333333
"87045/1000",NA,87045,2384,"30-34 years","female",21,8223,"Leisure",119.532577514648,119.532577514648,"car",0.3,6.27,"weekday",2,"20 to 39","6-10km","car",6.27,0.3,2.1,2.1
"87045/1000",NA,87045,2384,"30-34 years","female",21,8224,"Leisure",119.532577514648,119.532577514648,"car",0.583333333333333,37.97,"weekday",3,"20 to 39",">10km","car",37.97,0.583333333333333,4.08333333333333,4.08333333333333
"87046/1000",NA,87046,2385,"70-74 years","male",21,8225,"Leisure",91.9685287475586,91.9685287475586,"walking",0.166666666666667,0.33,"weekday",1,"65 plus","<1km","walking",0.33,0.166666666666667,1.16666666666667,1.16666666666667
"87046/1000",NA,87046,2385,"70-74 years","male",21,8226,"Leisure",91.9685287475586,91.9685287475586,"walking",0.166666666666667,0.33,"weekday",2,"65 plus","<1km","walking",0.33,0.166666666666667,1.16666666666667,1.16666666666667
"87050/1000",NA,87050,2386,"65-69 years","male",21,8227,"Work",125.863647460938,125.863647460938,"car",0.25,10.1,"weekday",1,"65 plus",">10km","car",10.1,0.25,1.75,1.75
"87050/1000",NA,87050,2386,"65-69 years","male",21,8228,"Work",125.863647460938,125.863647460938,"car",0.25,10.34,"weekday",2,"65 plus",">10km","car",10.34,0.25,1.75,1.75
"87050/1000",NA,87050,2386,"65-69 years","male",21,8229,"Work",125.863647460938,125.863647460938,"car",0.25,10.1,"weekday",3,"65 plus",">10km","car",10.1,0.25,1.75,1.75
"87050/1000",NA,87050,2386,"65-69 years","male",21,8230,"Work",125.863647460938,125.863647460938,"car",0.25,10.34,"weekday",4,"65 plus",">10km","car",10.34,0.25,1.75,1.75
"87051/1000",NA,87051,2387,"40-44 years","female",21,8231,"Work",165.249099731445,165.249099731445,"car",0.05,1.21,"weekday",1,"40 to 64","1-2km","bicycle",1.21,0.11,0.35,0.77
"87051/1000",NA,87051,2387,"40-44 years","female",21,8232,"Other",165.249099731445,165.249099731445,"car",0.116666666666667,0.96,"weekday",2,"40 to 64","<1km","bicycle",0.96,0.0872727272727273,0.816666666666667,0.610909090909091
"87051/1000",NA,87051,2387,"40-44 years","female",21,8233,"Other",165.249099731445,165.249099731445,"car",0.0833333333333333,1.24,"weekday",3,"40 to 64","1-2km","bicycle",1.24,0.112727272727273,0.583333333333333,0.789090909090909
"87053/1000",NA,87053,2388,"70-74 years","female",21,8234,"Work",105.644348144531,105.644348144531,"car",0.166666666666667,2.52,"weekday",1,"65 plus","3-5km","bicycle",2.52,0.229090909090909,1.16666666666667,1.60363636363636
"87053/1000",NA,87053,2388,"70-74 years","female",21,8235,"Work",105.644348144531,105.644348144531,"car",0.166666666666667,2.53,"weekday",2,"65 plus","3-5km","bicycle",2.53,0.23,1.16666666666667,1.61
"87056/1000",NA,87056,2389,"35-39 years","female",21,8236,"Work",108.65584564209,108.65584564209,"car",0.116666666666667,3.79,"weekday",1,"20 to 39","3-5km","bicycle",3.79,0.344545454545455,0.816666666666667,2.41181818181818
"87056/1000",NA,87056,2389,"35-39 years","female",21,8237,"Work",108.65584564209,108.65584564209,"car",0.166666666666667,3.84,"weekday",2,"20 to 39","3-5km","bicycle",3.84,0.349090909090909,1.16666666666667,2.44363636363636
"87056/1001",NA,87056,2390,"35-39 years","male",21,8238,"Work",140.393783569336,140.393783569336,"car",0.25,8.87,"weekday",1,"20 to 39","6-10km","car",8.87,0.25,1.75,1.75
"87056/1001",NA,87056,2390,"35-39 years","male",21,8239,"Work",140.393783569336,140.393783569336,"car",0.333333333333333,8.83,"weekday",2,"20 to 39","6-10km","car",8.83,0.333333333333333,2.33333333333333,2.33333333333333
"87057/1000",NA,87057,2391,"30-34 years","female",21,8240,"Other",166.980453491211,166.980453491211,"car",0.0833333333333333,1.79,"weekday",1,"20 to 39","1-2km","bicycle",1.79,0.162727272727273,0.583333333333333,1.13909090909091
"87057/1000",NA,87057,2391,"30-34 years","female",21,8241,"Other",166.980453491211,166.980453491211,"car",0.0833333333333333,3.99,"weekday",2,"20 to 39","3-5km","bicycle",3.99,0.362727272727273,0.583333333333333,2.53909090909091
"87057/1000",NA,87057,2391,"30-34 years","female",21,8242,"Other",166.980453491211,166.980453491211,"car",0.0833333333333333,2.75,"weekday",3,"20 to 39","3-5km","bicycle",2.75,0.25,0.583333333333333,1.75
"87057/1000",NA,87057,2391,"30-34 years","female",21,8243,"Other",166.980453491211,166.980453491211,"car",0.0833333333333333,2.73,"weekday",4,"20 to 39","3-5km","bicycle",2.73,0.248181818181818,0.583333333333333,1.73727272727273
"87057/1000",NA,87057,2391,"30-34 years","female",21,8244,"Other",166.980453491211,166.980453491211,"car",0.116666666666667,2.75,"weekday",5,"20 to 39","3-5km","bicycle",2.75,0.25,0.816666666666667,1.75
"87057/1001",NA,87057,2392,"30-34 years","male",21,8245,"Work",198.818878173828,198.818878173828,"car",0.0833333333333333,1.79,"weekday",1,"20 to 39","1-2km","bicycle",1.79,0.162727272727273,0.583333333333333,1.13909090909091
"87057/1001",NA,87057,2392,"30-34 years","male",21,8246,"Work",198.818878173828,198.818878173828,"walking",0.25,1.61,"weekday",2,"20 to 39","1-2km","walking",1.61,0.25,1.75,1.75
"87059/1000",NA,87059,2393,"45-49 years","female",21,8247,"Other",310.929290771484,310.929290771484,"car",0.266666666666667,4.86,"weekday",1,"40 to 64","3-5km","bicycle",4.86,0.441818181818182,1.86666666666667,3.09272727272727
"87059/1000",NA,87059,2393,"45-49 years","female",21,8248,"Other",310.929290771484,310.929290771484,"car",0.116666666666667,2.14,"weekday",2,"40 to 64","3-5km","bicycle",2.14,0.194545454545455,0.816666666666667,1.36181818181818
"87059/1000",NA,87059,2393,"45-49 years","female",21,8249,"Other",310.929290771484,310.929290771484,"car",0.116666666666667,3.1,"weekday",3,"40 to 64","3-5km","bicycle",3.1,0.281818181818182,0.816666666666667,1.97272727272727
"87059/1000",NA,87059,2393,"45-49 years","female",21,8250,"Work",310.929290771484,310.929290771484,"car",0.466666666666667,27.62,"weekday",4,"40 to 64",">10km","car",27.62,0.466666666666667,3.26666666666667,3.26666666666667
"87059/1000",NA,87059,2393,"45-49 years","female",21,8251,"Other",310.929290771484,310.929290771484,"car",0.55,25.96,"weekday",5,"40 to 64",">10km","car",25.96,0.55,3.85,3.85
"87059/1000",NA,87059,2393,"45-49 years","female",21,8252,"Other",310.929290771484,310.929290771484,"car",0.283333333333333,2.58,"weekday",6,"40 to 64","3-5km","bicycle",2.58,0.234545454545455,1.98333333333333,1.64181818181818
"87059/1000",NA,87059,2393,"45-49 years","female",21,8253,"Other",310.929290771484,310.929290771484,"car",0.166666666666667,3.19,"weekday",7,"40 to 64","3-5km","bicycle",3.19,0.29,1.16666666666667,2.03
"87059/1000",NA,87059,2393,"45-49 years","female",21,8254,"Other",310.929290771484,310.929290771484,"car",0.366666666666667,7.69,"weekday",8,"40 to 64","6-10km","car",7.69,0.366666666666667,2.56666666666667,2.56666666666667
"87059/1001",NA,87059,2394,"15-19 years","male",21,8255,"Other",321.347106933594,321.347106933594,"car",0.266666666666667,4.86,"weekday",1,"15 to 19","3-5km","bicycle",4.86,0.441818181818182,1.86666666666667,3.09272727272727
"87059/1001",NA,87059,2394,"15-19 years","male",21,8256,"Other",321.347106933594,321.347106933594,"car",0.116666666666667,2.14,"weekday",2,"15 to 19","3-5km","bicycle",2.14,0.194545454545455,0.816666666666667,1.36181818181818
"87059/1001",NA,87059,2394,"15-19 years","male",21,8257,"Other",321.347106933594,321.347106933594,"car",0.116666666666667,3.1,"weekday",3,"15 to 19","3-5km","bicycle",3.1,0.281818181818182,0.816666666666667,1.97272727272727
"87059/1001",NA,87059,2394,"15-19 years","male",21,8258,"Other",321.347106933594,321.347106933594,"car",0.366666666666667,7.69,"weekday",4,"15 to 19","6-10km","car",7.69,0.366666666666667,2.56666666666667,2.56666666666667
"87059/1002",NA,87059,2395,"15-19 years","female",21,8259,"Education",340.53564453125,340.53564453125,"car",0.266666666666667,4.86,"weekday",1,"15 to 19","3-5km","bicycle",4.86,0.441818181818182,1.86666666666667,3.09272727272727
"87059/1002",NA,87059,2395,"15-19 years","female",21,8260,"Other",340.53564453125,340.53564453125,"car",0.166666666666667,3.19,"weekday",2,"15 to 19","3-5km","bicycle",3.19,0.29,1.16666666666667,2.03
"87059/1002",NA,87059,2395,"15-19 years","female",21,8261,"Other",340.53564453125,340.53564453125,"car",0.366666666666667,7.69,"weekday",3,"15 to 19","6-10km","car",7.69,0.366666666666667,2.56666666666667,2.56666666666667
"87064/1000",NA,87064,2396,"65-69 years","female",21,8262,"Leisure",101.395683288574,101.395683288574,"walking",0.25,0.52,"weekday",1,"65 plus","<1km","walking",0.52,0.25,1.75,1.75
"87064/1000",NA,87064,2396,"65-69 years","female",21,8263,"Leisure",101.395683288574,101.395683288574,"walking",0.25,0.52,"weekday",2,"65 plus","<1km","walking",0.52,0.25,1.75,1.75
"87064/1001",NA,87064,2397,"45-49 years","male",21,8264,"Work",146.615966796875,146.615966796875,"car",0.116666666666667,6,"weekday",1,"40 to 64","6-10km","car",6,0.116666666666667,0.816666666666667,0.816666666666667
"87064/1001",NA,87064,2397,"45-49 years","male",21,8265,"Work",146.615966796875,146.615966796875,"car",0.166666666666667,6.06,"weekday",2,"40 to 64","6-10km","car",6.06,0.166666666666667,1.16666666666667,1.16666666666667
"87065/1000",NA,87065,2398,"40-44 years","male",21,8266,"Other",204.532974243164,204.532974243164,"car",0.0833333333333333,1.77,"weekday",1,"40 to 64","1-2km","bicycle",1.77,0.160909090909091,0.583333333333333,1.12636363636364
"87065/1000",NA,87065,2398,"40-44 years","male",21,8267,"Shopping",204.532974243164,204.532974243164,"car",0.0833333333333333,0.98,"weekday",2,"40 to 64","<1km","bicycle",0.98,0.0890909090909091,0.583333333333333,0.623636363636364
"87065/1000",NA,87065,2398,"40-44 years","male",21,8268,"Shopping",204.532974243164,204.532974243164,"car",0.0833333333333333,1.23,"weekday",3,"40 to 64","1-2km","bicycle",1.23,0.111818181818182,0.583333333333333,0.782727272727273
"87065/1000",NA,87065,2398,"40-44 years","male",21,8269,"Other",204.532974243164,204.532974243164,"car",0.0833333333333333,1.77,"weekday",4,"40 to 64","1-2km","bicycle",1.77,0.160909090909091,0.583333333333333,1.12636363636364
"87065/1000",NA,87065,2398,"40-44 years","male",21,8270,"Other",204.532974243164,204.532974243164,"car",0.0833333333333333,1.77,"weekday",5,"40 to 64","1-2km","bicycle",1.77,0.160909090909091,0.583333333333333,1.12636363636364
"87065/1001",NA,87065,2399,"35-39 years","female",21,8271,"Other",212.434097290039,212.434097290039,"car",0.0833333333333333,1.77,"weekday",1,"20 to 39","1-2km","bicycle",1.77,0.160909090909091,0.583333333333333,1.12636363636364
"87065/1001",NA,87065,2399,"35-39 years","female",21,8272,"Shopping",212.434097290039,212.434097290039,"car",0.0833333333333333,0.98,"weekday",2,"20 to 39","<1km","bicycle",0.98,0.0890909090909091,0.583333333333333,0.623636363636364
"87065/1001",NA,87065,2399,"35-39 years","female",21,8273,"Shopping",212.434097290039,212.434097290039,"car",0.0833333333333333,1.23,"weekday",3,"20 to 39","1-2km","bicycle",1.23,0.111818181818182,0.583333333333333,0.782727272727273
"87067/1000",NA,87067,2400,"25-29 years","male",21,8274,"Shopping",228.088623046875,228.088623046875,"walking",0.25,2.08,"weekday",1,"20 to 39","3-5km","walking",2.08,0.25,1.75,1.75
"87067/1000",NA,87067,2400,"25-29 years","male",21,8275,"Shopping",228.088623046875,228.088623046875,"walking",0.25,2.08,"weekday",2,"20 to 39","3-5km","walking",2.08,0.25,1.75,1.75
"87067/1001",NA,87067,2401,"30-34 years","female",21,8276,"Work",157.198715209961,157.198715209961,"car",0.166666666666667,1.91,"weekday",1,"20 to 39","1-2km","bicycle",1.91,0.173636363636364,1.16666666666667,1.21545454545455
"87067/1001",NA,87067,2401,"30-34 years","female",21,8277,"Work",157.198715209961,157.198715209961,"car",0.0833333333333333,1.92,"weekday",2,"20 to 39","1-2km","bicycle",1.92,0.174545454545455,0.583333333333333,1.22181818181818
"87068/1001",NA,87068,2402,"65-69 years","male",21,8278,"Shopping",141.843811035156,141.843811035156,"car",0.0833333333333333,0.93,"weekday",1,"65 plus","<1km","bicycle",0.93,0.0845454545454545,0.583333333333333,0.591818181818182
"87068/1001",NA,87068,2402,"65-69 years","male",21,8279,"Shopping",141.843811035156,141.843811035156,"car",0.0833333333333333,0.9,"weekday",2,"65 plus","<1km","bicycle",0.9,0.0818181818181818,0.583333333333333,0.572727272727273
"87071/1000",NA,87071,2403,"55-59 years","female",21,8280,"Work",153.390121459961,153.390121459961,"car",0.166666666666667,7.55,"weekday",1,"40 to 64","6-10km","car",7.55,0.166666666666667,1.16666666666667,1.16666666666667
"87071/1000",NA,87071,2403,"55-59 years","female",21,8281,"Work",153.390121459961,153.390121459961,"car",0.166666666666667,7.96,"weekday",2,"40 to 64","6-10km","car",7.96,0.166666666666667,1.16666666666667,1.16666666666667
"87073/1000",NA,87073,2404,"70-74 years","male",21,8282,"Work",123.979629516602,123.979629516602,"car",0.166666666666667,2.48,"weekday",1,"65 plus","3-5km","bicycle",2.48,0.225454545454545,1.16666666666667,1.57818181818182
"87073/1000",NA,87073,2404,"70-74 years","male",21,8283,"Work",123.979629516602,123.979629516602,"public.transport",0.75,27.86,"weekday",1,"65 plus",">10km","public.transport",27.86,0.75,5.25,5.25
"87073/1000",NA,87073,2404,"70-74 years","male",21,8284,"Work",123.979629516602,123.979629516602,"walking",0.25,0.64,"weekday",1,"65 plus","<1km","walking",0.64,0.25,1.75,1.75
"87073/1000",NA,87073,2404,"70-74 years","male",21,8285,"Work",123.979629516602,123.979629516602,"walking",0.25,0.64,"weekday",2,"65 plus","<1km","walking",0.64,0.25,1.75,1.75
"87073/1000",NA,87073,2404,"70-74 years","male",21,8286,"Work",123.979629516602,123.979629516602,"public.transport",1,28.07,"weekday",2,"65 plus",">10km","public.transport",28.07,1,7,7
"87073/1000",NA,87073,2404,"70-74 years","male",21,8287,"Work",123.979629516602,123.979629516602,"car",0.216666666666667,2.43,"weekday",2,"65 plus","3-5km","bicycle",2.43,0.220909090909091,1.51666666666667,1.54636363636364
"87073/1001",NA,87073,2405,"70-74 years","female",21,8288,"Other",148.091735839844,148.091735839844,"car",0.166666666666667,2.48,"weekday",1,"65 plus","3-5km","bicycle",2.48,0.225454545454545,1.16666666666667,1.57818181818182
"87073/1001",NA,87073,2405,"70-74 years","female",21,8289,"Other",148.091735839844,148.091735839844,"car",0.15,2.33,"weekday",2,"65 plus","3-5km","bicycle",2.33,0.211818181818182,1.05,1.48272727272727
"87073/1001",NA,87073,2405,"70-74 years","female",21,8290,"Other",148.091735839844,148.091735839844,"car",0.25,2.38,"weekday",3,"65 plus","3-5km","bicycle",2.38,0.216363636363636,1.75,1.51454545454545
"87073/1001",NA,87073,2405,"70-74 years","female",21,8291,"Other",148.091735839844,148.091735839844,"car",0.216666666666667,2.43,"weekday",4,"65 plus","3-5km","bicycle",2.43,0.220909090909091,1.51666666666667,1.54636363636364
"87077/1000",NA,87077,2406,"35-39 years","male",21,8292,"Work",259.737060546875,259.737060546875,"car",0.333333333333333,9.68,"weekday",1,"20 to 39","6-10km","car",9.68,0.333333333333333,2.33333333333333,2.33333333333333
"87077/1000",NA,87077,2406,"35-39 years","male",21,8293,"Work",259.737060546875,259.737060546875,"car",0.25,6.81,"weekday",2,"20 to 39","6-10km","car",6.81,0.25,1.75,1.75
"87077/1001",NA,87077,2407,"35-39 years","female",21,8294,"Other",245.514633178711,245.514633178711,"car",0.333333333333333,6.74,"weekday",1,"20 to 39","6-10km","car",6.74,0.333333333333333,2.33333333333333,2.33333333333333
"87077/1001",NA,87077,2407,"35-39 years","female",21,8295,"Other",245.514633178711,245.514633178711,"car",0.333333333333333,6.79,"weekday",2,"20 to 39","6-10km","car",6.79,0.333333333333333,2.33333333333333,2.33333333333333
"87077/1001",NA,87077,2407,"35-39 years","female",21,8296,"Other",245.514633178711,245.514633178711,"car",0.25,9.68,"weekday",3,"20 to 39","6-10km","car",9.68,0.25,1.75,1.75
"87077/1001",NA,87077,2407,"35-39 years","female",21,8297,"Other",245.514633178711,245.514633178711,"car",0.2,6.81,"weekday",4,"20 to 39","6-10km","car",6.81,0.2,1.4,1.4
"87077/1001",NA,87077,2407,"35-39 years","female",21,8298,"Other",245.514633178711,245.514633178711,"car",0.25,6.74,"weekday",5,"20 to 39","6-10km","car",6.74,0.25,1.75,1.75
"87077/1001",NA,87077,2407,"35-39 years","female",21,8299,"Other",245.514633178711,245.514633178711,"car",0.25,6.79,"weekday",6,"20 to 39","6-10km","car",6.79,0.25,1.75,1.75
"87078/1000",NA,87078,2408,"60-64 years","female",21,8300,"Work",204.986328125,204.986328125,"car",0.25,11.4,"weekday",1,"40 to 64",">10km","car",11.4,0.25,1.75,1.75
"87078/1000",NA,87078,2408,"60-64 years","female",21,8301,"Work",204.986328125,204.986328125,"car",0.5,11.27,"weekday",2,"40 to 64",">10km","car",11.27,0.5,3.5,3.5
"87083/1000",NA,87083,2409,"70-74 years","female",21,8302,"Leisure",148.091735839844,148.091735839844,"car",0.416666666666667,7.21,"weekday",1,"65 plus","6-10km","car",7.21,0.416666666666667,2.91666666666667,2.91666666666667
"87083/1000",NA,87083,2409,"70-74 years","female",21,8303,"Leisure",148.091735839844,148.091735839844,"car",0.333333333333333,7.28,"weekday",2,"65 plus","6-10km","car",7.28,0.333333333333333,2.33333333333333,2.33333333333333
"87083/1000",NA,87083,2409,"70-74 years","female",21,8304,"Leisure",148.091735839844,148.091735839844,"car",0.333333333333333,2.61,"weekday",3,"65 plus","3-5km","bicycle",2.61,0.237272727272727,2.33333333333333,1.66090909090909
"87083/1000",NA,87083,2409,"70-74 years","female",21,8305,"Leisure",148.091735839844,148.091735839844,"car",0.25,2.59,"weekday",4,"65 plus","3-5km","bicycle",2.59,0.235454545454545,1.75,1.64818181818182
"87083/1001",NA,87083,2410,"75-79 years","male",21,8306,"Shopping",121.247848510742,121.247848510742,"car",0.166666666666667,3.29,"weekday",1,"65 plus","3-5km","bicycle",3.29,0.299090909090909,1.16666666666667,2.09363636363636
"87083/1001",NA,87083,2410,"75-79 years","male",21,8307,"Shopping",121.247848510742,121.247848510742,"car",0.166666666666667,3.27,"weekday",2,"65 plus","3-5km","bicycle",3.27,0.297272727272727,1.16666666666667,2.08090909090909
"87083/1001",NA,87083,2410,"75-79 years","male",21,8308,"Other",121.247848510742,121.247848510742,"car",0.5,15.31,"weekday",3,"65 plus",">10km","car",15.31,0.5,3.5,3.5
"87083/1001",NA,87083,2410,"75-79 years","male",21,8309,"Other",121.247848510742,121.247848510742,"car",0.5,15.19,"weekday",4,"65 plus",">10km","car",15.19,0.5,3.5,3.5
"87083/1001",NA,87083,2410,"75-79 years","male",21,8310,"Leisure",121.247848510742,121.247848510742,"car",0.0833333333333333,2.61,"weekday",5,"65 plus","3-5km","bicycle",2.61,0.237272727272727,0.583333333333333,1.66090909090909
"87083/1001",NA,87083,2410,"75-79 years","male",21,8311,"Leisure",121.247848510742,121.247848510742,"car",0.25,2.59,"weekday",6,"65 plus","3-5km","bicycle",2.59,0.235454545454545,1.75,1.64818181818182
"87084/1000",NA,87084,2411,"50-54 years","male",21,8312,"Other",205.661956787109,205.661956787109,"car",0.683333333333333,15.19,"weekday",1,"40 to 64",">10km","car",15.19,0.683333333333333,4.78333333333333,4.78333333333333
"87084/1000",NA,87084,2411,"50-54 years","male",21,8313,"Other",205.661956787109,205.661956787109,"car",0.416666666666667,14.94,"weekday",2,"40 to 64",">10km","car",14.94,0.416666666666667,2.91666666666667,2.91666666666667
"87084/1002",NA,87084,2412,"15-19 years","male",21,8314,"Education",261.753723144531,261.753723144531,"car",0.683333333333333,15.19,"weekday",1,"15 to 19",">10km","car",15.19,0.683333333333333,4.78333333333333,4.78333333333333
"87084/1002",NA,87084,2412,"15-19 years","male",21,8315,"Education",261.753723144531,261.753723144531,"walking",0.1,0.16,"weekday",2,"15 to 19","<1km","walking",0.16,0.1,0.7,0.7
"87084/1002",NA,87084,2412,"15-19 years","male",21,8316,"Education",261.753723144531,261.753723144531,"public.transport",0.983333333333333,14.14,"weekday",2,"15 to 19",">10km","public.transport",14.14,0.983333333333333,6.88333333333333,6.88333333333333
"87084/1002",NA,87084,2412,"15-19 years","male",21,8317,"Education",261.753723144531,261.753723144531,"walking",0.166666666666667,0.76,"weekday",2,"15 to 19","<1km","walking",0.76,0.166666666666667,1.16666666666667,1.16666666666667
"87086/1000",NA,87086,2413,"60-64 years","female",21,8318,"Leisure",204.986328125,204.986328125,"car",0.0833333333333333,3.23,"weekday",1,"40 to 64","3-5km","bicycle",3.23,0.293636363636364,0.583333333333333,2.05545454545455
"87086/1000",NA,87086,2413,"60-64 years","female",21,8319,"Leisure",204.986328125,204.986328125,"car",0.0833333333333333,3.64,"weekday",2,"40 to 64","3-5km","bicycle",3.64,0.330909090909091,0.583333333333333,2.31636363636364
"87086/1000",NA,87086,2413,"60-64 years","female",21,8320,"Leisure",204.986328125,204.986328125,"car",0.0333333333333333,0.39,"weekday",3,"40 to 64","<1km","bicycle",0.39,0.0354545454545455,0.233333333333333,0.248181818181818
"87090/1000",NA,87090,2414,"55-59 years","female",21,8321,"Other",124.50057220459,124.50057220459,"car",0.0833333333333333,1.74,"weekday",1,"40 to 64","1-2km","bicycle",1.74,0.158181818181818,0.583333333333333,1.10727272727273
"87090/1000",NA,87090,2414,"55-59 years","female",21,8322,"Other",124.50057220459,124.50057220459,"car",0.166666666666667,1.76,"weekday",2,"40 to 64","1-2km","bicycle",1.76,0.16,1.16666666666667,1.12
"87090/1000",NA,87090,2414,"55-59 years","female",21,8323,"Shopping",124.50057220459,124.50057220459,"car",0.0833333333333333,1.76,"weekday",3,"40 to 64","1-2km","bicycle",1.76,0.16,0.583333333333333,1.12
"87090/1000",NA,87090,2414,"55-59 years","female",21,8324,"Shopping",124.50057220459,124.50057220459,"car",0.0833333333333333,1.76,"weekday",4,"40 to 64","1-2km","bicycle",1.76,0.16,0.583333333333333,1.12
"87090/1000",NA,87090,2414,"55-59 years","female",21,8325,"Leisure",124.50057220459,124.50057220459,"walking",0.0833333333333333,0.06,"weekday",5,"40 to 64","<1km","walking",0.06,0.0833333333333333,0.583333333333333,0.583333333333333
"87090/1000",NA,87090,2414,"55-59 years","female",21,8326,"Leisure",124.50057220459,124.50057220459,"walking",0.166666666666667,0.06,"weekday",6,"40 to 64","<1km","walking",0.06,0.166666666666667,1.16666666666667,1.16666666666667
"87090/1000",NA,87090,2414,"55-59 years","female",21,8327,"Other",124.50057220459,124.50057220459,"car",0.0833333333333333,1.74,"weekday",7,"40 to 64","1-2km","bicycle",1.74,0.158181818181818,0.583333333333333,1.10727272727273
"87090/1000",NA,87090,2414,"55-59 years","female",21,8328,"Other",124.50057220459,124.50057220459,"car",0.0833333333333333,1.76,"weekday",8,"40 to 64","1-2km","bicycle",1.76,0.16,0.583333333333333,1.12
"87090/1001",NA,87090,2415,"55-59 years","male",21,8329,"Work",136.198272705078,136.198272705078,"car",0.5,26.25,"weekday",1,"40 to 64",">10km","car",26.25,0.5,3.5,3.5
"87090/1001",NA,87090,2415,"55-59 years","male",21,8330,"Work",136.198272705078,136.198272705078,"car",0.5,26.02,"weekday",2,"40 to 64",">10km","car",26.02,0.5,3.5,3.5
"87090/1001",NA,87090,2415,"55-59 years","male",21,8331,"Other",136.198272705078,136.198272705078,"car",0.166666666666667,3.26,"weekday",3,"40 to 64","3-5km","bicycle",3.26,0.296363636363636,1.16666666666667,2.07454545454545
"87090/1001",NA,87090,2415,"55-59 years","male",21,8332,"Other",136.198272705078,136.198272705078,"car",0.166666666666667,3.24,"weekday",4,"40 to 64","3-5km","bicycle",3.24,0.294545454545455,1.16666666666667,2.06181818181818
"87090/1001",NA,87090,2415,"55-59 years","male",21,8333,"Leisure",136.198272705078,136.198272705078,"car",0.5,25.85,"weekday",5,"40 to 64",">10km","car",25.85,0.5,3.5,3.5
"87090/1001",NA,87090,2415,"55-59 years","male",21,8334,"Leisure",136.198272705078,136.198272705078,"car",0.5,25.92,"weekday",6,"40 to 64",">10km","car",25.92,0.5,3.5,3.5
"87092/1000",NA,87092,2416,"40-44 years","male",21,8335,"Work",211.578475952148,211.578475952148,"other",0.583333333333333,27.56,"weekday",1,"40 to 64",">10km","other",27.56,0.583333333333333,4.08333333333333,4.08333333333333
"87092/1000",NA,87092,2416,"40-44 years","male",21,8336,"Work",211.578475952148,211.578475952148,"other",0.666666666666667,26.91,"weekday",2,"40 to 64",">10km","other",26.91,0.666666666666667,4.66666666666667,4.66666666666667
"87092/1001",NA,87092,2417,"40-44 years","female",21,8338,"Work",148.689193725586,148.689193725586,"car",0.25,6.71,"weekday",1,"40 to 64","6-10km","car",6.71,0.25,1.75,1.75
"87092/1001",NA,87092,2417,"40-44 years","female",21,8339,"Work",148.689193725586,148.689193725586,"car",0.25,6.85,"weekday",2,"40 to 64","6-10km","car",6.85,0.25,1.75,1.75
"87095/1000",NA,87095,2418,"60-64 years","male",21,8340,"Work",306.115356445312,306.115356445312,"car",0.75,17.67,"weekday",1,"40 to 64",">10km","car",17.67,0.75,5.25,5.25
"87095/1000",NA,87095,2418,"60-64 years","male",21,8341,"Work",306.115356445312,306.115356445312,"car",0.75,17.95,"weekday",2,"40 to 64",">10km","car",17.95,0.75,5.25,5.25
"87095/1001",NA,87095,2419,"50-54 years","female",21,8342,"Work",256.582946777344,256.582946777344,"car",0.166666666666667,8.71,"weekday",1,"40 to 64","6-10km","car",8.71,0.166666666666667,1.16666666666667,1.16666666666667
"87095/1001",NA,87095,2419,"50-54 years","female",21,8343,"Work",256.582946777344,256.582946777344,"car",0.166666666666667,8.78,"weekday",2,"40 to 64","6-10km","car",8.78,0.166666666666667,1.16666666666667,1.16666666666667
"87095/1002",NA,87095,2420,"20-24 years","male",21,8344,"Other",288.192535400391,288.192535400391,"car",0.25,3.34,"weekday",1,"20 to 39","3-5km","bicycle",3.34,0.303636363636364,1.75,2.12545454545455
"87095/1002",NA,87095,2420,"20-24 years","male",21,8345,"Other",288.192535400391,288.192535400391,"car",0.216666666666667,3.45,"weekday",2,"20 to 39","3-5km","bicycle",3.45,0.313636363636364,1.51666666666667,2.19545454545455
"87095/1002",NA,87095,2420,"20-24 years","male",21,8346,"Other",288.192535400391,288.192535400391,"car",0.25,3.34,"weekday",3,"20 to 39","3-5km","bicycle",3.34,0.303636363636364,1.75,2.12545454545455
"87095/1002",NA,87095,2420,"20-24 years","male",21,8347,"Other",288.192535400391,288.192535400391,"car",0.25,3.45,"weekday",4,"20 to 39","3-5km","bicycle",3.45,0.313636363636364,1.75,2.19545454545455
"87095/1002",NA,87095,2420,"20-24 years","male",21,8348,"Leisure",288.192535400391,288.192535400391,"car",0.25,17.67,"weekday",5,"20 to 39",">10km","car",17.67,0.25,1.75,1.75
"87095/1002",NA,87095,2420,"20-24 years","male",21,8349,"Leisure",288.192535400391,288.192535400391,"car",0.266666666666667,17.95,"weekday",6,"20 to 39",">10km","car",17.95,0.266666666666667,1.86666666666667,1.86666666666667
"87095/1003",NA,87095,2421,"20-24 years","male",21,8350,"Work",288.192535400391,288.192535400391,"car",0.25,6.65,"weekday",1,"20 to 39","6-10km","car",6.65,0.25,1.75,1.75
"87095/1003",NA,87095,2421,"20-24 years","male",21,8351,"Work",288.192535400391,288.192535400391,"car",0.266666666666667,6.61,"weekday",2,"20 to 39","6-10km","car",6.61,0.266666666666667,1.86666666666667,1.86666666666667
"87095/1003",NA,87095,2421,"20-24 years","male",21,8352,"Leisure",288.192535400391,288.192535400391,"car",0.25,17.67,"weekday",3,"20 to 39",">10km","car",17.67,0.25,1.75,1.75
"87095/1003",NA,87095,2421,"20-24 years","male",21,8353,"Leisure",288.192535400391,288.192535400391,"car",0.25,17.95,"weekday",4,"20 to 39",">10km","car",17.95,0.25,1.75,1.75
"87095/1004",NA,87095,2422,"15-19 years","female",21,8354,"Education",282.893920898438,282.893920898438,"car",0.25,3.34,"weekday",1,"15 to 19","3-5km","bicycle",3.34,0.303636363636364,1.75,2.12545454545455
"87095/1004",NA,87095,2422,"15-19 years","female",21,8355,"Education",282.893920898438,282.893920898438,"car",0.25,3.45,"weekday",2,"15 to 19","3-5km","bicycle",3.45,0.313636363636364,1.75,2.19545454545455
"87097/1000",NA,87097,2423,"20-24 years","female",21,8356,"Shopping",143.811325073242,143.811325073242,"car",0.0833333333333333,2.14,"weekday",1,"20 to 39","3-5km","bicycle",2.14,0.194545454545455,0.583333333333333,1.36181818181818
"87097/1000",NA,87097,2423,"20-24 years","female",21,8357,"Shopping",143.811325073242,143.811325073242,"car",0.0833333333333333,2.14,"weekday",2,"20 to 39","3-5km","bicycle",2.14,0.194545454545455,0.583333333333333,1.36181818181818
"87097/1000",NA,87097,2423,"20-24 years","female",21,8358,"Leisure",143.811325073242,143.811325073242,"car",0.5,24.86,"weekday",3,"20 to 39",">10km","car",24.86,0.5,3.5,3.5
"87097/1000",NA,87097,2423,"20-24 years","female",21,8359,"Leisure",143.811325073242,143.811325073242,"car",0.583333333333333,24.87,"weekday",4,"20 to 39",">10km","car",24.87,0.583333333333333,4.08333333333333,4.08333333333333
"87097/1001",NA,87097,2424,"40-44 years","male",21,8360,"Work",211.578475952148,211.578475952148,"car",0.416666666666667,22.95,"weekday",1,"40 to 64",">10km","car",22.95,0.416666666666667,2.91666666666667,2.91666666666667
"87097/1001",NA,87097,2424,"40-44 years","male",21,8361,"Work",211.578475952148,211.578475952148,"car",0.5,23.11,"weekday",2,"40 to 64",">10km","car",23.11,0.5,3.5,3.5
"87100/1000",NA,87100,2425,"45-49 years","female",21,8363,"Other",122.150421142578,122.150421142578,"car",0.483333333333333,5.01,"weekday",2,"40 to 64","6-10km","car",5.01,0.483333333333333,3.38333333333333,3.38333333333333
"87100/1000",NA,87100,2425,"45-49 years","female",21,8364,"Work",122.150421142578,122.150421142578,"car",0.0833333333333333,3.34,"weekday",3,"40 to 64","3-5km","bicycle",3.34,0.303636363636364,0.583333333333333,2.12545454545455
"87100/1000",NA,87100,2425,"45-49 years","female",21,8365,"Work",122.150421142578,122.150421142578,"car",0.416666666666667,3,"weekday",4,"40 to 64","3-5km","bicycle",3,0.272727272727273,2.91666666666667,1.90909090909091
"87100/1000",NA,87100,2425,"45-49 years","female",21,8366,"Leisure",122.150421142578,122.150421142578,"bicycle",0.666666666666667,4.91,"weekday",5,"40 to 64","3-5km","bicycle",4.91,0.666666666666667,4.66666666666667,4.66666666666667
"87100/1000",NA,87100,2425,"45-49 years","female",21,8367,"Leisure",122.150421142578,122.150421142578,"bicycle",0.416666666666667,4.91,"weekday",6,"40 to 64","3-5km","bicycle",4.91,0.416666666666667,2.91666666666667,2.91666666666667
"87100/1001",NA,87100,2426,"15-19 years","male",21,8368,"Work",162.666137695312,162.666137695312,"car",1.06666666666667,53.09,"weekday",1,"15 to 19",">10km","car",53.09,1.06666666666667,7.46666666666667,7.46666666666667
"87100/1001",NA,87100,2426,"15-19 years","male",21,8369,"Work",162.666137695312,162.666137695312,"car",1.31666666666667,54.08,"weekday",2,"15 to 19",">10km","car",54.08,1.31666666666667,9.21666666666667,9.21666666666667
"87100/1002",NA,87100,2427,"15-19 years","female",21,8370,"Education",100.53645324707,100.53645324707,"walking",0.266666666666667,1.42,"weekday",1,"15 to 19","1-2km","walking",1.42,0.266666666666667,1.86666666666667,1.86666666666667
"87100/1002",NA,87100,2427,"15-19 years","female",21,8371,"Shopping",100.53645324707,100.53645324707,"car",0.25,5.71,"weekday",2,"15 to 19","6-10km","car",5.71,0.25,1.75,1.75
"87100/1002",NA,87100,2427,"15-19 years","female",21,8373,"Leisure",100.53645324707,100.53645324707,"car",0.2,7.06,"weekday",4,"15 to 19","6-10km","car",7.06,0.2,1.4,1.4
"87101/1000",NA,87101,2428,"40-44 years","female",21,8374,"Other",77.7493667602539,77.7493667602539,"car",0.0833333333333333,2.52,"weekday",1,"40 to 64","3-5km","bicycle",2.52,0.229090909090909,0.583333333333333,1.60363636363636
"87101/1000",NA,87101,2428,"40-44 years","female",21,8375,"Other",77.7493667602539,77.7493667602539,"car",0.0833333333333333,2.53,"weekday",2,"40 to 64","3-5km","bicycle",2.53,0.23,0.583333333333333,1.61
"87101/1000",NA,87101,2428,"40-44 years","female",21,8376,"Other",77.7493667602539,77.7493667602539,"car",0.0833333333333333,2.52,"weekday",3,"40 to 64","3-5km","bicycle",2.52,0.229090909090909,0.583333333333333,1.60363636363636
"87101/1000",NA,87101,2428,"40-44 years","female",21,8377,"Other",77.7493667602539,77.7493667602539,"car",0.166666666666667,2.53,"weekday",4,"40 to 64","3-5km","bicycle",2.53,0.23,1.16666666666667,1.61
"87101/1000",NA,87101,2428,"40-44 years","female",21,8378,"Shopping",77.7493667602539,77.7493667602539,"car",0.166666666666667,9.35,"weekday",5,"40 to 64","6-10km","car",9.35,0.166666666666667,1.16666666666667,1.16666666666667
"87101/1000",NA,87101,2428,"40-44 years","female",21,8379,"Shopping",77.7493667602539,77.7493667602539,"car",0.25,2.79,"weekday",6,"40 to 64","3-5km","bicycle",2.79,0.253636363636364,1.75,1.77545454545455
"87101/1000",NA,87101,2428,"40-44 years","female",21,8380,"Shopping",77.7493667602539,77.7493667602539,"car",0.166666666666667,8.04,"weekday",7,"40 to 64","6-10km","car",8.04,0.166666666666667,1.16666666666667,1.16666666666667
"87101/1001",NA,87101,2429,"35-39 years","male",21,8381,"Work",66.6014175415039,66.6014175415039,"car",0.75,20.05,"weekday",1,"20 to 39",">10km","car",20.05,0.75,5.25,5.25
"87101/1001",NA,87101,2429,"35-39 years","male",21,8382,"Work",66.6014175415039,66.6014175415039,"car",0.25,1.28,"weekday",2,"20 to 39","1-2km","bicycle",1.28,0.116363636363636,1.75,0.814545454545455
"87101/1001",NA,87101,2429,"35-39 years","male",21,8383,"Work",66.6014175415039,66.6014175415039,"car",0.5,20.56,"weekday",3,"20 to 39",">10km","car",20.56,0.5,3.5,3.5
"87101/1001",NA,87101,2429,"35-39 years","male",21,8385,"Work",66.6014175415039,66.6014175415039,"car",0.25,3.2,"weekday",5,"20 to 39","3-5km","bicycle",3.2,0.290909090909091,1.75,2.03636363636364
"87101/1001",NA,87101,2429,"35-39 years","male",21,8386,"Shopping",66.6014175415039,66.6014175415039,"car",0.166666666666667,9.35,"weekday",6,"20 to 39","6-10km","car",9.35,0.166666666666667,1.16666666666667,1.16666666666667
"87101/1001",NA,87101,2429,"35-39 years","male",21,8387,"Shopping",66.6014175415039,66.6014175415039,"car",0.25,2.79,"weekday",7,"20 to 39","3-5km","bicycle",2.79,0.253636363636364,1.75,1.77545454545455
"87101/1001",NA,87101,2429,"35-39 years","male",21,8388,"Shopping",66.6014175415039,66.6014175415039,"car",0.166666666666667,8.04,"weekday",8,"20 to 39","6-10km","car",8.04,0.166666666666667,1.16666666666667,1.16666666666667
"87103/1001",NA,87103,2431,"50-54 years","male",21,8390,"Leisure",117.068450927734,117.068450927734,"car",0.166666666666667,4.71,"weekday",1,"40 to 64","3-5km","bicycle",4.71,0.428181818181818,1.16666666666667,2.99727272727273
"87103/1001",NA,87103,2431,"50-54 years","male",21,8391,"Leisure",117.068450927734,117.068450927734,"car",0.166666666666667,4.69,"weekday",2,"40 to 64","3-5km","bicycle",4.69,0.426363636363636,1.16666666666667,2.98454545454545
"87103/1001",NA,87103,2431,"50-54 years","male",21,8392,"Work",117.068450927734,117.068450927734,"car",0.75,23.81,"weekday",3,"40 to 64",">10km","car",23.81,0.75,5.25,5.25
"87103/1001",NA,87103,2431,"50-54 years","male",21,8393,"Work",117.068450927734,117.068450927734,"car",0.75,23.64,"weekday",4,"40 to 64",">10km","car",23.64,0.75,5.25,5.25
"87103/1002",NA,87103,2432,"20-24 years","female",21,8394,"Leisure",140.641052246094,140.641052246094,"car",0.166666666666667,4.71,"weekday",1,"20 to 39","3-5km","bicycle",4.71,0.428181818181818,1.16666666666667,2.99727272727273
"87103/1002",NA,87103,2432,"20-24 years","female",21,8395,"Leisure",140.641052246094,140.641052246094,"car",0.166666666666667,4.69,"weekday",2,"20 to 39","3-5km","bicycle",4.69,0.426363636363636,1.16666666666667,2.98454545454545
"87104/1001",NA,87104,2433,"75-79 years","male",21,8396,"Other",76.3799514770508,76.3799514770508,"car",0.333333333333333,9.26,"weekday",1,"65 plus","6-10km","car",9.26,0.333333333333333,2.33333333333333,2.33333333333333
"87104/1001",NA,87104,2433,"75-79 years","male",21,8397,"Other",76.3799514770508,76.3799514770508,"car",0.75,25.64,"weekday",2,"65 plus",">10km","car",25.64,0.75,5.25,5.25
"87104/1001",NA,87104,2433,"75-79 years","male",21,8398,"Other",76.3799514770508,76.3799514770508,"car",0.75,25.96,"weekday",3,"65 plus",">10km","car",25.96,0.75,5.25,5.25
"87104/1001",NA,87104,2433,"75-79 years","male",21,8399,"Other",76.3799514770508,76.3799514770508,"car",0.25,9.36,"weekday",4,"65 plus","6-10km","car",9.36,0.25,1.75,1.75
"87105/1000",NA,87105,2434,"55-59 years","male",21,8400,"Leisure",86.312614440918,86.312614440918,"car",0.166666666666667,5.03,"weekday",1,"40 to 64","6-10km","car",5.03,0.166666666666667,1.16666666666667,1.16666666666667
"87105/1000",NA,87105,2434,"55-59 years","male",21,8401,"Leisure",86.312614440918,86.312614440918,"car",0.166666666666667,5.01,"weekday",2,"40 to 64","6-10km","car",5.01,0.166666666666667,1.16666666666667,1.16666666666667
"87105/1000",NA,87105,2434,"55-59 years","male",21,8402,"Other",86.312614440918,86.312614440918,"car",0.166666666666667,4.26,"weekday",3,"40 to 64","3-5km","bicycle",4.26,0.387272727272727,1.16666666666667,2.71090909090909
"87105/1000",NA,87105,2434,"55-59 years","male",21,8403,"Other",86.312614440918,86.312614440918,"car",0.166666666666667,3.98,"weekday",4,"40 to 64","3-5km","bicycle",3.98,0.361818181818182,1.16666666666667,2.53272727272727
"87105/1000",NA,87105,2434,"55-59 years","male",21,8404,"Work",86.312614440918,86.312614440918,"car",0.166666666666667,4.26,"weekday",5,"40 to 64","3-5km","bicycle",4.26,0.387272727272727,1.16666666666667,2.71090909090909
"87105/1000",NA,87105,2434,"55-59 years","male",21,8405,"Work",86.312614440918,86.312614440918,"car",0.166666666666667,3.98,"weekday",6,"40 to 64","3-5km","bicycle",3.98,0.361818181818182,1.16666666666667,2.53272727272727
"87105/1001",NA,87105,2435,"55-59 years","female",21,8406,"Leisure",94.9781875610352,94.9781875610352,"walking",0.5,1.05,"weekday",1,"40 to 64","1-2km","walking",1.05,0.5,3.5,3.5
"87105/1001",NA,87105,2435,"55-59 years","female",21,8407,"Leisure",94.9781875610352,94.9781875610352,"walking",0.5,1.05,"weekday",2,"40 to 64","1-2km","walking",1.05,0.5,3.5,3.5
"87105/1001",NA,87105,2435,"55-59 years","female",21,8408,"Other",94.9781875610352,94.9781875610352,"car",0.166666666666667,4.26,"weekday",3,"40 to 64","3-5km","bicycle",4.26,0.387272727272727,1.16666666666667,2.71090909090909
"87105/1001",NA,87105,2435,"55-59 years","female",21,8409,"Work",94.9781875610352,94.9781875610352,"car",0.75,31.29,"weekday",4,"40 to 64",">10km","car",31.29,0.75,5.25,5.25
"87105/1001",NA,87105,2435,"55-59 years","female",21,8410,"Shopping",94.9781875610352,94.9781875610352,"car",0.25,7.94,"weekday",5,"40 to 64","6-10km","car",7.94,0.25,1.75,1.75
"87105/1001",NA,87105,2435,"55-59 years","female",21,8411,"Shopping",94.9781875610352,94.9781875610352,"car",0.833333333333333,25.08,"weekday",6,"40 to 64",">10km","car",25.08,0.833333333333333,5.83333333333333,5.83333333333333
"87106/1001",NA,87106,2436,"45-49 years","male",21,8412,"Work",86.0019607543945,86.0019607543945,"car",1,30.42,"weekday",1,"40 to 64",">10km","car",30.42,1,7,7
"87106/1001",NA,87106,2436,"45-49 years","male",21,8413,"Work",86.0019607543945,86.0019607543945,"car",1.16666666666667,30.21,"weekday",2,"40 to 64",">10km","car",30.21,1.16666666666667,8.16666666666667,8.16666666666667
"87107/1001",NA,87107,2437,"15-19 years","female",21,8414,"Leisure",134.606628417969,134.606628417969,"car",0.25,4.65,"weekday",1,"15 to 19","3-5km","bicycle",4.65,0.422727272727273,1.75,2.95909090909091
"87107/1001",NA,87107,2437,"15-19 years","female",21,8415,"Leisure",134.606628417969,134.606628417969,"car",0.25,4.46,"weekday",2,"15 to 19","3-5km","bicycle",4.46,0.405454545454545,1.75,2.83818181818182
"87107/1002",NA,87107,2438,"15-19 years","female",21,8416,"Education",134.606628417969,134.606628417969,"walking",0.166666666666667,1.58,"weekday",1,"15 to 19","1-2km","walking",1.58,0.166666666666667,1.16666666666667,1.16666666666667
"87107/1002",NA,87107,2438,"15-19 years","female",21,8417,"Education",134.606628417969,134.606628417969,"walking",0.25,1.58,"weekday",2,"15 to 19","1-2km","walking",1.58,0.25,1.75,1.75
"87107/1004",NA,87107,2439,"35-39 years","male",21,8418,"Other",129.938522338867,129.938522338867,"car",0.0833333333333333,1.58,"weekday",1,"20 to 39","1-2km","bicycle",1.58,0.143636363636364,0.583333333333333,1.00545454545455
"87107/1004",NA,87107,2439,"35-39 years","male",21,8419,"Work",129.938522338867,129.938522338867,"car",0.316666666666667,4.11,"weekday",2,"20 to 39","3-5km","bicycle",4.11,0.373636363636364,2.21666666666667,2.61545454545455
"87107/1004",NA,87107,2439,"35-39 years","male",21,8420,"Work",129.938522338867,129.938522338867,"car",0.25,4.1,"weekday",3,"20 to 39","3-5km","bicycle",4.1,0.372727272727273,1.75,2.60909090909091
"87108/1000",NA,87108,2440,"60-64 years","female",21,8422,"Shopping",168.799240112305,168.799240112305,"car",0.25,10.26,"weekday",2,"40 to 64",">10km","car",10.26,0.25,1.75,1.75
"87108/1000",NA,87108,2440,"60-64 years","female",21,8423,"Shopping",168.799240112305,168.799240112305,"car",0.25,10.13,"weekday",3,"40 to 64",">10km","car",10.13,0.25,1.75,1.75
"87108/1000",NA,87108,2440,"60-64 years","female",21,8424,"Other",168.799240112305,168.799240112305,"car",0.166666666666667,5.24,"weekday",4,"40 to 64","6-10km","car",5.24,0.166666666666667,1.16666666666667,1.16666666666667
"87108/1000",NA,87108,2440,"60-64 years","female",21,8425,"Other",168.799240112305,168.799240112305,"car",0.166666666666667,5.35,"weekday",5,"40 to 64","6-10km","car",5.35,0.166666666666667,1.16666666666667,1.16666666666667
"87108/1000",NA,87108,2440,"60-64 years","female",21,8426,"Other",168.799240112305,168.799240112305,"car",0.166666666666667,6.03,"weekday",6,"40 to 64","6-10km","car",6.03,0.166666666666667,1.16666666666667,1.16666666666667
"87108/1000",NA,87108,2440,"60-64 years","female",21,8427,"Other",168.799240112305,168.799240112305,"car",0.166666666666667,5.94,"weekday",7,"40 to 64","6-10km","car",5.94,0.166666666666667,1.16666666666667,1.16666666666667
"87108/1001",NA,87108,2441,"60-64 years","male",21,8429,"Other",182.489120483398,182.489120483398,"car",0.166666666666667,5.24,"weekday",2,"40 to 64","6-10km","car",5.24,0.166666666666667,1.16666666666667,1.16666666666667
"87108/1001",NA,87108,2441,"60-64 years","male",21,8430,"Other",182.489120483398,182.489120483398,"car",0.166666666666667,5.35,"weekday",3,"40 to 64","6-10km","car",5.35,0.166666666666667,1.16666666666667,1.16666666666667
"87108/1001",NA,87108,2441,"60-64 years","male",21,8431,"Shopping",182.489120483398,182.489120483398,"car",0.25,10.26,"weekday",4,"40 to 64",">10km","car",10.26,0.25,1.75,1.75
"87108/1001",NA,87108,2441,"60-64 years","male",21,8432,"Shopping",182.489120483398,182.489120483398,"car",0.25,10.13,"weekday",5,"40 to 64",">10km","car",10.13,0.25,1.75,1.75
"87108/1002",NA,87108,2442,"30-34 years","female",21,8433,"Leisure",142.02326965332,142.02326965332,"car",0.166666666666667,5.24,"weekday",1,"20 to 39","6-10km","car",5.24,0.166666666666667,1.16666666666667,1.16666666666667
"87108/1002",NA,87108,2442,"30-34 years","female",21,8434,"Leisure",142.02326965332,142.02326965332,"public.transport",1.11666666666667,34.81,"weekday",1,"20 to 39",">10km","public.transport",34.81,1.11666666666667,7.81666666666667,7.81666666666667
"87108/1002",NA,87108,2442,"30-34 years","female",21,8435,"Leisure",142.02326965332,142.02326965332,"walking",0.333333333333333,1.07,"weekday",1,"20 to 39","1-2km","walking",1.07,0.333333333333333,2.33333333333333,2.33333333333333
"87108/1002",NA,87108,2442,"30-34 years","female",21,8436,"Shopping",142.02326965332,142.02326965332,"walking",0.5,2.06,"weekday",2,"20 to 39","3-5km","walking",2.06,0.5,3.5,3.5
"87108/1002",NA,87108,2442,"30-34 years","female",21,8437,"Shopping",142.02326965332,142.02326965332,"walking",0.25,1.22,"weekday",3,"20 to 39","1-2km","walking",1.22,0.25,1.75,1.75
"87108/1002",NA,87108,2442,"30-34 years","female",21,8438,"Shopping",142.02326965332,142.02326965332,"public.transport",1,33.06,"weekday",3,"20 to 39",">10km","public.transport",33.06,1,7,7
"87108/1002",NA,87108,2442,"30-34 years","female",21,8439,"Shopping",142.02326965332,142.02326965332,"car",0.166666666666667,5.94,"weekday",3,"20 to 39","6-10km","car",5.94,0.166666666666667,1.16666666666667,1.16666666666667
"87108/1003",NA,87108,2443,"30-34 years","female",21,8440,"Leisure",142.02326965332,142.02326965332,"car",0.166666666666667,5.24,"weekday",1,"20 to 39","6-10km","car",5.24,0.166666666666667,1.16666666666667,1.16666666666667
"87108/1003",NA,87108,2443,"30-34 years","female",21,8441,"Leisure",142.02326965332,142.02326965332,"public.transport",1.11666666666667,34.81,"weekday",1,"20 to 39",">10km","public.transport",34.81,1.11666666666667,7.81666666666667,7.81666666666667
"87108/1003",NA,87108,2443,"30-34 years","female",21,8442,"Leisure",142.02326965332,142.02326965332,"walking",0.333333333333333,1.07,"weekday",1,"20 to 39","1-2km","walking",1.07,0.333333333333333,2.33333333333333,2.33333333333333
"87108/1003",NA,87108,2443,"30-34 years","female",21,8443,"Shopping",142.02326965332,142.02326965332,"walking",0.5,2.06,"weekday",2,"20 to 39","3-5km","walking",2.06,0.5,3.5,3.5
"87108/1003",NA,87108,2443,"30-34 years","female",21,8444,"Shopping",142.02326965332,142.02326965332,"walking",0.25,1.22,"weekday",3,"20 to 39","1-2km","walking",1.22,0.25,1.75,1.75
"87108/1003",NA,87108,2443,"30-34 years","female",21,8445,"Shopping",142.02326965332,142.02326965332,"public.transport",1,33.06,"weekday",3,"20 to 39",">10km","public.transport",33.06,1,7,7
"87108/1003",NA,87108,2443,"30-34 years","female",21,8446,"Shopping",142.02326965332,142.02326965332,"car",0.166666666666667,5.94,"weekday",3,"20 to 39","6-10km","car",5.94,0.166666666666667,1.16666666666667,1.16666666666667
"87108/1004",NA,87108,2444,"30-34 years","female",21,8447,"Shopping",142.02326965332,142.02326965332,"car",0.166666666666667,5.24,"weekday",1,"20 to 39","6-10km","car",5.24,0.166666666666667,1.16666666666667,1.16666666666667
"87108/1004",NA,87108,2444,"30-34 years","female",21,8448,"Shopping",142.02326965332,142.02326965332,"public.transport",0.916666666666667,37.38,"weekday",1,"20 to 39",">10km","public.transport",37.38,0.916666666666667,6.41666666666667,6.41666666666667
"87108/1004",NA,87108,2444,"30-34 years","female",21,8449,"Shopping",142.02326965332,142.02326965332,"walking",0.166666666666667,0.4,"weekday",1,"20 to 39","<1km","walking",0.4,0.166666666666667,1.16666666666667,1.16666666666667
"87108/1004",NA,87108,2444,"30-34 years","female",21,8450,"Shopping",142.02326965332,142.02326965332,"walking",1.5,2.32,"weekday",2,"20 to 39","3-5km","walking",2.32,1.5,10.5,10.5
"87108/1004",NA,87108,2444,"30-34 years","female",21,8451,"Shopping",142.02326965332,142.02326965332,"public.transport",0.833333333333333,33.91,"weekday",2,"20 to 39",">10km","public.transport",33.91,0.833333333333333,5.83333333333333,5.83333333333333
"87108/1004",NA,87108,2444,"30-34 years","female",21,8452,"Shopping",142.02326965332,142.02326965332,"car",0.166666666666667,5.35,"weekday",2,"20 to 39","6-10km","car",5.35,0.166666666666667,1.16666666666667,1.16666666666667
"87110/1000",NA,87110,2445,"60-64 years","female",21,8453,"Shopping",86.5198974609375,86.5198974609375,"car",0.0833333333333333,1.99,"weekday",1,"40 to 64","1-2km","bicycle",1.99,0.180909090909091,0.583333333333333,1.26636363636364
"87110/1000",NA,87110,2445,"60-64 years","female",21,8454,"Shopping",86.5198974609375,86.5198974609375,"car",0.0833333333333333,2.01,"weekday",2,"40 to 64","3-5km","bicycle",2.01,0.182727272727273,0.583333333333333,1.27909090909091
"87110/1000",NA,87110,2445,"60-64 years","female",21,8455,"Shopping",86.5198974609375,86.5198974609375,"car",0.166666666666667,4.89,"weekday",3,"40 to 64","3-5km","bicycle",4.89,0.444545454545455,1.16666666666667,3.11181818181818
"87110/1000",NA,87110,2445,"60-64 years","female",21,8456,"Shopping",86.5198974609375,86.5198974609375,"car",0.166666666666667,4.82,"weekday",4,"40 to 64","3-5km","bicycle",4.82,0.438181818181818,1.16666666666667,3.06727272727273
"87110/1001",NA,87110,2446,"65-69 years","male",21,8457,"Work",91.5599975585938,91.5599975585938,"car",0.916666666666667,54.22,"weekday",1,"65 plus",">10km","car",54.22,0.916666666666667,6.41666666666667,6.41666666666667
"87110/1001",NA,87110,2446,"65-69 years","male",21,8458,"Work",91.5599975585938,91.5599975585938,"car",1.08333333333333,54.06,"weekday",2,"65 plus",">10km","car",54.06,1.08333333333333,7.58333333333333,7.58333333333333
"87110/1001",NA,87110,2446,"65-69 years","male",21,8459,"Leisure",91.5599975585938,91.5599975585938,"car",0.25,7.23,"weekday",3,"65 plus","6-10km","car",7.23,0.25,1.75,1.75
"87110/1001",NA,87110,2446,"65-69 years","male",21,8460,"Leisure",91.5599975585938,91.5599975585938,"car",0.25,7.11,"weekday",4,"65 plus","6-10km","car",7.11,0.25,1.75,1.75
"87111/1000",NA,87111,2447,"40-44 years","male",21,8461,"Work",121.04647064209,121.04647064209,"car",0.333333333333333,10,"weekday",1,"40 to 64","6-10km","car",10,0.333333333333333,2.33333333333333,2.33333333333333
"87111/1000",NA,87111,2447,"40-44 years","male",21,8462,"Work",121.04647064209,121.04647064209,"car",0.416666666666667,9.88,"weekday",2,"40 to 64","6-10km","car",9.88,0.416666666666667,2.91666666666667,2.91666666666667
"87111/1001",NA,87111,2448,"35-39 years","female",21,8463,"Other",101.994979858398,101.994979858398,"car",0.166666666666667,2.27,"weekday",1,"20 to 39","3-5km","bicycle",2.27,0.206363636363636,1.16666666666667,1.44454545454545
"87111/1001",NA,87111,2448,"35-39 years","female",21,8464,"Other",101.994979858398,101.994979858398,"car",0.1,2.27,"weekday",2,"20 to 39","3-5km","bicycle",2.27,0.206363636363636,0.7,1.44454545454545
"87111/1001",NA,87111,2448,"35-39 years","female",21,8465,"Other",101.994979858398,101.994979858398,"car",0.166666666666667,2.27,"weekday",3,"20 to 39","3-5km","bicycle",2.27,0.206363636363636,1.16666666666667,1.44454545454545
"87111/1001",NA,87111,2448,"35-39 years","female",21,8466,"Other",101.994979858398,101.994979858398,"car",0.25,2.27,"weekday",4,"20 to 39","3-5km","bicycle",2.27,0.206363636363636,1.75,1.44454545454545
"87112/1000",NA,87112,2449,"65-69 years","female",21,8467,"Other",86.0002593994141,86.0002593994141,"car",0.333333333333333,6.2,"weekday",1,"65 plus","6-10km","car",6.2,0.333333333333333,2.33333333333333,2.33333333333333
"87112/1000",NA,87112,2449,"65-69 years","female",21,8468,"Other",86.0002593994141,86.0002593994141,"car",0.316666666666667,6.31,"weekday",2,"65 plus","6-10km","car",6.31,0.316666666666667,2.21666666666667,2.21666666666667
"87112/1000",NA,87112,2449,"65-69 years","female",21,8469,"Shopping",86.0002593994141,86.0002593994141,"car",0.333333333333333,4.94,"weekday",3,"65 plus","3-5km","bicycle",4.94,0.449090909090909,2.33333333333333,3.14363636363636
"87112/1000",NA,87112,2449,"65-69 years","female",21,8470,"Other",86.0002593994141,86.0002593994141,"car",0.25,8.5,"weekday",4,"65 plus","6-10km","car",8.5,0.25,1.75,1.75
"87112/1000",NA,87112,2449,"65-69 years","female",21,8471,"Other",86.0002593994141,86.0002593994141,"car",0.25,6.31,"weekday",5,"65 plus","6-10km","car",6.31,0.25,1.75,1.75
"87112/1000",NA,87112,2449,"65-69 years","female",21,8472,"Leisure",86.0002593994141,86.0002593994141,"walking",0.5,1.01,"weekday",6,"65 plus","1-2km","walking",1.01,0.5,3.5,3.5
"87112/1000",NA,87112,2449,"65-69 years","female",21,8473,"Leisure",86.0002593994141,86.0002593994141,"walking",0.166666666666667,1.01,"weekday",7,"65 plus","1-2km","walking",1.01,0.166666666666667,1.16666666666667,1.16666666666667
"87112/1001",NA,87112,2450,"70-74 years","male",21,8474,"Other",68.7407379150391,68.7407379150391,"car",0.166666666666667,4.01,"weekday",1,"65 plus","3-5km","bicycle",4.01,0.364545454545455,1.16666666666667,2.55181818181818
"87112/1001",NA,87112,2450,"70-74 years","male",21,8475,"Work",68.7407379150391,68.7407379150391,"car",0.333333333333333,2.24,"weekday",2,"65 plus","3-5km","bicycle",2.24,0.203636363636364,2.33333333333333,1.42545454545455
"87112/1001",NA,87112,2450,"70-74 years","male",21,8476,"Work",68.7407379150391,68.7407379150391,"car",0.166666666666667,4.11,"weekday",3,"65 plus","3-5km","bicycle",4.11,0.373636363636364,1.16666666666667,2.61545454545455
"87112/1001",NA,87112,2450,"70-74 years","male",21,8477,"Leisure",68.7407379150391,68.7407379150391,"walking",0.5,1.01,"weekday",4,"65 plus","1-2km","walking",1.01,0.5,3.5,3.5
"87112/1001",NA,87112,2450,"70-74 years","male",21,8478,"Leisure",68.7407379150391,68.7407379150391,"walking",0.166666666666667,1.01,"weekday",5,"65 plus","1-2km","walking",1.01,0.166666666666667,1.16666666666667,1.16666666666667
"87113/1000",NA,87113,2451,"55-59 years","male",21,8479,"Other",132.476211547852,132.476211547852,"car",0.25,6.38,"weekday",1,"40 to 64","6-10km","car",6.38,0.25,1.75,1.75
"87113/1000",NA,87113,2451,"55-59 years","male",21,8480,"Other",132.476211547852,132.476211547852,"car",0.25,6.44,"weekday",2,"40 to 64","6-10km","car",6.44,0.25,1.75,1.75
"87113/1000",NA,87113,2451,"55-59 years","male",21,8481,"Other",132.476211547852,132.476211547852,"car",0.366666666666667,5.06,"weekday",3,"40 to 64","6-10km","car",5.06,0.366666666666667,2.56666666666667,2.56666666666667
"87113/1000",NA,87113,2451,"55-59 years","male",21,8482,"Other",132.476211547852,132.476211547852,"car",0.2,5.03,"weekday",4,"40 to 64","6-10km","car",5.03,0.2,1.4,1.4
"87113/1000",NA,87113,2451,"55-59 years","male",21,8483,"Work",132.476211547852,132.476211547852,"car",0.783333333333333,29.71,"weekday",5,"40 to 64",">10km","car",29.71,0.783333333333333,5.48333333333333,5.48333333333333
"87113/1000",NA,87113,2451,"55-59 years","male",21,8484,"Shopping",132.476211547852,132.476211547852,"car",0.5,2.88,"weekday",6,"40 to 64","3-5km","bicycle",2.88,0.261818181818182,3.5,1.83272727272727
"87113/1000",NA,87113,2451,"55-59 years","male",21,8485,"Shopping",132.476211547852,132.476211547852,"car",0.833333333333333,30.78,"weekday",7,"40 to 64",">10km","car",30.78,0.833333333333333,5.83333333333333,5.83333333333333
"87113/1000",NA,87113,2451,"55-59 years","male",21,8486,"Shopping",132.476211547852,132.476211547852,"car",0.166666666666667,4.41,"weekday",8,"40 to 64","3-5km","bicycle",4.41,0.400909090909091,1.16666666666667,2.80636363636364
"87113/1000",NA,87113,2451,"55-59 years","male",21,8487,"Shopping",132.476211547852,132.476211547852,"car",0.166666666666667,4.38,"weekday",9,"40 to 64","3-5km","bicycle",4.38,0.398181818181818,1.16666666666667,2.78727272727273
"87113/1001",NA,87113,2452,"50-54 years","female",21,8488,"Other",106.351432800293,106.351432800293,"car",0.783333333333333,29.71,"weekday",1,"40 to 64",">10km","car",29.71,0.783333333333333,5.48333333333333,5.48333333333333
"87113/1001",NA,87113,2452,"50-54 years","female",21,8489,"Shopping",106.351432800293,106.351432800293,"car",0.5,2.88,"weekday",2,"40 to 64","3-5km","bicycle",2.88,0.261818181818182,3.5,1.83272727272727
"87113/1001",NA,87113,2452,"50-54 years","female",21,8490,"Shopping",106.351432800293,106.351432800293,"car",0.833333333333333,30.78,"weekday",3,"40 to 64",">10km","car",30.78,0.833333333333333,5.83333333333333,5.83333333333333
"87113/1002",NA,87113,2453,"20-24 years","male",21,8491,"Work",179.940673828125,179.940673828125,"car",0.25,6.38,"weekday",1,"20 to 39","6-10km","car",6.38,0.25,1.75,1.75
"87113/1002",NA,87113,2453,"20-24 years","male",21,8492,"Other",179.940673828125,179.940673828125,"walking",0.0333333333333333,0.19,"weekday",2,"20 to 39","<1km","walking",0.19,0.0333333333333333,0.233333333333333,0.233333333333333
"87113/1002",NA,87113,2453,"20-24 years","male",21,8493,"Other",179.940673828125,179.940673828125,"public.transport",0.15,2.17,"weekday",2,"20 to 39","3-5km","public.transport",2.17,0.15,1.05,1.05
"87113/1002",NA,87113,2453,"20-24 years","male",21,8494,"Other",179.940673828125,179.940673828125,"walking",0.0666666666666667,0.34,"weekday",2,"20 to 39","<1km","walking",0.34,0.0666666666666667,0.466666666666667,0.466666666666667
"87113/1002",NA,87113,2453,"20-24 years","male",21,8495,"Other",179.940673828125,179.940673828125,"walking",0.0833333333333333,0.34,"weekday",3,"20 to 39","<1km","walking",0.34,0.0833333333333333,0.583333333333333,0.583333333333333
"87113/1002",NA,87113,2453,"20-24 years","male",21,8496,"Other",179.940673828125,179.940673828125,"public.transport",0.15,4.24,"weekday",3,"20 to 39","3-5km","public.transport",4.24,0.15,1.05,1.05
"87113/1002",NA,87113,2453,"20-24 years","male",21,8497,"Other",179.940673828125,179.940673828125,"walking",0.0333333333333333,0.2,"weekday",3,"20 to 39","<1km","walking",0.2,0.0333333333333333,0.233333333333333,0.233333333333333
"87114/1000",NA,87114,2454,"60-64 years","female",21,8498,"Other",86.5198974609375,86.5198974609375,"car",2,136.47,"weekday",1,"40 to 64",">10km","car",136.47,2,14,14
"87114/1000",NA,87114,2454,"60-64 years","female",21,8499,"Shopping",86.5198974609375,86.5198974609375,"car",0.333333333333333,4.35,"weekday",2,"40 to 64","3-5km","bicycle",4.35,0.395454545454545,2.33333333333333,2.76818181818182
"87114/1000",NA,87114,2454,"60-64 years","female",21,8500,"Shopping",86.5198974609375,86.5198974609375,"car",0.166666666666667,2.53,"weekday",3,"40 to 64","3-5km","bicycle",2.53,0.23,1.16666666666667,1.61
"87114/1000",NA,87114,2454,"60-64 years","female",21,8501,"Shopping",86.5198974609375,86.5198974609375,"car",0.333333333333333,6.37,"weekday",4,"40 to 64","6-10km","car",6.37,0.333333333333333,2.33333333333333,2.33333333333333
"87114/1002",NA,87114,2455,"60-64 years","female",21,8502,"Other",86.5198974609375,86.5198974609375,"car",2,136.47,"weekday",1,"40 to 64",">10km","car",136.47,2,14,14
"87114/1002",NA,87114,2455,"60-64 years","female",21,8503,"Shopping",86.5198974609375,86.5198974609375,"car",0.333333333333333,4.35,"weekday",2,"40 to 64","3-5km","bicycle",4.35,0.395454545454545,2.33333333333333,2.76818181818182
"87114/1002",NA,87114,2455,"60-64 years","female",21,8504,"Shopping",86.5198974609375,86.5198974609375,"car",0.166666666666667,2.53,"weekday",3,"40 to 64","3-5km","bicycle",2.53,0.23,1.16666666666667,1.61
"87114/1002",NA,87114,2455,"60-64 years","female",21,8505,"Shopping",86.5198974609375,86.5198974609375,"car",0.333333333333333,6.37,"weekday",4,"40 to 64","6-10km","car",6.37,0.333333333333333,2.33333333333333,2.33333333333333
"87115/1000",NA,87115,2456,"50-54 years","female",21,8506,"Work",100.969757080078,100.969757080078,"car",0.25,7.13,"weekday",1,"40 to 64","6-10km","car",7.13,0.25,1.75,1.75
"87115/1000",NA,87115,2456,"50-54 years","female",21,8509,"Work",100.969757080078,100.969757080078,"car",0.25,7.19,"weekday",4,"40 to 64","6-10km","car",7.19,0.25,1.75,1.75
"87115/1001",NA,87115,2457,"55-59 years","male",21,8510,"Work",125.77254486084,125.77254486084,"car",1.25,28.63,"weekday",1,"40 to 64",">10km","car",28.63,1.25,8.75,8.75
"87115/1001",NA,87115,2457,"55-59 years","male",21,8511,"Work",125.77254486084,125.77254486084,"car",1.25,28.55,"weekday",2,"40 to 64",">10km","car",28.55,1.25,8.75,8.75
"87115/1002",NA,87115,2458,"20-24 years","female",21,8512,"Work",133.524215698242,133.524215698242,"car",0.333333333333333,7.13,"weekday",1,"20 to 39","6-10km","car",7.13,0.333333333333333,2.33333333333333,2.33333333333333
"87115/1002",NA,87115,2458,"20-24 years","female",21,8515,"Work",133.524215698242,133.524215698242,"car",0.333333333333333,7.19,"weekday",4,"20 to 39","6-10km","car",7.19,0.333333333333333,2.33333333333333,2.33333333333333
"87115/1003",NA,87115,2459,"25-29 years","female",21,8516,"Work",131.627136230469,131.627136230469,"car",0.833333333333333,32.86,"weekday",1,"20 to 39",">10km","car",32.86,0.833333333333333,5.83333333333333,5.83333333333333
"87115/1003",NA,87115,2459,"25-29 years","female",21,8517,"Leisure",131.627136230469,131.627136230469,"car",0.416666666666667,7.75,"weekday",2,"20 to 39","6-10km","car",7.75,0.416666666666667,2.91666666666667,2.91666666666667
"87115/1003",NA,87115,2459,"25-29 years","female",21,8518,"Leisure",131.627136230469,131.627136230469,"car",0.5,31.65,"weekday",3,"20 to 39",">10km","car",31.65,0.5,3.5,3.5
"87118/1000",NA,87118,2460,"70-74 years","male",21,8519,"Other",68.7407379150391,68.7407379150391,"car",0.25,4.89,"weekday",1,"65 plus","3-5km","bicycle",4.89,0.444545454545455,1.75,3.11181818181818
"87118/1000",NA,87118,2460,"70-74 years","male",21,8520,"Other",68.7407379150391,68.7407379150391,"car",0.25,4.85,"weekday",2,"65 plus","3-5km","bicycle",4.85,0.440909090909091,1.75,3.08636363636364
"87118/1001",NA,87118,2461,"65-69 years","female",21,8521,"Shopping",86.0002593994141,86.0002593994141,"car",0.25,4.89,"weekday",1,"65 plus","3-5km","bicycle",4.89,0.444545454545455,1.75,3.11181818181818
"87118/1001",NA,87118,2461,"65-69 years","female",21,8522,"Shopping",86.0002593994141,86.0002593994141,"car",0.25,4.85,"weekday",2,"65 plus","3-5km","bicycle",4.85,0.440909090909091,1.75,3.08636363636364
"87121/1000",NA,87121,2462,"25-29 years","female",21,8523,"Work",90.3303756713867,90.3303756713867,"car",0.25,4.37,"weekday",1,"20 to 39","3-5km","bicycle",4.37,0.397272727272727,1.75,2.78090909090909
"87121/1000",NA,87121,2462,"25-29 years","female",21,8524,"Work",90.3303756713867,90.3303756713867,"car",0.25,4.11,"weekday",2,"20 to 39","3-5km","bicycle",4.11,0.373636363636364,1.75,2.61545454545455
"87121/1001",NA,87121,2463,"25-29 years","male",21,8525,"Work",80.8674468994141,80.8674468994141,"car",0.5,18.84,"weekday",1,"20 to 39",">10km","car",18.84,0.5,3.5,3.5
"87121/1001",NA,87121,2463,"25-29 years","male",21,8526,"Work",80.8674468994141,80.8674468994141,"car",0.5,18.78,"weekday",2,"20 to 39",">10km","car",18.78,0.5,3.5,3.5
"87122/1000",NA,87122,2464,"45-49 years","male",21,8527,"Work",167.788757324219,167.788757324219,"car",0.833333333333333,51.93,"weekday",1,"40 to 64",">10km","car",51.93,0.833333333333333,5.83333333333333,5.83333333333333
"87122/1000",NA,87122,2464,"45-49 years","male",21,8528,"Work",167.788757324219,167.788757324219,"car",1,51.6,"weekday",2,"40 to 64",">10km","car",51.6,1,7,7
"87122/1001",NA,87122,2465,"35-39 years","female",21,8529,"Other",136.559432983398,136.559432983398,"car",0.25,6.37,"weekday",1,"20 to 39","6-10km","car",6.37,0.25,1.75,1.75
"87122/1001",NA,87122,2465,"35-39 years","female",21,8530,"Other",136.559432983398,136.559432983398,"car",0.25,6.44,"weekday",2,"20 to 39","6-10km","car",6.44,0.25,1.75,1.75
"87122/1001",NA,87122,2465,"35-39 years","female",21,8531,"Shopping",136.559432983398,136.559432983398,"car",0.833333333333333,53.62,"weekday",3,"20 to 39",">10km","car",53.62,0.833333333333333,5.83333333333333,5.83333333333333
"87122/1001",NA,87122,2465,"35-39 years","female",21,8532,"Shopping",136.559432983398,136.559432983398,"car",1,53.53,"weekday",4,"20 to 39",">10km","car",53.53,1,7,7
"87122/1001",NA,87122,2465,"35-39 years","female",21,8533,"Other",136.559432983398,136.559432983398,"car",0.0833333333333333,6.37,"weekday",5,"20 to 39","6-10km","car",6.37,0.0833333333333333,0.583333333333333,0.583333333333333
"87122/1001",NA,87122,2465,"35-39 years","female",21,8534,"Other",136.559432983398,136.559432983398,"car",0.25,6.44,"weekday",6,"20 to 39","6-10km","car",6.44,0.25,1.75,1.75
"87122/1002",NA,87122,2466,"15-19 years","female",21,8535,"Education",134.606628417969,134.606628417969,"car",0.166666666666667,4.51,"weekday",1,"15 to 19","3-5km","bicycle",4.51,0.41,1.16666666666667,2.87
"87122/1002",NA,87122,2466,"15-19 years","female",21,8536,"Education",134.606628417969,134.606628417969,"car",0.316666666666667,4.46,"weekday",2,"15 to 19","3-5km","bicycle",4.46,0.405454545454545,2.21666666666667,2.83818181818182
"87122/1003",NA,87122,2467,"15-19 years","male",21,8537,"Education",217.791061401367,217.791061401367,"car",0.166666666666667,4.51,"weekday",1,"15 to 19","3-5km","bicycle",4.51,0.41,1.16666666666667,2.87
"87122/1003",NA,87122,2467,"15-19 years","male",21,8538,"Education",217.791061401367,217.791061401367,"car",0.316666666666667,4.46,"weekday",2,"15 to 19","3-5km","bicycle",4.46,0.405454545454545,2.21666666666667,2.83818181818182
"87122/1004",NA,87122,2468,"15-19 years","female",21,8539,"Education",134.606628417969,134.606628417969,"car",0.25,6.37,"weekday",1,"15 to 19","6-10km","car",6.37,0.25,1.75,1.75
"87122/1004",NA,87122,2468,"15-19 years","female",21,8540,"Education",134.606628417969,134.606628417969,"car",0.25,6.44,"weekday",2,"15 to 19","6-10km","car",6.44,0.25,1.75,1.75
"87123/1000",NA,87123,2469,"75-79 years","male",21,8541,"Leisure",76.3799514770508,76.3799514770508,"car",0.333333333333333,7.78,"weekday",1,"65 plus","6-10km","car",7.78,0.333333333333333,2.33333333333333,2.33333333333333
"87123/1000",NA,87123,2469,"75-79 years","male",21,8542,"Leisure",76.3799514770508,76.3799514770508,"car",0.333333333333333,7.83,"weekday",2,"65 plus","6-10km","car",7.83,0.333333333333333,2.33333333333333,2.33333333333333
"87123/1000",NA,87123,2469,"75-79 years","male",21,8543,"Other",76.3799514770508,76.3799514770508,"car",0.5,21.72,"weekday",3,"65 plus",">10km","car",21.72,0.5,3.5,3.5
"87123/1000",NA,87123,2469,"75-79 years","male",21,8544,"Other",76.3799514770508,76.3799514770508,"car",0.583333333333333,21.62,"weekday",4,"65 plus",">10km","car",21.62,0.583333333333333,4.08333333333333,4.08333333333333
"87123/1001",NA,87123,2470,"75-79 years","female",21,8545,"Other",81.3612976074219,81.3612976074219,"car",0.166666666666667,4.33,"weekday",1,"65 plus","3-5km","bicycle",4.33,0.393636363636364,1.16666666666667,2.75545454545455
"87123/1001",NA,87123,2470,"75-79 years","female",21,8546,"Other",81.3612976074219,81.3612976074219,"car",0.166666666666667,4.34,"weekday",2,"65 plus","3-5km","bicycle",4.34,0.394545454545455,1.16666666666667,2.76181818181818
"87123/1001",NA,87123,2470,"75-79 years","female",21,8547,"Other",81.3612976074219,81.3612976074219,"car",0.833333333333333,30.9,"weekday",3,"65 plus",">10km","car",30.9,0.833333333333333,5.83333333333333,5.83333333333333
"87123/1001",NA,87123,2470,"75-79 years","female",21,8548,"Other",81.3612976074219,81.3612976074219,"car",0.833333333333333,30.85,"weekday",4,"65 plus",">10km","car",30.85,0.833333333333333,5.83333333333333,5.83333333333333
"87125/1000",NA,87125,2471,"40-44 years","female",21,8549,"Other",151.688049316406,151.688049316406,"car",0.166666666666667,2.3,"weekday",1,"40 to 64","3-5km","bicycle",2.3,0.209090909090909,1.16666666666667,1.46363636363636
"87125/1000",NA,87125,2471,"40-44 years","female",21,8550,"Other",151.688049316406,151.688049316406,"car",0.216666666666667,2.3,"weekday",2,"40 to 64","3-5km","bicycle",2.3,0.209090909090909,1.51666666666667,1.46363636363636
"87125/1000",NA,87125,2471,"40-44 years","female",21,8551,"Shopping",151.688049316406,151.688049316406,"car",0.216666666666667,6.88,"weekday",3,"40 to 64","6-10km","car",6.88,0.216666666666667,1.51666666666667,1.51666666666667
"87125/1000",NA,87125,2471,"40-44 years","female",21,8552,"Shopping",151.688049316406,151.688049316406,"car",0.3,6.94,"weekday",4,"40 to 64","6-10km","car",6.94,0.3,2.1,2.1
"87125/1000",NA,87125,2471,"40-44 years","female",21,8553,"Other",151.688049316406,151.688049316406,"car",0.166666666666667,2.3,"weekday",5,"40 to 64","3-5km","bicycle",2.3,0.209090909090909,1.16666666666667,1.46363636363636
"87125/1000",NA,87125,2471,"40-44 years","female",21,8554,"Other",151.688049316406,151.688049316406,"car",0.25,2.3,"weekday",6,"40 to 64","3-5km","bicycle",2.3,0.209090909090909,1.75,1.46363636363636
"87125/1001",NA,87125,2472,"35-39 years","male",21,8555,"Other",129.938522338867,129.938522338867,"car",0.166666666666667,2.3,"weekday",1,"20 to 39","3-5km","bicycle",2.3,0.209090909090909,1.16666666666667,1.46363636363636
"87125/1001",NA,87125,2472,"35-39 years","male",21,8556,"Other",129.938522338867,129.938522338867,"car",0.25,2.3,"weekday",2,"20 to 39","3-5km","bicycle",2.3,0.209090909090909,1.75,1.46363636363636
"87127/1000",NA,87127,2473,"60-64 years","male",21,8557,"Work",143.564193725586,143.564193725586,"car",0.166666666666667,4.8,"weekday",1,"40 to 64","3-5km","bicycle",4.8,0.436363636363636,1.16666666666667,3.05454545454545
"87127/1000",NA,87127,2473,"60-64 years","male",21,8558,"Work",143.564193725586,143.564193725586,"car",0.166666666666667,4.75,"weekday",2,"40 to 64","3-5km","bicycle",4.75,0.431818181818182,1.16666666666667,3.02272727272727
"87127/1000",NA,87127,2473,"60-64 years","male",21,8559,"Other",143.564193725586,143.564193725586,"car",0.166666666666667,4.28,"weekday",3,"40 to 64","3-5km","bicycle",4.28,0.389090909090909,1.16666666666667,2.72363636363636
"87127/1000",NA,87127,2473,"60-64 years","male",21,8560,"Other",143.564193725586,143.564193725586,"car",0.25,8.8,"weekday",4,"40 to 64","6-10km","car",8.8,0.25,1.75,1.75
"87127/1000",NA,87127,2473,"60-64 years","male",21,8561,"Other",143.564193725586,143.564193725586,"car",0.25,9.98,"weekday",5,"40 to 64","6-10km","car",9.98,0.25,1.75,1.75
"87127/1000",NA,87127,2473,"60-64 years","male",21,8562,"Leisure",143.564193725586,143.564193725586,"car",0.5,20.44,"weekday",6,"40 to 64",">10km","car",20.44,0.5,3.5,3.5
"87127/1000",NA,87127,2473,"60-64 years","male",21,8563,"Leisure",143.564193725586,143.564193725586,"car",1,20.29,"weekday",7,"40 to 64",">10km","car",20.29,1,7,7
"87127/1000",NA,87127,2473,"60-64 years","male",21,8564,"Shopping",143.564193725586,143.564193725586,"car",0.166666666666667,6.93,"weekday",8,"40 to 64","6-10km","car",6.93,0.166666666666667,1.16666666666667,1.16666666666667
"87127/1000",NA,87127,2473,"60-64 years","male",21,8565,"Shopping",143.564193725586,143.564193725586,"car",0.166666666666667,6.98,"weekday",9,"40 to 64","6-10km","car",6.98,0.166666666666667,1.16666666666667,1.16666666666667
"87127/1000",NA,87127,2473,"60-64 years","male",21,8566,"Other",143.564193725586,143.564193725586,"car",0.166666666666667,4.28,"weekday",10,"40 to 64","3-5km","bicycle",4.28,0.389090909090909,1.16666666666667,2.72363636363636
"87127/1000",NA,87127,2473,"60-64 years","male",21,8567,"Other",143.564193725586,143.564193725586,"car",0.25,4.01,"weekday",11,"40 to 64","3-5km","bicycle",4.01,0.364545454545455,1.75,2.55181818181818
"87127/1000",NA,87127,2473,"60-64 years","male",21,8568,"Other",143.564193725586,143.564193725586,"car",0.333333333333333,9.74,"weekday",12,"40 to 64","6-10km","car",9.74,0.333333333333333,2.33333333333333,2.33333333333333
"87127/1000",NA,87127,2473,"60-64 years","male",21,8569,"Other",143.564193725586,143.564193725586,"car",0.333333333333333,9.86,"weekday",13,"40 to 64","6-10km","car",9.86,0.333333333333333,2.33333333333333,2.33333333333333
"87127/1004",NA,87127,2474,"60-64 years","female",21,8570,"Other",132.794357299805,132.794357299805,"car",0.166666666666667,4.28,"weekday",1,"40 to 64","3-5km","bicycle",4.28,0.389090909090909,1.16666666666667,2.72363636363636
"87127/1004",NA,87127,2474,"60-64 years","female",21,8571,"Work",132.794357299805,132.794357299805,"car",0.25,8.8,"weekday",2,"40 to 64","6-10km","car",8.8,0.25,1.75,1.75
"87127/1004",NA,87127,2474,"60-64 years","female",21,8572,"Shopping",132.794357299805,132.794357299805,"walking",0.166666666666667,0.43,"weekday",3,"40 to 64","<1km","walking",0.43,0.166666666666667,1.16666666666667,1.16666666666667
"87127/1004",NA,87127,2474,"60-64 years","female",21,8573,"Shopping",132.794357299805,132.794357299805,"car",0.333333333333333,9.86,"weekday",4,"40 to 64","6-10km","car",9.86,0.333333333333333,2.33333333333333,2.33333333333333
"87127/1005",NA,87127,2475,"30-34 years","male",21,8574,"Work",145.704574584961,145.704574584961,"car",0.166666666666667,4.8,"weekday",1,"20 to 39","3-5km","bicycle",4.8,0.436363636363636,1.16666666666667,3.05454545454545
"87127/1005",NA,87127,2475,"30-34 years","male",21,8575,"Work",145.704574584961,145.704574584961,"car",0.166666666666667,4.75,"weekday",2,"20 to 39","3-5km","bicycle",4.75,0.431818181818182,1.16666666666667,3.02272727272727
"87127/1005",NA,87127,2475,"30-34 years","male",21,8576,"Education",145.704574584961,145.704574584961,"car",0.166666666666667,4.28,"weekday",3,"20 to 39","3-5km","bicycle",4.28,0.389090909090909,1.16666666666667,2.72363636363636
"87127/1005",NA,87127,2475,"30-34 years","male",21,8577,"Education",145.704574584961,145.704574584961,"car",0.25,4.01,"weekday",4,"20 to 39","3-5km","bicycle",4.01,0.364545454545455,1.75,2.55181818181818
"87128/1000",NA,87128,2476,"60-64 years","male",21,8578,"Leisure",93.5367965698242,93.5367965698242,"car",0.416666666666667,18.16,"weekday",1,"40 to 64",">10km","car",18.16,0.416666666666667,2.91666666666667,2.91666666666667
"87128/1000",NA,87128,2476,"60-64 years","male",21,8579,"Leisure",93.5367965698242,93.5367965698242,"car",0.5,18.17,"weekday",2,"40 to 64",">10km","car",18.17,0.5,3.5,3.5
"87128/1001",NA,87128,2477,"50-54 years","female",21,8580,"Shopping",69.2914581298828,69.2914581298828,"car",0.25,5.99,"weekday",1,"40 to 64","6-10km","car",5.99,0.25,1.75,1.75
"87128/1001",NA,87128,2477,"50-54 years","female",21,8581,"Shopping",69.2914581298828,69.2914581298828,"car",0.25,5.93,"weekday",2,"40 to 64","6-10km","car",5.93,0.25,1.75,1.75
"87128/1001",NA,87128,2477,"50-54 years","female",21,8582,"Shopping",69.2914581298828,69.2914581298828,"car",0.25,5.99,"weekday",3,"40 to 64","6-10km","car",5.99,0.25,1.75,1.75
"87128/1001",NA,87128,2477,"50-54 years","female",21,8583,"Shopping",69.2914581298828,69.2914581298828,"car",0.25,5.93,"weekday",4,"40 to 64","6-10km","car",5.93,0.25,1.75,1.75
"87129/1001",NA,87129,2478,"75-79 years","female",21,8584,"Other",124.876731872559,124.876731872559,"car",0.25,4.13,"weekday",1,"65 plus","3-5km","bicycle",4.13,0.375454545454545,1.75,2.62818181818182
"87129/1001",NA,87129,2478,"75-79 years","female",21,8585,"Other",124.876731872559,124.876731872559,"car",0.25,3.85,"weekday",2,"65 plus","3-5km","bicycle",3.85,0.35,1.75,2.45
"87160/1000",NA,87160,2479,"60-64 years","female",21,8586,"Shopping",150.850219726562,150.850219726562,"car",0.0833333333333333,1.72,"weekday",1,"40 to 64","1-2km","bicycle",1.72,0.156363636363636,0.583333333333333,1.09454545454545
"87160/1000",NA,87160,2479,"60-64 years","female",21,8587,"Shopping",150.850219726562,150.850219726562,"car",0.0833333333333333,1.78,"weekday",2,"40 to 64","1-2km","bicycle",1.78,0.161818181818182,0.583333333333333,1.13272727272727
"87224/1000",NA,87224,2480,"70-74 years","male",21,8588,"Work",152.162673950195,152.162673950195,"car",0.116666666666667,1.48,"weekday",1,"65 plus","1-2km","bicycle",1.48,0.134545454545455,0.816666666666667,0.941818181818182
"87224/1000",NA,87224,2480,"70-74 years","male",21,8589,"Work",152.162673950195,152.162673950195,"car",0.116666666666667,1.44,"weekday",2,"65 plus","1-2km","bicycle",1.44,0.130909090909091,0.816666666666667,0.916363636363636
"87224/1001",NA,87224,2481,"70-74 years","female",21,8590,"Leisure",171.396911621094,171.396911621094,"car",0.2,3.17,"weekday",1,"65 plus","3-5km","bicycle",3.17,0.288181818181818,1.4,2.01727272727273
"87224/1001",NA,87224,2481,"70-74 years","female",21,8591,"Leisure",171.396911621094,171.396911621094,"car",0.25,3.14,"weekday",2,"65 plus","3-5km","bicycle",3.14,0.285454545454545,1.75,1.99818181818182
"87228/1000",NA,87228,2482,"45-49 years","female",21,8592,"Work",402.263244628906,402.263244628906,"car",0.333333333333333,16.13,"weekday",1,"40 to 64",">10km","car",16.13,0.333333333333333,2.33333333333333,2.33333333333333
"87228/1000",NA,87228,2482,"45-49 years","female",21,8593,"Work",402.263244628906,402.263244628906,"car",0.333333333333333,16.14,"weekday",2,"40 to 64",">10km","car",16.14,0.333333333333333,2.33333333333333,2.33333333333333
"87228/1000",NA,87228,2482,"45-49 years","female",21,8594,"Other",402.263244628906,402.263244628906,"car",0.166666666666667,8.33,"weekday",3,"40 to 64","6-10km","car",8.33,0.166666666666667,1.16666666666667,1.16666666666667
"87228/1000",NA,87228,2482,"45-49 years","female",21,8595,"Other",402.263244628906,402.263244628906,"car",0.216666666666667,8.29,"weekday",4,"40 to 64","6-10km","car",8.29,0.216666666666667,1.51666666666667,1.51666666666667
"87228/1000",NA,87228,2482,"45-49 years","female",21,8596,"Other",402.263244628906,402.263244628906,"car",0.0833333333333333,2.41,"weekday",5,"40 to 64","3-5km","bicycle",2.41,0.219090909090909,0.583333333333333,1.53363636363636
"87228/1000",NA,87228,2482,"45-49 years","female",21,8597,"Other",402.263244628906,402.263244628906,"car",0.0833333333333333,2.43,"weekday",6,"40 to 64","3-5km","bicycle",2.43,0.220909090909091,0.583333333333333,1.54636363636364
"87228/1000",NA,87228,2482,"45-49 years","female",21,8598,"Other",402.263244628906,402.263244628906,"car",0.0833333333333333,2.41,"weekday",7,"40 to 64","3-5km","bicycle",2.41,0.219090909090909,0.583333333333333,1.53363636363636
"87228/1000",NA,87228,2482,"45-49 years","female",21,8599,"Other",402.263244628906,402.263244628906,"car",0.25,4.48,"weekday",8,"40 to 64","3-5km","bicycle",4.48,0.407272727272727,1.75,2.85090909090909
"87228/1000",NA,87228,2482,"45-49 years","female",21,8600,"Other",402.263244628906,402.263244628906,"car",0.25,2.41,"weekday",9,"40 to 64","3-5km","bicycle",2.41,0.219090909090909,1.75,1.53363636363636
"87228/1001",NA,87228,2483,"45-49 years","male",21,8601,"Work",412.569610595703,412.569610595703,"car",0.5,20.67,"weekday",1,"40 to 64",">10km","car",20.67,0.5,3.5,3.5
"87228/1001",NA,87228,2483,"45-49 years","male",21,8602,"Other",412.569610595703,412.569610595703,"car",0.583333333333333,14.98,"weekday",2,"40 to 64",">10km","car",14.98,0.583333333333333,4.08333333333333,4.08333333333333
"87228/1001",NA,87228,2483,"45-49 years","male",21,8603,"Other",412.569610595703,412.569610595703,"car",0.166666666666667,8.29,"weekday",3,"40 to 64","6-10km","car",8.29,0.166666666666667,1.16666666666667,1.16666666666667
"87228/1002",NA,87228,2484,"15-19 years","male",21,8604,"Education",333.733825683594,333.733825683594,"car",0.25,8.33,"weekday",1,"15 to 19","6-10km","car",8.33,0.25,1.75,1.75
"87228/1002",NA,87228,2484,"15-19 years","male",21,8605,"Shopping",333.733825683594,333.733825683594,"car",0.25,4.17,"weekday",2,"15 to 19","3-5km","bicycle",4.17,0.379090909090909,1.75,2.65363636363636
"87228/1002",NA,87228,2484,"15-19 years","male",21,8606,"Shopping",333.733825683594,333.733825683594,"car",0.25,10.21,"weekday",3,"15 to 19",">10km","car",10.21,0.25,1.75,1.75
"87229/1000",NA,87229,2485,"50-54 years","male",21,8607,"Work",402.633728027344,402.633728027344,"car",0.5,15.79,"weekday",1,"40 to 64",">10km","car",15.79,0.5,3.5,3.5
"87229/1000",NA,87229,2485,"50-54 years","male",21,8608,"Work",402.633728027344,402.633728027344,"car",0.5,15.69,"weekday",2,"40 to 64",">10km","car",15.69,0.5,3.5,3.5
"87229/1000",NA,87229,2485,"50-54 years","male",21,8609,"Leisure",402.633728027344,402.633728027344,"car",0.333333333333333,13.88,"weekday",3,"40 to 64",">10km","car",13.88,0.333333333333333,2.33333333333333,2.33333333333333
"87229/1000",NA,87229,2485,"50-54 years","male",21,8610,"Leisure",402.633728027344,402.633728027344,"car",0.333333333333333,13.82,"weekday",4,"40 to 64",">10km","car",13.82,0.333333333333333,2.33333333333333,2.33333333333333
"87229/1001",NA,87229,2486,"50-54 years","female",21,8611,"Work",422.304656982422,422.304656982422,"car",0.0833333333333333,1.19,"weekday",1,"40 to 64","1-2km","bicycle",1.19,0.108181818181818,0.583333333333333,0.757272727272727
"87229/1001",NA,87229,2486,"50-54 years","female",21,8612,"Work",422.304656982422,422.304656982422,"car",0.0833333333333333,1.17,"weekday",2,"40 to 64","1-2km","bicycle",1.17,0.106363636363636,0.583333333333333,0.744545454545455
"87229/1002",NA,87229,2487,"20-24 years","female",21,8613,"Leisure",673.038940429688,673.038940429688,"car",0.25,7.53,"weekday",1,"20 to 39","6-10km","car",7.53,0.25,1.75,1.75
"87229/1002",NA,87229,2487,"20-24 years","female",21,8614,"Other",673.038940429688,673.038940429688,"car",0.75,16.2,"weekday",2,"20 to 39",">10km","car",16.2,0.75,5.25,5.25
"87229/1002",NA,87229,2487,"20-24 years","female",21,8615,"Other",673.038940429688,673.038940429688,"car",0.5,19.49,"weekday",3,"20 to 39",">10km","car",19.49,0.5,3.5,3.5
"87230/1000",NA,87230,2488,"80-84 years","male",21,8616,"Leisure",213.465911865234,213.465911865234,"car",0.0833333333333333,2.16,"weekday",1,"65 plus","3-5km","bicycle",2.16,0.196363636363636,0.583333333333333,1.37454545454545
"87230/1000",NA,87230,2488,"80-84 years","male",21,8617,"Leisure",213.465911865234,213.465911865234,"car",0.0833333333333333,2.16,"weekday",2,"65 plus","3-5km","bicycle",2.16,0.196363636363636,0.583333333333333,1.37454545454545
"87230/1000",NA,87230,2488,"80-84 years","male",21,8618,"Leisure",213.465911865234,213.465911865234,"car",0.0833333333333333,0.44,"weekday",3,"65 plus","<1km","bicycle",0.44,0.04,0.583333333333333,0.28
"87230/1000",NA,87230,2488,"80-84 years","male",21,8619,"Leisure",213.465911865234,213.465911865234,"car",0.0833333333333333,0.51,"weekday",4,"65 plus","<1km","bicycle",0.51,0.0463636363636364,0.583333333333333,0.324545454545455
"87230/1001",NA,87230,2489,"80-84 years","female",21,8620,"Leisure",190.173706054688,190.173706054688,"car",0.5,15.84,"weekday",1,"65 plus",">10km","car",15.84,0.5,3.5,3.5
"87230/1001",NA,87230,2489,"80-84 years","female",21,8621,"Shopping",190.173706054688,190.173706054688,"car",0.5,4.26,"weekday",2,"65 plus","3-5km","bicycle",4.26,0.387272727272727,3.5,2.71090909090909
"87230/1001",NA,87230,2489,"80-84 years","female",21,8622,"Leisure",190.173706054688,190.173706054688,"car",0.166666666666667,4.26,"weekday",3,"65 plus","3-5km","bicycle",4.26,0.387272727272727,1.16666666666667,2.71090909090909
"87230/1001",NA,87230,2489,"80-84 years","female",21,8623,"Leisure",190.173706054688,190.173706054688,"car",0.5,15.84,"weekday",4,"65 plus",">10km","car",15.84,0.5,3.5,3.5
"87234/1001",NA,87234,2490,"80-84 years","male",21,8624,"Other",213.465911865234,213.465911865234,"car",0.0833333333333333,0.82,"weekday",1,"65 plus","<1km","bicycle",0.82,0.0745454545454545,0.583333333333333,0.521818181818182
"87234/1001",NA,87234,2490,"80-84 years","male",21,8625,"Other",213.465911865234,213.465911865234,"car",0.0833333333333333,0.83,"weekday",2,"65 plus","<1km","bicycle",0.83,0.0754545454545455,0.583333333333333,0.528181818181818
"87235/1000",NA,87235,2492,"70-74 years","female",21,8627,"Other",171.396911621094,171.396911621094,"car",0.583333333333333,17.76,"weekday",1,"65 plus",">10km","car",17.76,0.583333333333333,4.08333333333333,4.08333333333333
"87235/1000",NA,87235,2492,"70-74 years","female",21,8628,"Other",171.396911621094,171.396911621094,"car",0.75,18.06,"weekday",2,"65 plus",">10km","car",18.06,0.75,5.25,5.25
"87235/1001",NA,87235,2493,"80-84 years","male",21,8629,"Other",213.465911865234,213.465911865234,"walking",0.5,0.67,"weekday",1,"65 plus","<1km","walking",0.67,0.5,3.5,3.5
"87235/1001",NA,87235,2493,"80-84 years","male",21,8630,"Other",213.465911865234,213.465911865234,"walking",0.5,0.67,"weekday",2,"65 plus","<1km","walking",0.67,0.5,3.5,3.5
"87237/1001",NA,87237,2495,"70-74 years","male",21,8632,"Shopping",152.162673950195,152.162673950195,"car",0.333333333333333,10.71,"weekday",1,"65 plus",">10km","car",10.71,0.333333333333333,2.33333333333333,2.33333333333333
"87237/1001",NA,87237,2495,"70-74 years","male",21,8633,"Other",152.162673950195,152.162673950195,"car",0.0833333333333333,0.86,"weekday",2,"65 plus","<1km","bicycle",0.86,0.0781818181818182,0.583333333333333,0.547272727272727
"87237/1001",NA,87237,2495,"70-74 years","male",21,8634,"Other",152.162673950195,152.162673950195,"car",0.333333333333333,10.57,"weekday",3,"65 plus",">10km","car",10.57,0.333333333333333,2.33333333333333,2.33333333333333
"87238/1000",NA,87238,2496,"75-79 years","male",21,8635,"Other",146.185394287109,146.185394287109,"walking",0.0833333333333333,0.46,"weekday",1,"65 plus","<1km","walking",0.46,0.0833333333333333,0.583333333333333,0.583333333333333
"87238/1000",NA,87238,2496,"75-79 years","male",21,8636,"Other",146.185394287109,146.185394287109,"walking",0.1,0.46,"weekday",2,"65 plus","<1km","walking",0.46,0.1,0.7,0.7
"87238/1000",NA,87238,2496,"75-79 years","male",21,8637,"Leisure",146.185394287109,146.185394287109,"car",0.133333333333333,2.48,"weekday",3,"65 plus","3-5km","bicycle",2.48,0.225454545454545,0.933333333333333,1.57818181818182
"87238/1000",NA,87238,2496,"75-79 years","male",21,8638,"Leisure",146.185394287109,146.185394287109,"car",0.166666666666667,2.51,"weekday",4,"65 plus","3-5km","bicycle",2.51,0.228181818181818,1.16666666666667,1.59727272727273
"87238/1000",NA,87238,2496,"75-79 years","male",21,8639,"Leisure",146.185394287109,146.185394287109,"car",0.133333333333333,2.48,"weekday",5,"65 plus","3-5km","bicycle",2.48,0.225454545454545,0.933333333333333,1.57818181818182
"87238/1000",NA,87238,2496,"75-79 years","male",21,8640,"Leisure",146.185394287109,146.185394287109,"car",0.2,2.51,"weekday",6,"65 plus","3-5km","bicycle",2.51,0.228181818181818,1.4,1.59727272727273
"87239/1004",NA,87239,2497,"65-69 years","male",21,8641,"Other",151.590209960938,151.590209960938,"car",0.25,8.22,"weekday",1,"65 plus","6-10km","car",8.22,0.25,1.75,1.75
"87239/1004",NA,87239,2497,"65-69 years","male",21,8642,"Work",151.590209960938,151.590209960938,"car",0.0333333333333333,2.9,"weekday",2,"65 plus","3-5km","bicycle",2.9,0.263636363636364,0.233333333333333,1.84545454545455
"87239/1004",NA,87239,2497,"65-69 years","male",21,8643,"Work",151.590209960938,151.590209960938,"car",0.283333333333333,9.61,"weekday",3,"65 plus","6-10km","car",9.61,0.283333333333333,1.98333333333333,1.98333333333333
"87239/1004",NA,87239,2497,"65-69 years","male",21,8644,"Work",151.590209960938,151.590209960938,"car",0.25,8.22,"weekday",4,"65 plus","6-10km","car",8.22,0.25,1.75,1.75
"87239/1004",NA,87239,2497,"65-69 years","male",21,8645,"Work",151.590209960938,151.590209960938,"car",0.483333333333333,17.15,"weekday",5,"65 plus",">10km","car",17.15,0.483333333333333,3.38333333333333,3.38333333333333
"87239/1004",NA,87239,2497,"65-69 years","male",21,8646,"Shopping",151.590209960938,151.590209960938,"car",0.35,5.68,"weekday",6,"65 plus","6-10km","car",5.68,0.35,2.45,2.45
"87239/1004",NA,87239,2497,"65-69 years","male",21,8647,"Shopping",151.590209960938,151.590209960938,"car",0.433333333333333,14.41,"weekday",7,"65 plus",">10km","car",14.41,0.433333333333333,3.03333333333333,3.03333333333333
"87239/1004",NA,87239,2497,"65-69 years","male",21,8648,"Other",151.590209960938,151.590209960938,"car",0.25,8.22,"weekday",8,"65 plus","6-10km","car",8.22,0.25,1.75,1.75
"87239/1004",NA,87239,2497,"65-69 years","male",21,8649,"Leisure",151.590209960938,151.590209960938,"car",0.4,14.27,"weekday",9,"65 plus",">10km","car",14.27,0.4,2.8,2.8
"87239/1004",NA,87239,2497,"65-69 years","male",21,8650,"Leisure",151.590209960938,151.590209960938,"car",0.25,13.57,"weekday",10,"65 plus",">10km","car",13.57,0.25,1.75,1.75
"87239/1005",NA,87239,2498,"60-64 years","female",21,8651,"Work",156.893493652344,156.893493652344,"car",0.25,8.22,"weekday",1,"40 to 64","6-10km","car",8.22,0.25,1.75,1.75
"87239/1005",NA,87239,2498,"60-64 years","female",21,8652,"Work",156.893493652344,156.893493652344,"public.transport",0.55,16.24,"weekday",1,"40 to 64",">10km","public.transport",16.24,0.55,3.85,3.85
"87239/1005",NA,87239,2498,"60-64 years","female",21,8653,"Work",156.893493652344,156.893493652344,"walking",0.5,0.66,"weekday",1,"40 to 64","<1km","walking",0.66,0.5,3.5,3.5
"87239/1005",NA,87239,2498,"60-64 years","female",21,8654,"Leisure",156.893493652344,156.893493652344,"walking",0.333333333333333,0.66,"weekday",2,"40 to 64","<1km","walking",0.66,0.333333333333333,2.33333333333333,2.33333333333333
"87239/1005",NA,87239,2498,"60-64 years","female",21,8655,"Leisure",156.893493652344,156.893493652344,"public.transport",0.483333333333333,16.24,"weekday",2,"40 to 64",">10km","public.transport",16.24,0.483333333333333,3.38333333333333,3.38333333333333
"87239/1005",NA,87239,2498,"60-64 years","female",21,8656,"Leisure",156.893493652344,156.893493652344,"car",0.4,14.27,"weekday",2,"40 to 64",">10km","car",14.27,0.4,2.8,2.8
"87239/1005",NA,87239,2498,"60-64 years","female",21,8657,"Leisure",156.893493652344,156.893493652344,"car",0.25,13.57,"weekday",3,"40 to 64",">10km","car",13.57,0.25,1.75,1.75
"87244/1000",NA,87244,2499,"60-64 years","female",21,8658,"Leisure",156.893493652344,156.893493652344,"bicycle",2.25,4.66,"weekday",1,"40 to 64","3-5km","bicycle",4.66,2.25,15.75,15.75
"87244/1000",NA,87244,2499,"60-64 years","female",21,8659,"Leisure",156.893493652344,156.893493652344,"bicycle",0.75,4.66,"weekday",2,"40 to 64","3-5km","bicycle",4.66,0.75,5.25,5.25
"87244/1001",NA,87244,2500,"70-74 years","male",21,8660,"Shopping",152.162673950195,152.162673950195,"walking",0.166666666666667,0.83,"weekday",1,"65 plus","<1km","walking",0.83,0.166666666666667,1.16666666666667,1.16666666666667
"87244/1001",NA,87244,2500,"70-74 years","male",21,8661,"Shopping",152.162673950195,152.162673950195,"walking",0.166666666666667,0.83,"weekday",2,"65 plus","<1km","walking",0.83,0.166666666666667,1.16666666666667,1.16666666666667
"87244/1001",NA,87244,2500,"70-74 years","male",21,8662,"Leisure",152.162673950195,152.162673950195,"car",0.5,8.54,"weekday",3,"65 plus","6-10km","car",8.54,0.5,3.5,3.5
"87244/1001",NA,87244,2500,"70-74 years","male",21,8663,"Leisure",152.162673950195,152.162673950195,"car",0.333333333333333,8.59,"weekday",4,"65 plus","6-10km","car",8.59,0.333333333333333,2.33333333333333,2.33333333333333
"87245/1001",NA,87245,2502,"70-74 years","male",21,8665,"Leisure",152.162673950195,152.162673950195,"walking",0.0833333333333333,0.62,"weekday",1,"65 plus","<1km","walking",0.62,0.0833333333333333,0.583333333333333,0.583333333333333
"87245/1001",NA,87245,2502,"70-74 years","male",21,8666,"Leisure",152.162673950195,152.162673950195,"walking",0.0833333333333333,0.62,"weekday",2,"65 plus","<1km","walking",0.62,0.0833333333333333,0.583333333333333,0.583333333333333
"87245/1001",NA,87245,2502,"70-74 years","male",21,8667,"Other",152.162673950195,152.162673950195,"walking",0.166666666666667,0.78,"weekday",3,"65 plus","<1km","walking",0.78,0.166666666666667,1.16666666666667,1.16666666666667
"87245/1001",NA,87245,2502,"70-74 years","male",21,8668,"Other",152.162673950195,152.162673950195,"walking",0.166666666666667,0.78,"weekday",4,"65 plus","<1km","walking",0.78,0.166666666666667,1.16666666666667,1.16666666666667
"87249/1000",NA,87249,2503,"85-89 years","female",21,8669,"Leisure",409.778869628906,409.778869628906,"car",0.0333333333333333,0.42,"weekday",1,"65 plus","<1km","bicycle",0.42,0.0381818181818182,0.233333333333333,0.267272727272727
"87249/1000",NA,87249,2503,"85-89 years","female",21,8670,"Shopping",409.778869628906,409.778869628906,"car",0.0333333333333333,0.28,"weekday",2,"65 plus","<1km","bicycle",0.28,0.0254545454545455,0.233333333333333,0.178181818181818
"87249/1000",NA,87249,2503,"85-89 years","female",21,8671,"Shopping",409.778869628906,409.778869628906,"car",0.0833333333333333,0.68,"weekday",3,"65 plus","<1km","bicycle",0.68,0.0618181818181818,0.583333333333333,0.432727272727273
"87251/1000",NA,87251,2504,"40-44 years","male",21,8672,"Shopping",513.975341796875,513.975341796875,"walking",0.0833333333333333,0.41,"weekday",1,"40 to 64","<1km","walking",0.41,0.0833333333333333,0.583333333333333,0.583333333333333
"87251/1000",NA,87251,2504,"40-44 years","male",21,8673,"Shopping",513.975341796875,513.975341796875,"walking",0.0833333333333333,0.41,"weekday",2,"40 to 64","<1km","walking",0.41,0.0833333333333333,0.583333333333333,0.583333333333333
"87251/1001",NA,87251,2505,"40-44 years","female",21,8674,"Work",533.81396484375,533.81396484375,"walking",0.0166666666666667,0.08,"weekday",1,"40 to 64","<1km","walking",0.08,0.0166666666666667,0.116666666666667,0.116666666666667
"87251/1001",NA,87251,2505,"40-44 years","female",21,8675,"Work",533.81396484375,533.81396484375,"public.transport",0.166666666666667,2.87,"weekday",1,"40 to 64","3-5km","public.transport",2.87,0.166666666666667,1.16666666666667,1.16666666666667
"87251/1001",NA,87251,2505,"40-44 years","female",21,8676,"Work",533.81396484375,533.81396484375,"walking",0.0833333333333333,0.36,"weekday",1,"40 to 64","<1km","walking",0.36,0.0833333333333333,0.583333333333333,0.583333333333333
"87251/1001",NA,87251,2505,"40-44 years","female",21,8677,"Work",533.81396484375,533.81396484375,"walking",0.0666666666666667,0.45,"weekday",2,"40 to 64","<1km","walking",0.45,0.0666666666666667,0.466666666666667,0.466666666666667
"87251/1001",NA,87251,2505,"40-44 years","female",21,8678,"Work",533.81396484375,533.81396484375,"public.transport",0.233333333333333,3.2,"weekday",2,"40 to 64","3-5km","public.transport",3.2,0.233333333333333,1.63333333333333,1.63333333333333
"87251/1001",NA,87251,2505,"40-44 years","female",21,8679,"Work",533.81396484375,533.81396484375,"walking",0.0166666666666667,0.08,"weekday",2,"40 to 64","<1km","walking",0.08,0.0166666666666667,0.116666666666667,0.116666666666667
"87252/1000",NA,87252,2506,"40-44 years","female",21,8680,"Leisure",575.516906738281,575.516906738281,"car",0.0833333333333333,1.74,"weekday",1,"40 to 64","1-2km","bicycle",1.74,0.158181818181818,0.583333333333333,1.10727272727273
"87252/1000",NA,87252,2506,"40-44 years","female",21,8681,"Leisure",575.516906738281,575.516906738281,"car",0.0833333333333333,1.74,"weekday",2,"40 to 64","1-2km","bicycle",1.74,0.158181818181818,0.583333333333333,1.10727272727273
"87252/1000",NA,87252,2506,"40-44 years","female",21,8682,"Other",575.516906738281,575.516906738281,"car",0.25,1.53,"weekday",3,"40 to 64","1-2km","bicycle",1.53,0.139090909090909,1.75,0.973636363636364
"87252/1000",NA,87252,2506,"40-44 years","female",21,8683,"Work",575.516906738281,575.516906738281,"car",0.75,15.9,"weekday",4,"40 to 64",">10km","car",15.9,0.75,5.25,5.25
"87252/1000",NA,87252,2506,"40-44 years","female",21,8684,"Other",575.516906738281,575.516906738281,"car",0.5,15.39,"weekday",5,"40 to 64",">10km","car",15.39,0.5,3.5,3.5
"87252/1000",NA,87252,2506,"40-44 years","female",21,8685,"Other",575.516906738281,575.516906738281,"car",0.25,1.53,"weekday",6,"40 to 64","1-2km","bicycle",1.53,0.139090909090909,1.75,0.973636363636364
"87252/1000",NA,87252,2506,"40-44 years","female",21,8686,"Shopping",575.516906738281,575.516906738281,"car",0.166666666666667,2.78,"weekday",7,"40 to 64","3-5km","bicycle",2.78,0.252727272727273,1.16666666666667,1.76909090909091
"87252/1000",NA,87252,2506,"40-44 years","female",21,8687,"Shopping",575.516906738281,575.516906738281,"car",0.166666666666667,2.75,"weekday",8,"40 to 64","3-5km","bicycle",2.75,0.25,1.16666666666667,1.75
"87252/1001",NA,87252,2507,"40-44 years","male",21,8688,"Work",554.12841796875,554.12841796875,"car",0.5,21.01,"weekday",1,"40 to 64",">10km","car",21.01,0.5,3.5,3.5
"87252/1001",NA,87252,2507,"40-44 years","male",21,8689,"Other",554.12841796875,554.12841796875,"car",0.5,21.97,"weekday",2,"40 to 64",">10km","car",21.97,0.5,3.5,3.5
"87252/1001",NA,87252,2507,"40-44 years","male",21,8690,"Other",554.12841796875,554.12841796875,"car",0.25,1.53,"weekday",3,"40 to 64","1-2km","bicycle",1.53,0.139090909090909,1.75,0.973636363636364
"87252/1001",NA,87252,2507,"40-44 years","male",21,8691,"Other",554.12841796875,554.12841796875,"car",0.0833333333333333,1.53,"weekday",4,"40 to 64","1-2km","bicycle",1.53,0.139090909090909,0.583333333333333,0.973636363636364
"87252/1001",NA,87252,2507,"40-44 years","male",21,8692,"Other",554.12841796875,554.12841796875,"car",0.166666666666667,1.53,"weekday",5,"40 to 64","1-2km","bicycle",1.53,0.139090909090909,1.16666666666667,0.973636363636364
"87252/1001",NA,87252,2507,"40-44 years","male",21,8693,"Shopping",554.12841796875,554.12841796875,"car",0.166666666666667,2.78,"weekday",6,"40 to 64","3-5km","bicycle",2.78,0.252727272727273,1.16666666666667,1.76909090909091
"87252/1001",NA,87252,2507,"40-44 years","male",21,8694,"Shopping",554.12841796875,554.12841796875,"car",0.166666666666667,2.75,"weekday",7,"40 to 64","3-5km","bicycle",2.75,0.25,1.16666666666667,1.75
"87253/1000",NA,87253,2508,"60-64 years","male",21,8695,"Work",439.835845947266,439.835845947266,"car",0.583333333333333,26.02,"weekday",1,"40 to 64",">10km","car",26.02,0.583333333333333,4.08333333333333,4.08333333333333
"87253/1000",NA,87253,2508,"60-64 years","male",21,8696,"Work",439.835845947266,439.835845947266,"car",0.75,26.07,"weekday",2,"40 to 64",">10km","car",26.07,0.75,5.25,5.25
"87253/1000",NA,87253,2508,"60-64 years","male",21,8697,"Other",439.835845947266,439.835845947266,"car",0.166666666666667,2.44,"weekday",3,"40 to 64","3-5km","bicycle",2.44,0.221818181818182,1.16666666666667,1.55272727272727
"87253/1000",NA,87253,2508,"60-64 years","male",21,8698,"Other",439.835845947266,439.835845947266,"car",0.166666666666667,2.45,"weekday",4,"40 to 64","3-5km","bicycle",2.45,0.222727272727273,1.16666666666667,1.55909090909091
"87253/1001",NA,87253,2509,"60-64 years","female",21,8699,"Work",471.933685302734,471.933685302734,"car",0.05,1.1,"weekday",1,"40 to 64","1-2km","bicycle",1.1,0.1,0.35,0.7
"87253/1001",NA,87253,2509,"60-64 years","female",21,8700,"Work",471.933685302734,471.933685302734,"car",0.283333333333333,10.69,"weekday",2,"40 to 64",">10km","car",10.69,0.283333333333333,1.98333333333333,1.98333333333333
"87253/1001",NA,87253,2509,"60-64 years","female",21,8701,"Work",471.933685302734,471.933685302734,"car",0.366666666666667,10.97,"weekday",3,"40 to 64",">10km","car",10.97,0.366666666666667,2.56666666666667,2.56666666666667
"87253/1003",NA,87253,2510,"30-34 years","male",21,8702,"Other",890.036010742188,890.036010742188,"car",0.166666666666667,2.44,"weekday",1,"20 to 39","3-5km","bicycle",2.44,0.221818181818182,1.16666666666667,1.55272727272727
"87253/1003",NA,87253,2510,"30-34 years","male",21,8703,"Other",890.036010742188,890.036010742188,"car",0.166666666666667,2.45,"weekday",2,"20 to 39","3-5km","bicycle",2.45,0.222727272727273,1.16666666666667,1.55909090909091
"87253/1003",NA,87253,2510,"30-34 years","male",21,8704,"Work",890.036010742188,890.036010742188,"car",0.416666666666667,14.1,"weekday",3,"20 to 39",">10km","car",14.1,0.416666666666667,2.91666666666667,2.91666666666667
"87253/1003",NA,87253,2510,"30-34 years","male",21,8705,"Work",890.036010742188,890.036010742188,"car",0.333333333333333,13.9,"weekday",4,"20 to 39",">10km","car",13.9,0.333333333333333,2.33333333333333,2.33333333333333
"87254/1000",NA,87254,2511,"50-54 years","female",21,8706,"Work",449.832550048828,449.832550048828,"car",0.333333333333333,6.23,"weekday",1,"40 to 64","6-10km","car",6.23,0.333333333333333,2.33333333333333,2.33333333333333
"87254/1000",NA,87254,2511,"50-54 years","female",21,8707,"Work",449.832550048828,449.832550048828,"car",0.416666666666667,6.22,"weekday",2,"40 to 64","6-10km","car",6.22,0.416666666666667,2.91666666666667,2.91666666666667
"87254/1001",NA,87254,2512,"45-49 years","male",21,8708,"Work",455.289733886719,455.289733886719,"car",0.333333333333333,8.44,"weekday",1,"40 to 64","6-10km","car",8.44,0.333333333333333,2.33333333333333,2.33333333333333
"87254/1001",NA,87254,2512,"45-49 years","male",21,8709,"Work",455.289733886719,455.289733886719,"car",0.333333333333333,8.08,"weekday",2,"40 to 64","6-10km","car",8.08,0.333333333333333,2.33333333333333,2.33333333333333
"87255/1000",NA,87255,2513,"50-54 years","male",21,8710,"Work",549.466125488281,549.466125488281,"car",0.333333333333333,10.91,"weekday",1,"40 to 64",">10km","car",10.91,0.333333333333333,2.33333333333333,2.33333333333333
"87255/1000",NA,87255,2513,"50-54 years","male",21,8711,"Work",549.466125488281,549.466125488281,"car",0.416666666666667,10.93,"weekday",2,"40 to 64",">10km","car",10.93,0.416666666666667,2.91666666666667,2.91666666666667
"87255/1000",NA,87255,2513,"50-54 years","male",21,8712,"Other",549.466125488281,549.466125488281,"car",0.0833333333333333,0.94,"weekday",3,"40 to 64","<1km","bicycle",0.94,0.0854545454545454,0.583333333333333,0.598181818181818
"87255/1000",NA,87255,2513,"50-54 years","male",21,8713,"Other",549.466125488281,549.466125488281,"car",0.166666666666667,0.94,"weekday",4,"40 to 64","<1km","bicycle",0.94,0.0854545454545454,1.16666666666667,0.598181818181818
"87255/1001",NA,87255,2514,"40-44 years","female",21,8714,"Other",647.70849609375,647.70849609375,"car",0.0833333333333333,0.94,"weekday",1,"40 to 64","<1km","bicycle",0.94,0.0854545454545454,0.583333333333333,0.598181818181818
"87255/1001",NA,87255,2514,"40-44 years","female",21,8715,"Work",647.70849609375,647.70849609375,"car",0.233333333333333,3.32,"weekday",2,"40 to 64","3-5km","bicycle",3.32,0.301818181818182,1.63333333333333,2.11272727272727
"87255/1001",NA,87255,2514,"40-44 years","female",21,8716,"Work",647.70849609375,647.70849609375,"car",0.333333333333333,3.71,"weekday",3,"40 to 64","3-5km","bicycle",3.71,0.337272727272727,2.33333333333333,2.36090909090909
"87256/1001",NA,87256,2515,"40-44 years","male",21,8717,"Other",800.032165527344,800.032165527344,"walking",0.133333333333333,0.92,"weekday",1,"40 to 64","<1km","walking",0.92,0.133333333333333,0.933333333333333,0.933333333333333
"87256/1001",NA,87256,2515,"40-44 years","male",21,8718,"Other",800.032165527344,800.032165527344,"walking",0.133333333333333,0.92,"weekday",2,"40 to 64","<1km","walking",0.92,0.133333333333333,0.933333333333333,0.933333333333333
"87258/1000",NA,87258,2516,"60-64 years","female",21,8719,"Work",474.000030517578,474.000030517578,"car",0.166666666666667,5.68,"weekday",1,"40 to 64","6-10km","car",5.68,0.166666666666667,1.16666666666667,1.16666666666667
"87258/1000",NA,87258,2516,"60-64 years","female",21,8720,"Work",474.000030517578,474.000030517578,"walking",0.166666666666667,0.39,"weekday",1,"40 to 64","<1km","walking",0.39,0.166666666666667,1.16666666666667,1.16666666666667
"87258/1000",NA,87258,2516,"60-64 years","female",21,8721,"Work",474.000030517578,474.000030517578,"walking",0.166666666666667,0.39,"weekday",2,"40 to 64","<1km","walking",0.39,0.166666666666667,1.16666666666667,1.16666666666667
"87258/1000",NA,87258,2516,"60-64 years","female",21,8722,"Work",474.000030517578,474.000030517578,"car",0.333333333333333,5.65,"weekday",2,"40 to 64","6-10km","car",5.65,0.333333333333333,2.33333333333333,2.33333333333333
"87259/1000",NA,87259,2517,"40-44 years","male",21,8723,"Work",513.975341796875,513.975341796875,"car",0.25,6.29,"weekday",1,"40 to 64","6-10km","car",6.29,0.25,1.75,1.75
"87259/1000",NA,87259,2517,"40-44 years","male",21,8724,"Work",513.975341796875,513.975341796875,"car",0.25,6.33,"weekday",2,"40 to 64","6-10km","car",6.33,0.25,1.75,1.75
"87260/1001",NA,87260,2518,"40-44 years","male",21,8725,"Shopping",513.975341796875,513.975341796875,"walking",0.166666666666667,0.59,"weekday",1,"40 to 64","<1km","walking",0.59,0.166666666666667,1.16666666666667,1.16666666666667
"87260/1001",NA,87260,2518,"40-44 years","male",21,8726,"Shopping",513.975341796875,513.975341796875,"walking",0.166666666666667,0.59,"weekday",2,"40 to 64","<1km","walking",0.59,0.166666666666667,1.16666666666667,1.16666666666667
"87264/1000",NA,87264,2519,"65-69 years","female",21,8727,"Other",330.075256347656,330.075256347656,"walking",0.15,0.03,"weekday",1,"65 plus","<1km","walking",0.03,0.15,1.05,1.05
"87264/1000",NA,87264,2519,"65-69 years","female",21,8728,"Other",330.075256347656,330.075256347656,"public.transport",0.5,5.81,"weekday",1,"65 plus","6-10km","public.transport",5.81,0.5,3.5,3.5
"87264/1000",NA,87264,2519,"65-69 years","female",21,8729,"Other",330.075256347656,330.075256347656,"walking",0.0833333333333333,0.23,"weekday",1,"65 plus","<1km","walking",0.23,0.0833333333333333,0.583333333333333,0.583333333333333
"87264/1000",NA,87264,2519,"65-69 years","female",21,8730,"Other",330.075256347656,330.075256347656,"walking",0.0833333333333333,0.23,"weekday",2,"65 plus","<1km","walking",0.23,0.0833333333333333,0.583333333333333,0.583333333333333
"87264/1000",NA,87264,2519,"65-69 years","female",21,8731,"Other",330.075256347656,330.075256347656,"public.transport",0.583333333333333,5.81,"weekday",2,"65 plus","6-10km","public.transport",5.81,0.583333333333333,4.08333333333333,4.08333333333333
"87264/1000",NA,87264,2519,"65-69 years","female",21,8732,"Other",330.075256347656,330.075256347656,"walking",0.166666666666667,0.03,"weekday",2,"65 plus","<1km","walking",0.03,0.166666666666667,1.16666666666667,1.16666666666667
"87267/1000",NA,87267,2520,"45-49 years","female",21,8733,"Leisure",544.801513671875,544.801513671875,"walking",0.416666666666667,2.2,"weekday",1,"40 to 64","3-5km","walking",2.2,0.416666666666667,2.91666666666667,2.91666666666667
"87267/1000",NA,87267,2520,"45-49 years","female",21,8734,"Leisure",544.801513671875,544.801513671875,"walking",0.333333333333333,2.2,"weekday",2,"40 to 64","3-5km","walking",2.2,0.333333333333333,2.33333333333333,2.33333333333333
"87268/1000",NA,87268,2521,"25-29 years","male",21,8735,"Work",980.261657714844,980.261657714844,"car",0.333333333333333,20.82,"weekday",1,"20 to 39",">10km","car",20.82,0.333333333333333,2.33333333333333,2.33333333333333
"87268/1000",NA,87268,2521,"25-29 years","male",21,8736,"Work",980.261657714844,980.261657714844,"car",0.333333333333333,20.96,"weekday",2,"20 to 39",">10km","car",20.96,0.333333333333333,2.33333333333333,2.33333333333333
"87268/1000",NA,87268,2521,"25-29 years","male",21,8737,"Work",980.261657714844,980.261657714844,"car",0.333333333333333,20.82,"weekday",3,"20 to 39",">10km","car",20.82,0.333333333333333,2.33333333333333,2.33333333333333
"87268/1000",NA,87268,2521,"25-29 years","male",21,8738,"Work",980.261657714844,980.261657714844,"car",0.333333333333333,20.96,"weekday",4,"20 to 39",">10km","car",20.96,0.333333333333333,2.33333333333333,2.33333333333333
"87268/1001",NA,87268,2522,"25-29 years","male",21,8739,"Work",980.261657714844,980.261657714844,"car",0.166666666666667,2.83,"weekday",1,"20 to 39","3-5km","bicycle",2.83,0.257272727272727,1.16666666666667,1.80090909090909
"87268/1001",NA,87268,2522,"25-29 years","male",21,8740,"Work",980.261657714844,980.261657714844,"car",0.166666666666667,2.82,"weekday",2,"20 to 39","3-5km","bicycle",2.82,0.256363636363636,1.16666666666667,1.79454545454545
"87268/1001",NA,87268,2522,"25-29 years","male",21,8741,"Work",980.261657714844,980.261657714844,"car",0.166666666666667,2.83,"weekday",3,"20 to 39","3-5km","bicycle",2.83,0.257272727272727,1.16666666666667,1.80090909090909
"87268/1001",NA,87268,2522,"25-29 years","male",21,8742,"Work",980.261657714844,980.261657714844,"car",0.166666666666667,2.82,"weekday",4,"20 to 39","3-5km","bicycle",2.82,0.256363636363636,1.16666666666667,1.79454545454545
"87270/1000",NA,87270,2523,"25-29 years","male",21,8743,"Work",1525.83349609375,1525.83349609375,"car",0.5,17.31,"weekday",1,"20 to 39",">10km","car",17.31,0.5,3.5,3.5
"87270/1000",NA,87270,2523,"25-29 years","male",21,8744,"Work",1525.83349609375,1525.83349609375,"car",0.5,17.26,"weekday",2,"20 to 39",">10km","car",17.26,0.5,3.5,3.5
"87270/1001",NA,87270,2524,"25-29 years","male",21,8745,"Shopping",1525.83349609375,1525.83349609375,"car",0.216666666666667,2.8,"weekday",1,"20 to 39","3-5km","bicycle",2.8,0.254545454545455,1.51666666666667,1.78181818181818
"87270/1001",NA,87270,2524,"25-29 years","male",21,8746,"Shopping",1525.83349609375,1525.83349609375,"car",0.25,2.65,"weekday",2,"20 to 39","3-5km","bicycle",2.65,0.240909090909091,1.75,1.68636363636364
"87270/1003",NA,87270,2525,"20-24 years","female",21,8747,"Shopping",1236.85375976562,1236.85375976562,"walking",0.0833333333333333,0.56,"weekday",1,"20 to 39","<1km","walking",0.56,0.0833333333333333,0.583333333333333,0.583333333333333
"87270/1003",NA,87270,2525,"20-24 years","female",21,8748,"Shopping",1236.85375976562,1236.85375976562,"public.transport",0.283333333333333,11.37,"weekday",1,"20 to 39",">10km","public.transport",11.37,0.283333333333333,1.98333333333333,1.98333333333333
"87270/1003",NA,87270,2525,"20-24 years","female",21,8749,"Shopping",1236.85375976562,1236.85375976562,"walking",0.0333333333333333,0.23,"weekday",1,"20 to 39","<1km","walking",0.23,0.0333333333333333,0.233333333333333,0.233333333333333
"87270/1003",NA,87270,2525,"20-24 years","female",21,8750,"Shopping",1236.85375976562,1236.85375976562,"walking",0.05,0.48,"weekday",2,"20 to 39","<1km","walking",0.48,0.05,0.35,0.35
"87270/1003",NA,87270,2525,"20-24 years","female",21,8751,"Shopping",1236.85375976562,1236.85375976562,"public.transport",0.25,12.25,"weekday",2,"20 to 39",">10km","public.transport",12.25,0.25,1.75,1.75
"87270/1003",NA,87270,2525,"20-24 years","female",21,8752,"Shopping",1236.85375976562,1236.85375976562,"walking",0.0333333333333333,0.26,"weekday",2,"20 to 39","<1km","walking",0.26,0.0333333333333333,0.233333333333333,0.233333333333333
"87270/1004",NA,87270,2526,"25-29 years","male",21,8753,"Shopping",1525.83349609375,1525.83349609375,"walking",0.0833333333333333,0.56,"weekday",1,"20 to 39","<1km","walking",0.56,0.0833333333333333,0.583333333333333,0.583333333333333
"87270/1004",NA,87270,2526,"25-29 years","male",21,8754,"Shopping",1525.83349609375,1525.83349609375,"public.transport",0.283333333333333,11.37,"weekday",1,"20 to 39",">10km","public.transport",11.37,0.283333333333333,1.98333333333333,1.98333333333333
"87270/1004",NA,87270,2526,"25-29 years","male",21,8755,"Shopping",1525.83349609375,1525.83349609375,"walking",0.0333333333333333,0.23,"weekday",1,"20 to 39","<1km","walking",0.23,0.0333333333333333,0.233333333333333,0.233333333333333
"87270/1004",NA,87270,2526,"25-29 years","male",21,8756,"Shopping",1525.83349609375,1525.83349609375,"walking",0.05,0.48,"weekday",2,"20 to 39","<1km","walking",0.48,0.05,0.35,0.35
"87270/1004",NA,87270,2526,"25-29 years","male",21,8757,"Shopping",1525.83349609375,1525.83349609375,"public.transport",0.25,12.25,"weekday",2,"20 to 39",">10km","public.transport",12.25,0.25,1.75,1.75
"87270/1004",NA,87270,2526,"25-29 years","male",21,8758,"Shopping",1525.83349609375,1525.83349609375,"walking",0.0333333333333333,0.26,"weekday",2,"20 to 39","<1km","walking",0.26,0.0333333333333333,0.233333333333333,0.233333333333333
"87271/1000",NA,87271,2527,"55-59 years","male",21,8759,"Work",598.893310546875,598.893310546875,"car",0.5,9.39,"weekday",1,"40 to 64","6-10km","car",9.39,0.5,3.5,3.5
"87271/1000",NA,87271,2527,"55-59 years","male",21,8760,"Work",598.893310546875,598.893310546875,"car",0.5,9.41,"weekday",2,"40 to 64","6-10km","car",9.41,0.5,3.5,3.5
"87271/1001",NA,87271,2528,"55-59 years","female",21,8761,"Work",568.320922851562,568.320922851562,"walking",0.0166666666666667,0.2,"weekday",1,"40 to 64","<1km","walking",0.2,0.0166666666666667,0.116666666666667,0.116666666666667
"87271/1001",NA,87271,2528,"55-59 years","female",21,8762,"Work",568.320922851562,568.320922851562,"public.transport",0.416666666666667,12.42,"weekday",1,"40 to 64",">10km","public.transport",12.42,0.416666666666667,2.91666666666667,2.91666666666667
"87271/1001",NA,87271,2528,"55-59 years","female",21,8763,"Work",568.320922851562,568.320922851562,"walking",0.0833333333333333,1.14,"weekday",1,"40 to 64","1-2km","walking",1.14,0.0833333333333333,0.583333333333333,0.583333333333333
"87271/1001",NA,87271,2528,"55-59 years","female",21,8764,"Work",568.320922851562,568.320922851562,"walking",0.0833333333333333,1.14,"weekday",2,"40 to 64","1-2km","walking",1.14,0.0833333333333333,0.583333333333333,0.583333333333333
"87271/1001",NA,87271,2528,"55-59 years","female",21,8765,"Work",568.320922851562,568.320922851562,"public.transport",0.416666666666667,13.06,"weekday",2,"40 to 64",">10km","public.transport",13.06,0.416666666666667,2.91666666666667,2.91666666666667
"87271/1001",NA,87271,2528,"55-59 years","female",21,8766,"Work",568.320922851562,568.320922851562,"walking",0.166666666666667,0.89,"weekday",2,"40 to 64","<1km","walking",0.89,0.166666666666667,1.16666666666667,1.16666666666667
"87271/1002",NA,87271,2529,"15-19 years","female",21,8767,"Education",514.0546875,514.0546875,"walking",0.25,1.02,"weekday",1,"15 to 19","1-2km","walking",1.02,0.25,1.75,1.75
"87271/1002",NA,87271,2529,"15-19 years","female",21,8768,"Education",514.0546875,514.0546875,"public.transport",0.166666666666667,1.3,"weekday",1,"15 to 19","1-2km","public.transport",1.3,0.166666666666667,1.16666666666667,1.16666666666667
"87271/1002",NA,87271,2529,"15-19 years","female",21,8769,"Education",514.0546875,514.0546875,"walking",0.0333333333333333,0.31,"weekday",1,"15 to 19","<1km","walking",0.31,0.0333333333333333,0.233333333333333,0.233333333333333
"87271/1002",NA,87271,2529,"15-19 years","female",21,8770,"Education",514.0546875,514.0546875,"car",0.25,2.31,"weekday",2,"15 to 19","3-5km","bicycle",2.31,0.21,1.75,1.47
"87273/1000",NA,87273,2530,"40-44 years","female",21,8771,"Work",575.516906738281,575.516906738281,"car",0.416666666666667,20.51,"weekday",1,"40 to 64",">10km","car",20.51,0.416666666666667,2.91666666666667,2.91666666666667
"87273/1000",NA,87273,2530,"40-44 years","female",21,8772,"Work",575.516906738281,575.516906738281,"car",0.5,20.51,"weekday",2,"40 to 64",">10km","car",20.51,0.5,3.5,3.5
"87273/1001",NA,87273,2531,"45-49 years","male",21,8773,"Work",490.858123779297,490.858123779297,"car",0.5,16.73,"weekday",1,"40 to 64",">10km","car",16.73,0.5,3.5,3.5
"87273/1001",NA,87273,2531,"45-49 years","male",21,8774,"Work",490.858123779297,490.858123779297,"car",0.5,16.75,"weekday",2,"40 to 64",">10km","car",16.75,0.5,3.5,3.5
"87273/1002",NA,87273,2532,"15-19 years","male",21,8775,"Education",541.848937988281,541.848937988281,"bicycle",0.25,1.83,"weekday",1,"15 to 19","1-2km","bicycle",1.83,0.25,1.75,1.75
"87273/1002",NA,87273,2532,"15-19 years","male",21,8776,"Education",541.848937988281,541.848937988281,"bicycle",0.333333333333333,1.83,"weekday",2,"15 to 19","1-2km","bicycle",1.83,0.333333333333333,2.33333333333333,2.33333333333333
"87273/1003",NA,87273,2533,"15-19 years","male",21,8777,"Education",541.848937988281,541.848937988281,"walking",0.0333333333333333,0.26,"weekday",1,"15 to 19","<1km","walking",0.26,0.0333333333333333,0.233333333333333,0.233333333333333
"87273/1003",NA,87273,2533,"15-19 years","male",21,8778,"Education",541.848937988281,541.848937988281,"public.transport",0.416666666666667,12.16,"weekday",1,"15 to 19",">10km","public.transport",12.16,0.416666666666667,2.91666666666667,2.91666666666667
"87273/1003",NA,87273,2533,"15-19 years","male",21,8779,"Education",541.848937988281,541.848937988281,"walking",0.0333333333333333,0.24,"weekday",1,"15 to 19","<1km","walking",0.24,0.0333333333333333,0.233333333333333,0.233333333333333
"87273/1003",NA,87273,2533,"15-19 years","male",21,8780,"Education",541.848937988281,541.848937988281,"public.transport",0.25,4.72,"weekday",1,"15 to 19","3-5km","public.transport",4.72,0.25,1.75,1.75
"87273/1003",NA,87273,2533,"15-19 years","male",21,8781,"Education",541.848937988281,541.848937988281,"walking",1.16666666666667,0.43,"weekday",1,"15 to 19","<1km","walking",0.43,1.16666666666667,8.16666666666667,8.16666666666667
"87273/1003",NA,87273,2533,"15-19 years","male",21,8782,"Education",541.848937988281,541.848937988281,"walking",0.0833333333333333,0.43,"weekday",2,"15 to 19","<1km","walking",0.43,0.0833333333333333,0.583333333333333,0.583333333333333
"87273/1003",NA,87273,2533,"15-19 years","male",21,8783,"Education",541.848937988281,541.848937988281,"public.transport",0.35,4.3,"weekday",2,"15 to 19","3-5km","public.transport",4.3,0.35,2.45,2.45
"87273/1003",NA,87273,2533,"15-19 years","male",21,8784,"Education",541.848937988281,541.848937988281,"walking",0.0333333333333333,0.24,"weekday",2,"15 to 19","<1km","walking",0.24,0.0333333333333333,0.233333333333333,0.233333333333333
"87273/1003",NA,87273,2533,"15-19 years","male",21,8785,"Education",541.848937988281,541.848937988281,"public.transport",0.383333333333333,11.89,"weekday",2,"15 to 19",">10km","public.transport",11.89,0.383333333333333,2.68333333333333,2.68333333333333
"87273/1003",NA,87273,2533,"15-19 years","male",21,8786,"Education",541.848937988281,541.848937988281,"walking",0.05,0.26,"weekday",2,"15 to 19","<1km","walking",0.26,0.05,0.35,0.35
"87276/1000",NA,87276,2534,"30-34 years","female",21,8787,"Work",666.033386230469,666.033386230469,"walking",0.05,0.17,"weekday",1,"20 to 39","<1km","walking",0.17,0.05,0.35,0.35
"87276/1000",NA,87276,2534,"30-34 years","female",21,8788,"Work",666.033386230469,666.033386230469,"public.transport",0.5,13.04,"weekday",1,"20 to 39",">10km","public.transport",13.04,0.5,3.5,3.5
"87276/1000",NA,87276,2534,"30-34 years","female",21,8789,"Work",666.033386230469,666.033386230469,"walking",0.0666666666666667,0.66,"weekday",1,"20 to 39","<1km","walking",0.66,0.0666666666666667,0.466666666666667,0.466666666666667
"87276/1000",NA,87276,2534,"30-34 years","female",21,8790,"Work",666.033386230469,666.033386230469,"walking",0.0666666666666667,0.66,"weekday",2,"20 to 39","<1km","walking",0.66,0.0666666666666667,0.466666666666667,0.466666666666667
"87276/1000",NA,87276,2534,"30-34 years","female",21,8791,"Work",666.033386230469,666.033386230469,"public.transport",0.333333333333333,12.69,"weekday",2,"20 to 39",">10km","public.transport",12.69,0.333333333333333,2.33333333333333,2.33333333333333
"87276/1000",NA,87276,2534,"30-34 years","female",21,8792,"Work",666.033386230469,666.033386230469,"walking",0.05,0.17,"weekday",2,"20 to 39","<1km","walking",0.17,0.05,0.35,0.35
"87277/1000",NA,87277,2535,"80-84 years","female",21,8793,"Leisure",596.730224609375,596.730224609375,"walking",0.5,2.35,"weekday",1,"65 plus","3-5km","walking",2.35,0.5,3.5,3.5
"87277/1000",NA,87277,2535,"80-84 years","female",21,8794,"Leisure",596.730224609375,596.730224609375,"walking",0.5,2.35,"weekday",2,"65 plus","3-5km","walking",2.35,0.5,3.5,3.5
"87278/1000",NA,87278,2536,"40-44 years","female",21,8795,"Other",575.516906738281,575.516906738281,"car",0.25,5.46,"weekday",1,"40 to 64","6-10km","car",5.46,0.25,1.75,1.75
"87278/1000",NA,87278,2536,"40-44 years","female",21,8796,"Leisure",575.516906738281,575.516906738281,"car",0.25,2.92,"weekday",2,"40 to 64","3-5km","bicycle",2.92,0.265454545454545,1.75,1.85818181818182
"87278/1000",NA,87278,2536,"40-44 years","female",21,8797,"Leisure",575.516906738281,575.516906738281,"car",0.25,4.47,"weekday",3,"40 to 64","3-5km","bicycle",4.47,0.406363636363636,1.75,2.84454545454545
"87278/1000",NA,87278,2536,"40-44 years","female",21,8798,"Other",575.516906738281,575.516906738281,"car",0.25,5.46,"weekday",4,"40 to 64","6-10km","car",5.46,0.25,1.75,1.75
"87278/1000",NA,87278,2536,"40-44 years","female",21,8799,"Other",575.516906738281,575.516906738281,"car",0.25,5.5,"weekday",5,"40 to 64","6-10km","car",5.5,0.25,1.75,1.75
"87280/1000",NA,87280,2537,"30-34 years","female",21,8800,"Other",721.209655761719,721.209655761719,"car",0.25,4.57,"weekday",1,"20 to 39","3-5km","bicycle",4.57,0.415454545454545,1.75,2.90818181818182
"87280/1000",NA,87280,2537,"30-34 years","female",21,8801,"Other",721.209655761719,721.209655761719,"car",0.25,4.59,"weekday",2,"20 to 39","3-5km","bicycle",4.59,0.417272727272727,1.75,2.92090909090909
"87286/1000",NA,87286,2538,"35-39 years","female",21,8802,"Work",108.65584564209,108.65584564209,"car",0.166666666666667,4.67,"weekday",1,"20 to 39","3-5km","bicycle",4.67,0.424545454545455,1.16666666666667,2.97181818181818
"87286/1000",NA,87286,2538,"35-39 years","female",21,8803,"Work",108.65584564209,108.65584564209,"car",0.133333333333333,4.02,"weekday",2,"20 to 39","3-5km","bicycle",4.02,0.365454545454545,0.933333333333333,2.55818181818182
"87286/1000",NA,87286,2538,"35-39 years","female",21,8804,"Other",108.65584564209,108.65584564209,"car",0.15,1.64,"weekday",3,"20 to 39","1-2km","bicycle",1.64,0.149090909090909,1.05,1.04363636363636
"87286/1000",NA,87286,2538,"35-39 years","female",21,8805,"Other",108.65584564209,108.65584564209,"car",0.166666666666667,1.91,"weekday",4,"20 to 39","1-2km","bicycle",1.91,0.173636363636364,1.16666666666667,1.21545454545455
"87286/1000",NA,87286,2538,"35-39 years","female",21,8806,"Shopping",108.65584564209,108.65584564209,"car",0.0833333333333333,1.61,"weekday",5,"20 to 39","1-2km","bicycle",1.61,0.146363636363636,0.583333333333333,1.02454545454545
"87286/1000",NA,87286,2538,"35-39 years","female",21,8807,"Shopping",108.65584564209,108.65584564209,"car",0.1,1.89,"weekday",6,"20 to 39","1-2km","bicycle",1.89,0.171818181818182,0.7,1.20272727272727
"87286/1001",NA,87286,2539,"35-39 years","male",21,8808,"Work",140.393783569336,140.393783569336,"other",0.45,14.93,"weekday",1,"20 to 39",">10km","other",14.93,0.45,3.15,3.15
"87286/1001",NA,87286,2539,"35-39 years","male",21,8809,"Work",140.393783569336,140.393783569336,"other",0.55,14.42,"weekday",2,"20 to 39",">10km","other",14.42,0.55,3.85,3.85
"87288/1000",NA,87288,2540,"30-34 years","male",21,8810,"Other",160.394088745117,160.394088745117,"car",0.333333333333333,8.76,"weekday",1,"20 to 39","6-10km","car",8.76,0.333333333333333,2.33333333333333,2.33333333333333
"87288/1000",NA,87288,2540,"30-34 years","male",21,8811,"Shopping",160.394088745117,160.394088745117,"car",0.25,10.44,"weekday",2,"20 to 39",">10km","car",10.44,0.25,1.75,1.75
"87288/1000",NA,87288,2540,"30-34 years","male",21,8812,"Shopping",160.394088745117,160.394088745117,"car",0.416666666666667,17.19,"weekday",3,"20 to 39",">10km","car",17.19,0.416666666666667,2.91666666666667,2.91666666666667
"87288/1001",NA,87288,2541,"30-34 years","female",21,8813,"Shopping",134.708923339844,134.708923339844,"car",0.883333333333333,16.91,"weekday",1,"20 to 39",">10km","car",16.91,0.883333333333333,6.18333333333333,6.18333333333333
"87288/1001",NA,87288,2541,"30-34 years","female",21,8814,"Shopping",134.708923339844,134.708923339844,"car",0.383333333333333,16.52,"weekday",2,"20 to 39",">10km","car",16.52,0.383333333333333,2.68333333333333,2.68333333333333
"87288/1001",NA,87288,2541,"30-34 years","female",21,8815,"Shopping",134.708923339844,134.708923339844,"car",0.0666666666666667,1.89,"weekday",3,"20 to 39","1-2km","bicycle",1.89,0.171818181818182,0.466666666666667,1.20272727272727
"87290/1000",NA,87290,2542,"70-74 years","male",21,8816,"Shopping",103.645225524902,103.645225524902,"car",0.166666666666667,2.07,"weekday",1,"65 plus","3-5km","bicycle",2.07,0.188181818181818,1.16666666666667,1.31727272727273
"87290/1000",NA,87290,2542,"70-74 years","male",21,8817,"Shopping",103.645225524902,103.645225524902,"car",0.166666666666667,2.37,"weekday",2,"65 plus","3-5km","bicycle",2.37,0.215454545454545,1.16666666666667,1.50818181818182
"87290/1000",NA,87290,2542,"70-74 years","male",21,8818,"Shopping",103.645225524902,103.645225524902,"car",0.75,17.15,"weekday",3,"65 plus",">10km","car",17.15,0.75,5.25,5.25
"87290/1000",NA,87290,2542,"70-74 years","male",21,8819,"Shopping",103.645225524902,103.645225524902,"walking",0.166666666666667,1.1,"weekday",4,"65 plus","1-2km","walking",1.1,0.166666666666667,1.16666666666667,1.16666666666667
"87290/1000",NA,87290,2542,"70-74 years","male",21,8820,"Shopping",103.645225524902,103.645225524902,"walking",0.166666666666667,1.1,"weekday",5,"65 plus","1-2km","walking",1.1,0.166666666666667,1.16666666666667,1.16666666666667
"87290/1000",NA,87290,2542,"70-74 years","male",21,8821,"Shopping",103.645225524902,103.645225524902,"car",0.5,17.03,"weekday",5,"65 plus",">10km","car",17.03,0.5,3.5,3.5
"87290/1001",NA,87290,2543,"70-74 years","female",21,8822,"Other",119.05738067627,119.05738067627,"car",0.25,2.12,"weekday",1,"65 plus","3-5km","bicycle",2.12,0.192727272727273,1.75,1.34909090909091
"87290/1001",NA,87290,2543,"70-74 years","female",21,8823,"Other",119.05738067627,119.05738067627,"car",0.416666666666667,2.39,"weekday",2,"65 plus","3-5km","bicycle",2.39,0.217272727272727,2.91666666666667,1.52090909090909
"87292/1000",NA,87292,2544,"75-79 years","female",21,8824,"Other",98.6386184692383,98.6386184692383,"car",0.166666666666667,5.53,"weekday",1,"65 plus","6-10km","car",5.53,0.166666666666667,1.16666666666667,1.16666666666667
"87292/1000",NA,87292,2544,"75-79 years","female",21,8825,"Other",98.6386184692383,98.6386184692383,"car",0.25,5.64,"weekday",2,"65 plus","6-10km","car",5.64,0.25,1.75,1.75
"87292/1000",NA,87292,2544,"75-79 years","female",21,8826,"Other",98.6386184692383,98.6386184692383,"car",0.0833333333333333,0.76,"weekday",3,"65 plus","<1km","bicycle",0.76,0.0690909090909091,0.583333333333333,0.483636363636364
"87292/1001",NA,87292,2545,"75-79 years","male",21,8827,"Shopping",94.0405426025391,94.0405426025391,"car",0.0833333333333333,1.48,"weekday",1,"65 plus","1-2km","bicycle",1.48,0.134545454545455,0.583333333333333,0.941818181818182
"87292/1001",NA,87292,2545,"75-79 years","male",21,8828,"Shopping",94.0405426025391,94.0405426025391,"car",0.0833333333333333,1.54,"weekday",2,"65 plus","1-2km","bicycle",1.54,0.14,0.583333333333333,0.98
"87295/1000",NA,87295,2546,"75-79 years","female",21,8829,"Shopping",98.6386184692383,98.6386184692383,"car",0.166666666666667,1.45,"weekday",1,"65 plus","1-2km","bicycle",1.45,0.131818181818182,1.16666666666667,0.922727272727273
"87295/1000",NA,87295,2546,"75-79 years","female",21,8830,"Shopping",98.6386184692383,98.6386184692383,"car",0.333333333333333,9.81,"weekday",2,"65 plus","6-10km","car",9.81,0.333333333333333,2.33333333333333,2.33333333333333
"87295/1000",NA,87295,2546,"75-79 years","female",21,8831,"Shopping",98.6386184692383,98.6386184692383,"car",0.5,9.22,"weekday",3,"65 plus","6-10km","car",9.22,0.5,3.5,3.5
"87295/1001",NA,87295,2547,"75-79 years","male",21,8832,"Other",94.0405426025391,94.0405426025391,"car",0.166666666666667,1.45,"weekday",1,"65 plus","1-2km","bicycle",1.45,0.131818181818182,1.16666666666667,0.922727272727273
"87295/1001",NA,87295,2547,"75-79 years","male",21,8833,"Shopping",94.0405426025391,94.0405426025391,"car",0.333333333333333,9.81,"weekday",2,"65 plus","6-10km","car",9.81,0.333333333333333,2.33333333333333,2.33333333333333
"87295/1001",NA,87295,2547,"75-79 years","male",21,8834,"Shopping",94.0405426025391,94.0405426025391,"car",0.5,9.22,"weekday",3,"65 plus","6-10km","car",9.22,0.5,3.5,3.5
"87297/1000",NA,87297,2548,"80-84 years","female",21,8835,"Leisure",129.762084960938,129.762084960938,"car",0.5,12,"weekday",1,"65 plus",">10km","car",12,0.5,3.5,3.5
"87297/1000",NA,87297,2548,"80-84 years","female",21,8836,"Leisure",129.762084960938,129.762084960938,"car",0.5,10.65,"weekday",2,"65 plus",">10km","car",10.65,0.5,3.5,3.5
"87297/1001",NA,87297,2549,"45-49 years","male",21,8837,"Work",146.615966796875,146.615966796875,"car",1,39.42,"weekday",1,"40 to 64",">10km","car",39.42,1,7,7
"87299/1000",NA,87299,2550,"50-54 years","male",21,8838,"Other",215.5634765625,215.5634765625,"car",0.166666666666667,1.54,"weekday",1,"40 to 64","1-2km","bicycle",1.54,0.14,1.16666666666667,0.98
"87299/1000",NA,87299,2550,"50-54 years","male",21,8839,"Work",215.5634765625,215.5634765625,"car",0.0833333333333333,0.62,"weekday",2,"40 to 64","<1km","bicycle",0.62,0.0563636363636364,0.583333333333333,0.394545454545455
"87299/1000",NA,87299,2550,"50-54 years","male",21,8840,"Work",215.5634765625,215.5634765625,"car",1.08333333333333,1.87,"weekday",3,"40 to 64","1-2km","bicycle",1.87,0.17,7.58333333333333,1.19
"87299/1001",NA,87299,2551,"35-39 years","female",21,8841,"Other",126.796051025391,126.796051025391,"car",0.166666666666667,1.54,"weekday",1,"20 to 39","1-2km","bicycle",1.54,0.14,1.16666666666667,0.98
"87299/1001",NA,87299,2551,"35-39 years","female",21,8842,"Work",126.796051025391,126.796051025391,"car",0.0833333333333333,0.62,"weekday",2,"20 to 39","<1km","bicycle",0.62,0.0563636363636364,0.583333333333333,0.394545454545455
"87299/1001",NA,87299,2551,"35-39 years","female",21,8843,"Work",126.796051025391,126.796051025391,"car",0.0833333333333333,1.87,"weekday",3,"20 to 39","1-2km","bicycle",1.87,0.17,0.583333333333333,1.19
"87299/1002",NA,87299,2552,"20-24 years","male",21,8844,"Leisure",233.046676635742,233.046676635742,"car",0.5,9.64,"weekday",1,"20 to 39","6-10km","car",9.64,0.5,3.5,3.5
"87299/1002",NA,87299,2552,"20-24 years","male",21,8845,"Leisure",233.046676635742,233.046676635742,"car",0.25,9.1,"weekday",2,"20 to 39","6-10km","car",9.1,0.25,1.75,1.75
"87299/1002",NA,87299,2552,"20-24 years","male",21,8846,"Education",233.046676635742,233.046676635742,"car",0.5,9.01,"weekday",3,"20 to 39","6-10km","car",9.01,0.5,3.5,3.5
"87299/1002",NA,87299,2552,"20-24 years","male",21,8847,"Education",233.046676635742,233.046676635742,"car",0.5,8.53,"weekday",4,"20 to 39","6-10km","car",8.53,0.5,3.5,3.5
"87301/1000",NA,87301,2553,"45-49 years","male",21,8848,"Work",171.093643188477,171.093643188477,"car",1.5,75.2,"weekday",1,"40 to 64",">10km","car",75.2,1.5,10.5,10.5
"87301/1000",NA,87301,2553,"45-49 years","male",21,8849,"Work",171.093643188477,171.093643188477,"car",1.25,74.87,"weekday",2,"40 to 64",">10km","car",74.87,1.25,8.75,8.75
"87301/1001",NA,87301,2554,"35-39 years","female",21,8850,"Work",126.796051025391,126.796051025391,"car",0.75,26.52,"weekday",1,"20 to 39",">10km","car",26.52,0.75,5.25,5.25
"87301/1001",NA,87301,2554,"35-39 years","female",21,8851,"Work",126.796051025391,126.796051025391,"car",0.75,25.97,"weekday",2,"20 to 39",">10km","car",25.97,0.75,5.25,5.25
"87303/1000",NA,87303,2555,"50-54 years","male",21,8852,"Work",184.723663330078,184.723663330078,"car",0.15,6.56,"weekday",1,"40 to 64","6-10km","car",6.56,0.15,1.05,1.05
"87303/1000",NA,87303,2555,"50-54 years","male",21,8853,"Work",184.723663330078,184.723663330078,"car",0.15,6.24,"weekday",2,"40 to 64","6-10km","car",6.24,0.15,1.05,1.05
"87303/1001",NA,87303,2556,"50-54 years","female",21,8854,"Leisure",146.526428222656,146.526428222656,"car",0.333333333333333,12.6,"weekday",1,"40 to 64",">10km","car",12.6,0.333333333333333,2.33333333333333,2.33333333333333
"87303/1001",NA,87303,2556,"50-54 years","female",21,8855,"Other",146.526428222656,146.526428222656,"car",0.25,6.84,"weekday",2,"40 to 64","6-10km","car",6.84,0.25,1.75,1.75
"87303/1001",NA,87303,2556,"50-54 years","female",21,8856,"Shopping",146.526428222656,146.526428222656,"car",0.2,7.27,"weekday",3,"40 to 64","6-10km","car",7.27,0.2,1.4,1.4
"87303/1001",NA,87303,2556,"50-54 years","female",21,8857,"Shopping",146.526428222656,146.526428222656,"car",0.0833333333333333,2.23,"weekday",4,"40 to 64","3-5km","bicycle",2.23,0.202727272727273,0.583333333333333,1.41909090909091
"87306/1000",NA,87306,2557,"35-39 years","female",21,8858,"Other",126.796051025391,126.796051025391,"car",0.116666666666667,1.94,"weekday",1,"20 to 39","1-2km","bicycle",1.94,0.176363636363636,0.816666666666667,1.23454545454545
"87306/1000",NA,87306,2557,"35-39 years","female",21,8859,"Work",126.796051025391,126.796051025391,"car",0.883333333333333,24.63,"weekday",2,"20 to 39",">10km","car",24.63,0.883333333333333,6.18333333333333,6.18333333333333
"87306/1000",NA,87306,2557,"35-39 years","female",21,8860,"Work",126.796051025391,126.796051025391,"car",0.166666666666667,2.28,"weekday",3,"20 to 39","3-5km","bicycle",2.28,0.207272727272727,1.16666666666667,1.45090909090909
"87306/1000",NA,87306,2557,"35-39 years","female",21,8861,"Leisure",126.796051025391,126.796051025391,"car",0.5,13.49,"weekday",4,"20 to 39",">10km","car",13.49,0.5,3.5,3.5
"87306/1000",NA,87306,2557,"35-39 years","female",21,8862,"Leisure",126.796051025391,126.796051025391,"car",0.333333333333333,16.85,"weekday",5,"20 to 39",">10km","car",16.85,0.333333333333333,2.33333333333333,2.33333333333333
"87306/1001",NA,87306,2558,"35-39 years","male",21,8863,"Work",163.832672119141,163.832672119141,"car",0.25,16.56,"weekday",1,"20 to 39",">10km","car",16.56,0.25,1.75,1.75
"87306/1001",NA,87306,2558,"35-39 years","male",21,8864,"Work",163.832672119141,163.832672119141,"car",0.75,15.51,"weekday",2,"20 to 39",">10km","car",15.51,0.75,5.25,5.25
"87307/1000",NA,87307,2559,"55-59 years","male",21,8865,"Work",159.136917114258,159.136917114258,"car",0.333333333333333,9.44,"weekday",1,"40 to 64","6-10km","car",9.44,0.333333333333333,2.33333333333333,2.33333333333333
"87307/1000",NA,87307,2559,"55-59 years","male",21,8866,"Work",159.136917114258,159.136917114258,"car",0.333333333333333,9.14,"weekday",2,"40 to 64","6-10km","car",9.14,0.333333333333333,2.33333333333333,2.33333333333333
"87307/1001",NA,87307,2560,"25-29 years","female",21,8867,"Leisure",242.946258544922,242.946258544922,"walking",0.3,1.04,"weekday",1,"20 to 39","1-2km","walking",1.04,0.3,2.1,2.1
"87307/1001",NA,87307,2560,"25-29 years","female",21,8868,"Leisure",242.946258544922,242.946258544922,"public.transport",0.383333333333333,19.13,"weekday",1,"20 to 39",">10km","public.transport",19.13,0.383333333333333,2.68333333333333,2.68333333333333
"87307/1001",NA,87307,2560,"25-29 years","female",21,8869,"Leisure",242.946258544922,242.946258544922,"walking",0.333333333333333,0.59,"weekday",1,"20 to 39","<1km","walking",0.59,0.333333333333333,2.33333333333333,2.33333333333333
"87307/1001",NA,87307,2560,"25-29 years","female",21,8870,"Leisure",242.946258544922,242.946258544922,"public.transport",1.15,3.43,"weekday",1,"20 to 39","3-5km","public.transport",3.43,1.15,8.05,8.05
"87307/1001",NA,87307,2560,"25-29 years","female",21,8871,"Leisure",242.946258544922,242.946258544922,"walking",0.883333333333333,1.17,"weekday",2,"20 to 39","1-2km","walking",1.17,0.883333333333333,6.18333333333333,6.18333333333333
"87307/1001",NA,87307,2560,"25-29 years","female",21,8872,"Leisure",242.946258544922,242.946258544922,"public.transport",0.75,23.59,"weekday",2,"20 to 39",">10km","public.transport",23.59,0.75,5.25,5.25
"87307/1001",NA,87307,2560,"25-29 years","female",21,8873,"Leisure",242.946258544922,242.946258544922,"walking",0.25,1.04,"weekday",2,"20 to 39","1-2km","walking",1.04,0.25,1.75,1.75
"87308/1000",NA,87308,2561,"80-84 years","female",21,8874,"Other",115.143058776855,115.143058776855,"car",0.0333333333333333,1.12,"weekday",1,"65 plus","1-2km","bicycle",1.12,0.101818181818182,0.233333333333333,0.712727272727273
"87308/1000",NA,87308,2561,"80-84 years","female",21,8875,"Other",115.143058776855,115.143058776855,"car",0.0333333333333333,1.67,"weekday",2,"65 plus","1-2km","bicycle",1.67,0.151818181818182,0.233333333333333,1.06272727272727
"87310/1000",NA,87310,2562,"55-59 years","male",21,8876,"Shopping",136.198272705078,136.198272705078,"car",0.0833333333333333,4.62,"weekday",1,"40 to 64","3-5km","bicycle",4.62,0.42,0.583333333333333,2.94
"87310/1000",NA,87310,2562,"55-59 years","male",21,8877,"Shopping",136.198272705078,136.198272705078,"car",0.0833333333333333,4.52,"weekday",2,"40 to 64","3-5km","bicycle",4.52,0.410909090909091,0.583333333333333,2.87636363636364
"87310/1000",NA,87310,2562,"55-59 years","male",21,8878,"Other",136.198272705078,136.198272705078,"car",0.166666666666667,5.27,"weekday",3,"40 to 64","6-10km","car",5.27,0.166666666666667,1.16666666666667,1.16666666666667
"87310/1000",NA,87310,2562,"55-59 years","male",21,8879,"Other",136.198272705078,136.198272705078,"car",0.216666666666667,5.28,"weekday",4,"40 to 64","6-10km","car",5.28,0.216666666666667,1.51666666666667,1.51666666666667
"87310/1001",NA,87310,2563,"50-54 years","female",21,8880,"Work",120.97093963623,120.97093963623,"car",0.183333333333333,2.55,"weekday",1,"40 to 64","3-5km","bicycle",2.55,0.231818181818182,1.28333333333333,1.62272727272727
"87310/1001",NA,87310,2563,"50-54 years","female",21,8881,"Work",120.97093963623,120.97093963623,"public.transport",0.75,27.96,"weekday",1,"40 to 64",">10km","public.transport",27.96,0.75,5.25,5.25
"87310/1001",NA,87310,2563,"50-54 years","female",21,8882,"Work",120.97093963623,120.97093963623,"walking",0.166666666666667,0.17,"weekday",1,"40 to 64","<1km","walking",0.17,0.166666666666667,1.16666666666667,1.16666666666667
"87310/1001",NA,87310,2563,"50-54 years","female",21,8883,"Work",120.97093963623,120.97093963623,"walking",0.166666666666667,0.17,"weekday",2,"40 to 64","<1km","walking",0.17,0.166666666666667,1.16666666666667,1.16666666666667
"87310/1001",NA,87310,2563,"50-54 years","female",21,8884,"Work",120.97093963623,120.97093963623,"public.transport",0.616666666666667,25.26,"weekday",2,"40 to 64",">10km","public.transport",25.26,0.616666666666667,4.31666666666667,4.31666666666667
"87310/1001",NA,87310,2563,"50-54 years","female",21,8885,"Work",120.97093963623,120.97093963623,"car",0.216666666666667,5.28,"weekday",2,"40 to 64","6-10km","car",5.28,0.216666666666667,1.51666666666667,1.51666666666667
"87311/1001",NA,87311,2565,"50-54 years","female",21,8887,"Work",120.97093963623,120.97093963623,"car",1.66666666666667,85.76,"weekday",1,"40 to 64",">10km","car",85.76,1.66666666666667,11.6666666666667,11.6666666666667
"87311/1001",NA,87311,2565,"50-54 years","female",21,8888,"Work",120.97093963623,120.97093963623,"car",0.916666666666667,85.32,"weekday",2,"40 to 64",">10km","car",85.32,0.916666666666667,6.41666666666667,6.41666666666667
"87312/1000",NA,87312,2566,"80-84 years","male",21,8889,"Leisure",125.668037414551,125.668037414551,"car",0.25,6.18,"weekday",1,"65 plus","6-10km","car",6.18,0.25,1.75,1.75
"87312/1000",NA,87312,2566,"80-84 years","male",21,8890,"Leisure",125.668037414551,125.668037414551,"car",0.25,6.21,"weekday",2,"65 plus","6-10km","car",6.21,0.25,1.75,1.75
"87312/1001",NA,87312,2567,"65-69 years","female",21,8891,"Other",189.425354003906,189.425354003906,"car",0.166666666666667,9.11,"weekday",1,"65 plus","6-10km","car",9.11,0.166666666666667,1.16666666666667,1.16666666666667
"87312/1001",NA,87312,2567,"65-69 years","female",21,8892,"Work",189.425354003906,189.425354003906,"car",0.5,13.46,"weekday",2,"65 plus",">10km","car",13.46,0.5,3.5,3.5
"87312/1001",NA,87312,2567,"65-69 years","female",21,8893,"Work",189.425354003906,189.425354003906,"car",0.25,4.85,"weekday",3,"65 plus","3-5km","bicycle",4.85,0.440909090909091,1.75,3.08636363636364
"87312/1001",NA,87312,2567,"65-69 years","female",21,8894,"Work",189.425354003906,189.425354003906,"car",0.25,5.08,"weekday",4,"65 plus","6-10km","car",5.08,0.25,1.75,1.75
"87312/1001",NA,87312,2567,"65-69 years","female",21,8895,"Work",189.425354003906,189.425354003906,"car",0.25,6.35,"weekday",5,"65 plus","6-10km","car",6.35,0.25,1.75,1.75
"87312/1002",NA,87312,2568,"35-39 years","male",21,8896,"Other",217.276641845703,217.276641845703,"car",0.166666666666667,9.11,"weekday",1,"20 to 39","6-10km","car",9.11,0.166666666666667,1.16666666666667,1.16666666666667
"87312/1002",NA,87312,2568,"35-39 years","male",21,8897,"Other",217.276641845703,217.276641845703,"car",0.333333333333333,9.54,"weekday",2,"20 to 39","6-10km","car",9.54,0.333333333333333,2.33333333333333,2.33333333333333
"87312/1002",NA,87312,2568,"35-39 years","male",21,8898,"Leisure",217.276641845703,217.276641845703,"walking",0.5,1.04,"weekday",3,"20 to 39","1-2km","walking",1.04,0.5,3.5,3.5
"87312/1002",NA,87312,2568,"35-39 years","male",21,8899,"Leisure",217.276641845703,217.276641845703,"walking",0.75,1.04,"weekday",4,"20 to 39","1-2km","walking",1.04,0.75,5.25,5.25
"87313/1000",NA,87313,2569,"50-54 years","male",21,8900,"Work",117.728157043457,117.728157043457,"car",1.16666666666667,57.93,"weekday",1,"40 to 64",">10km","car",57.93,1.16666666666667,8.16666666666667,8.16666666666667
"87313/1000",NA,87313,2569,"50-54 years","male",21,8901,"Work",117.728157043457,117.728157043457,"car",0.75,57.72,"weekday",2,"40 to 64",">10km","car",57.72,0.75,5.25,5.25
"87313/1000",NA,87313,2569,"50-54 years","male",21,8902,"Other",117.728157043457,117.728157043457,"car",0.75,30.49,"weekday",3,"40 to 64",">10km","car",30.49,0.75,5.25,5.25
"87313/1000",NA,87313,2569,"50-54 years","male",21,8903,"Other",117.728157043457,117.728157043457,"car",0.666666666666667,29.57,"weekday",4,"40 to 64",">10km","car",29.57,0.666666666666667,4.66666666666667,4.66666666666667
"87313/1000",NA,87313,2569,"50-54 years","male",21,8904,"Other",117.728157043457,117.728157043457,"car",0.416666666666667,11.26,"weekday",5,"40 to 64",">10km","car",11.26,0.416666666666667,2.91666666666667,2.91666666666667
"87313/1000",NA,87313,2569,"50-54 years","male",21,8905,"Other",117.728157043457,117.728157043457,"car",0.25,8.27,"weekday",6,"40 to 64","6-10km","car",8.27,0.25,1.75,1.75
"87313/1001",NA,87313,2570,"50-54 years","female",21,8906,"Work",120.97093963623,120.97093963623,"car",0.75,30.49,"weekday",1,"40 to 64",">10km","car",30.49,0.75,5.25,5.25
"87313/1001",NA,87313,2570,"50-54 years","female",21,8907,"Work",120.97093963623,120.97093963623,"car",0.916666666666667,31.09,"weekday",2,"40 to 64",">10km","car",31.09,0.916666666666667,6.41666666666667,6.41666666666667
"87316/1000",NA,87316,2571,"45-49 years","female",21,8908,"Other",368.072875976562,368.072875976562,"car",0.166666666666667,5.21,"weekday",1,"40 to 64","6-10km","car",5.21,0.166666666666667,1.16666666666667,1.16666666666667
"87316/1000",NA,87316,2571,"45-49 years","female",21,8909,"Other",368.072875976562,368.072875976562,"car",0.316666666666667,5.04,"weekday",2,"40 to 64","6-10km","car",5.04,0.316666666666667,2.21666666666667,2.21666666666667
"87316/1000",NA,87316,2571,"45-49 years","female",21,8910,"Education",368.072875976562,368.072875976562,"car",0.166666666666667,6.86,"weekday",3,"40 to 64","6-10km","car",6.86,0.166666666666667,1.16666666666667,1.16666666666667
"87316/1000",NA,87316,2571,"45-49 years","female",21,8911,"Other",368.072875976562,368.072875976562,"car",0.5,7.79,"weekday",4,"40 to 64","6-10km","car",7.79,0.5,3.5,3.5
"87316/1000",NA,87316,2571,"45-49 years","female",21,8912,"Other",368.072875976562,368.072875976562,"car",0.25,8.45,"weekday",5,"40 to 64","6-10km","car",8.45,0.25,1.75,1.75
"87316/1000",NA,87316,2571,"45-49 years","female",21,8913,"Other",368.072875976562,368.072875976562,"car",0.166666666666667,5.21,"weekday",6,"40 to 64","6-10km","car",5.21,0.166666666666667,1.16666666666667,1.16666666666667
"87316/1000",NA,87316,2571,"45-49 years","female",21,8914,"Other",368.072875976562,368.072875976562,"car",0.166666666666667,4.31,"weekday",7,"40 to 64","3-5km","bicycle",4.31,0.391818181818182,1.16666666666667,2.74272727272727
"87316/1000",NA,87316,2571,"45-49 years","female",21,8915,"Other",368.072875976562,368.072875976562,"car",0.25,15.15,"weekday",8,"40 to 64",">10km","car",15.15,0.25,1.75,1.75
"87316/1000",NA,87316,2571,"45-49 years","female",21,8916,"Other",368.072875976562,368.072875976562,"car",0.333333333333333,15.52,"weekday",9,"40 to 64",">10km","car",15.52,0.333333333333333,2.33333333333333,2.33333333333333
"87316/1001",NA,87316,2572,"50-54 years","male",21,8917,"Work",249.704925537109,249.704925537109,"car",0.416666666666667,29.53,"weekday",1,"40 to 64",">10km","car",29.53,0.416666666666667,2.91666666666667,2.91666666666667
"87316/1001",NA,87316,2572,"50-54 years","male",21,8918,"Work",249.704925537109,249.704925537109,"car",0.75,28.54,"weekday",2,"40 to 64",">10km","car",28.54,0.75,5.25,5.25
"87316/1002",NA,87316,2573,"20-24 years","female",21,8919,"Work",305.028106689453,305.028106689453,"car",0.166666666666667,5.21,"weekday",1,"20 to 39","6-10km","car",5.21,0.166666666666667,1.16666666666667,1.16666666666667
"87316/1002",NA,87316,2573,"20-24 years","female",21,8920,"Work",305.028106689453,305.028106689453,"car",0.166666666666667,4.31,"weekday",2,"20 to 39","3-5km","bicycle",4.31,0.391818181818182,1.16666666666667,2.74272727272727
"87316/1003",NA,87316,2574,"15-19 years","female",21,8921,"Other",282.893920898438,282.893920898438,"car",0.166666666666667,5.21,"weekday",1,"15 to 19","6-10km","car",5.21,0.166666666666667,1.16666666666667,1.16666666666667
"87316/1003",NA,87316,2574,"15-19 years","female",21,8922,"Work",282.893920898438,282.893920898438,"car",0.316666666666667,5.04,"weekday",2,"15 to 19","6-10km","car",5.04,0.316666666666667,2.21666666666667,2.21666666666667
"87316/1003",NA,87316,2574,"15-19 years","female",21,8923,"Work",282.893920898438,282.893920898438,"car",0.25,8.45,"weekday",3,"15 to 19","6-10km","car",8.45,0.25,1.75,1.75
"87316/1003",NA,87316,2574,"15-19 years","female",21,8924,"Leisure",282.893920898438,282.893920898438,"car",0.25,15.15,"weekday",4,"15 to 19",">10km","car",15.15,0.25,1.75,1.75
"87316/1003",NA,87316,2574,"15-19 years","female",21,8925,"Leisure",282.893920898438,282.893920898438,"car",0.333333333333333,15.52,"weekday",5,"15 to 19",">10km","car",15.52,0.333333333333333,2.33333333333333,2.33333333333333
"87316/1005",NA,87316,2575,"20-24 years","male",21,8926,"Work",288.192535400391,288.192535400391,"car",0.0833333333333333,2.31,"weekday",1,"20 to 39","3-5km","bicycle",2.31,0.21,0.583333333333333,1.47
"87316/1005",NA,87316,2575,"20-24 years","male",21,8927,"Work",288.192535400391,288.192535400391,"car",0.166666666666667,2.38,"weekday",2,"20 to 39","3-5km","bicycle",2.38,0.216363636363636,1.16666666666667,1.51454545454545
"87317/1000",NA,87317,2576,"65-69 years","female",21,8928,"Other",129.623992919922,129.623992919922,"car",0.25,2.97,"weekday",1,"65 plus","3-5km","bicycle",2.97,0.27,1.75,1.89
"87317/1000",NA,87317,2576,"65-69 years","female",21,8929,"Shopping",129.623992919922,129.623992919922,"car",0.166666666666667,1,"weekday",2,"65 plus","1-2km","bicycle",1,0.0909090909090909,1.16666666666667,0.636363636363636
"87317/1000",NA,87317,2576,"65-69 years","female",21,8931,"Leisure",129.623992919922,129.623992919922,"car",0.166666666666667,3.2,"weekday",4,"65 plus","3-5km","bicycle",3.2,0.290909090909091,1.16666666666667,2.03636363636364
"87318/1000",NA,87318,2577,"30-34 years","female",21,8932,"Other",279.047119140625,279.047119140625,"car",0.166666666666667,4.05,"weekday",1,"20 to 39","3-5km","bicycle",4.05,0.368181818181818,1.16666666666667,2.57727272727273
"87318/1000",NA,87318,2577,"30-34 years","female",21,8933,"Shopping",279.047119140625,279.047119140625,"car",0.0833333333333333,1.9,"weekday",2,"20 to 39","1-2km","bicycle",1.9,0.172727272727273,0.583333333333333,1.20909090909091
"87318/1000",NA,87318,2577,"30-34 years","female",21,8934,"Shopping",279.047119140625,279.047119140625,"car",0.166666666666667,3.38,"weekday",3,"20 to 39","3-5km","bicycle",3.38,0.307272727272727,1.16666666666667,2.15090909090909
"87318/1000",NA,87318,2577,"30-34 years","female",21,8935,"Other",279.047119140625,279.047119140625,"car",0.333333333333333,6.5,"weekday",4,"20 to 39","6-10km","car",6.5,0.333333333333333,2.33333333333333,2.33333333333333
"87318/1000",NA,87318,2577,"30-34 years","female",21,8936,"Work",279.047119140625,279.047119140625,"car",0.5,25.3,"weekday",5,"20 to 39",">10km","car",25.3,0.5,3.5,3.5
"87318/1000",NA,87318,2577,"30-34 years","female",21,8937,"Shopping",279.047119140625,279.047119140625,"car",0.5,20.67,"weekday",6,"20 to 39",">10km","car",20.67,0.5,3.5,3.5
"87318/1000",NA,87318,2577,"30-34 years","female",21,8938,"Other",279.047119140625,279.047119140625,"car",0.25,4.92,"weekday",7,"20 to 39","3-5km","bicycle",4.92,0.447272727272727,1.75,3.13090909090909
"87318/1000",NA,87318,2577,"30-34 years","female",21,8939,"Other",279.047119140625,279.047119140625,"car",0.333333333333333,6.46,"weekday",8,"20 to 39","6-10km","car",6.46,0.333333333333333,2.33333333333333,2.33333333333333
"87318/1001",NA,87318,2578,"40-44 years","male",21,8940,"Work",309.189117431641,309.189117431641,"car",0.5,18.33,"weekday",1,"40 to 64",">10km","car",18.33,0.5,3.5,3.5
"87318/1001",NA,87318,2578,"40-44 years","male",21,8941,"Leisure",309.189117431641,309.189117431641,"car",0.75,14.78,"weekday",2,"40 to 64",">10km","car",14.78,0.75,5.25,5.25
"87318/1001",NA,87318,2578,"40-44 years","male",21,8942,"Work",309.189117431641,309.189117431641,"car",0.5,25.3,"weekday",3,"40 to 64",">10km","car",25.3,0.5,3.5,3.5
"87318/1001",NA,87318,2578,"40-44 years","male",21,8943,"Shopping",309.189117431641,309.189117431641,"car",0.5,20.67,"weekday",4,"40 to 64",">10km","car",20.67,0.5,3.5,3.5
"87318/1001",NA,87318,2578,"40-44 years","male",21,8944,"Other",309.189117431641,309.189117431641,"car",0.25,4.92,"weekday",5,"40 to 64","3-5km","bicycle",4.92,0.447272727272727,1.75,3.13090909090909
"87318/1001",NA,87318,2578,"40-44 years","male",21,8945,"Other",309.189117431641,309.189117431641,"car",0.25,6.46,"weekday",6,"40 to 64","6-10km","car",6.46,0.25,1.75,1.75
"87320/1000",NA,87320,2579,"55-59 years","male",21,8946,"Work",199.032653808594,199.032653808594,"car",0.75,28.62,"weekday",1,"40 to 64",">10km","car",28.62,0.75,5.25,5.25
"87320/1000",NA,87320,2579,"55-59 years","male",21,8947,"Work",199.032653808594,199.032653808594,"car",1.08333333333333,29.22,"weekday",2,"40 to 64",">10km","car",29.22,1.08333333333333,7.58333333333333,7.58333333333333
"87320/1001",NA,87320,2580,"55-59 years","female",21,8948,"Work",181.938278198242,181.938278198242,"car",0.583333333333333,12.94,"weekday",1,"40 to 64",">10km","car",12.94,0.583333333333333,4.08333333333333,4.08333333333333
"87320/1001",NA,87320,2580,"55-59 years","female",21,8949,"Work",181.938278198242,181.938278198242,"car",0.5,13.49,"weekday",2,"40 to 64",">10km","car",13.49,0.5,3.5,3.5
"87320/1002",NA,87320,2581,"20-24 years","male",21,8950,"Work",198.558609008789,198.558609008789,"car",0.416666666666667,11.04,"weekday",1,"20 to 39",">10km","car",11.04,0.416666666666667,2.91666666666667,2.91666666666667
"87320/1002",NA,87320,2581,"20-24 years","male",21,8951,"Work",198.558609008789,198.558609008789,"car",0.5,11.26,"weekday",2,"20 to 39",">10km","car",11.26,0.5,3.5,3.5
"87323/1000",NA,87323,2582,"35-39 years","male",21,8952,"Work",148.682647705078,148.682647705078,"car",0.75,24.78,"weekday",1,"20 to 39",">10km","car",24.78,0.75,5.25,5.25
"87323/1000",NA,87323,2582,"35-39 years","male",21,8953,"Work",148.682647705078,148.682647705078,"car",1,25.04,"weekday",2,"20 to 39",">10km","car",25.04,1,7,7
"87326/1000",NA,87326,2583,"65-69 years","female",21,8954,"Shopping",129.623992919922,129.623992919922,"car",0.166666666666667,3.37,"weekday",1,"65 plus","3-5km","bicycle",3.37,0.306363636363636,1.16666666666667,2.14454545454545
"87326/1000",NA,87326,2583,"65-69 years","female",21,8955,"Shopping",129.623992919922,129.623992919922,"car",0.233333333333333,3.38,"weekday",2,"65 plus","3-5km","bicycle",3.38,0.307272727272727,1.63333333333333,2.15090909090909
"87326/1000",NA,87326,2583,"65-69 years","female",21,8956,"Leisure",129.623992919922,129.623992919922,"car",0.75,42.76,"weekday",3,"65 plus",">10km","car",42.76,0.75,5.25,5.25
"87326/1000",NA,87326,2583,"65-69 years","female",21,8957,"Other",129.623992919922,129.623992919922,"car",0.766666666666667,37.13,"weekday",4,"65 plus",">10km","car",37.13,0.766666666666667,5.36666666666667,5.36666666666667
"87326/1000",NA,87326,2583,"65-69 years","female",21,8958,"Other",129.623992919922,129.623992919922,"car",0.483333333333333,7.74,"weekday",5,"65 plus","6-10km","car",7.74,0.483333333333333,3.38333333333333,3.38333333333333
"87326/1000",NA,87326,2583,"65-69 years","female",21,8959,"Other",129.623992919922,129.623992919922,"car",0.683333333333333,23.39,"weekday",6,"65 plus",">10km","car",23.39,0.683333333333333,4.78333333333333,4.78333333333333
"87326/1000",NA,87326,2583,"65-69 years","female",21,8960,"Other",129.623992919922,129.623992919922,"car",0.333333333333333,24.6,"weekday",7,"65 plus",">10km","car",24.6,0.333333333333333,2.33333333333333,2.33333333333333
"87326/1001",NA,87326,2584,"65-69 years","male",21,8961,"Shopping",136.799423217773,136.799423217773,"car",0.166666666666667,3.37,"weekday",1,"65 plus","3-5km","bicycle",3.37,0.306363636363636,1.16666666666667,2.14454545454545
"87326/1001",NA,87326,2584,"65-69 years","male",21,8962,"Shopping",136.799423217773,136.799423217773,"car",0.233333333333333,3.38,"weekday",2,"65 plus","3-5km","bicycle",3.38,0.307272727272727,1.63333333333333,2.15090909090909
"87326/1001",NA,87326,2584,"65-69 years","male",21,8963,"Leisure",136.799423217773,136.799423217773,"car",0.75,42.76,"weekday",3,"65 plus",">10km","car",42.76,0.75,5.25,5.25
"87326/1001",NA,87326,2584,"65-69 years","male",21,8964,"Other",136.799423217773,136.799423217773,"car",0.766666666666667,37.13,"weekday",4,"65 plus",">10km","car",37.13,0.766666666666667,5.36666666666667,5.36666666666667
"87326/1001",NA,87326,2584,"65-69 years","male",21,8965,"Other",136.799423217773,136.799423217773,"car",0.483333333333333,7.74,"weekday",5,"65 plus","6-10km","car",7.74,0.483333333333333,3.38333333333333,3.38333333333333
"87326/1001",NA,87326,2584,"65-69 years","male",21,8966,"Other",136.799423217773,136.799423217773,"car",0.683333333333333,23.39,"weekday",6,"65 plus",">10km","car",23.39,0.683333333333333,4.78333333333333,4.78333333333333
"87326/1001",NA,87326,2584,"65-69 years","male",21,8967,"Other",136.799423217773,136.799423217773,"car",0.333333333333333,24.6,"weekday",7,"65 plus",">10km","car",24.6,0.333333333333333,2.33333333333333,2.33333333333333
"87330/1000",NA,87330,2585,"70-74 years","female",21,8968,"Other",148.091735839844,148.091735839844,"car",0.166666666666667,6.68,"weekday",1,"65 plus","6-10km","car",6.68,0.166666666666667,1.16666666666667,1.16666666666667
"87330/1000",NA,87330,2585,"70-74 years","female",21,8969,"Other",148.091735839844,148.091735839844,"car",0.166666666666667,6.73,"weekday",2,"65 plus","6-10km","car",6.73,0.166666666666667,1.16666666666667,1.16666666666667
"87330/1000",NA,87330,2585,"70-74 years","female",21,8970,"Shopping",148.091735839844,148.091735839844,"car",0.0833333333333333,3.29,"weekday",3,"65 plus","3-5km","bicycle",3.29,0.299090909090909,0.583333333333333,2.09363636363636
"87330/1000",NA,87330,2585,"70-74 years","female",21,8971,"Shopping",148.091735839844,148.091735839844,"car",0.166666666666667,3.3,"weekday",4,"65 plus","3-5km","bicycle",3.3,0.3,1.16666666666667,2.1
"87330/1000",NA,87330,2585,"70-74 years","female",21,8972,"Other",148.091735839844,148.091735839844,"car",0.166666666666667,7.76,"weekday",5,"65 plus","6-10km","car",7.76,0.166666666666667,1.16666666666667,1.16666666666667
"87330/1000",NA,87330,2585,"70-74 years","female",21,8973,"Shopping",148.091735839844,148.091735839844,"car",0.0833333333333333,0.91,"weekday",6,"65 plus","<1km","bicycle",0.91,0.0827272727272727,0.583333333333333,0.579090909090909
"87330/1000",NA,87330,2585,"70-74 years","female",21,8974,"Shopping",148.091735839844,148.091735839844,"car",0.0833333333333333,7.73,"weekday",7,"65 plus","6-10km","car",7.73,0.0833333333333333,0.583333333333333,0.583333333333333
"87330/1000",NA,87330,2585,"70-74 years","female",21,8975,"Other",148.091735839844,148.091735839844,"car",0.166666666666667,7.76,"weekday",8,"65 plus","6-10km","car",7.76,0.166666666666667,1.16666666666667,1.16666666666667
"87330/1000",NA,87330,2585,"70-74 years","female",21,8976,"Other",148.091735839844,148.091735839844,"car",0.166666666666667,7.72,"weekday",9,"65 plus","6-10km","car",7.72,0.166666666666667,1.16666666666667,1.16666666666667
"87330/1001",NA,87330,2586,"70-74 years","male",21,8977,"Other",123.979629516602,123.979629516602,"car",0.166666666666667,6.68,"weekday",1,"65 plus","6-10km","car",6.68,0.166666666666667,1.16666666666667,1.16666666666667
"87330/1001",NA,87330,2586,"70-74 years","male",21,8978,"Other",123.979629516602,123.979629516602,"car",0.166666666666667,6.73,"weekday",2,"65 plus","6-10km","car",6.73,0.166666666666667,1.16666666666667,1.16666666666667
"87330/1001",NA,87330,2586,"70-74 years","male",21,8979,"Shopping",123.979629516602,123.979629516602,"car",0.0833333333333333,3.29,"weekday",3,"65 plus","3-5km","bicycle",3.29,0.299090909090909,0.583333333333333,2.09363636363636
"87330/1001",NA,87330,2586,"70-74 years","male",21,8980,"Shopping",123.979629516602,123.979629516602,"car",0.166666666666667,3.3,"weekday",4,"65 plus","3-5km","bicycle",3.3,0.3,1.16666666666667,2.1
"87330/1001",NA,87330,2586,"70-74 years","male",21,8981,"Other",123.979629516602,123.979629516602,"car",0.166666666666667,7.76,"weekday",5,"65 plus","6-10km","car",7.76,0.166666666666667,1.16666666666667,1.16666666666667
"87330/1001",NA,87330,2586,"70-74 years","male",21,8982,"Other",123.979629516602,123.979629516602,"car",0.166666666666667,7.72,"weekday",6,"65 plus","6-10km","car",7.72,0.166666666666667,1.16666666666667,1.16666666666667
"87331/1000",NA,87331,2587,"60-64 years","male",21,8983,"Other",252.12272644043,252.12272644043,"car",0.333333333333333,7.51,"weekday",1,"40 to 64","6-10km","car",7.51,0.333333333333333,2.33333333333333,2.33333333333333
"87331/1000",NA,87331,2587,"60-64 years","male",21,8984,"Shopping",252.12272644043,252.12272644043,"car",0.333333333333333,5.92,"weekday",2,"40 to 64","6-10km","car",5.92,0.333333333333333,2.33333333333333,2.33333333333333
"87331/1000",NA,87331,2587,"60-64 years","male",21,8985,"Shopping",252.12272644043,252.12272644043,"car",0.25,3.12,"weekday",3,"40 to 64","3-5km","bicycle",3.12,0.283636363636364,1.75,1.98545454545455
"87331/1001",NA,87331,2588,"55-59 years","female",21,8986,"Other",217.49284362793,217.49284362793,"car",0.25,2.58,"weekday",1,"40 to 64","3-5km","bicycle",2.58,0.234545454545455,1.75,1.64181818181818
"87331/1001",NA,87331,2588,"55-59 years","female",21,8987,"Shopping",217.49284362793,217.49284362793,"car",0.0833333333333333,0.95,"weekday",2,"40 to 64","<1km","bicycle",0.95,0.0863636363636364,0.583333333333333,0.604545454545454
"87331/1001",NA,87331,2588,"55-59 years","female",21,8988,"Shopping",217.49284362793,217.49284362793,"car",0.25,2.86,"weekday",3,"40 to 64","3-5km","bicycle",2.86,0.26,1.75,1.82
"87331/1001",NA,87331,2588,"55-59 years","female",21,8989,"Work",217.49284362793,217.49284362793,"car",0.716666666666667,37.45,"weekday",4,"40 to 64",">10km","car",37.45,0.716666666666667,5.01666666666667,5.01666666666667
"87331/1001",NA,87331,2588,"55-59 years","female",21,8990,"Other",217.49284362793,217.49284362793,"car",0.233333333333333,16.89,"weekday",5,"40 to 64",">10km","car",16.89,0.233333333333333,1.63333333333333,1.63333333333333
"87331/1002",NA,87331,2589,"30-34 years","female",21,8991,"Work",333.578796386719,333.578796386719,"car",0.583333333333333,36.04,"weekday",1,"20 to 39",">10km","car",36.04,0.583333333333333,4.08333333333333,4.08333333333333
"87331/1002",NA,87331,2589,"30-34 years","female",21,8992,"Work",333.578796386719,333.578796386719,"car",0.666666666666667,36.19,"weekday",2,"20 to 39",">10km","car",36.19,0.666666666666667,4.66666666666667,4.66666666666667
"87331/1003",NA,87331,2590,"30-34 years","male",21,8993,"Other",243.462539672852,243.462539672852,"car",0.25,2.58,"weekday",1,"20 to 39","3-5km","bicycle",2.58,0.234545454545455,1.75,1.64181818181818
"87331/1003",NA,87331,2590,"30-34 years","male",21,8994,"Shopping",243.462539672852,243.462539672852,"car",0.0833333333333333,0.95,"weekday",2,"20 to 39","<1km","bicycle",0.95,0.0863636363636364,0.583333333333333,0.604545454545454
"87331/1003",NA,87331,2590,"30-34 years","male",21,8995,"Shopping",243.462539672852,243.462539672852,"car",0.25,2.86,"weekday",3,"20 to 39","3-5km","bicycle",2.86,0.26,1.75,1.82
"87337/1000",NA,87337,2591,"45-49 years","male",21,8996,"Work",156.624847412109,156.624847412109,"car",0.5,28.33,"weekday",1,"40 to 64",">10km","car",28.33,0.5,3.5,3.5
"87337/1000",NA,87337,2591,"45-49 years","male",21,8997,"Work",156.624847412109,156.624847412109,"car",0.533333333333333,28.57,"weekday",2,"40 to 64",">10km","car",28.57,0.533333333333333,3.73333333333333,3.73333333333333
"87337/1000",NA,87337,2591,"45-49 years","male",21,8998,"Shopping",156.624847412109,156.624847412109,"car",0.0833333333333333,3.64,"weekday",3,"40 to 64","3-5km","bicycle",3.64,0.330909090909091,0.583333333333333,2.31636363636364
"87337/1000",NA,87337,2591,"45-49 years","male",21,8999,"Shopping",156.624847412109,156.624847412109,"car",0.166666666666667,3.54,"weekday",4,"40 to 64","3-5km","bicycle",3.54,0.321818181818182,1.16666666666667,2.25272727272727
"87342/1000",NA,87342,2592,"60-64 years","female",21,9000,"Work",86.5198974609375,86.5198974609375,"car",0.5,11.27,"weekday",1,"40 to 64",">10km","car",11.27,0.5,3.5,3.5
"87342/1000",NA,87342,2592,"60-64 years","female",21,9001,"Work",86.5198974609375,86.5198974609375,"car",0.25,11.35,"weekday",2,"40 to 64",">10km","car",11.35,0.25,1.75,1.75
"87342/1001",NA,87342,2593,"60-64 years","male",21,9002,"Work",93.5367965698242,93.5367965698242,"car",0.916666666666667,33.49,"weekday",1,"40 to 64",">10km","car",33.49,0.916666666666667,6.41666666666667,6.41666666666667
"87342/1001",NA,87342,2593,"60-64 years","male",21,9003,"Work",93.5367965698242,93.5367965698242,"car",1,33.79,"weekday",2,"40 to 64",">10km","car",33.79,1,7,7
"87344/1000",NA,87344,2594,"50-54 years","female",21,9004,"Work",87.7761535644531,87.7761535644531,"car",0.333333333333333,5.72,"weekday",1,"40 to 64","6-10km","car",5.72,0.333333333333333,2.33333333333333,2.33333333333333
"87344/1000",NA,87344,2594,"50-54 years","female",21,9005,"Work",87.7761535644531,87.7761535644531,"car",0.25,5.75,"weekday",2,"40 to 64","6-10km","car",5.75,0.25,1.75,1.75
"87346/1000",NA,87346,2595,"60-64 years","female",21,9006,"Leisure",109.600570678711,109.600570678711,"walking",0.333333333333333,1.13,"weekday",1,"40 to 64","1-2km","walking",1.13,0.333333333333333,2.33333333333333,2.33333333333333
"87346/1000",NA,87346,2595,"60-64 years","female",21,9007,"Leisure",109.600570678711,109.600570678711,"walking",0.416666666666667,1.13,"weekday",2,"40 to 64","1-2km","walking",1.13,0.416666666666667,2.91666666666667,2.91666666666667
"87346/1000",NA,87346,2595,"60-64 years","female",21,9008,"Shopping",109.600570678711,109.600570678711,"car",0.0833333333333333,2.83,"weekday",3,"40 to 64","3-5km","bicycle",2.83,0.257272727272727,0.583333333333333,1.80090909090909
"87346/1000",NA,87346,2595,"60-64 years","female",21,9009,"Leisure",109.600570678711,109.600570678711,"car",0.05,2.72,"weekday",4,"40 to 64","3-5km","bicycle",2.72,0.247272727272727,0.35,1.73090909090909
"87346/1000",NA,87346,2595,"60-64 years","female",21,9010,"Leisure",109.600570678711,109.600570678711,"car",0.0833333333333333,5.52,"weekday",5,"40 to 64","6-10km","car",5.52,0.0833333333333333,0.583333333333333,0.583333333333333
"87349/1000",NA,87349,2596,"70-74 years","female",21,9011,"Shopping",94.8731231689453,94.8731231689453,"car",0.5,19.68,"weekday",1,"65 plus",">10km","car",19.68,0.5,3.5,3.5
"87349/1000",NA,87349,2596,"70-74 years","female",21,9012,"Shopping",94.8731231689453,94.8731231689453,"car",0.5,20,"weekday",2,"65 plus",">10km","car",20,0.5,3.5,3.5
"87349/1000",NA,87349,2596,"70-74 years","female",21,9013,"Leisure",94.8731231689453,94.8731231689453,"car",0.583333333333333,22.76,"weekday",3,"65 plus",">10km","car",22.76,0.583333333333333,4.08333333333333,4.08333333333333
"87349/1000",NA,87349,2596,"70-74 years","female",21,9014,"Leisure",94.8731231689453,94.8731231689453,"car",0.583333333333333,22.66,"weekday",4,"65 plus",">10km","car",22.66,0.583333333333333,4.08333333333333,4.08333333333333
"87354/1000",NA,87354,2597,"40-44 years","female",21,9015,"Other",77.7493667602539,77.7493667602539,"car",0.266666666666667,10.64,"weekday",1,"40 to 64",">10km","car",10.64,0.266666666666667,1.86666666666667,1.86666666666667
"87354/1000",NA,87354,2597,"40-44 years","female",21,9016,"Other",77.7493667602539,77.7493667602539,"car",0.266666666666667,10.58,"weekday",2,"40 to 64",">10km","car",10.58,0.266666666666667,1.86666666666667,1.86666666666667
"87354/1000",NA,87354,2597,"40-44 years","female",21,9017,"Leisure",77.7493667602539,77.7493667602539,"walking",0.483333333333333,3.18,"weekday",3,"40 to 64","3-5km","walking",3.18,0.483333333333333,3.38333333333333,3.38333333333333
"87354/1000",NA,87354,2597,"40-44 years","female",21,9018,"Leisure",77.7493667602539,77.7493667602539,"walking",0.516666666666667,3.18,"weekday",4,"40 to 64","3-5km","walking",3.18,0.516666666666667,3.61666666666667,3.61666666666667
"87354/1001",NA,87354,2598,"70-74 years","female",21,9019,"Other",74.8938827514648,74.8938827514648,"car",0.266666666666667,10.64,"weekday",1,"65 plus",">10km","car",10.64,0.266666666666667,1.86666666666667,1.86666666666667
"87354/1001",NA,87354,2598,"70-74 years","female",21,9020,"Other",74.8938827514648,74.8938827514648,"car",0.266666666666667,10.58,"weekday",2,"65 plus",">10km","car",10.58,0.266666666666667,1.86666666666667,1.86666666666667
"87355/1000",NA,87355,2599,"75-79 years","female",21,9021,"Other",81.3612976074219,81.3612976074219,"car",0.75,26.99,"weekday",1,"65 plus",">10km","car",26.99,0.75,5.25,5.25
"87355/1000",NA,87355,2599,"75-79 years","female",21,9022,"Other",81.3612976074219,81.3612976074219,"car",0.75,27.05,"weekday",2,"65 plus",">10km","car",27.05,0.75,5.25,5.25
"87356/1000",NA,87356,2600,"70-74 years","female",21,9023,"Leisure",74.8938827514648,74.8938827514648,"car",0.666666666666667,20.19,"weekday",1,"65 plus",">10km","car",20.19,0.666666666666667,4.66666666666667,4.66666666666667
"87356/1000",NA,87356,2600,"70-74 years","female",21,9024,"Other",74.8938827514648,74.8938827514648,"car",0.25,4.9,"weekday",2,"65 plus","3-5km","bicycle",4.9,0.445454545454545,1.75,3.11818181818182
"87356/1000",NA,87356,2600,"70-74 years","female",21,9025,"Shopping",74.8938827514648,74.8938827514648,"car",0.666666666666667,20.18,"weekday",3,"65 plus",">10km","car",20.18,0.666666666666667,4.66666666666667,4.66666666666667
"87356/1000",NA,87356,2600,"70-74 years","female",21,9026,"Shopping",74.8938827514648,74.8938827514648,"car",0.0833333333333333,3.1,"weekday",4,"65 plus","3-5km","bicycle",3.1,0.281818181818182,0.583333333333333,1.97272727272727
"87356/1000",NA,87356,2600,"70-74 years","female",21,9027,"Other",74.8938827514648,74.8938827514648,"car",0.0833333333333333,3.1,"weekday",5,"65 plus","3-5km","bicycle",3.1,0.281818181818182,0.583333333333333,1.97272727272727
"87356/1000",NA,87356,2600,"70-74 years","female",21,9028,"Other",74.8938827514648,74.8938827514648,"car",0.0833333333333333,3.1,"weekday",6,"65 plus","3-5km","bicycle",3.1,0.281818181818182,0.583333333333333,1.97272727272727
"87356/1001",NA,87356,2601,"75-79 years","male",21,9029,"Leisure",76.3799514770508,76.3799514770508,"car",0.666666666666667,20.19,"weekday",1,"65 plus",">10km","car",20.19,0.666666666666667,4.66666666666667,4.66666666666667
"87356/1001",NA,87356,2601,"75-79 years","male",21,9030,"Other",76.3799514770508,76.3799514770508,"car",0.25,4.9,"weekday",2,"65 plus","3-5km","bicycle",4.9,0.445454545454545,1.75,3.11818181818182
"87356/1001",NA,87356,2601,"75-79 years","male",21,9031,"Shopping",76.3799514770508,76.3799514770508,"car",0.666666666666667,20.18,"weekday",3,"65 plus",">10km","car",20.18,0.666666666666667,4.66666666666667,4.66666666666667
"87356/1001",NA,87356,2601,"75-79 years","male",21,9032,"Shopping",76.3799514770508,76.3799514770508,"car",0.0833333333333333,3.1,"weekday",4,"65 plus","3-5km","bicycle",3.1,0.281818181818182,0.583333333333333,1.97272727272727
"87364/1000",NA,87364,2602,"55-59 years","female",21,9033,"Work",94.9781875610352,94.9781875610352,"car",0.333333333333333,12.43,"weekday",1,"40 to 64",">10km","car",12.43,0.333333333333333,2.33333333333333,2.33333333333333
"87364/1000",NA,87364,2602,"55-59 years","female",21,9034,"Shopping",94.9781875610352,94.9781875610352,"car",0.333333333333333,9.86,"weekday",2,"40 to 64","6-10km","car",9.86,0.333333333333333,2.33333333333333,2.33333333333333
"87364/1000",NA,87364,2602,"55-59 years","female",21,9035,"Shopping",94.9781875610352,94.9781875610352,"car",0.166666666666667,2.69,"weekday",3,"40 to 64","3-5km","bicycle",2.69,0.244545454545455,1.16666666666667,1.71181818181818
"87364/1001",NA,87364,2603,"50-54 years","male",21,9036,"Leisure",76.2739486694336,76.2739486694336,"car",0.333333333333333,14.14,"weekday",1,"40 to 64",">10km","car",14.14,0.333333333333333,2.33333333333333,2.33333333333333
"87364/1001",NA,87364,2603,"50-54 years","male",21,9037,"Leisure",76.2739486694336,76.2739486694336,"car",0.5,14.27,"weekday",2,"40 to 64",">10km","car",14.27,0.5,3.5,3.5
"87365/1000",NA,87365,2604,"55-59 years","female",21,9038,"Other",94.9781875610352,94.9781875610352,"car",0.25,4.22,"weekday",1,"40 to 64","3-5km","bicycle",4.22,0.383636363636364,1.75,2.68545454545455
"87365/1000",NA,87365,2604,"55-59 years","female",21,9039,"Leisure",94.9781875610352,94.9781875610352,"car",0.25,3.36,"weekday",2,"40 to 64","3-5km","bicycle",3.36,0.305454545454545,1.75,2.13818181818182
"87365/1000",NA,87365,2604,"55-59 years","female",21,9040,"Leisure",94.9781875610352,94.9781875610352,"car",0.0833333333333333,1.32,"weekday",3,"40 to 64","1-2km","bicycle",1.32,0.12,0.583333333333333,0.84
"87365/1000",NA,87365,2604,"55-59 years","female",21,9041,"Leisure",94.9781875610352,94.9781875610352,"car",0.25,9.77,"weekday",4,"40 to 64","6-10km","car",9.77,0.25,1.75,1.75
"87365/1000",NA,87365,2604,"55-59 years","female",21,9042,"Leisure",94.9781875610352,94.9781875610352,"car",0.316666666666667,9.73,"weekday",5,"40 to 64","6-10km","car",9.73,0.316666666666667,2.21666666666667,2.21666666666667
"87368/1000",NA,87368,2605,"70-74 years","female",21,9043,"Leisure",94.8731231689453,94.8731231689453,"car",0.333333333333333,9.32,"weekday",1,"65 plus","6-10km","car",9.32,0.333333333333333,2.33333333333333,2.33333333333333
"87368/1000",NA,87368,2605,"70-74 years","female",21,9044,"Leisure",94.8731231689453,94.8731231689453,"car",0.333333333333333,9.31,"weekday",2,"65 plus","6-10km","car",9.31,0.333333333333333,2.33333333333333,2.33333333333333
"87368/1000",NA,87368,2605,"70-74 years","female",21,9045,"Leisure",94.8731231689453,94.8731231689453,"car",0.166666666666667,3.37,"weekday",3,"65 plus","3-5km","bicycle",3.37,0.306363636363636,1.16666666666667,2.14454545454545
"87368/1000",NA,87368,2605,"70-74 years","female",21,9046,"Leisure",94.8731231689453,94.8731231689453,"car",0.166666666666667,3.6,"weekday",4,"65 plus","3-5km","bicycle",3.6,0.327272727272727,1.16666666666667,2.29090909090909
"87461/1000",NA,87461,2606,"85-89 years","male",21,9047,"Other",244.913619995117,244.913619995117,"car",0.05,0.72,"weekday",1,"65 plus","<1km","bicycle",0.72,0.0654545454545454,0.35,0.458181818181818
"87461/1000",NA,87461,2606,"85-89 years","male",21,9048,"Other",244.913619995117,244.913619995117,"car",0.05,0.28,"weekday",2,"65 plus","<1km","bicycle",0.28,0.0254545454545455,0.35,0.178181818181818
"87462/1000",NA,87462,2607,"25-29 years","female",21,9049,"Other",571.256774902344,571.256774902344,"bicycle",0.333333333333333,0.54,"weekday",1,"20 to 39","<1km","bicycle",0.54,0.333333333333333,2.33333333333333,2.33333333333333
"87462/1000",NA,87462,2607,"25-29 years","female",21,9050,"Other",571.256774902344,571.256774902344,"bicycle",0.416666666666667,0.54,"weekday",2,"20 to 39","<1km","bicycle",0.54,0.416666666666667,2.91666666666667,2.91666666666667
"87462/1000",NA,87462,2607,"25-29 years","female",21,9051,"Other",571.256774902344,571.256774902344,"bicycle",0.5,0.54,"weekday",3,"20 to 39","<1km","bicycle",0.54,0.5,3.5,3.5
"87462/1000",NA,87462,2607,"25-29 years","female",21,9052,"Other",571.256774902344,571.256774902344,"bicycle",0.416666666666667,0.54,"weekday",4,"20 to 39","<1km","bicycle",0.54,0.416666666666667,2.91666666666667,2.91666666666667
"87463/1000",NA,87463,2608,"25-29 years","female",21,9053,"Other",571.256774902344,571.256774902344,"car",0.0833333333333333,0.9,"weekday",1,"20 to 39","<1km","bicycle",0.9,0.0818181818181818,0.583333333333333,0.572727272727273
"87463/1000",NA,87463,2608,"25-29 years","female",21,9054,"Other",571.256774902344,571.256774902344,"car",0.0833333333333333,0.75,"weekday",2,"20 to 39","<1km","bicycle",0.75,0.0681818181818182,0.583333333333333,0.477272727272727
"87463/1000",NA,87463,2608,"25-29 years","female",21,9055,"Work",571.256774902344,571.256774902344,"car",0.0666666666666667,0.73,"weekday",3,"20 to 39","<1km","bicycle",0.73,0.0663636363636364,0.466666666666667,0.464545454545455
"87463/1000",NA,87463,2608,"25-29 years","female",21,9056,"Other",571.256774902344,571.256774902344,"car",0.05,0.71,"weekday",4,"20 to 39","<1km","bicycle",0.71,0.0645454545454545,0.35,0.451818181818182
"87463/1000",NA,87463,2608,"25-29 years","female",21,9057,"Other",571.256774902344,571.256774902344,"car",0.0833333333333333,0.75,"weekday",5,"20 to 39","<1km","bicycle",0.75,0.0681818181818182,0.583333333333333,0.477272727272727
"87463/1000",NA,87463,2608,"25-29 years","female",21,9058,"Leisure",571.256774902344,571.256774902344,"car",0.0833333333333333,1.07,"weekday",6,"20 to 39","1-2km","bicycle",1.07,0.0972727272727273,0.583333333333333,0.680909090909091
"87463/1000",NA,87463,2608,"25-29 years","female",21,9059,"Leisure",571.256774902344,571.256774902344,"car",0.166666666666667,1.16,"weekday",7,"20 to 39","1-2km","bicycle",1.16,0.105454545454545,1.16666666666667,0.738181818181818
"87464/1000",NA,87464,2609,"35-39 years","female",21,9060,"Work",187.766311645508,187.766311645508,"car",0.333333333333333,10.37,"weekday",1,"20 to 39",">10km","car",10.37,0.333333333333333,2.33333333333333,2.33333333333333
"87464/1000",NA,87464,2609,"35-39 years","female",21,9061,"Work",187.766311645508,187.766311645508,"car",0.366666666666667,10.35,"weekday",2,"20 to 39",">10km","car",10.35,0.366666666666667,2.56666666666667,2.56666666666667
"87464/1000",NA,87464,2609,"35-39 years","female",21,9062,"Leisure",187.766311645508,187.766311645508,"car",0.3,8.96,"weekday",3,"20 to 39","6-10km","car",8.96,0.3,2.1,2.1
"87464/1000",NA,87464,2609,"35-39 years","female",21,9063,"Leisure",187.766311645508,187.766311645508,"car",0.266666666666667,8.92,"weekday",4,"20 to 39","6-10km","car",8.92,0.266666666666667,1.86666666666667,1.86666666666667
"87465/1000",NA,87465,2610,"55-59 years","male",21,9064,"Work",333.321807861328,333.321807861328,"car",0.25,4.81,"weekday",1,"40 to 64","3-5km","bicycle",4.81,0.437272727272727,1.75,3.06090909090909
"87465/1000",NA,87465,2610,"55-59 years","male",21,9065,"Work",333.321807861328,333.321807861328,"car",0.25,4.55,"weekday",2,"40 to 64","3-5km","bicycle",4.55,0.413636363636364,1.75,2.89545454545455
"87465/1000",NA,87465,2610,"55-59 years","male",21,9066,"Shopping",333.321807861328,333.321807861328,"car",0.25,5.25,"weekday",3,"40 to 64","6-10km","car",5.25,0.25,1.75,1.75
"87465/1000",NA,87465,2610,"55-59 years","male",21,9067,"Shopping",333.321807861328,333.321807861328,"car",0.383333333333333,5.51,"weekday",4,"40 to 64","6-10km","car",5.51,0.383333333333333,2.68333333333333,2.68333333333333
"87471/1000",NA,87471,2611,"80-84 years","female",21,9068,"Shopping",242.680282592773,242.680282592773,"walking",0.1,0.47,"weekday",1,"65 plus","<1km","walking",0.47,0.1,0.7,0.7
"87471/1000",NA,87471,2611,"80-84 years","female",21,9069,"Shopping",242.680282592773,242.680282592773,"walking",0.1,0.47,"weekday",2,"65 plus","<1km","walking",0.47,0.1,0.7,0.7
"87477/1000",NA,87477,2612,"55-59 years","male",21,9070,"Work",333.321807861328,333.321807861328,"car",0.0333333333333333,0.54,"weekday",1,"40 to 64","<1km","bicycle",0.54,0.0490909090909091,0.233333333333333,0.343636363636364
"87477/1000",NA,87477,2612,"55-59 years","male",21,9071,"Work",333.321807861328,333.321807861328,"car",0.0333333333333333,0.57,"weekday",2,"40 to 64","<1km","bicycle",0.57,0.0518181818181818,0.233333333333333,0.362727272727273
"87478/1000",NA,87478,2613,"45-49 years","female",21,9072,"Work",235.698928833008,235.698928833008,"car",0.666666666666667,14.17,"weekday",1,"40 to 64",">10km","car",14.17,0.666666666666667,4.66666666666667,4.66666666666667
"87478/1000",NA,87478,2613,"45-49 years","female",21,9073,"Work",235.698928833008,235.698928833008,"car",0.5,15.81,"weekday",2,"40 to 64",">10km","car",15.81,0.5,3.5,3.5
"87479/1000",NA,87479,2614,"45-49 years","male",21,9074,"Work",241.737762451172,241.737762451172,"car",0.333333333333333,10.62,"weekday",1,"40 to 64",">10km","car",10.62,0.333333333333333,2.33333333333333,2.33333333333333
"87479/1000",NA,87479,2614,"45-49 years","male",21,9075,"Work",241.737762451172,241.737762451172,"car",0.416666666666667,10.88,"weekday",2,"40 to 64",">10km","car",10.88,0.416666666666667,2.91666666666667,2.91666666666667
"87480/1000",NA,87480,2615,"75-79 years","female",21,9077,"Shopping",231.745056152344,231.745056152344,"car",0.05,0.93,"weekday",1,"65 plus","<1km","bicycle",0.93,0.0845454545454545,0.35,0.591818181818182
"87480/1000",NA,87480,2615,"75-79 years","female",21,9078,"Shopping",231.745056152344,231.745056152344,"car",0.05,0.95,"weekday",2,"65 plus","<1km","bicycle",0.95,0.0863636363636364,0.35,0.604545454545454
"87480/1000",NA,87480,2615,"75-79 years","female",21,9079,"Leisure",231.745056152344,231.745056152344,"walking",0.0833333333333333,0.76,"weekday",3,"65 plus","<1km","walking",0.76,0.0833333333333333,0.583333333333333,0.583333333333333
"87480/1000",NA,87480,2615,"75-79 years","female",21,9080,"Leisure",231.745056152344,231.745056152344,"walking",0.0833333333333333,0.76,"weekday",4,"65 plus","<1km","walking",0.76,0.0833333333333333,0.583333333333333,0.583333333333333
"87485/1000",NA,87485,2616,"50-54 years","male",21,9081,"Work",235.916015625,235.916015625,"car",0.416666666666667,9.27,"weekday",1,"40 to 64","6-10km","car",9.27,0.416666666666667,2.91666666666667,2.91666666666667
"87485/1000",NA,87485,2616,"50-54 years","male",21,9082,"Work",235.916015625,235.916015625,"car",0.333333333333333,9.27,"weekday",2,"40 to 64","6-10km","car",9.27,0.333333333333333,2.33333333333333,2.33333333333333
"87486/1000",NA,87486,2617,"75-79 years","male",21,9083,"Shopping",146.185394287109,146.185394287109,"car",0.0666666666666667,0.59,"weekday",1,"65 plus","<1km","bicycle",0.59,0.0536363636363636,0.466666666666667,0.375454545454545
"87486/1000",NA,87486,2617,"75-79 years","male",21,9084,"Shopping",146.185394287109,146.185394287109,"car",0.333333333333333,1.9,"weekday",2,"65 plus","1-2km","bicycle",1.9,0.172727272727273,2.33333333333333,1.20909090909091
"87486/1000",NA,87486,2617,"75-79 years","male",21,9085,"Shopping",146.185394287109,146.185394287109,"car",0.166666666666667,2.17,"weekday",3,"65 plus","3-5km","bicycle",2.17,0.197272727272727,1.16666666666667,1.38090909090909
"87486/1000",NA,87486,2617,"75-79 years","male",21,9086,"Shopping",146.185394287109,146.185394287109,"car",0.166666666666667,1.18,"weekday",4,"65 plus","1-2km","bicycle",1.18,0.107272727272727,1.16666666666667,0.750909090909091
"87486/1001",NA,87486,2618,"75-79 years","female",21,9087,"Shopping",181.604446411133,181.604446411133,"car",0.0666666666666667,0.59,"weekday",1,"65 plus","<1km","bicycle",0.59,0.0536363636363636,0.466666666666667,0.375454545454545
"87486/1001",NA,87486,2618,"75-79 years","female",21,9088,"Shopping",181.604446411133,181.604446411133,"car",0.333333333333333,1.9,"weekday",2,"65 plus","1-2km","bicycle",1.9,0.172727272727273,2.33333333333333,1.20909090909091
"87486/1001",NA,87486,2618,"75-79 years","female",21,9089,"Shopping",181.604446411133,181.604446411133,"car",0.166666666666667,2.17,"weekday",3,"65 plus","3-5km","bicycle",2.17,0.197272727272727,1.16666666666667,1.38090909090909
"87486/1001",NA,87486,2618,"75-79 years","female",21,9090,"Shopping",181.604446411133,181.604446411133,"car",0.166666666666667,1.18,"weekday",4,"65 plus","1-2km","bicycle",1.18,0.107272727272727,1.16666666666667,0.750909090909091
"87488/1000",NA,87488,2619,"70-74 years","male",21,9091,"Other",242.261428833008,242.261428833008,"car",0.2,5.15,"weekday",1,"65 plus","6-10km","car",5.15,0.2,1.4,1.4
"87488/1000",NA,87488,2619,"70-74 years","male",21,9092,"Other",242.261428833008,242.261428833008,"car",0.15,4.42,"weekday",2,"65 plus","3-5km","bicycle",4.42,0.401818181818182,1.05,2.81272727272727
"87488/1001",NA,87488,2620,"70-74 years","female",21,9094,"Shopping",272.884643554688,272.884643554688,"car",0.2,5.15,"weekday",1,"65 plus","6-10km","car",5.15,0.2,1.4,1.4
"87488/1001",NA,87488,2620,"70-74 years","female",21,9095,"Shopping",272.884643554688,272.884643554688,"car",0.15,4.42,"weekday",2,"65 plus","3-5km","bicycle",4.42,0.401818181818182,1.05,2.81272727272727
"87488/1001",NA,87488,2620,"70-74 years","female",21,9096,"Shopping",272.884643554688,272.884643554688,"walking",0.166666666666667,0.53,"weekday",3,"65 plus","<1km","walking",0.53,0.166666666666667,1.16666666666667,1.16666666666667
"87488/1001",NA,87488,2620,"70-74 years","female",21,9097,"Shopping",272.884643554688,272.884643554688,"walking",0.416666666666667,0.53,"weekday",4,"65 plus","<1km","walking",0.53,0.416666666666667,2.91666666666667,2.91666666666667
"87488/1003",NA,87488,2621,"40-44 years","female",21,9099,"Work",336.650360107422,336.650360107422,"car",0.833333333333333,16.85,"weekday",1,"40 to 64",">10km","car",16.85,0.833333333333333,5.83333333333333,5.83333333333333
"87488/1003",NA,87488,2621,"40-44 years","female",21,9100,"Work",336.650360107422,336.650360107422,"car",0.816666666666667,17,"weekday",2,"40 to 64",">10km","car",17,0.816666666666667,5.71666666666667,5.71666666666667
"87520/1000",NA,87520,2622,"70-74 years","female",21,9101,"Shopping",105.644348144531,105.644348144531,"car",0.166666666666667,6.26,"weekday",1,"65 plus","6-10km","car",6.26,0.166666666666667,1.16666666666667,1.16666666666667
"87520/1000",NA,87520,2622,"70-74 years","female",21,9102,"Shopping",105.644348144531,105.644348144531,"car",0.166666666666667,5.99,"weekday",2,"65 plus","6-10km","car",5.99,0.166666666666667,1.16666666666667,1.16666666666667
"87520/1000",NA,87520,2622,"70-74 years","female",21,9103,"Shopping",105.644348144531,105.644348144531,"car",0.0833333333333333,2.31,"weekday",3,"65 plus","3-5km","bicycle",2.31,0.21,0.583333333333333,1.47
"87522/1000",NA,87522,2623,"30-34 years","male",21,9104,"Leisure",198.818878173828,198.818878173828,"walking",0.2,0.46,"weekday",1,"20 to 39","<1km","walking",0.46,0.2,1.4,1.4
"87522/1000",NA,87522,2623,"30-34 years","male",21,9105,"Leisure",198.818878173828,198.818878173828,"walking",0.2,0.46,"weekday",2,"20 to 39","<1km","walking",0.46,0.2,1.4,1.4
"87522/1000",NA,87522,2623,"30-34 years","male",21,9106,"Shopping",198.818878173828,198.818878173828,"walking",0.05,0.49,"weekday",3,"20 to 39","<1km","walking",0.49,0.05,0.35,0.35
"87522/1000",NA,87522,2623,"30-34 years","male",21,9107,"Shopping",198.818878173828,198.818878173828,"walking",0.0333333333333333,0.21,"weekday",4,"20 to 39","<1km","walking",0.21,0.0333333333333333,0.233333333333333,0.233333333333333
"87522/1000",NA,87522,2623,"30-34 years","male",21,9108,"Shopping",198.818878173828,198.818878173828,"walking",0.05,0.45,"weekday",5,"20 to 39","<1km","walking",0.45,0.05,0.35,0.35
"87522/1000",NA,87522,2623,"30-34 years","male",21,9109,"Shopping",198.818878173828,198.818878173828,"walking",0.15,0.67,"weekday",6,"20 to 39","<1km","walking",0.67,0.15,1.05,1.05
"87522/1000",NA,87522,2623,"30-34 years","male",21,9110,"Shopping",198.818878173828,198.818878173828,"walking",0.15,0.67,"weekday",7,"20 to 39","<1km","walking",0.67,0.15,1.05,1.05
"87522/1001",NA,87522,2624,"30-34 years","female",21,9111,"Leisure",166.980453491211,166.980453491211,"car",0.5,17.45,"weekday",1,"20 to 39",">10km","car",17.45,0.5,3.5,3.5
"87522/1001",NA,87522,2624,"30-34 years","female",21,9112,"Leisure",166.980453491211,166.980453491211,"car",0.5,17.51,"weekday",2,"20 to 39",">10km","car",17.51,0.5,3.5,3.5
"87526/1000",NA,87526,2625,"35-39 years","male",21,9113,"Other",174.027191162109,174.027191162109,"car",0.283333333333333,7.06,"weekday",1,"20 to 39","6-10km","car",7.06,0.283333333333333,1.98333333333333,1.98333333333333
"87526/1000",NA,87526,2625,"35-39 years","male",21,9114,"Shopping",174.027191162109,174.027191162109,"car",0.35,7.25,"weekday",2,"20 to 39","6-10km","car",7.25,0.35,2.45,2.45
"87526/1000",NA,87526,2625,"35-39 years","male",21,9115,"Shopping",174.027191162109,174.027191162109,"car",0.0833333333333333,2.51,"weekday",3,"20 to 39","3-5km","bicycle",2.51,0.228181818181818,0.583333333333333,1.59727272727273
"87526/1000",NA,87526,2625,"35-39 years","male",21,9116,"Other",174.027191162109,174.027191162109,"car",0.283333333333333,7.06,"weekday",4,"20 to 39","6-10km","car",7.06,0.283333333333333,1.98333333333333,1.98333333333333
"87526/1000",NA,87526,2625,"35-39 years","male",21,9117,"Shopping",174.027191162109,174.027191162109,"car",0.283333333333333,6.92,"weekday",5,"20 to 39","6-10km","car",6.92,0.283333333333333,1.98333333333333,1.98333333333333
"87526/1000",NA,87526,2625,"35-39 years","male",21,9118,"Shopping",174.027191162109,174.027191162109,"car",0.1,2.24,"weekday",6,"20 to 39","3-5km","bicycle",2.24,0.203636363636364,0.7,1.42545454545455
"87526/1000",NA,87526,2625,"35-39 years","male",21,9119,"Shopping",174.027191162109,174.027191162109,"car",0.166666666666667,5.61,"weekday",7,"20 to 39","6-10km","car",5.61,0.166666666666667,1.16666666666667,1.16666666666667
"87526/1000",NA,87526,2625,"35-39 years","male",21,9120,"Shopping",174.027191162109,174.027191162109,"car",0.166666666666667,5.5,"weekday",8,"20 to 39","6-10km","car",5.5,0.166666666666667,1.16666666666667,1.16666666666667
"87526/1001",NA,87526,2626,"30-34 years","female",21,9121,"Work",166.980453491211,166.980453491211,"car",0.4,12.37,"weekday",1,"20 to 39",">10km","car",12.37,0.4,2.8,2.8
"87526/1001",NA,87526,2626,"30-34 years","female",21,9122,"Work",166.980453491211,166.980453491211,"walking",0.0333333333333333,0.13,"weekday",1,"20 to 39","<1km","walking",0.13,0.0333333333333333,0.233333333333333,0.233333333333333
"87526/1001",NA,87526,2626,"30-34 years","female",21,9123,"Work",166.980453491211,166.980453491211,"public.transport",0.4,16.11,"weekday",1,"20 to 39",">10km","public.transport",16.11,0.4,2.8,2.8
"87526/1001",NA,87526,2626,"30-34 years","female",21,9124,"Work",166.980453491211,166.980453491211,"walking",0.216666666666667,0.92,"weekday",1,"20 to 39","<1km","walking",0.92,0.216666666666667,1.51666666666667,1.51666666666667
"87526/1001",NA,87526,2626,"30-34 years","female",21,9125,"Shopping",166.980453491211,166.980453491211,"walking",0.05,0.13,"weekday",2,"20 to 39","<1km","walking",0.13,0.05,0.35,0.35
"87526/1001",NA,87526,2626,"30-34 years","female",21,9126,"Work",166.980453491211,166.980453491211,"walking",0.0333333333333333,0.13,"weekday",3,"20 to 39","<1km","walking",0.13,0.0333333333333333,0.233333333333333,0.233333333333333
"87526/1001",NA,87526,2626,"30-34 years","female",21,9127,"Work",166.980453491211,166.980453491211,"walking",0.183333333333333,0.92,"weekday",4,"20 to 39","<1km","walking",0.92,0.183333333333333,1.28333333333333,1.28333333333333
"87526/1001",NA,87526,2626,"30-34 years","female",21,9128,"Work",166.980453491211,166.980453491211,"public.transport",0.5,16.11,"weekday",4,"20 to 39",">10km","public.transport",16.11,0.5,3.5,3.5
"87526/1001",NA,87526,2626,"30-34 years","female",21,9129,"Work",166.980453491211,166.980453491211,"walking",0.0333333333333333,0.13,"weekday",4,"20 to 39","<1km","walking",0.13,0.0333333333333333,0.233333333333333,0.233333333333333
"87526/1001",NA,87526,2626,"30-34 years","female",21,9130,"Work",166.980453491211,166.980453491211,"car",0.266666666666667,12.46,"weekday",4,"20 to 39",">10km","car",12.46,0.266666666666667,1.86666666666667,1.86666666666667
"87527/1000",NA,87527,2627,"55-59 years","female",21,9131,"Work",151.029312133789,151.029312133789,"car",0.5,22.03,"weekday",1,"40 to 64",">10km","car",22.03,0.5,3.5,3.5
"87527/1000",NA,87527,2627,"55-59 years","female",21,9132,"Other",151.029312133789,151.029312133789,"car",0.5,26.91,"weekday",2,"40 to 64",">10km","car",26.91,0.5,3.5,3.5
"87527/1000",NA,87527,2627,"55-59 years","female",21,9133,"Other",151.029312133789,151.029312133789,"car",0.416666666666667,14.52,"weekday",3,"40 to 64",">10km","car",14.52,0.416666666666667,2.91666666666667,2.91666666666667
"87527/1000",NA,87527,2627,"55-59 years","female",21,9134,"Other",151.029312133789,151.029312133789,"car",0.416666666666667,14.75,"weekday",4,"40 to 64",">10km","car",14.75,0.416666666666667,2.91666666666667,2.91666666666667
"87527/1000",NA,87527,2627,"55-59 years","female",21,9135,"Shopping",151.029312133789,151.029312133789,"car",0.333333333333333,12.07,"weekday",5,"40 to 64",">10km","car",12.07,0.333333333333333,2.33333333333333,2.33333333333333
"87527/1000",NA,87527,2627,"55-59 years","female",21,9136,"Shopping",151.029312133789,151.029312133789,"car",0.0833333333333333,2.05,"weekday",6,"40 to 64","3-5km","bicycle",2.05,0.186363636363636,0.583333333333333,1.30454545454545
"87530/1000",NA,87530,2628,"15-19 years","female",21,9137,"Work",215.904037475586,215.904037475586,"car",0.25,6.27,"weekday",1,"15 to 19","6-10km","car",6.27,0.25,1.75,1.75
"87530/1000",NA,87530,2628,"15-19 years","female",21,9138,"Work",215.904037475586,215.904037475586,"car",0.25,6.34,"weekday",2,"15 to 19","6-10km","car",6.34,0.25,1.75,1.75
"87530/1002",NA,87530,2629,"15-19 years","male",21,9139,"Education",203.738250732422,203.738250732422,"car",0.166666666666667,2.77,"weekday",1,"15 to 19","3-5km","bicycle",2.77,0.251818181818182,1.16666666666667,1.76272727272727
"87530/1002",NA,87530,2629,"15-19 years","male",21,9140,"Education",203.738250732422,203.738250732422,"car",0.25,2.83,"weekday",2,"15 to 19","3-5km","bicycle",2.83,0.257272727272727,1.75,1.80090909090909
"87532/1000",NA,87532,2630,"60-64 years","male",21,9141,"Leisure",126.624420166016,126.624420166016,"car",0.25,3.45,"weekday",1,"40 to 64","3-5km","bicycle",3.45,0.313636363636364,1.75,2.19545454545455
"87532/1000",NA,87532,2630,"60-64 years","male",21,9142,"Shopping",126.624420166016,126.624420166016,"car",0.116666666666667,1.32,"weekday",2,"40 to 64","1-2km","bicycle",1.32,0.12,0.816666666666667,0.84
"87532/1000",NA,87532,2630,"60-64 years","male",21,9143,"Shopping",126.624420166016,126.624420166016,"car",0.0833333333333333,2.39,"weekday",3,"40 to 64","3-5km","bicycle",2.39,0.217272727272727,0.583333333333333,1.52090909090909
"87532/1001",NA,87532,2631,"60-64 years","female",21,9144,"Shopping",170.002777099609,170.002777099609,"car",0.833333333333333,21.85,"weekday",1,"40 to 64",">10km","car",21.85,0.833333333333333,5.83333333333333,5.83333333333333
"87532/1001",NA,87532,2631,"60-64 years","female",21,9145,"Shopping",170.002777099609,170.002777099609,"car",0.833333333333333,18.98,"weekday",2,"40 to 64",">10km","car",18.98,0.833333333333333,5.83333333333333,5.83333333333333
"87532/1001",NA,87532,2631,"60-64 years","female",21,9146,"Shopping",170.002777099609,170.002777099609,"car",0.25,6.03,"weekday",3,"40 to 64","6-10km","car",6.03,0.25,1.75,1.75
"87534/1000",NA,87534,2632,"60-64 years","female",21,9147,"Shopping",150.850219726562,150.850219726562,"bicycle",0.25,1.69,"weekday",1,"40 to 64","1-2km","bicycle",1.69,0.25,1.75,1.75
"87534/1000",NA,87534,2632,"60-64 years","female",21,9148,"Shopping",150.850219726562,150.850219726562,"bicycle",0.0833333333333333,0.45,"weekday",2,"40 to 64","<1km","bicycle",0.45,0.0833333333333333,0.583333333333333,0.583333333333333
"87534/1000",NA,87534,2632,"60-64 years","female",21,9149,"Shopping",150.850219726562,150.850219726562,"bicycle",0.333333333333333,1.82,"weekday",3,"40 to 64","1-2km","bicycle",1.82,0.333333333333333,2.33333333333333,2.33333333333333
"87536/1000",NA,87536,2633,"80-84 years","female",21,9150,"Shopping",129.762084960938,129.762084960938,"car",0.166666666666667,6.05,"weekday",1,"65 plus","6-10km","car",6.05,0.166666666666667,1.16666666666667,1.16666666666667
"87536/1000",NA,87536,2633,"80-84 years","female",21,9151,"Shopping",129.762084960938,129.762084960938,"car",0.416666666666667,5.99,"weekday",2,"65 plus","6-10km","car",5.99,0.416666666666667,2.91666666666667,2.91666666666667
"87536/1000",NA,87536,2633,"80-84 years","female",21,9152,"Shopping",129.762084960938,129.762084960938,"car",0.133333333333333,2.11,"weekday",3,"65 plus","3-5km","bicycle",2.11,0.191818181818182,0.933333333333333,1.34272727272727
"87536/1001",NA,87536,2634,"55-59 years","female",21,9153,"Shopping",151.029312133789,151.029312133789,"car",0.0833333333333333,2.14,"weekday",1,"40 to 64","3-5km","bicycle",2.14,0.194545454545455,0.583333333333333,1.36181818181818
"87536/1001",NA,87536,2634,"55-59 years","female",21,9154,"Shopping",151.029312133789,151.029312133789,"car",0.0833333333333333,2.17,"weekday",2,"40 to 64","3-5km","bicycle",2.17,0.197272727272727,0.583333333333333,1.38090909090909
"87539/1000",NA,87539,2635,"60-64 years","male",21,9155,"Leisure",126.624420166016,126.624420166016,"car",0.75,46.16,"weekday",1,"40 to 64",">10km","car",46.16,0.75,5.25,5.25
"87539/1000",NA,87539,2635,"60-64 years","male",21,9156,"Leisure",126.624420166016,126.624420166016,"car",0.666666666666667,45.69,"weekday",2,"40 to 64",">10km","car",45.69,0.666666666666667,4.66666666666667,4.66666666666667
"87539/1000",NA,87539,2635,"60-64 years","male",21,9157,"Shopping",126.624420166016,126.624420166016,"car",0.166666666666667,6.58,"weekday",3,"40 to 64","6-10km","car",6.58,0.166666666666667,1.16666666666667,1.16666666666667
"87539/1000",NA,87539,2635,"60-64 years","male",21,9158,"Shopping",126.624420166016,126.624420166016,"car",0.166666666666667,6.48,"weekday",4,"40 to 64","6-10km","car",6.48,0.166666666666667,1.16666666666667,1.16666666666667
"87539/1001",NA,87539,2636,"20-24 years","male",21,9159,"Leisure",199.705612182617,199.705612182617,"car",0.75,46.16,"weekday",1,"20 to 39",">10km","car",46.16,0.75,5.25,5.25
"87539/1001",NA,87539,2636,"20-24 years","male",21,9160,"Leisure",199.705612182617,199.705612182617,"car",0.666666666666667,45.69,"weekday",2,"20 to 39",">10km","car",45.69,0.666666666666667,4.66666666666667,4.66666666666667
"87541/1002",NA,87541,2637,"25-29 years","female",21,9161,"Other",474.986541748047,474.986541748047,"car",0.166666666666667,5.81,"weekday",1,"20 to 39","6-10km","car",5.81,0.166666666666667,1.16666666666667,1.16666666666667
"87541/1002",NA,87541,2637,"25-29 years","female",21,9162,"Shopping",474.986541748047,474.986541748047,"car",0.0833333333333333,2.21,"weekday",2,"20 to 39","3-5km","bicycle",2.21,0.200909090909091,0.583333333333333,1.40636363636364
"87541/1002",NA,87541,2637,"25-29 years","female",21,9163,"Shopping",474.986541748047,474.986541748047,"car",0.25,6.19,"weekday",3,"20 to 39","6-10km","car",6.19,0.25,1.75,1.75
"87541/1002",NA,87541,2637,"25-29 years","female",21,9164,"Leisure",474.986541748047,474.986541748047,"car",0.5,21.04,"weekday",4,"20 to 39",">10km","car",21.04,0.5,3.5,3.5
"87541/1002",NA,87541,2637,"25-29 years","female",21,9165,"Leisure",474.986541748047,474.986541748047,"car",0.5,20.62,"weekday",5,"20 to 39",">10km","car",20.62,0.5,3.5,3.5
"87541/1004",NA,87541,2638,"20-24 years","male",21,9166,"Work",390.446380615234,390.446380615234,"car",0.75,40.22,"weekday",1,"20 to 39",">10km","car",40.22,0.75,5.25,5.25
"87541/1004",NA,87541,2638,"20-24 years","male",21,9167,"Other",390.446380615234,390.446380615234,"car",0.75,19.78,"weekday",2,"20 to 39",">10km","car",19.78,0.75,5.25,5.25
"87541/1004",NA,87541,2638,"20-24 years","male",21,9168,"Other",390.446380615234,390.446380615234,"car",1.25,41.13,"weekday",3,"20 to 39",">10km","car",41.13,1.25,8.75,8.75
"87545/1000",NA,87545,2639,"45-49 years","female",21,9169,"Work",159.034194946289,159.034194946289,"car",0.416666666666667,8.36,"weekday",1,"40 to 64","6-10km","car",8.36,0.416666666666667,2.91666666666667,2.91666666666667
"87545/1000",NA,87545,2639,"45-49 years","female",21,9170,"Work",159.034194946289,159.034194946289,"car",0.15,3.13,"weekday",2,"40 to 64","3-5km","bicycle",3.13,0.284545454545455,1.05,1.99181818181818
"87545/1000",NA,87545,2639,"45-49 years","female",21,9171,"Work",159.034194946289,159.034194946289,"car",0.0833333333333333,4.1,"weekday",3,"40 to 64","3-5km","bicycle",4.1,0.372727272727273,0.583333333333333,2.60909090909091
"87545/1000",NA,87545,2639,"45-49 years","female",21,9172,"Work",159.034194946289,159.034194946289,"car",0.166666666666667,4.77,"weekday",4,"40 to 64","3-5km","bicycle",4.77,0.433636363636364,1.16666666666667,3.03545454545455
"87545/1000",NA,87545,2639,"45-49 years","female",21,9173,"Leisure",159.034194946289,159.034194946289,"car",0.25,5.97,"weekday",5,"40 to 64","6-10km","car",5.97,0.25,1.75,1.75
"87545/1000",NA,87545,2639,"45-49 years","female",21,9174,"Leisure",159.034194946289,159.034194946289,"car",0.333333333333333,5.94,"weekday",6,"40 to 64","6-10km","car",5.94,0.333333333333333,2.33333333333333,2.33333333333333
"87545/1001",NA,87545,2640,"50-54 years","male",21,9175,"Work",184.723663330078,184.723663330078,"car",0.416666666666667,8.36,"weekday",1,"40 to 64","6-10km","car",8.36,0.416666666666667,2.91666666666667,2.91666666666667
"87545/1001",NA,87545,2640,"50-54 years","male",21,9176,"Work",184.723663330078,184.723663330078,"car",0.15,3.13,"weekday",2,"40 to 64","3-5km","bicycle",3.13,0.284545454545455,1.05,1.99181818181818
"87545/1001",NA,87545,2640,"50-54 years","male",21,9177,"Other",184.723663330078,184.723663330078,"car",0.0833333333333333,4.1,"weekday",3,"40 to 64","3-5km","bicycle",4.1,0.372727272727273,0.583333333333333,2.60909090909091
"87545/1001",NA,87545,2640,"50-54 years","male",21,9178,"Other",184.723663330078,184.723663330078,"car",0.166666666666667,4.77,"weekday",4,"40 to 64","3-5km","bicycle",4.77,0.433636363636364,1.16666666666667,3.03545454545455
"87547/1000",NA,87547,2641,"45-49 years","male",21,9179,"Work",171.093643188477,171.093643188477,"car",0.566666666666667,19.34,"weekday",1,"40 to 64",">10km","car",19.34,0.566666666666667,3.96666666666667,3.96666666666667
"87547/1000",NA,87547,2641,"45-49 years","male",21,9180,"Work",171.093643188477,171.093643188477,"car",0.483333333333333,19.23,"weekday",2,"40 to 64",">10km","car",19.23,0.483333333333333,3.38333333333333,3.38333333333333
"87547/1000",NA,87547,2641,"45-49 years","male",21,9181,"Leisure",171.093643188477,171.093643188477,"car",0.166666666666667,6.92,"weekday",3,"40 to 64","6-10km","car",6.92,0.166666666666667,1.16666666666667,1.16666666666667
"87547/1000",NA,87547,2641,"45-49 years","male",21,9182,"Leisure",171.093643188477,171.093643188477,"car",0.233333333333333,7.05,"weekday",4,"40 to 64","6-10km","car",7.05,0.233333333333333,1.63333333333333,1.63333333333333
"87547/1001",NA,87547,2642,"35-39 years","female",21,9183,"Other",126.796051025391,126.796051025391,"car",0.55,23.64,"weekday",1,"20 to 39",">10km","car",23.64,0.55,3.85,3.85
"87547/1001",NA,87547,2642,"35-39 years","female",21,9184,"Other",126.796051025391,126.796051025391,"car",0.533333333333333,23.45,"weekday",2,"20 to 39",">10km","car",23.45,0.533333333333333,3.73333333333333,3.73333333333333
"87547/1001",NA,87547,2642,"35-39 years","female",21,9185,"Shopping",126.796051025391,126.796051025391,"car",0.2,6.21,"weekday",3,"20 to 39","6-10km","car",6.21,0.2,1.4,1.4
"87547/1001",NA,87547,2642,"35-39 years","female",21,9186,"Shopping",126.796051025391,126.796051025391,"car",0.35,6.18,"weekday",4,"20 to 39","6-10km","car",6.18,0.35,2.45,2.45
"87547/1001",NA,87547,2642,"35-39 years","female",21,9187,"Other",126.796051025391,126.796051025391,"car",0.666666666666667,23.64,"weekday",5,"20 to 39",">10km","car",23.64,0.666666666666667,4.66666666666667,4.66666666666667
"87547/1001",NA,87547,2642,"35-39 years","female",21,9188,"Other",126.796051025391,126.796051025391,"car",0.9,23.45,"weekday",6,"20 to 39",">10km","car",23.45,0.9,6.3,6.3
"87547/1001",NA,87547,2642,"35-39 years","female",21,9189,"Leisure",126.796051025391,126.796051025391,"car",0.166666666666667,6.92,"weekday",7,"20 to 39","6-10km","car",6.92,0.166666666666667,1.16666666666667,1.16666666666667
"87547/1001",NA,87547,2642,"35-39 years","female",21,9190,"Leisure",126.796051025391,126.796051025391,"car",0.233333333333333,7.05,"weekday",8,"20 to 39","6-10km","car",7.05,0.233333333333333,1.63333333333333,1.63333333333333
"87547/1002",NA,87547,2643,"15-19 years","female",21,9191,"Work",203.25634765625,203.25634765625,"car",0.55,23.64,"weekday",1,"15 to 19",">10km","car",23.64,0.55,3.85,3.85
"87547/1002",NA,87547,2643,"15-19 years","female",21,9192,"Work",203.25634765625,203.25634765625,"car",0.9,23.45,"weekday",2,"15 to 19",">10km","car",23.45,0.9,6.3,6.3
"87548/1000",NA,87548,2644,"60-64 years","male",21,9193,"Leisure",112.358879089355,112.358879089355,"car",0.0166666666666667,0.6,"weekday",1,"40 to 64","<1km","bicycle",0.6,0.0545454545454545,0.116666666666667,0.381818181818182
"87548/1000",NA,87548,2644,"60-64 years","male",21,9194,"Work",112.358879089355,112.358879089355,"car",0.416666666666667,12.76,"weekday",2,"40 to 64",">10km","car",12.76,0.416666666666667,2.91666666666667,2.91666666666667
"87548/1000",NA,87548,2644,"60-64 years","male",21,9195,"Work",112.358879089355,112.358879089355,"car",0.5,12.88,"weekday",3,"40 to 64",">10km","car",12.88,0.5,3.5,3.5
"87548/1000",NA,87548,2644,"60-64 years","male",21,9196,"Other",112.358879089355,112.358879089355,"car",0.25,6.6,"weekday",4,"40 to 64","6-10km","car",6.6,0.25,1.75,1.75
"87548/1000",NA,87548,2644,"60-64 years","male",21,9197,"Leisure",112.358879089355,112.358879089355,"car",0.25,6.55,"weekday",5,"40 to 64","6-10km","car",6.55,0.25,1.75,1.75
"87548/1000",NA,87548,2644,"60-64 years","male",21,9198,"Leisure",112.358879089355,112.358879089355,"car",0.0166666666666667,0.6,"weekday",6,"40 to 64","<1km","bicycle",0.6,0.0545454545454545,0.116666666666667,0.381818181818182
"87548/1000",NA,87548,2644,"60-64 years","male",21,9199,"Leisure",112.358879089355,112.358879089355,"walking",0.0833333333333333,0.63,"weekday",7,"40 to 64","<1km","walking",0.63,0.0833333333333333,0.583333333333333,0.583333333333333
"87548/1000",NA,87548,2644,"60-64 years","male",21,9200,"Leisure",112.358879089355,112.358879089355,"walking",0.0833333333333333,0.63,"weekday",8,"40 to 64","<1km","walking",0.63,0.0833333333333333,0.583333333333333,0.583333333333333
"87550/1000",NA,87550,2645,"60-64 years","male",21,9201,"Work",210.90705871582,210.90705871582,"car",0.166666666666667,7.86,"weekday",1,"40 to 64","6-10km","car",7.86,0.166666666666667,1.16666666666667,1.16666666666667
"87550/1000",NA,87550,2645,"60-64 years","male",21,9202,"Work",210.90705871582,210.90705871582,"car",0.25,7.13,"weekday",2,"40 to 64","6-10km","car",7.13,0.25,1.75,1.75
"87550/1001",NA,87550,2646,"35-39 years","female",21,9203,"Work",205.37922668457,205.37922668457,"walking",0.25,0.87,"weekday",1,"20 to 39","<1km","walking",0.87,0.25,1.75,1.75
"87550/1001",NA,87550,2646,"35-39 years","female",21,9204,"Work",205.37922668457,205.37922668457,"public.transport",0.533333333333333,29.61,"weekday",1,"20 to 39",">10km","public.transport",29.61,0.533333333333333,3.73333333333333,3.73333333333333
"87550/1001",NA,87550,2646,"35-39 years","female",21,9205,"Work",205.37922668457,205.37922668457,"walking",0.383333333333333,0.52,"weekday",1,"20 to 39","<1km","walking",0.52,0.383333333333333,2.68333333333333,2.68333333333333
"87550/1001",NA,87550,2646,"35-39 years","female",21,9206,"Work",205.37922668457,205.37922668457,"walking",0.25,0.52,"weekday",2,"20 to 39","<1km","walking",0.52,0.25,1.75,1.75
"87550/1001",NA,87550,2646,"35-39 years","female",21,9207,"Work",205.37922668457,205.37922668457,"public.transport",1,29.61,"weekday",2,"20 to 39",">10km","public.transport",29.61,1,7,7
"87550/1001",NA,87550,2646,"35-39 years","female",21,9208,"Work",205.37922668457,205.37922668457,"walking",0.25,0.87,"weekday",2,"20 to 39","<1km","walking",0.87,0.25,1.75,1.75
"87550/1002",NA,87550,2647,"35-39 years","female",21,9209,"Work",205.37922668457,205.37922668457,"walking",0.25,0.87,"weekday",1,"20 to 39","<1km","walking",0.87,0.25,1.75,1.75
"87550/1002",NA,87550,2647,"35-39 years","female",21,9210,"Work",205.37922668457,205.37922668457,"public.transport",0.583333333333333,26.28,"weekday",1,"20 to 39",">10km","public.transport",26.28,0.583333333333333,4.08333333333333,4.08333333333333
"87550/1002",NA,87550,2647,"35-39 years","female",21,9211,"Work",205.37922668457,205.37922668457,"walking",0.25,1.05,"weekday",1,"20 to 39","1-2km","walking",1.05,0.25,1.75,1.75
"87550/1002",NA,87550,2647,"35-39 years","female",21,9212,"Work",205.37922668457,205.37922668457,"walking",0.25,1.05,"weekday",2,"20 to 39","1-2km","walking",1.05,0.25,1.75,1.75
"87550/1002",NA,87550,2647,"35-39 years","female",21,9213,"Work",205.37922668457,205.37922668457,"public.transport",0.75,26.28,"weekday",2,"20 to 39",">10km","public.transport",26.28,0.75,5.25,5.25
"87550/1002",NA,87550,2647,"35-39 years","female",21,9214,"Work",205.37922668457,205.37922668457,"walking",0.25,0.87,"weekday",2,"20 to 39","<1km","walking",0.87,0.25,1.75,1.75
"87556/1000",NA,87556,2648,"60-64 years","female",21,9215,"Work",204.986328125,204.986328125,"car",0.5,27.51,"weekday",1,"40 to 64",">10km","car",27.51,0.5,3.5,3.5
"87556/1000",NA,87556,2648,"60-64 years","female",21,9216,"Work",204.986328125,204.986328125,"car",1,27.99,"weekday",2,"40 to 64",">10km","car",27.99,1,7,7
"87558/1000",NA,87558,2649,"25-29 years","female",21,9217,"Work",178.791854858398,178.791854858398,"walking",0.166666666666667,0.88,"weekday",1,"20 to 39","<1km","walking",0.88,0.166666666666667,1.16666666666667,1.16666666666667
"87558/1000",NA,87558,2649,"25-29 years","female",21,9218,"Work",178.791854858398,178.791854858398,"public.transport",0.783333333333333,34.86,"weekday",1,"20 to 39",">10km","public.transport",34.86,0.783333333333333,5.48333333333333,5.48333333333333
"87558/1000",NA,87558,2649,"25-29 years","female",21,9219,"Work",178.791854858398,178.791854858398,"walking",0.133333333333333,0.63,"weekday",1,"20 to 39","<1km","walking",0.63,0.133333333333333,0.933333333333333,0.933333333333333
"87558/1000",NA,87558,2649,"25-29 years","female",21,9220,"Work",178.791854858398,178.791854858398,"walking",0.116666666666667,0.63,"weekday",2,"20 to 39","<1km","walking",0.63,0.116666666666667,0.816666666666667,0.816666666666667
"87558/1000",NA,87558,2649,"25-29 years","female",21,9221,"Work",178.791854858398,178.791854858398,"public.transport",0.8,34.86,"weekday",2,"20 to 39",">10km","public.transport",34.86,0.8,5.6,5.6
"87558/1000",NA,87558,2649,"25-29 years","female",21,9222,"Work",178.791854858398,178.791854858398,"walking",0.216666666666667,0.88,"weekday",2,"20 to 39","<1km","walking",0.88,0.216666666666667,1.51666666666667,1.51666666666667
"87560/1000",NA,87560,2650,"60-64 years","female",21,9223,"Work",166.379119873047,166.379119873047,"car",0.2,5.05,"weekday",1,"40 to 64","6-10km","car",5.05,0.2,1.4,1.4
"87560/1000",NA,87560,2650,"60-64 years","female",21,9224,"Work",166.379119873047,166.379119873047,"car",0.216666666666667,4.82,"weekday",2,"40 to 64","3-5km","bicycle",4.82,0.438181818181818,1.51666666666667,3.06727272727273
"87566/1000",NA,87566,2651,"55-59 years","male",21,9225,"Work",167.802215576172,167.802215576172,"car",0.333333333333333,16.93,"weekday",1,"40 to 64",">10km","car",16.93,0.333333333333333,2.33333333333333,2.33333333333333
"87566/1000",NA,87566,2651,"55-59 years","male",21,9226,"Work",167.802215576172,167.802215576172,"car",0.333333333333333,17.68,"weekday",2,"40 to 64",">10km","car",17.68,0.333333333333333,2.33333333333333,2.33333333333333
"87567/1000",NA,87567,2652,"30-34 years","male",21,9227,"Work",139.366546630859,139.366546630859,"bicycle",0.0333333333333333,0.88,"weekday",1,"20 to 39","<1km","bicycle",0.88,0.0333333333333333,0.233333333333333,0.233333333333333
"87567/1000",NA,87567,2652,"30-34 years","male",21,9228,"Work",139.366546630859,139.366546630859,"bicycle",0.0666666666666667,0.88,"weekday",2,"20 to 39","<1km","bicycle",0.88,0.0666666666666667,0.466666666666667,0.466666666666667
"87568/1000",NA,87568,2653,"35-39 years","male",21,9229,"Other",315.360321044922,315.360321044922,"car",0.133333333333333,1.37,"weekday",1,"20 to 39","1-2km","bicycle",1.37,0.124545454545455,0.933333333333333,0.871818181818182
"87568/1000",NA,87568,2653,"35-39 years","male",21,9230,"Education",315.360321044922,315.360321044922,"car",0.15,7.44,"weekday",2,"20 to 39","6-10km","car",7.44,0.15,1.05,1.05
"87568/1000",NA,87568,2653,"35-39 years","male",21,9231,"Other",315.360321044922,315.360321044922,"car",0.166666666666667,7.49,"weekday",3,"20 to 39","6-10km","car",7.49,0.166666666666667,1.16666666666667,1.16666666666667
"87568/1000",NA,87568,2653,"35-39 years","male",21,9232,"Other",315.360321044922,315.360321044922,"car",0.116666666666667,1.47,"weekday",4,"20 to 39","1-2km","bicycle",1.47,0.133636363636364,0.816666666666667,0.935454545454545
"87568/1000",NA,87568,2653,"35-39 years","male",21,9233,"Shopping",315.360321044922,315.360321044922,"car",0.25,7.49,"weekday",5,"20 to 39","6-10km","car",7.49,0.25,1.75,1.75
"87568/1000",NA,87568,2653,"35-39 years","male",21,9234,"Shopping",315.360321044922,315.360321044922,"car",0.25,3.44,"weekday",6,"20 to 39","3-5km","bicycle",3.44,0.312727272727273,1.75,2.18909090909091
"87568/1000",NA,87568,2653,"35-39 years","male",21,9235,"Shopping",315.360321044922,315.360321044922,"car",0.166666666666667,4.76,"weekday",7,"20 to 39","3-5km","bicycle",4.76,0.432727272727273,1.16666666666667,3.02909090909091
"87568/1001",NA,87568,2654,"40-44 years","female",21,9236,"Education",315.374176025391,315.374176025391,"car",0.133333333333333,1.37,"weekday",1,"40 to 64","1-2km","bicycle",1.37,0.124545454545455,0.933333333333333,0.871818181818182
"87568/1001",NA,87568,2654,"40-44 years","female",21,9237,"Education",315.374176025391,315.374176025391,"car",0.116666666666667,1.47,"weekday",2,"40 to 64","1-2km","bicycle",1.47,0.133636363636364,0.816666666666667,0.935454545454545
"87568/1003",NA,87568,2655,"15-19 years","male",21,9239,"Education",317.808868408203,317.808868408203,"walking",0.166666666666667,1.68,"weekday",1,"15 to 19","1-2km","walking",1.68,0.166666666666667,1.16666666666667,1.16666666666667
"87568/1003",NA,87568,2655,"15-19 years","male",21,9240,"Education",317.808868408203,317.808868408203,"walking",0.166666666666667,1.68,"weekday",2,"15 to 19","1-2km","walking",1.68,0.166666666666667,1.16666666666667,1.16666666666667
"87568/1003",NA,87568,2655,"15-19 years","male",21,9241,"Leisure",317.808868408203,317.808868408203,"car",0.0833333333333333,1.68,"weekday",3,"15 to 19","1-2km","bicycle",1.68,0.152727272727273,0.583333333333333,1.06909090909091
"87568/1003",NA,87568,2655,"15-19 years","male",21,9242,"Leisure",317.808868408203,317.808868408203,"car",0.0833333333333333,1.65,"weekday",4,"15 to 19","1-2km","bicycle",1.65,0.15,0.583333333333333,1.05
"87568/1004",NA,87568,2656,"15-19 years","female",21,9243,"Education",282.893920898438,282.893920898438,"walking",0.166666666666667,1.68,"weekday",1,"15 to 19","1-2km","walking",1.68,0.166666666666667,1.16666666666667,1.16666666666667
"87568/1004",NA,87568,2656,"15-19 years","female",21,9244,"Education",282.893920898438,282.893920898438,"walking",0.166666666666667,1.68,"weekday",2,"15 to 19","1-2km","walking",1.68,0.166666666666667,1.16666666666667,1.16666666666667
"87568/1004",NA,87568,2656,"15-19 years","female",21,9245,"Leisure",282.893920898438,282.893920898438,"car",0.0833333333333333,1.68,"weekday",3,"15 to 19","1-2km","bicycle",1.68,0.152727272727273,0.583333333333333,1.06909090909091
"87568/1004",NA,87568,2656,"15-19 years","female",21,9246,"Leisure",282.893920898438,282.893920898438,"car",0.0833333333333333,1.65,"weekday",4,"15 to 19","1-2km","bicycle",1.65,0.15,0.583333333333333,1.05
"87577/1000",NA,87577,2658,"70-74 years","male",21,9248,"Leisure",152.748306274414,152.748306274414,"walking",0.75,2.01,"weekday",1,"65 plus","3-5km","walking",2.01,0.75,5.25,5.25
"87577/1000",NA,87577,2658,"70-74 years","male",21,9249,"Leisure",152.748306274414,152.748306274414,"walking",0.75,2.01,"weekday",2,"65 plus","3-5km","walking",2.01,0.75,5.25,5.25
"87579/1004",NA,87579,2659,"70-74 years","male",21,9250,"Other",123.979629516602,123.979629516602,"car",0.25,6.96,"weekday",1,"65 plus","6-10km","car",6.96,0.25,1.75,1.75
"87579/1004",NA,87579,2659,"70-74 years","male",21,9251,"Other",123.979629516602,123.979629516602,"car",0.25,6.83,"weekday",2,"65 plus","6-10km","car",6.83,0.25,1.75,1.75
"87579/1004",NA,87579,2659,"70-74 years","male",21,9252,"Leisure",123.979629516602,123.979629516602,"car",0.266666666666667,2.49,"weekday",3,"65 plus","3-5km","bicycle",2.49,0.226363636363636,1.86666666666667,1.58454545454545
"87579/1004",NA,87579,2659,"70-74 years","male",21,9253,"Leisure",123.979629516602,123.979629516602,"car",0.2,2.47,"weekday",4,"65 plus","3-5km","bicycle",2.47,0.224545454545455,1.4,1.57181818181818
"87580/1000",NA,87580,2660,"35-39 years","female",21,9254,"Other",107.431304931641,107.431304931641,"car",0.333333333333333,11.66,"weekday",1,"20 to 39",">10km","car",11.66,0.333333333333333,2.33333333333333,2.33333333333333
"87580/1000",NA,87580,2660,"35-39 years","female",21,9255,"Other",107.431304931641,107.431304931641,"car",0.416666666666667,11.7,"weekday",2,"20 to 39",">10km","car",11.7,0.416666666666667,2.91666666666667,2.91666666666667
"87580/1000",NA,87580,2660,"35-39 years","female",21,9256,"Other",107.431304931641,107.431304931641,"car",0.333333333333333,11.66,"weekday",3,"20 to 39",">10km","car",11.66,0.333333333333333,2.33333333333333,2.33333333333333
"87580/1000",NA,87580,2660,"35-39 years","female",21,9257,"Other",107.431304931641,107.431304931641,"car",0.333333333333333,11.7,"weekday",4,"20 to 39",">10km","car",11.7,0.333333333333333,2.33333333333333,2.33333333333333
"87580/1001",NA,87580,2661,"40-44 years","male",21,9258,"Work",127.498237609863,127.498237609863,"car",0.833333333333333,31.82,"weekday",1,"40 to 64",">10km","car",31.82,0.833333333333333,5.83333333333333,5.83333333333333
"87580/1001",NA,87580,2661,"40-44 years","male",21,9259,"Work",127.498237609863,127.498237609863,"car",1,32.01,"weekday",2,"40 to 64",">10km","car",32.01,1,7,7
"87582/1000",NA,87582,2662,"80-84 years","female",21,9260,"Shopping",100.898826599121,100.898826599121,"car",0.333333333333333,6.63,"weekday",1,"65 plus","6-10km","car",6.63,0.333333333333333,2.33333333333333,2.33333333333333
"87582/1000",NA,87582,2662,"80-84 years","female",21,9261,"Shopping",100.898826599121,100.898826599121,"car",0.25,7.21,"weekday",2,"65 plus","6-10km","car",7.21,0.25,1.75,1.75
"87582/1000",NA,87582,2662,"80-84 years","female",21,9262,"Shopping",100.898826599121,100.898826599121,"car",0.25,3.7,"weekday",3,"65 plus","3-5km","bicycle",3.7,0.336363636363636,1.75,2.35454545454545
"87583/1000",NA,87583,2663,"25-29 years","female",21,9263,"Shopping",131.627136230469,131.627136230469,"car",0.166666666666667,2.93,"weekday",1,"20 to 39","3-5km","bicycle",2.93,0.266363636363636,1.16666666666667,1.86454545454545
"87583/1000",NA,87583,2663,"25-29 years","female",21,9264,"Shopping",131.627136230469,131.627136230469,"car",0.166666666666667,3.35,"weekday",2,"20 to 39","3-5km","bicycle",3.35,0.304545454545455,1.16666666666667,2.13181818181818
"87583/1001",NA,87583,2664,"60-64 years","male",21,9265,"Work",136.299453735352,136.299453735352,"car",1,72.15,"weekday",1,"40 to 64",">10km","car",72.15,1,7,7
"87583/1001",NA,87583,2664,"60-64 years","male",21,9266,"Work",136.299453735352,136.299453735352,"car",1.5,72.13,"weekday",2,"40 to 64",">10km","car",72.13,1.5,10.5,10.5
"87583/1003",NA,87583,2665,"25-29 years","male",21,9267,"Work",117.837989807129,117.837989807129,"car",0.25,14.46,"weekday",1,"20 to 39",">10km","car",14.46,0.25,1.75,1.75
"87583/1003",NA,87583,2665,"25-29 years","male",21,9268,"Work",117.837989807129,117.837989807129,"car",0.416666666666667,14.45,"weekday",2,"20 to 39",">10km","car",14.45,0.416666666666667,2.91666666666667,2.91666666666667
"87584/1000",NA,87584,2666,"70-74 years","female",21,9269,"Shopping",94.8731231689453,94.8731231689453,"car",0.333333333333333,3.25,"weekday",1,"65 plus","3-5km","bicycle",3.25,0.295454545454545,2.33333333333333,2.06818181818182
"87584/1000",NA,87584,2666,"70-74 years","female",21,9270,"Shopping",94.8731231689453,94.8731231689453,"car",0.283333333333333,3.28,"weekday",2,"65 plus","3-5km","bicycle",3.28,0.298181818181818,1.98333333333333,2.08727272727273
"87586/1000",NA,87586,2667,"30-34 years","male",21,9271,"Work",94.9313201904297,94.9313201904297,"car",0.75,21.88,"weekday",1,"20 to 39",">10km","car",21.88,0.75,5.25,5.25
"87586/1000",NA,87586,2667,"30-34 years","male",21,9272,"Work",94.9313201904297,94.9313201904297,"car",0.5,21.86,"weekday",2,"20 to 39",">10km","car",21.86,0.5,3.5,3.5
"87586/1001",NA,87586,2668,"55-59 years","female",21,9273,"Work",94.9781875610352,94.9781875610352,"car",0.25,5.41,"weekday",1,"40 to 64","6-10km","car",5.41,0.25,1.75,1.75
"87586/1001",NA,87586,2668,"55-59 years","female",21,9274,"Work",94.9781875610352,94.9781875610352,"car",0.25,5.57,"weekday",2,"40 to 64","6-10km","car",5.57,0.25,1.75,1.75
"87593/1000",NA,87593,2669,"70-74 years","female",21,9275,"Leisure",74.8938827514648,74.8938827514648,"walking",0.25,1.03,"weekday",1,"65 plus","1-2km","walking",1.03,0.25,1.75,1.75
"87593/1000",NA,87593,2669,"70-74 years","female",21,9276,"Leisure",74.8938827514648,74.8938827514648,"walking",0.25,1.03,"weekday",2,"65 plus","1-2km","walking",1.03,0.25,1.75,1.75
"87594/1000",NA,87594,2670,"35-39 years","female",21,9277,"Other",69.9950256347656,69.9950256347656,"car",0.166666666666667,3.79,"weekday",1,"20 to 39","3-5km","bicycle",3.79,0.344545454545455,1.16666666666667,2.41181818181818
"87594/1000",NA,87594,2670,"35-39 years","female",21,9278,"Work",69.9950256347656,69.9950256347656,"car",0.25,20.89,"weekday",2,"20 to 39",">10km","car",20.89,0.25,1.75,1.75
"87594/1000",NA,87594,2670,"35-39 years","female",21,9279,"Work",69.9950256347656,69.9950256347656,"car",0.333333333333333,17.98,"weekday",3,"20 to 39",">10km","car",17.98,0.333333333333333,2.33333333333333,2.33333333333333
"87594/1001",NA,87594,2671,"15-19 years","female",21,9280,"Education",68.9941024780273,68.9941024780273,"car",0.166666666666667,3.79,"weekday",1,"15 to 19","3-5km","bicycle",3.79,0.344545454545455,1.16666666666667,2.41181818181818
"87594/1001",NA,87594,2671,"15-19 years","female",21,9281,"Education",68.9941024780273,68.9941024780273,"car",0.333333333333333,3.82,"weekday",2,"15 to 19","3-5km","bicycle",3.82,0.347272727272727,2.33333333333333,2.43090909090909
"87595/1000",NA,87595,2672,"60-64 years","female",21,9282,"Other",86.5198974609375,86.5198974609375,"car",0.25,4.83,"weekday",1,"40 to 64","3-5km","bicycle",4.83,0.439090909090909,1.75,3.07363636363636
"87595/1000",NA,87595,2672,"60-64 years","female",21,9283,"Other",86.5198974609375,86.5198974609375,"car",0.25,4.58,"weekday",2,"40 to 64","3-5km","bicycle",4.58,0.416363636363636,1.75,2.91454545454545
"87595/1001",NA,87595,2673,"65-69 years","male",21,9284,"Work",91.5599975585938,91.5599975585938,"car",0.333333333333333,14.45,"weekday",1,"65 plus",">10km","car",14.45,0.333333333333333,2.33333333333333,2.33333333333333
"87595/1001",NA,87595,2673,"65-69 years","male",21,9285,"Work",91.5599975585938,91.5599975585938,"car",0.333333333333333,14.41,"weekday",2,"65 plus",">10km","car",14.41,0.333333333333333,2.33333333333333,2.33333333333333
"87595/1001",NA,87595,2673,"65-69 years","male",21,9286,"Other",91.5599975585938,91.5599975585938,"car",0.25,4.83,"weekday",3,"65 plus","3-5km","bicycle",4.83,0.439090909090909,1.75,3.07363636363636
"87595/1001",NA,87595,2673,"65-69 years","male",21,9287,"Other",91.5599975585938,91.5599975585938,"car",0.25,4.58,"weekday",4,"65 plus","3-5km","bicycle",4.58,0.416363636363636,1.75,2.91454545454545
"87597/1000",NA,87597,2674,"35-39 years","male",21,9288,"Work",102.222640991211,102.222640991211,"car",0.5,18.87,"weekday",1,"20 to 39",">10km","car",18.87,0.5,3.5,3.5
"87597/1000",NA,87597,2674,"35-39 years","male",21,9289,"Work",102.222640991211,102.222640991211,"car",0.5,18.56,"weekday",2,"20 to 39",">10km","car",18.56,0.5,3.5,3.5
"87597/1000",NA,87597,2674,"35-39 years","male",21,9290,"Shopping",102.222640991211,102.222640991211,"car",0.0333333333333333,0.66,"weekday",3,"20 to 39","<1km","bicycle",0.66,0.06,0.233333333333333,0.42
"87597/1000",NA,87597,2674,"35-39 years","male",21,9291,"Shopping",102.222640991211,102.222640991211,"car",0.0333333333333333,0.66,"weekday",4,"20 to 39","<1km","bicycle",0.66,0.06,0.233333333333333,0.42
"87597/1001",NA,87597,2675,"70-74 years","male",21,9292,"Shopping",105.506164550781,105.506164550781,"car",0.166666666666667,4.94,"weekday",1,"65 plus","3-5km","bicycle",4.94,0.449090909090909,1.16666666666667,3.14363636363636
"87597/1001",NA,87597,2675,"70-74 years","male",21,9293,"Shopping",105.506164550781,105.506164550781,"car",0.166666666666667,4.86,"weekday",2,"65 plus","3-5km","bicycle",4.86,0.441818181818182,1.16666666666667,3.09272727272727
"87597/1002",NA,87597,2676,"65-69 years","female",21,9294,"Other",131.996810913086,131.996810913086,"car",0.25,3.35,"weekday",1,"65 plus","3-5km","bicycle",3.35,0.304545454545455,1.75,2.13181818181818
"87597/1002",NA,87597,2676,"65-69 years","female",21,9295,"Other",131.996810913086,131.996810913086,"car",0.333333333333333,3.35,"weekday",2,"65 plus","3-5km","bicycle",3.35,0.304545454545455,2.33333333333333,2.13181818181818
"87598/1000",NA,87598,2677,"60-64 years","male",21,9296,"Work",118.489356994629,118.489356994629,"car",0.833333333333333,25.05,"weekday",1,"40 to 64",">10km","car",25.05,0.833333333333333,5.83333333333333,5.83333333333333
"87598/1000",NA,87598,2677,"60-64 years","male",21,9297,"Work",118.489356994629,118.489356994629,"car",0.583333333333333,25.12,"weekday",2,"40 to 64",">10km","car",25.12,0.583333333333333,4.08333333333333,4.08333333333333
"87599/1000",NA,87599,2678,"35-39 years","female",21,9298,"Work",69.9950256347656,69.9950256347656,"car",0.333333333333333,3.79,"weekday",1,"20 to 39","3-5km","bicycle",3.79,0.344545454545455,2.33333333333333,2.41181818181818
"87599/1000",NA,87599,2678,"35-39 years","female",21,9299,"Work",69.9950256347656,69.9950256347656,"car",0.333333333333333,3.82,"weekday",2,"20 to 39","3-5km","bicycle",3.82,0.347272727272727,2.33333333333333,2.43090909090909
"87599/1001",NA,87599,2679,"35-39 years","male",21,9300,"Work",66.6014175415039,66.6014175415039,"car",0.333333333333333,6.91,"weekday",1,"20 to 39","6-10km","car",6.91,0.333333333333333,2.33333333333333,2.33333333333333
"87599/1001",NA,87599,2679,"35-39 years","male",21,9301,"Work",66.6014175415039,66.6014175415039,"car",0.333333333333333,6.88,"weekday",2,"20 to 39","6-10km","car",6.88,0.333333333333333,2.33333333333333,2.33333333333333
"87600/1000",NA,87600,2680,"70-74 years","male",21,9302,"Other",68.7407379150391,68.7407379150391,"car",0.25,6.56,"weekday",1,"65 plus","6-10km","car",6.56,0.25,1.75,1.75
"87600/1000",NA,87600,2680,"70-74 years","male",21,9303,"Shopping",68.7407379150391,68.7407379150391,"car",0.333333333333333,8.81,"weekday",2,"65 plus","6-10km","car",8.81,0.333333333333333,2.33333333333333,2.33333333333333
"87600/1000",NA,87600,2680,"70-74 years","male",21,9304,"Shopping",68.7407379150391,68.7407379150391,"car",0.25,5.33,"weekday",3,"65 plus","6-10km","car",5.33,0.25,1.75,1.75
"87602/1000",NA,87602,2681,"65-69 years","female",21,9305,"Leisure",86.0002593994141,86.0002593994141,"car",0.25,6.01,"weekday",1,"65 plus","6-10km","car",6.01,0.25,1.75,1.75
"87602/1000",NA,87602,2681,"65-69 years","female",21,9306,"Shopping",86.0002593994141,86.0002593994141,"car",0.25,1.9,"weekday",2,"65 plus","1-2km","bicycle",1.9,0.172727272727273,1.75,1.20909090909091
"87602/1000",NA,87602,2681,"65-69 years","female",21,9307,"Shopping",86.0002593994141,86.0002593994141,"car",0.25,4.8,"weekday",3,"65 plus","3-5km","bicycle",4.8,0.436363636363636,1.75,3.05454545454545
"87602/1000",NA,87602,2681,"65-69 years","female",21,9308,"Shopping",86.0002593994141,86.0002593994141,"car",0.166666666666667,2.64,"weekday",4,"65 plus","3-5km","bicycle",2.64,0.24,1.16666666666667,1.68
"87602/1000",NA,87602,2681,"65-69 years","female",21,9309,"Shopping",86.0002593994141,86.0002593994141,"car",0.166666666666667,2.67,"weekday",5,"65 plus","3-5km","bicycle",2.67,0.242727272727273,1.16666666666667,1.69909090909091
"87602/1000",NA,87602,2681,"65-69 years","female",21,9310,"Other",86.0002593994141,86.0002593994141,"car",0.166666666666667,8.15,"weekday",6,"65 plus","6-10km","car",8.15,0.166666666666667,1.16666666666667,1.16666666666667
"87602/1000",NA,87602,2681,"65-69 years","female",21,9311,"Other",86.0002593994141,86.0002593994141,"car",0.366666666666667,8.4,"weekday",7,"65 plus","6-10km","car",8.4,0.366666666666667,2.56666666666667,2.56666666666667
"87602/1001",NA,87602,2682,"65-69 years","male",21,9312,"Leisure",91.5599975585938,91.5599975585938,"car",0.25,6.01,"weekday",1,"65 plus","6-10km","car",6.01,0.25,1.75,1.75
"87602/1001",NA,87602,2682,"65-69 years","male",21,9313,"Shopping",91.5599975585938,91.5599975585938,"car",0.25,1.9,"weekday",2,"65 plus","1-2km","bicycle",1.9,0.172727272727273,1.75,1.20909090909091
"87602/1001",NA,87602,2682,"65-69 years","male",21,9314,"Shopping",91.5599975585938,91.5599975585938,"car",0.25,4.8,"weekday",3,"65 plus","3-5km","bicycle",4.8,0.436363636363636,1.75,3.05454545454545
"87603/1000",NA,87603,2683,"60-64 years","male",21,9315,"Work",93.5367965698242,93.5367965698242,"car",0.25,5.78,"weekday",1,"40 to 64","6-10km","car",5.78,0.25,1.75,1.75
"87603/1000",NA,87603,2683,"60-64 years","male",21,9316,"Work",93.5367965698242,93.5367965698242,"car",0.25,5.83,"weekday",2,"40 to 64","6-10km","car",5.83,0.25,1.75,1.75
"87604/1000",NA,87604,2684,"25-29 years","female",21,9317,"Leisure",90.3303756713867,90.3303756713867,"car",0.583333333333333,27.18,"weekday",1,"20 to 39",">10km","car",27.18,0.583333333333333,4.08333333333333,4.08333333333333
"87604/1000",NA,87604,2684,"25-29 years","female",21,9318,"Education",90.3303756713867,90.3303756713867,"car",0.333333333333333,10.93,"weekday",2,"20 to 39",">10km","car",10.93,0.333333333333333,2.33333333333333,2.33333333333333
"87604/1000",NA,87604,2684,"25-29 years","female",21,9319,"Education",90.3303756713867,90.3303756713867,"car",1.5,33.11,"weekday",3,"20 to 39",">10km","car",33.11,1.5,10.5,10.5
"87604/1001",NA,87604,2685,"20-24 years","male",21,9320,"Work",117.237274169922,117.237274169922,"public.transport",2.5,107.67,"weekday",1,"20 to 39",">10km","public.transport",107.67,2.5,17.5,17.5
"87604/1001",NA,87604,2685,"20-24 years","male",21,9321,"Work",117.237274169922,117.237274169922,"car",0.05,2.56,"weekday",2,"20 to 39","3-5km","bicycle",2.56,0.232727272727273,0.35,1.62909090909091
"87606/1000",NA,87606,2686,"30-34 years","male",21,9322,"Work",94.9313201904297,94.9313201904297,"car",0.25,5.41,"weekday",1,"20 to 39","6-10km","car",5.41,0.25,1.75,1.75
"87606/1000",NA,87606,2686,"30-34 years","male",21,9323,"Work",94.9313201904297,94.9313201904297,"car",0.25,5.57,"weekday",2,"20 to 39","6-10km","car",5.57,0.25,1.75,1.75
"87607/1000",NA,87607,2687,"50-54 years","male",21,9324,"Work",111.144454956055,111.144454956055,"bicycle",0.366666666666667,6.87,"weekday",1,"40 to 64","6-10km","bicycle",6.87,0.366666666666667,2.56666666666667,2.56666666666667
"87607/1000",NA,87607,2687,"50-54 years","male",21,9325,"Work",111.144454956055,111.144454956055,"public.transport",0.666666666666667,24.32,"weekday",1,"40 to 64",">10km","public.transport",24.32,0.666666666666667,4.66666666666667,4.66666666666667
"87607/1000",NA,87607,2687,"50-54 years","male",21,9326,"Work",111.144454956055,111.144454956055,"walking",0.333333333333333,1.92,"weekday",1,"40 to 64","1-2km","walking",1.92,0.333333333333333,2.33333333333333,2.33333333333333
"87607/1000",NA,87607,2687,"50-54 years","male",21,9327,"Work",111.144454956055,111.144454956055,"walking",0.166666666666667,0.78,"weekday",2,"40 to 64","<1km","walking",0.78,0.166666666666667,1.16666666666667,1.16666666666667
"87607/1000",NA,87607,2687,"50-54 years","male",21,9328,"Work",111.144454956055,111.144454956055,"public.transport",0.833333333333333,27.79,"weekday",2,"40 to 64",">10km","public.transport",27.79,0.833333333333333,5.83333333333333,5.83333333333333
"87607/1000",NA,87607,2687,"50-54 years","male",21,9329,"Work",111.144454956055,111.144454956055,"bicycle",0.333333333333333,6.87,"weekday",2,"40 to 64","6-10km","bicycle",6.87,0.333333333333333,2.33333333333333,2.33333333333333
"87607/1001",NA,87607,2688,"50-54 years","female",21,9330,"Other",100.969757080078,100.969757080078,"car",0.166666666666667,3.77,"weekday",1,"40 to 64","3-5km","bicycle",3.77,0.342727272727273,1.16666666666667,2.39909090909091
"87607/1001",NA,87607,2688,"50-54 years","female",21,9331,"Other",100.969757080078,100.969757080078,"car",0.166666666666667,3.63,"weekday",2,"40 to 64","3-5km","bicycle",3.63,0.33,1.16666666666667,2.31
"87607/1001",NA,87607,2688,"50-54 years","female",21,9332,"Shopping",100.969757080078,100.969757080078,"car",0.166666666666667,6.46,"weekday",3,"40 to 64","6-10km","car",6.46,0.166666666666667,1.16666666666667,1.16666666666667
"87607/1001",NA,87607,2688,"50-54 years","female",21,9333,"Shopping",100.969757080078,100.969757080078,"car",0.25,6.01,"weekday",4,"40 to 64","6-10km","car",6.01,0.25,1.75,1.75
"87607/1001",NA,87607,2688,"50-54 years","female",21,9334,"Other",100.969757080078,100.969757080078,"car",0.166666666666667,3.77,"weekday",5,"40 to 64","3-5km","bicycle",3.77,0.342727272727273,1.16666666666667,2.39909090909091
"87607/1001",NA,87607,2688,"50-54 years","female",21,9335,"Other",100.969757080078,100.969757080078,"car",0.25,3.63,"weekday",6,"40 to 64","3-5km","bicycle",3.63,0.33,1.75,2.31
"87607/1002",NA,87607,2689,"15-19 years","female",21,9336,"Education",100.53645324707,100.53645324707,"bicycle",0.166666666666667,1.62,"weekday",1,"15 to 19","1-2km","bicycle",1.62,0.166666666666667,1.16666666666667,1.16666666666667
"87607/1002",NA,87607,2689,"15-19 years","female",21,9337,"Education",100.53645324707,100.53645324707,"bicycle",0.166666666666667,1.62,"weekday",2,"15 to 19","1-2km","bicycle",1.62,0.166666666666667,1.16666666666667,1.16666666666667
"87608/1001",NA,87608,2690,"35-39 years","female",21,9338,"Other",136.559432983398,136.559432983398,"car",0.0833333333333333,1.41,"weekday",1,"20 to 39","1-2km","bicycle",1.41,0.128181818181818,0.583333333333333,0.897272727272727
"87608/1001",NA,87608,2690,"35-39 years","female",21,9339,"Other",136.559432983398,136.559432983398,"car",0.0833333333333333,1.07,"weekday",2,"20 to 39","1-2km","bicycle",1.07,0.0972727272727273,0.583333333333333,0.680909090909091
"87608/1001",NA,87608,2690,"35-39 years","female",21,9340,"Work",136.559432983398,136.559432983398,"car",0.25,7.74,"weekday",3,"20 to 39","6-10km","car",7.74,0.25,1.75,1.75
"87608/1001",NA,87608,2690,"35-39 years","female",21,9341,"Work",136.559432983398,136.559432983398,"car",0.25,6.42,"weekday",4,"20 to 39","6-10km","car",6.42,0.25,1.75,1.75
"87608/1004",NA,87608,2691,"35-39 years","male",21,9342,"Work",129.938522338867,129.938522338867,"car",0.75,26.77,"weekday",1,"20 to 39",">10km","car",26.77,0.75,5.25,5.25
"87608/1004",NA,87608,2691,"35-39 years","male",21,9343,"Work",129.938522338867,129.938522338867,"car",0.75,26.79,"weekday",2,"20 to 39",">10km","car",26.79,0.75,5.25,5.25
"87701/1000",NA,87701,2692,"25-29 years","male",21,9344,"Work",564.866821289062,564.866821289062,"car",1.33333333333333,68.49,"weekday",1,"20 to 39",">10km","car",68.49,1.33333333333333,9.33333333333333,9.33333333333333
"87701/1000",NA,87701,2692,"25-29 years","male",21,9345,"Work",564.866821289062,564.866821289062,"car",1.25,67.92,"weekday",2,"20 to 39",">10km","car",67.92,1.25,8.75,8.75
"87702/1000",NA,87702,2693,"60-64 years","female",21,9346,"Work",156.893493652344,156.893493652344,"car",2.25,69.82,"weekday",1,"40 to 64",">10km","car",69.82,2.25,15.75,15.75
"87702/1000",NA,87702,2693,"60-64 years","female",21,9347,"Work",156.893493652344,156.893493652344,"car",1.5,70.03,"weekday",2,"40 to 64",">10km","car",70.03,1.5,10.5,10.5
"87703/1001",NA,87703,2694,"30-34 years","female",21,9348,"Other",540.867980957031,540.867980957031,"car",0.1,7.94,"weekday",1,"20 to 39","6-10km","car",7.94,0.1,0.7,0.7
"87703/1001",NA,87703,2694,"30-34 years","female",21,9349,"Other",540.867980957031,540.867980957031,"car",0.166666666666667,8.15,"weekday",2,"20 to 39","6-10km","car",8.15,0.166666666666667,1.16666666666667,1.16666666666667
"87703/1001",NA,87703,2694,"30-34 years","female",21,9350,"Shopping",540.867980957031,540.867980957031,"car",0.0833333333333333,2.44,"weekday",3,"20 to 39","3-5km","bicycle",2.44,0.221818181818182,0.583333333333333,1.55272727272727
"87703/1001",NA,87703,2694,"30-34 years","female",21,9351,"Shopping",540.867980957031,540.867980957031,"car",0.0833333333333333,2.44,"weekday",4,"20 to 39","3-5km","bicycle",2.44,0.221818181818182,0.583333333333333,1.55272727272727
"87703/1001",NA,87703,2694,"30-34 years","female",21,9352,"Other",540.867980957031,540.867980957031,"car",0.166666666666667,7.94,"weekday",5,"20 to 39","6-10km","car",7.94,0.166666666666667,1.16666666666667,1.16666666666667
"87703/1001",NA,87703,2694,"30-34 years","female",21,9353,"Other",540.867980957031,540.867980957031,"car",0.1,8.15,"weekday",6,"20 to 39","6-10km","car",8.15,0.1,0.7,0.7
"87708/1000",NA,87708,2695,"75-79 years","female",21,9354,"Leisure",231.745056152344,231.745056152344,"car",0.0833333333333333,2.7,"weekday",1,"65 plus","3-5km","bicycle",2.7,0.245454545454545,0.583333333333333,1.71818181818182
"87708/1000",NA,87708,2695,"75-79 years","female",21,9355,"Shopping",231.745056152344,231.745056152344,"car",0.05,0.62,"weekday",2,"65 plus","<1km","bicycle",0.62,0.0563636363636364,0.35,0.394545454545455
"87708/1000",NA,87708,2695,"75-79 years","female",21,9356,"Shopping",231.745056152344,231.745056152344,"car",0.0833333333333333,2.25,"weekday",3,"65 plus","3-5km","bicycle",2.25,0.204545454545455,0.583333333333333,1.43181818181818
"87708/1000",NA,87708,2695,"75-79 years","female",21,9357,"Other",231.745056152344,231.745056152344,"car",0.116666666666667,2.7,"weekday",4,"65 plus","3-5km","bicycle",2.7,0.245454545454545,0.816666666666667,1.71818181818182
"87708/1000",NA,87708,2695,"75-79 years","female",21,9358,"Other",231.745056152344,231.745056152344,"car",0.116666666666667,2.55,"weekday",5,"65 plus","3-5km","bicycle",2.55,0.231818181818182,0.816666666666667,1.62272727272727
"87709/1000",NA,87709,2696,"40-44 years","female",21,9359,"Other",594.987426757812,594.987426757812,"car",0.166666666666667,7.26,"weekday",1,"40 to 64","6-10km","car",7.26,0.166666666666667,1.16666666666667,1.16666666666667
"87709/1000",NA,87709,2696,"40-44 years","female",21,9360,"Work",594.987426757812,594.987426757812,"car",0.75,30.32,"weekday",2,"40 to 64",">10km","car",30.32,0.75,5.25,5.25
"87709/1000",NA,87709,2696,"40-44 years","female",21,9361,"Work",594.987426757812,594.987426757812,"car",0.95,36.78,"weekday",3,"40 to 64",">10km","car",36.78,0.95,6.65,6.65
"87709/1001",NA,87709,2697,"40-44 years","male",21,9362,"Work",500.453094482422,500.453094482422,"car",0.2,8.75,"weekday",1,"40 to 64","6-10km","car",8.75,0.2,1.4,1.4
"87709/1001",NA,87709,2697,"40-44 years","male",21,9363,"Other",500.453094482422,500.453094482422,"car",0.2,6.51,"weekday",2,"40 to 64","6-10km","car",6.51,0.2,1.4,1.4
"87709/1001",NA,87709,2697,"40-44 years","male",21,9364,"Other",500.453094482422,500.453094482422,"car",0.25,7.66,"weekday",3,"40 to 64","6-10km","car",7.66,0.25,1.75,1.75
"87709/1002",NA,87709,2698,"15-19 years","male",21,9365,"Education",431.189636230469,431.189636230469,"walking",0.0833333333333333,0.24,"weekday",1,"15 to 19","<1km","walking",0.24,0.0833333333333333,0.583333333333333,0.583333333333333
"87709/1002",NA,87709,2698,"15-19 years","male",21,9366,"Education",431.189636230469,431.189636230469,"public.transport",0.65,27.33,"weekday",1,"15 to 19",">10km","public.transport",27.33,0.65,4.55,4.55
"87709/1002",NA,87709,2698,"15-19 years","male",21,9367,"Education",431.189636230469,431.189636230469,"walking",0.0333333333333333,0.52,"weekday",1,"15 to 19","<1km","walking",0.52,0.0333333333333333,0.233333333333333,0.233333333333333
"87709/1002",NA,87709,2698,"15-19 years","male",21,9368,"Education",431.189636230469,431.189636230469,"walking",0.0333333333333333,0.52,"weekday",2,"15 to 19","<1km","walking",0.52,0.0333333333333333,0.233333333333333,0.233333333333333
"87709/1002",NA,87709,2698,"15-19 years","male",21,9369,"Education",431.189636230469,431.189636230469,"public.transport",1,26.68,"weekday",2,"15 to 19",">10km","public.transport",26.68,1,7,7
"87709/1002",NA,87709,2698,"15-19 years","male",21,9370,"Education",431.189636230469,431.189636230469,"walking",0.0666666666666667,0.24,"weekday",2,"15 to 19","<1km","walking",0.24,0.0666666666666667,0.466666666666667,0.466666666666667
"87711/1000",NA,87711,2699,"90-94 years","female",21,9371,"Shopping",409.778869628906,409.778869628906,"car",0.25,7.8,"weekday",1,"65 plus","6-10km","car",7.8,0.25,1.75,1.75
"87711/1000",NA,87711,2699,"90-94 years","female",21,9372,"Shopping",409.778869628906,409.778869628906,"car",0.25,8.45,"weekday",2,"65 plus","6-10km","car",8.45,0.25,1.75,1.75
"87712/1000",NA,87712,2700,"70-74 years","male",21,9373,"Leisure",152.162673950195,152.162673950195,"car",3,175.55,"weekday",1,"65 plus",">10km","car",175.55,3,21,21
"87712/1000",NA,87712,2700,"70-74 years","male",21,9374,"Leisure",152.162673950195,152.162673950195,"car",2.75,176.04,"weekday",2,"65 plus",">10km","car",176.04,2.75,19.25,19.25
"87712/1000",NA,87712,2700,"70-74 years","male",21,9375,"Shopping",152.162673950195,152.162673950195,"car",0.166666666666667,4.76,"weekday",3,"65 plus","3-5km","bicycle",4.76,0.432727272727273,1.16666666666667,3.02909090909091
"87712/1000",NA,87712,2700,"70-74 years","male",21,9376,"Shopping",152.162673950195,152.162673950195,"car",0.166666666666667,5.28,"weekday",4,"65 plus","6-10km","car",5.28,0.166666666666667,1.16666666666667,1.16666666666667
"87712/1001",NA,87712,2701,"65-69 years","female",21,9377,"Leisure",158.535507202148,158.535507202148,"car",3,175.55,"weekday",1,"65 plus",">10km","car",175.55,3,21,21
"87712/1001",NA,87712,2701,"65-69 years","female",21,9378,"Leisure",158.535507202148,158.535507202148,"car",2.75,176.04,"weekday",2,"65 plus",">10km","car",176.04,2.75,19.25,19.25
"87712/1001",NA,87712,2701,"65-69 years","female",21,9379,"Other",158.535507202148,158.535507202148,"car",0.166666666666667,4.76,"weekday",3,"65 plus","3-5km","bicycle",4.76,0.432727272727273,1.16666666666667,3.02909090909091
"87712/1001",NA,87712,2701,"65-69 years","female",21,9380,"Other",158.535507202148,158.535507202148,"car",0.166666666666667,5.28,"weekday",4,"65 plus","6-10km","car",5.28,0.166666666666667,1.16666666666667,1.16666666666667
"87714/1000",NA,87714,2702,"70-74 years","male",21,9381,"Shopping",152.162673950195,152.162673950195,"car",0.75,48.69,"weekday",1,"65 plus",">10km","car",48.69,0.75,5.25,5.25
"87714/1000",NA,87714,2702,"70-74 years","male",21,9382,"Other",152.162673950195,152.162673950195,"walking",0.333333333333333,0.99,"weekday",2,"65 plus","<1km","walking",0.99,0.333333333333333,2.33333333333333,2.33333333333333
"87714/1000",NA,87714,2702,"70-74 years","male",21,9383,"Other",152.162673950195,152.162673950195,"walking",0.133333333333333,0.99,"weekday",3,"65 plus","<1km","walking",0.99,0.133333333333333,0.933333333333333,0.933333333333333
"87714/1000",NA,87714,2702,"70-74 years","male",21,9384,"Other",152.162673950195,152.162673950195,"car",0.75,49.34,"weekday",3,"65 plus",">10km","car",49.34,0.75,5.25,5.25
"87714/1000",NA,87714,2702,"70-74 years","male",21,9385,"Shopping",152.162673950195,152.162673950195,"car",0.166666666666667,4.69,"weekday",4,"65 plus","3-5km","bicycle",4.69,0.426363636363636,1.16666666666667,2.98454545454545
"87714/1000",NA,87714,2702,"70-74 years","male",21,9386,"Shopping",152.162673950195,152.162673950195,"car",0.166666666666667,4.73,"weekday",5,"65 plus","3-5km","bicycle",4.73,0.43,1.16666666666667,3.01
"87714/1001",NA,87714,2703,"75-79 years","female",21,9387,"Other",181.604446411133,181.604446411133,"car",0.75,48.69,"weekday",1,"65 plus",">10km","car",48.69,0.75,5.25,5.25
"87714/1001",NA,87714,2703,"75-79 years","female",21,9388,"Other",181.604446411133,181.604446411133,"walking",0.333333333333333,0.99,"weekday",2,"65 plus","<1km","walking",0.99,0.333333333333333,2.33333333333333,2.33333333333333
"87714/1001",NA,87714,2703,"75-79 years","female",21,9389,"Other",181.604446411133,181.604446411133,"walking",0.133333333333333,0.99,"weekday",3,"65 plus","<1km","walking",0.99,0.133333333333333,0.933333333333333,0.933333333333333
"87714/1001",NA,87714,2703,"75-79 years","female",21,9390,"Other",181.604446411133,181.604446411133,"car",0.75,49.34,"weekday",4,"65 plus",">10km","car",49.34,0.75,5.25,5.25
"87714/1001",NA,87714,2703,"75-79 years","female",21,9391,"Other",181.604446411133,181.604446411133,"car",0.5,28.93,"weekday",5,"65 plus",">10km","car",28.93,0.5,3.5,3.5
"87714/1001",NA,87714,2703,"75-79 years","female",21,9392,"Other",181.604446411133,181.604446411133,"car",0.5,28.84,"weekday",6,"65 plus",">10km","car",28.84,0.5,3.5,3.5
"87715/1000",NA,87715,2704,"60-64 years","male",21,9393,"Other",182.576873779297,182.576873779297,"car",0.416666666666667,7.1,"weekday",1,"40 to 64","6-10km","car",7.1,0.416666666666667,2.91666666666667,2.91666666666667
"87715/1000",NA,87715,2704,"60-64 years","male",21,9394,"Other",182.576873779297,182.576873779297,"car",0.333333333333333,7.38,"weekday",2,"40 to 64","6-10km","car",7.38,0.333333333333333,2.33333333333333,2.33333333333333
"87715/1000",NA,87715,2704,"60-64 years","male",21,9395,"Leisure",182.576873779297,182.576873779297,"car",0.25,8.35,"weekday",3,"40 to 64","6-10km","car",8.35,0.25,1.75,1.75
"87715/1000",NA,87715,2704,"60-64 years","male",21,9396,"Leisure",182.576873779297,182.576873779297,"car",0.25,8.7,"weekday",4,"40 to 64","6-10km","car",8.7,0.25,1.75,1.75
"87716/1000",NA,87716,2705,"60-64 years","female",21,9397,"Work",200.211456298828,200.211456298828,"car",1,41.17,"weekday",1,"40 to 64",">10km","car",41.17,1,7,7
"87716/1000",NA,87716,2705,"60-64 years","female",21,9398,"Work",200.211456298828,200.211456298828,"car",0.833333333333333,42.05,"weekday",2,"40 to 64",">10km","car",42.05,0.833333333333333,5.83333333333333,5.83333333333333
"87717/1000",NA,87717,2706,"40-44 years","female",21,9399,"Other",336.650360107422,336.650360107422,"car",0.166666666666667,7.99,"weekday",1,"40 to 64","6-10km","car",7.99,0.166666666666667,1.16666666666667,1.16666666666667
"87717/1000",NA,87717,2706,"40-44 years","female",21,9400,"Work",336.650360107422,336.650360107422,"car",0.5,24.29,"weekday",2,"40 to 64",">10km","car",24.29,0.5,3.5,3.5
"87717/1000",NA,87717,2706,"40-44 years","female",21,9401,"Other",336.650360107422,336.650360107422,"car",0.5,24.82,"weekday",3,"40 to 64",">10km","car",24.82,0.5,3.5,3.5
"87717/1000",NA,87717,2706,"40-44 years","female",21,9402,"Other",336.650360107422,336.650360107422,"car",0.216666666666667,8.19,"weekday",4,"40 to 64","6-10km","car",8.19,0.216666666666667,1.51666666666667,1.51666666666667
"87717/1001",NA,87717,2707,"15-19 years","male",21,9403,"Education",243.971801757812,243.971801757812,"walking",0.0833333333333333,0.5,"weekday",1,"15 to 19","<1km","walking",0.5,0.0833333333333333,0.583333333333333,0.583333333333333
"87717/1001",NA,87717,2707,"15-19 years","male",21,9404,"Education",243.971801757812,243.971801757812,"public.transport",0.333333333333333,8.26,"weekday",1,"15 to 19","6-10km","public.transport",8.26,0.333333333333333,2.33333333333333,2.33333333333333
"87717/1001",NA,87717,2707,"15-19 years","male",21,9405,"Education",243.971801757812,243.971801757812,"walking",0.116666666666667,0.03,"weekday",1,"15 to 19","<1km","walking",0.03,0.116666666666667,0.816666666666667,0.816666666666667
"87717/1001",NA,87717,2707,"15-19 years","male",21,9406,"Education",243.971801757812,243.971801757812,"walking",0.666666666666667,7.89,"weekday",2,"15 to 19","6-10km","walking",7.89,0.666666666666667,4.66666666666667,4.66666666666667
"87720/1000",NA,87720,2708,"45-49 years","female",21,9407,"Other",402.263244628906,402.263244628906,"car",0.666666666666667,26.93,"weekday",1,"40 to 64",">10km","car",26.93,0.666666666666667,4.66666666666667,4.66666666666667
"87720/1000",NA,87720,2708,"45-49 years","female",21,9408,"Other",402.263244628906,402.263244628906,"car",0.833333333333333,26.72,"weekday",2,"40 to 64",">10km","car",26.72,0.833333333333333,5.83333333333333,5.83333333333333
"87720/1000",NA,87720,2708,"45-49 years","female",21,9409,"Other",402.263244628906,402.263244628906,"car",0.75,26.93,"weekday",3,"40 to 64",">10km","car",26.93,0.75,5.25,5.25
"87720/1000",NA,87720,2708,"45-49 years","female",21,9410,"Other",402.263244628906,402.263244628906,"car",0.833333333333333,26.72,"weekday",4,"40 to 64",">10km","car",26.72,0.833333333333333,5.83333333333333,5.83333333333333
"87720/1001",NA,87720,2709,"45-49 years","male",21,9411,"Work",412.569610595703,412.569610595703,"car",0.333333333333333,2.32,"weekday",1,"40 to 64","3-5km","bicycle",2.32,0.210909090909091,2.33333333333333,1.47636363636364
"87720/1001",NA,87720,2709,"45-49 years","male",21,9412,"Work",412.569610595703,412.569610595703,"car",0.333333333333333,2.32,"weekday",2,"40 to 64","3-5km","bicycle",2.32,0.210909090909091,2.33333333333333,1.47636363636364
"87720/1002",NA,87720,2710,"15-19 years","female",21,9413,"Education",424.069610595703,424.069610595703,"car",0.666666666666667,26.93,"weekday",1,"15 to 19",">10km","car",26.93,0.666666666666667,4.66666666666667,4.66666666666667
"87720/1002",NA,87720,2710,"15-19 years","female",21,9414,"Education",424.069610595703,424.069610595703,"car",0.833333333333333,26.72,"weekday",2,"15 to 19",">10km","car",26.72,0.833333333333333,5.83333333333333,5.83333333333333
"87721/1000",NA,87721,2711,"60-64 years","male",21,9415,"Work",143.074340820312,143.074340820312,"car",0.133333333333333,7.69,"weekday",1,"40 to 64","6-10km","car",7.69,0.133333333333333,0.933333333333333,0.933333333333333
"87721/1000",NA,87721,2711,"60-64 years","male",21,9416,"Work",143.074340820312,143.074340820312,"car",0.133333333333333,8.34,"weekday",2,"40 to 64","6-10km","car",8.34,0.133333333333333,0.933333333333333,0.933333333333333
"87721/1001",NA,87721,2712,"55-59 years","female",21,9417,"Work",179.280990600586,179.280990600586,"car",0.133333333333333,7.69,"weekday",1,"40 to 64","6-10km","car",7.69,0.133333333333333,0.933333333333333,0.933333333333333
"87721/1001",NA,87721,2712,"55-59 years","female",21,9418,"Work",179.280990600586,179.280990600586,"car",0.133333333333333,8.34,"weekday",2,"40 to 64","6-10km","car",8.34,0.133333333333333,0.933333333333333,0.933333333333333
"87722/1000",NA,87722,2713,"50-54 years","male",21,9419,"Work",184.872970581055,184.872970581055,"car",1,75.63,"weekday",1,"40 to 64",">10km","car",75.63,1,7,7
"87722/1000",NA,87722,2713,"50-54 years","male",21,9420,"Work",184.872970581055,184.872970581055,"car",1.16666666666667,73.87,"weekday",2,"40 to 64",">10km","car",73.87,1.16666666666667,8.16666666666667,8.16666666666667
"87723/1000",NA,87723,2714,"60-64 years","female",21,9422,"Shopping",200.211456298828,200.211456298828,"car",0.0833333333333333,2.56,"weekday",2,"40 to 64","3-5km","bicycle",2.56,0.232727272727273,0.583333333333333,1.62909090909091
"87723/1000",NA,87723,2714,"60-64 years","female",21,9423,"Shopping",200.211456298828,200.211456298828,"car",0.0833333333333333,2.14,"weekday",3,"40 to 64","3-5km","bicycle",2.14,0.194545454545455,0.583333333333333,1.36181818181818
"87727/1000",NA,87727,2715,"70-74 years","female",21,9424,"Leisure",218.71923828125,218.71923828125,"walking",0.0833333333333333,0.73,"weekday",1,"65 plus","<1km","walking",0.73,0.0833333333333333,0.583333333333333,0.583333333333333
"87727/1000",NA,87727,2715,"70-74 years","female",21,9425,"Leisure",218.71923828125,218.71923828125,"walking",0.0833333333333333,0.73,"weekday",2,"65 plus","<1km","walking",0.73,0.0833333333333333,0.583333333333333,0.583333333333333
"87727/1000",NA,87727,2715,"70-74 years","female",21,9426,"Other",218.71923828125,218.71923828125,"car",0.25,11.05,"weekday",3,"65 plus",">10km","car",11.05,0.25,1.75,1.75
"87727/1000",NA,87727,2715,"70-74 years","female",21,9427,"Other",218.71923828125,218.71923828125,"car",0.166666666666667,11.12,"weekday",4,"65 plus",">10km","car",11.12,0.166666666666667,1.16666666666667,1.16666666666667
"87727/1000",NA,87727,2715,"70-74 years","female",21,9428,"Leisure",218.71923828125,218.71923828125,"car",0.0833333333333333,2.29,"weekday",5,"65 plus","3-5km","bicycle",2.29,0.208181818181818,0.583333333333333,1.45727272727273
"87727/1000",NA,87727,2715,"70-74 years","female",21,9430,"Leisure",218.71923828125,218.71923828125,"car",0.0833333333333333,2.36,"weekday",7,"65 plus","3-5km","bicycle",2.36,0.214545454545455,0.583333333333333,1.50181818181818
"87728/1000",NA,87728,2716,"65-69 years","male",21,9431,"Other",241.350006103516,241.350006103516,"car",0.583333333333333,29.8,"weekday",1,"65 plus",">10km","car",29.8,0.583333333333333,4.08333333333333,4.08333333333333
"87728/1000",NA,87728,2716,"65-69 years","male",21,9432,"Other",241.350006103516,241.350006103516,"car",0.55,29.85,"weekday",2,"65 plus",">10km","car",29.85,0.55,3.85,3.85
"87728/1000",NA,87728,2716,"65-69 years","male",21,9433,"Other",241.350006103516,241.350006103516,"car",0.5,29.8,"weekday",3,"65 plus",">10km","car",29.8,0.5,3.5,3.5
"87728/1000",NA,87728,2716,"65-69 years","male",21,9434,"Other",241.350006103516,241.350006103516,"car",0.666666666666667,29.85,"weekday",4,"65 plus",">10km","car",29.85,0.666666666666667,4.66666666666667,4.66666666666667
"87728/1002",NA,87728,2717,"15-19 years","female",21,9435,"Education",310.010620117188,310.010620117188,"car",0.583333333333333,29.8,"weekday",1,"15 to 19",">10km","car",29.8,0.583333333333333,4.08333333333333,4.08333333333333
"87728/1002",NA,87728,2717,"15-19 years","female",21,9436,"Education",310.010620117188,310.010620117188,"public.transport",1,50.92,"weekday",1,"15 to 19",">10km","public.transport",50.92,1,7,7
"87728/1002",NA,87728,2717,"15-19 years","female",21,9437,"Education",310.010620117188,310.010620117188,"walking",0.0333333333333333,0.18,"weekday",1,"15 to 19","<1km","walking",0.18,0.0333333333333333,0.233333333333333,0.233333333333333
"87728/1002",NA,87728,2717,"15-19 years","female",21,9438,"Education",310.010620117188,310.010620117188,"public.transport",0.25,2.79,"weekday",1,"15 to 19","3-5km","public.transport",2.79,0.25,1.75,1.75
"87728/1002",NA,87728,2717,"15-19 years","female",21,9439,"Education",310.010620117188,310.010620117188,"walking",0.166666666666667,0.3,"weekday",1,"15 to 19","<1km","walking",0.3,0.166666666666667,1.16666666666667,1.16666666666667
"87728/1002",NA,87728,2717,"15-19 years","female",21,9440,"Education",310.010620117188,310.010620117188,"walking",0.166666666666667,0.3,"weekday",2,"15 to 19","<1km","walking",0.3,0.166666666666667,1.16666666666667,1.16666666666667
"87728/1002",NA,87728,2717,"15-19 years","female",21,9441,"Education",310.010620117188,310.010620117188,"public.transport",0.216666666666667,2.95,"weekday",2,"15 to 19","3-5km","public.transport",2.95,0.216666666666667,1.51666666666667,1.51666666666667
"87728/1002",NA,87728,2717,"15-19 years","female",21,9442,"Education",310.010620117188,310.010620117188,"walking",0.0333333333333333,0.18,"weekday",2,"15 to 19","<1km","walking",0.18,0.0333333333333333,0.233333333333333,0.233333333333333
"87728/1002",NA,87728,2717,"15-19 years","female",21,9443,"Education",310.010620117188,310.010620117188,"public.transport",0.983333333333333,50.92,"weekday",2,"15 to 19",">10km","public.transport",50.92,0.983333333333333,6.88333333333333,6.88333333333333
"87728/1002",NA,87728,2717,"15-19 years","female",21,9444,"Education",310.010620117188,310.010620117188,"car",0.666666666666667,29.85,"weekday",2,"15 to 19",">10km","car",29.85,0.666666666666667,4.66666666666667,4.66666666666667
"87730/1000",NA,87730,2718,"50-54 years","female",21,9445,"Other",545.808776855469,545.808776855469,"car",0.25,4,"weekday",1,"40 to 64","3-5km","bicycle",4,0.363636363636364,1.75,2.54545454545455
"87730/1000",NA,87730,2718,"50-54 years","female",21,9446,"Other",545.808776855469,545.808776855469,"car",0.25,3.21,"weekday",2,"40 to 64","3-5km","bicycle",3.21,0.291818181818182,1.75,2.04272727272727
"87730/1000",NA,87730,2718,"50-54 years","female",21,9447,"Other",545.808776855469,545.808776855469,"car",0.25,2.56,"weekday",3,"40 to 64","3-5km","bicycle",2.56,0.232727272727273,1.75,1.62909090909091
"87730/1000",NA,87730,2718,"50-54 years","female",21,9448,"Other",545.808776855469,545.808776855469,"car",0.25,4.38,"weekday",4,"40 to 64","3-5km","bicycle",4.38,0.398181818181818,1.75,2.78727272727273
"87730/1000",NA,87730,2718,"50-54 years","female",21,9449,"Other",545.808776855469,545.808776855469,"car",0.25,4.58,"weekday",5,"40 to 64","3-5km","bicycle",4.58,0.416363636363636,1.75,2.91454545454545
"87730/1000",NA,87730,2718,"50-54 years","female",21,9450,"Other",545.808776855469,545.808776855469,"car",0.25,4.57,"weekday",6,"40 to 64","3-5km","bicycle",4.57,0.415454545454545,1.75,2.90818181818182
"87730/1000",NA,87730,2718,"50-54 years","female",21,9451,"Other",545.808776855469,545.808776855469,"car",0.25,4.58,"weekday",7,"40 to 64","3-5km","bicycle",4.58,0.416363636363636,1.75,2.91454545454545
"87730/1000",NA,87730,2718,"50-54 years","female",21,9452,"Other",545.808776855469,545.808776855469,"car",0.25,4.57,"weekday",8,"40 to 64","3-5km","bicycle",4.57,0.415454545454545,1.75,2.90818181818182
"87730/1001",NA,87730,2719,"50-54 years","male",21,9453,"Work",549.466125488281,549.466125488281,"car",0.333333333333333,8.22,"weekday",1,"40 to 64","6-10km","car",8.22,0.333333333333333,2.33333333333333,2.33333333333333
"87730/1001",NA,87730,2719,"50-54 years","male",21,9454,"Work",549.466125488281,549.466125488281,"car",0.333333333333333,8.21,"weekday",2,"40 to 64","6-10km","car",8.21,0.333333333333333,2.33333333333333,2.33333333333333
"87730/1001",NA,87730,2719,"50-54 years","male",21,9455,"Work",549.466125488281,549.466125488281,"car",0.333333333333333,8.22,"weekday",3,"40 to 64","6-10km","car",8.22,0.333333333333333,2.33333333333333,2.33333333333333
"87730/1001",NA,87730,2719,"50-54 years","male",21,9456,"Work",549.466125488281,549.466125488281,"car",0.333333333333333,8.21,"weekday",4,"40 to 64","6-10km","car",8.21,0.333333333333333,2.33333333333333,2.33333333333333
"87730/1002",NA,87730,2720,"15-19 years","male",21,9457,"Other",609.817321777344,609.817321777344,"car",0.25,4,"weekday",1,"15 to 19","3-5km","bicycle",4,0.363636363636364,1.75,2.54545454545455
"87730/1002",NA,87730,2720,"15-19 years","male",21,9458,"Other",609.817321777344,609.817321777344,"car",0.25,4.38,"weekday",2,"15 to 19","3-5km","bicycle",4.38,0.398181818181818,1.75,2.78727272727273
"87730/1002",NA,87730,2720,"15-19 years","male",21,9459,"Education",609.817321777344,609.817321777344,"car",0.25,4.58,"weekday",3,"15 to 19","3-5km","bicycle",4.58,0.416363636363636,1.75,2.91454545454545
"87730/1002",NA,87730,2720,"15-19 years","male",21,9460,"Education",609.817321777344,609.817321777344,"car",0.25,4.57,"weekday",4,"15 to 19","3-5km","bicycle",4.57,0.415454545454545,1.75,2.90818181818182
"87731/1000",NA,87731,2721,"15-19 years","female",21,9461,"Leisure",514.0546875,514.0546875,"walking",0.333333333333333,1.41,"weekday",1,"15 to 19","1-2km","walking",1.41,0.333333333333333,2.33333333333333,2.33333333333333
"87731/1000",NA,87731,2721,"15-19 years","female",21,9462,"Leisure",514.0546875,514.0546875,"walking",0.333333333333333,1.41,"weekday",2,"15 to 19","1-2km","walking",1.41,0.333333333333333,2.33333333333333,2.33333333333333
"87731/1001",NA,87731,2722,"55-59 years","female",21,9463,"Shopping",568.320922851562,568.320922851562,"car",0.0833333333333333,3.24,"weekday",1,"40 to 64","3-5km","bicycle",3.24,0.294545454545455,0.583333333333333,2.06181818181818
"87731/1001",NA,87731,2722,"55-59 years","female",21,9464,"Shopping",568.320922851562,568.320922851562,"car",0.0833333333333333,3.26,"weekday",2,"40 to 64","3-5km","bicycle",3.26,0.296363636363636,0.583333333333333,2.07454545454545
"87731/1002",NA,87731,2723,"55-59 years","male",21,9465,"Work",598.893310546875,598.893310546875,"bicycle",0.666666666666667,12.61,"weekday",1,"40 to 64",">10km","bicycle",12.61,0.666666666666667,4.66666666666667,4.66666666666667
"87731/1002",NA,87731,2723,"55-59 years","male",21,9466,"Work",598.893310546875,598.893310546875,"bicycle",0.75,12.61,"weekday",2,"40 to 64",">10km","bicycle",12.61,0.75,5.25,5.25
"87736/1000",NA,87736,2724,"65-69 years","female",21,9467,"Leisure",304.822784423828,304.822784423828,"car",0.15,2.31,"weekday",1,"65 plus","3-5km","bicycle",2.31,0.21,1.05,1.47
"87736/1000",NA,87736,2724,"65-69 years","female",21,9468,"Work",304.822784423828,304.822784423828,"car",0.1,2.01,"weekday",2,"65 plus","3-5km","bicycle",2.01,0.182727272727273,0.7,1.27909090909091
"87736/1000",NA,87736,2724,"65-69 years","female",21,9469,"Work",304.822784423828,304.822784423828,"car",0.15,1.29,"weekday",3,"65 plus","1-2km","bicycle",1.29,0.117272727272727,1.05,0.820909090909091
"87736/1000",NA,87736,2724,"65-69 years","female",21,9470,"Leisure",304.822784423828,304.822784423828,"car",0.166666666666667,4.32,"weekday",4,"65 plus","3-5km","bicycle",4.32,0.392727272727273,1.16666666666667,2.74909090909091
"87736/1000",NA,87736,2724,"65-69 years","female",21,9471,"Leisure",304.822784423828,304.822784423828,"car",0.25,4.28,"weekday",5,"65 plus","3-5km","bicycle",4.28,0.389090909090909,1.75,2.72363636363636
"87736/1001",NA,87736,2725,"65-69 years","male",21,9472,"Work",351.451293945312,351.451293945312,"car",0.5,10.1,"weekday",1,"65 plus",">10km","car",10.1,0.5,3.5,3.5
"87736/1001",NA,87736,2725,"65-69 years","male",21,9473,"Leisure",351.451293945312,351.451293945312,"car",0.366666666666667,8.99,"weekday",2,"65 plus","6-10km","car",8.99,0.366666666666667,2.56666666666667,2.56666666666667
"87736/1001",NA,87736,2725,"65-69 years","male",21,9474,"Leisure",351.451293945312,351.451293945312,"car",0.183333333333333,4.28,"weekday",3,"65 plus","3-5km","bicycle",4.28,0.389090909090909,1.28333333333333,2.72363636363636
"87740/1002",NA,87740,2726,"15-19 years","male",21,9475,"Other",541.848937988281,541.848937988281,"car",0.516666666666667,9.99,"weekday",1,"15 to 19","6-10km","car",9.99,0.516666666666667,3.61666666666667,3.61666666666667
"87740/1002",NA,87740,2726,"15-19 years","male",21,9476,"Education",541.848937988281,541.848937988281,"car",0.1,2.38,"weekday",2,"15 to 19","3-5km","bicycle",2.38,0.216363636363636,0.7,1.51454545454545
"87740/1002",NA,87740,2726,"15-19 years","male",21,9477,"Shopping",541.848937988281,541.848937988281,"car",0.0833333333333333,1.29,"weekday",3,"15 to 19","1-2km","bicycle",1.29,0.117272727272727,0.583333333333333,0.820909090909091
"87740/1002",NA,87740,2726,"15-19 years","male",21,9478,"Other",541.848937988281,541.848937988281,"car",0.0833333333333333,1.61,"weekday",4,"15 to 19","1-2km","bicycle",1.61,0.146363636363636,0.583333333333333,1.02454545454545
"87740/1002",NA,87740,2726,"15-19 years","male",21,9479,"Shopping",541.848937988281,541.848937988281,"car",0.333333333333333,6.5,"weekday",5,"15 to 19","6-10km","car",6.5,0.333333333333333,2.33333333333333,2.33333333333333
"87740/1002",NA,87740,2726,"15-19 years","male",21,9480,"Shopping",541.848937988281,541.848937988281,"car",0.45,3.83,"weekday",6,"15 to 19","3-5km","bicycle",3.83,0.348181818181818,3.15,2.43727272727273
"87740/1005",NA,87740,2727,"55-59 years","female",21,9481,"Other",504.977630615234,504.977630615234,"car",0.516666666666667,9.99,"weekday",1,"40 to 64","6-10km","car",9.99,0.516666666666667,3.61666666666667,3.61666666666667
"87740/1005",NA,87740,2727,"55-59 years","female",21,9482,"Other",504.977630615234,504.977630615234,"car",0.1,2.38,"weekday",2,"40 to 64","3-5km","bicycle",2.38,0.216363636363636,0.7,1.51454545454545
"87740/1005",NA,87740,2727,"55-59 years","female",21,9483,"Other",504.977630615234,504.977630615234,"car",0.15,3.59,"weekday",3,"40 to 64","3-5km","bicycle",3.59,0.326363636363636,1.05,2.28454545454545
"87740/1005",NA,87740,2727,"55-59 years","female",21,9484,"Other",504.977630615234,504.977630615234,"car",0.25,6.1,"weekday",4,"40 to 64","6-10km","car",6.1,0.25,1.75,1.75
"87740/1005",NA,87740,2727,"55-59 years","female",21,9485,"Other",504.977630615234,504.977630615234,"car",0.35,9.32,"weekday",5,"40 to 64","6-10km","car",9.32,0.35,2.45,2.45
"87740/1005",NA,87740,2727,"55-59 years","female",21,9486,"Shopping",504.977630615234,504.977630615234,"car",0.0833333333333333,1.29,"weekday",6,"40 to 64","1-2km","bicycle",1.29,0.117272727272727,0.583333333333333,0.820909090909091
"87740/1005",NA,87740,2727,"55-59 years","female",21,9487,"Other",504.977630615234,504.977630615234,"car",0.0833333333333333,1.61,"weekday",7,"40 to 64","1-2km","bicycle",1.61,0.146363636363636,0.583333333333333,1.02454545454545
"87740/1005",NA,87740,2727,"55-59 years","female",21,9488,"Shopping",504.977630615234,504.977630615234,"car",0.333333333333333,6.5,"weekday",8,"40 to 64","6-10km","car",6.5,0.333333333333333,2.33333333333333,2.33333333333333
"87740/1005",NA,87740,2727,"55-59 years","female",21,9489,"Shopping",504.977630615234,504.977630615234,"car",0.45,3.83,"weekday",9,"40 to 64","3-5km","bicycle",3.83,0.348181818181818,3.15,2.43727272727273
"87741/1000",NA,87741,2728,"65-69 years","male",21,9490,"Leisure",351.451293945312,351.451293945312,"walking",0.333333333333333,1.57,"weekday",1,"65 plus","1-2km","walking",1.57,0.333333333333333,2.33333333333333,2.33333333333333
"87741/1000",NA,87741,2728,"65-69 years","male",21,9491,"Leisure",351.451293945312,351.451293945312,"walking",0.416666666666667,1.57,"weekday",2,"65 plus","1-2km","walking",1.57,0.416666666666667,2.91666666666667,2.91666666666667
"87741/1000",NA,87741,2728,"65-69 years","male",21,9492,"Shopping",351.451293945312,351.451293945312,"car",0.166666666666667,4.48,"weekday",3,"65 plus","3-5km","bicycle",4.48,0.407272727272727,1.16666666666667,2.85090909090909
"87741/1000",NA,87741,2728,"65-69 years","male",21,9493,"Shopping",351.451293945312,351.451293945312,"car",0.166666666666667,4.62,"weekday",4,"65 plus","3-5km","bicycle",4.62,0.42,1.16666666666667,2.94
"87741/1001",NA,87741,2729,"70-74 years","female",21,9494,"Shopping",410.921569824219,410.921569824219,"car",0.25,4.28,"weekday",1,"65 plus","3-5km","bicycle",4.28,0.389090909090909,1.75,2.72363636363636
"87741/1001",NA,87741,2729,"70-74 years","female",21,9495,"Shopping",410.921569824219,410.921569824219,"car",0.333333333333333,4.65,"weekday",2,"65 plus","3-5km","bicycle",4.65,0.422727272727273,2.33333333333333,2.95909090909091
"87746/1000",NA,87746,2730,"35-39 years","male",21,9496,"Work",754.537231445312,754.537231445312,"car",0.566666666666667,18.19,"weekday",1,"20 to 39",">10km","car",18.19,0.566666666666667,3.96666666666667,3.96666666666667
"87746/1000",NA,87746,2730,"35-39 years","male",21,9497,"Work",754.537231445312,754.537231445312,"car",0.65,18.3,"weekday",2,"20 to 39",">10km","car",18.3,0.65,4.55,4.55
"87746/1001",NA,87746,2731,"30-34 years","female",21,9498,"Other",808.138244628906,808.138244628906,"car",0.0833333333333333,0.98,"weekday",1,"20 to 39","<1km","bicycle",0.98,0.0890909090909091,0.583333333333333,0.623636363636364
"87746/1001",NA,87746,2731,"30-34 years","female",21,9499,"Work",808.138244628906,808.138244628906,"car",0.333333333333333,5.49,"weekday",2,"20 to 39","6-10km","car",5.49,0.333333333333333,2.33333333333333,2.33333333333333
"87746/1001",NA,87746,2731,"30-34 years","female",21,9500,"Other",808.138244628906,808.138244628906,"car",0.25,5.47,"weekday",3,"20 to 39","6-10km","car",5.47,0.25,1.75,1.75
"87746/1001",NA,87746,2731,"30-34 years","female",21,9501,"Other",808.138244628906,808.138244628906,"car",0.0833333333333333,0.98,"weekday",4,"20 to 39","<1km","bicycle",0.98,0.0890909090909091,0.583333333333333,0.623636363636364
"87747/1000",NA,87747,2732,"70-74 years","female",21,9502,"Leisure",410.921569824219,410.921569824219,"walking",0.25,1.04,"weekday",1,"65 plus","1-2km","walking",1.04,0.25,1.75,1.75
"87747/1000",NA,87747,2732,"70-74 years","female",21,9503,"Leisure",410.921569824219,410.921569824219,"walking",0.25,1.04,"weekday",2,"65 plus","1-2km","walking",1.04,0.25,1.75,1.75
"87747/1000",NA,87747,2732,"70-74 years","female",21,9504,"Leisure",410.921569824219,410.921569824219,"car",0.75,21.73,"weekday",3,"65 plus",">10km","car",21.73,0.75,5.25,5.25
"87747/1000",NA,87747,2732,"70-74 years","female",21,9505,"Leisure",410.921569824219,410.921569824219,"car",0.5,20.99,"weekday",4,"65 plus",">10km","car",20.99,0.5,3.5,3.5
"87747/1000",NA,87747,2732,"70-74 years","female",21,9506,"Leisure",410.921569824219,410.921569824219,"walking",0.5,1.04,"weekday",5,"65 plus","1-2km","walking",1.04,0.5,3.5,3.5
"87747/1000",NA,87747,2732,"70-74 years","female",21,9507,"Leisure",410.921569824219,410.921569824219,"walking",0.5,1.05,"weekday",6,"65 plus","1-2km","walking",1.05,0.5,3.5,3.5
"87747/1001",NA,87747,2733,"70-74 years","male",21,9508,"Work",368.036743164062,368.036743164062,"car",0.25,7.94,"weekday",1,"65 plus","6-10km","car",7.94,0.25,1.75,1.75
"87747/1001",NA,87747,2733,"70-74 years","male",21,9509,"Work",368.036743164062,368.036743164062,"car",0.333333333333333,7.9,"weekday",2,"65 plus","6-10km","car",7.9,0.333333333333333,2.33333333333333,2.33333333333333
"87748/1000",NA,87748,2734,"40-44 years","male",21,9510,"Work",623.637145996094,623.637145996094,"car",1.33333333333333,105.38,"weekday",1,"40 to 64",">10km","car",105.38,1.33333333333333,9.33333333333333,9.33333333333333
"87748/1000",NA,87748,2734,"40-44 years","male",21,9511,"Work",623.637145996094,623.637145996094,"car",1.33333333333333,72.5,"weekday",2,"40 to 64",">10km","car",72.5,1.33333333333333,9.33333333333333,9.33333333333333
"87748/1000",NA,87748,2734,"40-44 years","male",21,9512,"Work",623.637145996094,623.637145996094,"car",0.833333333333333,69.88,"weekday",3,"40 to 64",">10km","car",69.88,0.833333333333333,5.83333333333333,5.83333333333333
"87751/1000",NA,87751,2735,"80-84 years","male",21,9513,"Other",596.39404296875,596.39404296875,"car",0.166666666666667,4.7,"weekday",1,"65 plus","3-5km","bicycle",4.7,0.427272727272727,1.16666666666667,2.99090909090909
"87751/1000",NA,87751,2735,"80-84 years","male",21,9514,"Shopping",596.39404296875,596.39404296875,"car",0.25,5.63,"weekday",2,"65 plus","6-10km","car",5.63,0.25,1.75,1.75
"87751/1000",NA,87751,2735,"80-84 years","male",21,9515,"Shopping",596.39404296875,596.39404296875,"car",0.25,3.84,"weekday",3,"65 plus","3-5km","bicycle",3.84,0.349090909090909,1.75,2.44363636363636
"87751/1000",NA,87751,2735,"80-84 years","male",21,9516,"Shopping",596.39404296875,596.39404296875,"car",0.25,2.89,"weekday",4,"65 plus","3-5km","bicycle",2.89,0.262727272727273,1.75,1.83909090909091
"87751/1001",NA,87751,2736,"70-74 years","female",21,9517,"Other",498.595764160156,498.595764160156,"car",0.166666666666667,4.7,"weekday",1,"65 plus","3-5km","bicycle",4.7,0.427272727272727,1.16666666666667,2.99090909090909
"87751/1001",NA,87751,2736,"70-74 years","female",21,9518,"Shopping",498.595764160156,498.595764160156,"car",0.25,5.63,"weekday",2,"65 plus","6-10km","car",5.63,0.25,1.75,1.75
"87751/1001",NA,87751,2736,"70-74 years","female",21,9519,"Shopping",498.595764160156,498.595764160156,"car",0.25,3.84,"weekday",3,"65 plus","3-5km","bicycle",3.84,0.349090909090909,1.75,2.44363636363636
"87751/1001",NA,87751,2736,"70-74 years","female",21,9520,"Shopping",498.595764160156,498.595764160156,"car",0.25,2.89,"weekday",4,"65 plus","3-5km","bicycle",2.89,0.262727272727273,1.75,1.83909090909091
"87751/1002",NA,87751,2737,"40-44 years","male",21,9521,"Other",623.637145996094,623.637145996094,"car",0.5,13.55,"weekday",1,"40 to 64",">10km","car",13.55,0.5,3.5,3.5
"87751/1002",NA,87751,2737,"40-44 years","male",21,9522,"Other",623.637145996094,623.637145996094,"car",0.5,13.6,"weekday",2,"40 to 64",">10km","car",13.6,0.5,3.5,3.5
"87752/1000",NA,87752,2738,"30-34 years","male",21,9523,"Work",1001.68023681641,1001.68023681641,"car",0.583333333333333,21.77,"weekday",1,"20 to 39",">10km","car",21.77,0.583333333333333,4.08333333333333,4.08333333333333
"87752/1000",NA,87752,2738,"30-34 years","male",21,9524,"Work",1001.68023681641,1001.68023681641,"car",0.833333333333333,21.51,"weekday",2,"20 to 39",">10km","car",21.51,0.833333333333333,5.83333333333333,5.83333333333333
"87752/1001",NA,87752,2739,"30-34 years","female",21,9525,"Other",808.138244628906,808.138244628906,"car",0.0833333333333333,0.9,"weekday",1,"20 to 39","<1km","bicycle",0.9,0.0818181818181818,0.583333333333333,0.572727272727273
"87752/1001",NA,87752,2739,"30-34 years","female",21,9526,"Other",808.138244628906,808.138244628906,"car",0.0833333333333333,0.9,"weekday",2,"20 to 39","<1km","bicycle",0.9,0.0818181818181818,0.583333333333333,0.572727272727273
"87752/1001",NA,87752,2739,"30-34 years","female",21,9527,"Work",808.138244628906,808.138244628906,"car",0.416666666666667,13.38,"weekday",3,"20 to 39",">10km","car",13.38,0.416666666666667,2.91666666666667,2.91666666666667
"87752/1001",NA,87752,2739,"30-34 years","female",21,9528,"Work",808.138244628906,808.138244628906,"car",0.333333333333333,13.26,"weekday",4,"20 to 39",">10km","car",13.26,0.333333333333333,2.33333333333333,2.33333333333333
"87752/1001",NA,87752,2739,"30-34 years","female",21,9529,"Other",808.138244628906,808.138244628906,"car",0.0833333333333333,0.9,"weekday",5,"20 to 39","<1km","bicycle",0.9,0.0818181818181818,0.583333333333333,0.572727272727273
"87752/1001",NA,87752,2739,"30-34 years","female",21,9530,"Other",808.138244628906,808.138244628906,"car",0.0833333333333333,0.9,"weekday",6,"20 to 39","<1km","bicycle",0.9,0.0818181818181818,0.583333333333333,0.572727272727273
"87754/1000",NA,87754,2740,"40-44 years","female",21,9531,"Work",575.516906738281,575.516906738281,"car",0.5,14.79,"weekday",1,"40 to 64",">10km","car",14.79,0.5,3.5,3.5
"87754/1000",NA,87754,2740,"40-44 years","female",21,9532,"Other",575.516906738281,575.516906738281,"car",0.5,13.43,"weekday",2,"40 to 64",">10km","car",13.43,0.5,3.5,3.5
"87754/1000",NA,87754,2740,"40-44 years","female",21,9533,"Other",575.516906738281,575.516906738281,"car",0.116666666666667,2.12,"weekday",3,"40 to 64","3-5km","bicycle",2.12,0.192727272727273,0.816666666666667,1.34909090909091
"87754/1000",NA,87754,2740,"40-44 years","female",21,9534,"Shopping",575.516906738281,575.516906738281,"car",0.0833333333333333,2.12,"weekday",4,"40 to 64","3-5km","bicycle",2.12,0.192727272727273,0.583333333333333,1.34909090909091
"87754/1000",NA,87754,2740,"40-44 years","female",21,9535,"Shopping",575.516906738281,575.516906738281,"car",0.133333333333333,2.12,"weekday",5,"40 to 64","3-5km","bicycle",2.12,0.192727272727273,0.933333333333333,1.34909090909091
"87754/1001",NA,87754,2741,"50-54 years","male",21,9536,"Other",488.224273681641,488.224273681641,"car",0.0833333333333333,2.12,"weekday",1,"40 to 64","3-5km","bicycle",2.12,0.192727272727273,0.583333333333333,1.34909090909091
"87754/1001",NA,87754,2741,"50-54 years","male",21,9537,"Work",488.224273681641,488.224273681641,"car",0.416666666666667,12.18,"weekday",2,"40 to 64",">10km","car",12.18,0.416666666666667,2.91666666666667,2.91666666666667
"87754/1001",NA,87754,2741,"50-54 years","male",21,9538,"Work",488.224273681641,488.224273681641,"car",0.666666666666667,13.59,"weekday",3,"40 to 64",">10km","car",13.59,0.666666666666667,4.66666666666667,4.66666666666667
"87755/1000",NA,87755,2742,"45-49 years","male",21,9539,"Work",552.430297851562,552.430297851562,"bicycle",0.816666666666667,13.18,"weekday",1,"40 to 64",">10km","bicycle",13.18,0.816666666666667,5.71666666666667,5.71666666666667
"87755/1000",NA,87755,2742,"45-49 years","male",21,9540,"Work",552.430297851562,552.430297851562,"car",0.55,14.47,"weekday",2,"40 to 64",">10km","car",14.47,0.55,3.85,3.85
"87755/1001",NA,87755,2743,"50-54 years","female",21,9541,"Shopping",545.808776855469,545.808776855469,"car",0.133333333333333,1.8,"weekday",1,"40 to 64","1-2km","bicycle",1.8,0.163636363636364,0.933333333333333,1.14545454545455
"87755/1001",NA,87755,2743,"50-54 years","female",21,9542,"Other",545.808776855469,545.808776855469,"car",0.166666666666667,4.21,"weekday",2,"40 to 64","3-5km","bicycle",4.21,0.382727272727273,1.16666666666667,2.67909090909091
"87755/1001",NA,87755,2743,"50-54 years","female",21,9543,"Other",545.808776855469,545.808776855469,"car",0.166666666666667,2.8,"weekday",3,"40 to 64","3-5km","bicycle",2.8,0.254545454545455,1.16666666666667,1.78181818181818
"87755/1001",NA,87755,2743,"50-54 years","female",21,9544,"Other",545.808776855469,545.808776855469,"car",0.75,20.15,"weekday",4,"40 to 64",">10km","car",20.15,0.75,5.25,5.25
"87755/1001",NA,87755,2743,"50-54 years","female",21,9545,"Other",545.808776855469,545.808776855469,"car",0.75,20.38,"weekday",5,"40 to 64",">10km","car",20.38,0.75,5.25,5.25
"87755/1001",NA,87755,2743,"50-54 years","female",21,9546,"Other",545.808776855469,545.808776855469,"car",0.2,3.14,"weekday",6,"40 to 64","3-5km","bicycle",3.14,0.285454545454545,1.4,1.99818181818182
"87755/1001",NA,87755,2743,"50-54 years","female",21,9547,"Other",545.808776855469,545.808776855469,"car",0.25,5.49,"weekday",7,"40 to 64","6-10km","car",5.49,0.25,1.75,1.75
"87755/1001",NA,87755,2743,"50-54 years","female",21,9548,"Leisure",545.808776855469,545.808776855469,"walking",0.0833333333333333,0.41,"weekday",8,"40 to 64","<1km","walking",0.41,0.0833333333333333,0.583333333333333,0.583333333333333
"87755/1001",NA,87755,2743,"50-54 years","female",21,9549,"Leisure",545.808776855469,545.808776855469,"car",0.383333333333333,2.9,"weekday",9,"40 to 64","3-5km","bicycle",2.9,0.263636363636364,2.68333333333333,1.84545454545455
"87759/1000",NA,87759,2744,"45-49 years","male",21,9550,"Other",708.6845703125,708.6845703125,"car",0.45,16.32,"weekday",1,"40 to 64",">10km","car",16.32,0.45,3.15,3.15
"87759/1000",NA,87759,2744,"45-49 years","male",21,9551,"Other",708.6845703125,708.6845703125,"car",0.766666666666667,15.73,"weekday",2,"40 to 64",">10km","car",15.73,0.766666666666667,5.36666666666667,5.36666666666667
"87759/1000",NA,87759,2744,"45-49 years","male",21,9552,"Other",708.6845703125,708.6845703125,"bicycle",0.45,2.65,"weekday",3,"40 to 64","3-5km","bicycle",2.65,0.45,3.15,3.15
"87759/1000",NA,87759,2744,"45-49 years","male",21,9553,"Other",708.6845703125,708.6845703125,"bicycle",0.15,2.65,"weekday",4,"40 to 64","3-5km","bicycle",2.65,0.15,1.05,1.05
"87759/1000",NA,87759,2744,"45-49 years","male",21,9554,"Other",708.6845703125,708.6845703125,"car",0.15,1.77,"weekday",5,"40 to 64","1-2km","bicycle",1.77,0.160909090909091,1.05,1.12636363636364
"87759/1000",NA,87759,2744,"45-49 years","male",21,9555,"Other",708.6845703125,708.6845703125,"car",0.0833333333333333,1.94,"weekday",6,"40 to 64","1-2km","bicycle",1.94,0.176363636363636,0.583333333333333,1.23454545454545
"87759/1000",NA,87759,2744,"45-49 years","male",21,9556,"Other",708.6845703125,708.6845703125,"car",0.3,10.26,"weekday",7,"40 to 64",">10km","car",10.26,0.3,2.1,2.1
"87759/1000",NA,87759,2744,"45-49 years","male",21,9557,"Other",708.6845703125,708.6845703125,"car",0.2,7.1,"weekday",8,"40 to 64","6-10km","car",7.1,0.2,1.4,1.4
"87759/1000",NA,87759,2744,"45-49 years","male",21,9558,"Other",708.6845703125,708.6845703125,"car",0.2,7.48,"weekday",9,"40 to 64","6-10km","car",7.48,0.2,1.4,1.4
"87759/1000",NA,87759,2744,"45-49 years","male",21,9559,"Other",708.6845703125,708.6845703125,"car",0.283333333333333,10.2,"weekday",10,"40 to 64",">10km","car",10.2,0.283333333333333,1.98333333333333,1.98333333333333
"87759/1001",NA,87759,2745,"45-49 years","female",21,9560,"Other",848.014831542969,848.014831542969,"walking",0.45,2.06,"weekday",1,"40 to 64","3-5km","walking",2.06,0.45,3.15,3.15
"87759/1001",NA,87759,2745,"45-49 years","female",21,9561,"Other",848.014831542969,848.014831542969,"walking",0.283333333333333,2.06,"weekday",2,"40 to 64","3-5km","walking",2.06,0.283333333333333,1.98333333333333,1.98333333333333
"87759/1001",NA,87759,2745,"45-49 years","female",21,9562,"Other",848.014831542969,848.014831542969,"car",0.133333333333333,2.3,"weekday",3,"40 to 64","3-5km","bicycle",2.3,0.209090909090909,0.933333333333333,1.46363636363636
"87759/1001",NA,87759,2745,"45-49 years","female",21,9563,"Other",848.014831542969,848.014831542969,"car",0.133333333333333,2.3,"weekday",4,"40 to 64","3-5km","bicycle",2.3,0.209090909090909,0.933333333333333,1.46363636363636
"87759/1001",NA,87759,2745,"45-49 years","female",21,9564,"Leisure",848.014831542969,848.014831542969,"car",0.166666666666667,3.07,"weekday",5,"40 to 64","3-5km","bicycle",3.07,0.279090909090909,1.16666666666667,1.95363636363636
"87759/1001",NA,87759,2745,"45-49 years","female",21,9565,"Leisure",848.014831542969,848.014831542969,"car",0.166666666666667,2.98,"weekday",6,"40 to 64","3-5km","bicycle",2.98,0.270909090909091,1.16666666666667,1.89636363636364
"87759/1002",NA,87759,2746,"15-19 years","female",21,9566,"Education",659.454467773438,659.454467773438,"car",0.45,16.32,"weekday",1,"15 to 19",">10km","car",16.32,0.45,3.15,3.15
"87759/1002",NA,87759,2746,"15-19 years","female",21,9567,"Other",659.454467773438,659.454467773438,"car",0.2,7.48,"weekday",2,"15 to 19","6-10km","car",7.48,0.2,1.4,1.4
"87759/1002",NA,87759,2746,"15-19 years","female",21,9568,"Other",659.454467773438,659.454467773438,"car",0.283333333333333,10.2,"weekday",3,"15 to 19",">10km","car",10.2,0.283333333333333,1.98333333333333,1.98333333333333
"87761/1001",NA,87761,2747,"55-59 years","male",21,9569,"Work",159.136917114258,159.136917114258,"car",0.333333333333333,13.26,"weekday",1,"40 to 64",">10km","car",13.26,0.333333333333333,2.33333333333333,2.33333333333333
"87761/1001",NA,87761,2747,"55-59 years","male",21,9570,"Work",159.136917114258,159.136917114258,"car",0.333333333333333,12.81,"weekday",2,"40 to 64",">10km","car",12.81,0.333333333333333,2.33333333333333,2.33333333333333
"87763/1000",NA,87763,2748,"25-29 years","female",21,9571,"Work",283.506378173828,283.506378173828,"car",0.166666666666667,8.02,"weekday",1,"20 to 39","6-10km","car",8.02,0.166666666666667,1.16666666666667,1.16666666666667
"87763/1000",NA,87763,2748,"25-29 years","female",21,9572,"Work",283.506378173828,283.506378173828,"car",0.166666666666667,8.06,"weekday",2,"20 to 39","6-10km","car",8.06,0.166666666666667,1.16666666666667,1.16666666666667
"87763/1001",NA,87763,2749,"25-29 years","male",21,9573,"Work",228.088623046875,228.088623046875,"car",0.166666666666667,8.02,"weekday",1,"20 to 39","6-10km","car",8.02,0.166666666666667,1.16666666666667,1.16666666666667
"87763/1001",NA,87763,2749,"25-29 years","male",21,9574,"Work",228.088623046875,228.088623046875,"car",0.166666666666667,8.06,"weekday",2,"20 to 39","6-10km","car",8.06,0.166666666666667,1.16666666666667,1.16666666666667
"87763/1002",NA,87763,2750,"30-34 years","male",21,9575,"Leisure",187.17204284668,187.17204284668,"car",0.0833333333333333,2.55,"weekday",1,"20 to 39","3-5km","bicycle",2.55,0.231818181818182,0.583333333333333,1.62272727272727
"87763/1002",NA,87763,2750,"30-34 years","male",21,9576,"Leisure",187.17204284668,187.17204284668,"car",0.166666666666667,2.58,"weekday",2,"20 to 39","3-5km","bicycle",2.58,0.234545454545455,1.16666666666667,1.64181818181818
"87765/1000",NA,87765,2751,"65-69 years","male",21,9577,"Shopping",141.843811035156,141.843811035156,"walking",0.25,1.67,"weekday",1,"65 plus","1-2km","walking",1.67,0.25,1.75,1.75
"87765/1000",NA,87765,2751,"65-69 years","male",21,9578,"Shopping",141.843811035156,141.843811035156,"walking",0.25,1.67,"weekday",2,"65 plus","1-2km","walking",1.67,0.25,1.75,1.75
"87765/1001",NA,87765,2752,"60-64 years","female",21,9579,"Work",170.002777099609,170.002777099609,"car",0.0833333333333333,1.75,"weekday",1,"40 to 64","1-2km","bicycle",1.75,0.159090909090909,0.583333333333333,1.11363636363636
"87765/1001",NA,87765,2752,"60-64 years","female",21,9580,"Work",170.002777099609,170.002777099609,"car",0.0833333333333333,1.53,"weekday",2,"40 to 64","1-2km","bicycle",1.53,0.139090909090909,0.583333333333333,0.973636363636364
"87766/1000",NA,87766,2753,"60-64 years","male",21,9581,"Shopping",156.959182739258,156.959182739258,"other",0.166666666666667,1.45,"weekday",1,"40 to 64","1-2km","other",1.45,0.166666666666667,1.16666666666667,1.16666666666667
"87766/1000",NA,87766,2753,"60-64 years","male",21,9582,"Shopping",156.959182739258,156.959182739258,"other",0.166666666666667,1.49,"weekday",2,"40 to 64","1-2km","other",1.49,0.166666666666667,1.16666666666667,1.16666666666667
"87766/1000",NA,87766,2753,"60-64 years","male",21,9583,"Shopping",156.959182739258,156.959182739258,"car",2,95.11,"weekday",3,"40 to 64",">10km","car",95.11,2,14,14
"87766/1000",NA,87766,2753,"60-64 years","male",21,9584,"Shopping",156.959182739258,156.959182739258,"car",1.08333333333333,94.88,"weekday",4,"40 to 64",">10km","car",94.88,1.08333333333333,7.58333333333333,7.58333333333333
"87766/1001",NA,87766,2754,"50-54 years","female",21,9585,"Other",181.629013061523,181.629013061523,"car",2,95.11,"weekday",1,"40 to 64",">10km","car",95.11,2,14,14
"87766/1001",NA,87766,2754,"50-54 years","female",21,9586,"Other",181.629013061523,181.629013061523,"car",1.08333333333333,94.88,"weekday",2,"40 to 64",">10km","car",94.88,1.08333333333333,7.58333333333333,7.58333333333333
"87766/1002",NA,87766,2755,"15-19 years","male",21,9587,"Other",203.738250732422,203.738250732422,"car",0.5,29.91,"weekday",1,"15 to 19",">10km","car",29.91,0.5,3.5,3.5
"87766/1003",NA,87766,2756,"15-19 years","male",21,9588,"Other",203.738250732422,203.738250732422,"car",2,95.11,"weekday",1,"15 to 19",">10km","car",95.11,2,14,14
"87766/1003",NA,87766,2756,"15-19 years","male",21,9589,"Other",203.738250732422,203.738250732422,"car",1.08333333333333,94.88,"weekday",2,"15 to 19",">10km","car",94.88,1.08333333333333,7.58333333333333,7.58333333333333
"87769/1000",NA,87769,2757,"20-24 years","male",21,9590,"Work",177.206741333008,177.206741333008,"car",0.25,7.98,"weekday",1,"20 to 39","6-10km","car",7.98,0.25,1.75,1.75
"87769/1000",NA,87769,2757,"20-24 years","male",21,9591,"Work",177.206741333008,177.206741333008,"car",0.25,8,"weekday",2,"20 to 39","6-10km","car",8,0.25,1.75,1.75
"87770/1000",NA,87770,2758,"50-54 years","male",21,9592,"Work",215.5634765625,215.5634765625,"car",0.166666666666667,5.05,"weekday",1,"40 to 64","6-10km","car",5.05,0.166666666666667,1.16666666666667,1.16666666666667
"87770/1000",NA,87770,2758,"50-54 years","male",21,9593,"Work",215.5634765625,215.5634765625,"car",0.25,5.14,"weekday",2,"40 to 64","6-10km","car",5.14,0.25,1.75,1.75
"87774/1000",NA,87774,2759,"55-59 years","female",21,9594,"Work",134.014312744141,134.014312744141,"car",0.25,9.99,"weekday",1,"40 to 64","6-10km","car",9.99,0.25,1.75,1.75
"87774/1000",NA,87774,2759,"55-59 years","female",21,9595,"Work",134.014312744141,134.014312744141,"car",0.233333333333333,10.01,"weekday",2,"40 to 64",">10km","car",10.01,0.233333333333333,1.63333333333333,1.63333333333333
"87778/1000",NA,87778,2760,"60-64 years","male",21,9596,"Leisure",112.358879089355,112.358879089355,"walking",0.333333333333333,2.12,"weekday",1,"40 to 64","3-5km","walking",2.12,0.333333333333333,2.33333333333333,2.33333333333333
"87778/1000",NA,87778,2760,"60-64 years","male",21,9597,"Leisure",112.358879089355,112.358879089355,"walking",0.333333333333333,2.12,"weekday",2,"40 to 64","3-5km","walking",2.12,0.333333333333333,2.33333333333333,2.33333333333333
"87779/1000",NA,87779,2761,"20-24 years","female",21,9598,"Other",232.704406738281,232.704406738281,"car",0.0833333333333333,2.02,"weekday",1,"20 to 39","3-5km","bicycle",2.02,0.183636363636364,0.583333333333333,1.28545454545455
"87779/1000",NA,87779,2761,"20-24 years","female",21,9599,"Other",232.704406738281,232.704406738281,"car",0.0833333333333333,1.81,"weekday",2,"20 to 39","1-2km","bicycle",1.81,0.164545454545455,0.583333333333333,1.15181818181818
"87781/1000",NA,87781,2762,"85-89 years","male",21,9600,"Other",52.3616409301758,52.3616409301758,"car",0.166666666666667,1.83,"weekday",1,"65 plus","1-2km","bicycle",1.83,0.166363636363636,1.16666666666667,1.16454545454545
"87781/1000",NA,87781,2762,"85-89 years","male",21,9601,"Other",52.3616409301758,52.3616409301758,"car",0.166666666666667,1.54,"weekday",2,"65 plus","1-2km","bicycle",1.54,0.14,1.16666666666667,0.98
"87781/1000",NA,87781,2762,"85-89 years","male",21,9602,"Other",52.3616409301758,52.3616409301758,"car",0.0333333333333333,0.51,"weekday",3,"65 plus","<1km","bicycle",0.51,0.0463636363636364,0.233333333333333,0.324545454545455
"87782/1000",NA,87782,2763,"60-64 years","male",21,9603,"Shopping",126.624420166016,126.624420166016,"car",0.25,5.04,"weekday",1,"40 to 64","6-10km","car",5.04,0.25,1.75,1.75
"87782/1000",NA,87782,2763,"60-64 years","male",21,9604,"Shopping",126.624420166016,126.624420166016,"car",0.166666666666667,5.05,"weekday",2,"40 to 64","6-10km","car",5.05,0.166666666666667,1.16666666666667,1.16666666666667
"87782/1001",NA,87782,2764,"55-59 years","female",21,9605,"Work",151.029312133789,151.029312133789,"car",0.25,5.04,"weekday",1,"40 to 64","6-10km","car",5.04,0.25,1.75,1.75
"87782/1001",NA,87782,2764,"55-59 years","female",21,9606,"Work",151.029312133789,151.029312133789,"car",0.166666666666667,5.05,"weekday",2,"40 to 64","6-10km","car",5.05,0.166666666666667,1.16666666666667,1.16666666666667
"87785/1000",NA,87785,2765,"65-69 years","male",21,9607,"Other",141.843811035156,141.843811035156,"car",0.25,7.63,"weekday",1,"65 plus","6-10km","car",7.63,0.25,1.75,1.75
"87785/1000",NA,87785,2765,"65-69 years","male",21,9608,"Other",141.843811035156,141.843811035156,"car",0.0833333333333333,7.65,"weekday",2,"65 plus","6-10km","car",7.65,0.0833333333333333,0.583333333333333,0.583333333333333
"87785/1001",NA,87785,2766,"65-69 years","female",21,9609,"Work",101.395683288574,101.395683288574,"car",0.0833333333333333,2.9,"weekday",1,"65 plus","3-5km","bicycle",2.9,0.263636363636364,0.583333333333333,1.84545454545455
"87785/1001",NA,87785,2766,"65-69 years","female",21,9610,"Work",101.395683288574,101.395683288574,"car",0.0833333333333333,2.92,"weekday",2,"65 plus","3-5km","bicycle",2.92,0.265454545454545,0.583333333333333,1.85818181818182
"87786/1000",NA,87786,2767,"40-44 years","male",21,9611,"Work",204.532974243164,204.532974243164,"car",0.416666666666667,13.26,"weekday",1,"40 to 64",">10km","car",13.26,0.416666666666667,2.91666666666667,2.91666666666667
"87786/1000",NA,87786,2767,"40-44 years","male",21,9612,"Work",204.532974243164,204.532974243164,"car",0.333333333333333,13.33,"weekday",2,"40 to 64",">10km","car",13.33,0.333333333333333,2.33333333333333,2.33333333333333
"87786/1001",NA,87786,2768,"40-44 years","female",21,9613,"Other",276.858306884766,276.858306884766,"car",0.116666666666667,1.9,"weekday",1,"40 to 64","1-2km","bicycle",1.9,0.172727272727273,0.816666666666667,1.20909090909091
"87786/1001",NA,87786,2768,"40-44 years","female",21,9614,"Other",276.858306884766,276.858306884766,"car",0.133333333333333,1.86,"weekday",2,"40 to 64","1-2km","bicycle",1.86,0.169090909090909,0.933333333333333,1.18363636363636
"87786/1001",NA,87786,2768,"40-44 years","female",21,9615,"Other",276.858306884766,276.858306884766,"car",0.25,1.9,"weekday",3,"40 to 64","1-2km","bicycle",1.9,0.172727272727273,1.75,1.20909090909091
"87786/1001",NA,87786,2768,"40-44 years","female",21,9616,"Other",276.858306884766,276.858306884766,"car",0.166666666666667,1.86,"weekday",4,"40 to 64","1-2km","bicycle",1.86,0.169090909090909,1.16666666666667,1.18363636363636
"87788/1000",NA,87788,2769,"40-44 years","male",21,9617,"Work",129.676559448242,129.676559448242,"car",0.116666666666667,10.17,"weekday",1,"40 to 64",">10km","car",10.17,0.116666666666667,0.816666666666667,0.816666666666667
"87788/1000",NA,87788,2769,"40-44 years","male",21,9618,"Work",129.676559448242,129.676559448242,"car",0.166666666666667,10.01,"weekday",2,"40 to 64",">10km","car",10.01,0.166666666666667,1.16666666666667,1.16666666666667
"87791/1000",NA,87791,2770,"40-44 years","male",21,9619,"Work",448.764221191406,448.764221191406,"car",0.75,32.91,"weekday",1,"40 to 64",">10km","car",32.91,0.75,5.25,5.25
"87791/1000",NA,87791,2770,"40-44 years","male",21,9620,"Other",448.764221191406,448.764221191406,"car",0.75,31.64,"weekday",2,"40 to 64",">10km","car",31.64,0.75,5.25,5.25
"87791/1000",NA,87791,2770,"40-44 years","male",21,9621,"Other",448.764221191406,448.764221191406,"car",0.133333333333333,3,"weekday",3,"40 to 64","3-5km","bicycle",3,0.272727272727273,0.933333333333333,1.90909090909091
"87791/1001",NA,87791,2771,"35-39 years","female",21,9622,"Other",298.092132568359,298.092132568359,"car",0.25,3.04,"weekday",1,"20 to 39","3-5km","bicycle",3.04,0.276363636363636,1.75,1.93454545454545
"87791/1001",NA,87791,2771,"35-39 years","female",21,9623,"Work",298.092132568359,298.092132568359,"car",0.216666666666667,9.87,"weekday",2,"20 to 39","6-10km","car",9.87,0.216666666666667,1.51666666666667,1.51666666666667
"87791/1001",NA,87791,2771,"35-39 years","female",21,9624,"Work",298.092132568359,298.092132568359,"car",0.5,11.65,"weekday",3,"20 to 39",">10km","car",11.65,0.5,3.5,3.5
"87792/1000",NA,87792,2772,"80-84 years","male",21,9625,"Shopping",85.9947814941406,85.9947814941406,"car",0.166666666666667,3.98,"weekday",1,"65 plus","3-5km","bicycle",3.98,0.361818181818182,1.16666666666667,2.53272727272727
"87792/1000",NA,87792,2772,"80-84 years","male",21,9626,"Shopping",85.9947814941406,85.9947814941406,"car",0.166666666666667,7.95,"weekday",2,"65 plus","6-10km","car",7.95,0.166666666666667,1.16666666666667,1.16666666666667
"87792/1000",NA,87792,2772,"80-84 years","male",21,9627,"Shopping",85.9947814941406,85.9947814941406,"car",0.0833333333333333,4.87,"weekday",3,"65 plus","3-5km","bicycle",4.87,0.442727272727273,0.583333333333333,3.09909090909091
"87792/1001",NA,87792,2773,"75-79 years","female",21,9628,"Shopping",102.54719543457,102.54719543457,"car",0.166666666666667,3.98,"weekday",1,"65 plus","3-5km","bicycle",3.98,0.361818181818182,1.16666666666667,2.53272727272727
"87792/1001",NA,87792,2773,"75-79 years","female",21,9629,"Shopping",102.54719543457,102.54719543457,"car",0.166666666666667,7.95,"weekday",2,"65 plus","6-10km","car",7.95,0.166666666666667,1.16666666666667,1.16666666666667
"87792/1001",NA,87792,2773,"75-79 years","female",21,9630,"Shopping",102.54719543457,102.54719543457,"car",0.0833333333333333,4.87,"weekday",3,"65 plus","3-5km","bicycle",4.87,0.442727272727273,0.583333333333333,3.09909090909091
"87794/1000",NA,87794,2774,"35-39 years","male",21,9631,"Work",259.737060546875,259.737060546875,"car",0.416666666666667,11.78,"weekday",1,"20 to 39",">10km","car",11.78,0.416666666666667,2.91666666666667,2.91666666666667
"87794/1000",NA,87794,2774,"35-39 years","male",21,9632,"Work",259.737060546875,259.737060546875,"car",0.416666666666667,11.92,"weekday",2,"20 to 39",">10km","car",11.92,0.416666666666667,2.91666666666667,2.91666666666667
"87794/1000",NA,87794,2774,"35-39 years","male",21,9633,"Leisure",259.737060546875,259.737060546875,"car",0.333333333333333,15.05,"weekday",3,"20 to 39",">10km","car",15.05,0.333333333333333,2.33333333333333,2.33333333333333
"87794/1000",NA,87794,2774,"35-39 years","male",21,9634,"Leisure",259.737060546875,259.737060546875,"car",0.333333333333333,15.1,"weekday",4,"20 to 39",">10km","car",15.1,0.333333333333333,2.33333333333333,2.33333333333333
"87794/1001",NA,87794,2775,"35-39 years","female",21,9635,"Other",245.514633178711,245.514633178711,"car",0.333333333333333,11.08,"weekday",1,"20 to 39",">10km","car",11.08,0.333333333333333,2.33333333333333,2.33333333333333
"87794/1001",NA,87794,2775,"35-39 years","female",21,9636,"Other",245.514633178711,245.514633178711,"car",0.333333333333333,3.41,"weekday",2,"20 to 39","3-5km","bicycle",3.41,0.31,2.33333333333333,2.17
"87794/1001",NA,87794,2775,"35-39 years","female",21,9637,"Other",245.514633178711,245.514633178711,"car",0.25,8.83,"weekday",3,"20 to 39","6-10km","car",8.83,0.25,1.75,1.75
"87794/1001",NA,87794,2775,"35-39 years","female",21,9638,"Other",245.514633178711,245.514633178711,"car",0.5,11.08,"weekday",4,"20 to 39",">10km","car",11.08,0.5,3.5,3.5
"87794/1001",NA,87794,2775,"35-39 years","female",21,9639,"Other",245.514633178711,245.514633178711,"car",0.166666666666667,3.41,"weekday",5,"20 to 39","3-5km","bicycle",3.41,0.31,1.16666666666667,2.17
"87794/1001",NA,87794,2775,"35-39 years","female",21,9640,"Other",245.514633178711,245.514633178711,"car",0.333333333333333,8.83,"weekday",6,"20 to 39","6-10km","car",8.83,0.333333333333333,2.33333333333333,2.33333333333333
"87795/1001",NA,87795,2776,"55-59 years","male",21,9641,"Other",237.927825927734,237.927825927734,"car",0.0833333333333333,1.6,"weekday",1,"40 to 64","1-2km","bicycle",1.6,0.145454545454545,0.583333333333333,1.01818181818182
"87795/1001",NA,87795,2776,"55-59 years","male",21,9642,"Work",237.927825927734,237.927825927734,"car",0.333333333333333,4.41,"weekday",2,"40 to 64","3-5km","bicycle",4.41,0.400909090909091,2.33333333333333,2.80636363636364
"87795/1001",NA,87795,2776,"55-59 years","male",21,9643,"Work",237.927825927734,237.927825927734,"car",0.166666666666667,5.32,"weekday",3,"40 to 64","6-10km","car",5.32,0.166666666666667,1.16666666666667,1.16666666666667
"87795/1002",NA,87795,2777,"25-29 years","female",21,9644,"Other",312.335510253906,312.335510253906,"car",0.0833333333333333,1.6,"weekday",1,"20 to 39","1-2km","bicycle",1.6,0.145454545454545,0.583333333333333,1.01818181818182
"87795/1002",NA,87795,2777,"25-29 years","female",21,9645,"Shopping",312.335510253906,312.335510253906,"walking",0.0333333333333333,0.25,"weekday",2,"20 to 39","<1km","walking",0.25,0.0333333333333333,0.233333333333333,0.233333333333333
"87795/1002",NA,87795,2777,"25-29 years","female",21,9646,"Shopping",312.335510253906,312.335510253906,"public.transport",0.25,3.18,"weekday",2,"20 to 39","3-5km","public.transport",3.18,0.25,1.75,1.75
"87795/1002",NA,87795,2777,"25-29 years","female",21,9647,"Shopping",312.335510253906,312.335510253906,"public.transport",0.666666666666667,15.46,"weekday",2,"20 to 39",">10km","public.transport",15.46,0.666666666666667,4.66666666666667,4.66666666666667
"87795/1002",NA,87795,2777,"25-29 years","female",21,9648,"Shopping",312.335510253906,312.335510253906,"walking",0.0833333333333333,0.18,"weekday",2,"20 to 39","<1km","walking",0.18,0.0833333333333333,0.583333333333333,0.583333333333333
"87795/1002",NA,87795,2777,"25-29 years","female",21,9649,"Shopping",312.335510253906,312.335510253906,"walking",0.0333333333333333,0.18,"weekday",3,"20 to 39","<1km","walking",0.18,0.0333333333333333,0.233333333333333,0.233333333333333
"87795/1002",NA,87795,2777,"25-29 years","female",21,9650,"Shopping",312.335510253906,312.335510253906,"public.transport",0.5,13.19,"weekday",3,"20 to 39",">10km","public.transport",13.19,0.5,3.5,3.5
"87795/1002",NA,87795,2777,"25-29 years","female",21,9651,"Shopping",312.335510253906,312.335510253906,"walking",0.0833333333333333,0.55,"weekday",3,"20 to 39","<1km","walking",0.55,0.0833333333333333,0.583333333333333,0.583333333333333
"87795/1002",NA,87795,2777,"25-29 years","female",21,9652,"Shopping",312.335510253906,312.335510253906,"walking",0.05,0.43,"weekday",4,"20 to 39","<1km","walking",0.43,0.05,0.35,0.35
"87795/1002",NA,87795,2777,"25-29 years","female",21,9653,"Shopping",312.335510253906,312.335510253906,"public.transport",0.416666666666667,6.81,"weekday",4,"20 to 39","6-10km","public.transport",6.81,0.416666666666667,2.91666666666667,2.91666666666667
"87795/1002",NA,87795,2777,"25-29 years","female",21,9654,"Shopping",312.335510253906,312.335510253906,"walking",0.0833333333333333,0.34,"weekday",4,"20 to 39","<1km","walking",0.34,0.0833333333333333,0.583333333333333,0.583333333333333
"87795/1003",NA,87795,2778,"20-24 years","male",21,9655,"Shopping",237.361145019531,237.361145019531,"car",0.25,7.49,"weekday",1,"20 to 39","6-10km","car",7.49,0.25,1.75,1.75
"87795/1003",NA,87795,2778,"20-24 years","male",21,9656,"Shopping",237.361145019531,237.361145019531,"public.transport",0.5,12.83,"weekday",1,"20 to 39",">10km","public.transport",12.83,0.5,3.5,3.5
"87795/1003",NA,87795,2778,"20-24 years","male",21,9657,"Shopping",237.361145019531,237.361145019531,"walking",0.0833333333333333,0.17,"weekday",1,"20 to 39","<1km","walking",0.17,0.0833333333333333,0.583333333333333,0.583333333333333
"87795/1003",NA,87795,2778,"20-24 years","male",21,9658,"Work",237.361145019531,237.361145019531,"walking",0.0833333333333333,0.69,"weekday",2,"20 to 39","<1km","walking",0.69,0.0833333333333333,0.583333333333333,0.583333333333333
"87795/1003",NA,87795,2778,"20-24 years","male",21,9659,"Work",237.361145019531,237.361145019531,"public.transport",0.5,12.83,"weekday",2,"20 to 39",">10km","public.transport",12.83,0.5,3.5,3.5
"87795/1003",NA,87795,2778,"20-24 years","male",21,9660,"Work",237.361145019531,237.361145019531,"walking",0.05,0.5,"weekday",2,"20 to 39","<1km","walking",0.5,0.05,0.35,0.35
"87795/1003",NA,87795,2778,"20-24 years","male",21,9661,"Work",237.361145019531,237.361145019531,"car",0.25,7.8,"weekday",3,"20 to 39","6-10km","car",7.8,0.25,1.75,1.75
"87798/1000",NA,87798,2779,"30-34 years","male",21,9662,"Work",203.662582397461,203.662582397461,"car",0.333333333333333,13.03,"weekday",1,"20 to 39",">10km","car",13.03,0.333333333333333,2.33333333333333,2.33333333333333
"87798/1000",NA,87798,2779,"30-34 years","male",21,9663,"Work",203.662582397461,203.662582397461,"car",0.5,13.16,"weekday",2,"20 to 39",">10km","car",13.16,0.5,3.5,3.5
"87798/1000",NA,87798,2779,"30-34 years","male",21,9664,"Leisure",203.662582397461,203.662582397461,"car",0.0833333333333333,2.25,"weekday",3,"20 to 39","3-5km","bicycle",2.25,0.204545454545455,0.583333333333333,1.43181818181818
"87798/1000",NA,87798,2779,"30-34 years","male",21,9665,"Leisure",203.662582397461,203.662582397461,"car",0.0833333333333333,2.28,"weekday",4,"20 to 39","3-5km","bicycle",2.28,0.207272727272727,0.583333333333333,1.45090909090909
"87798/1001",NA,87798,2780,"30-34 years","female",21,9666,"Work",279.047119140625,279.047119140625,"car",0.583333333333333,22.45,"weekday",1,"20 to 39",">10km","car",22.45,0.583333333333333,4.08333333333333,4.08333333333333
"87798/1001",NA,87798,2780,"30-34 years","female",21,9667,"Work",279.047119140625,279.047119140625,"car",0.333333333333333,22.59,"weekday",2,"20 to 39",">10km","car",22.59,0.333333333333333,2.33333333333333,2.33333333333333
"87798/1002",NA,87798,2781,"25-29 years","female",21,9668,"Work",261.276580810547,261.276580810547,"car",0.75,20.15,"weekday",1,"20 to 39",">10km","car",20.15,0.75,5.25,5.25
"87798/1002",NA,87798,2781,"25-29 years","female",21,9669,"Work",261.276580810547,261.276580810547,"car",0.416666666666667,20.4,"weekday",2,"20 to 39",">10km","car",20.4,0.416666666666667,2.91666666666667,2.91666666666667
"87799/1000",NA,87799,2782,"65-69 years","female",21,9670,"Work",129.623992919922,129.623992919922,"car",0.583333333333333,19.37,"weekday",1,"65 plus",">10km","car",19.37,0.583333333333333,4.08333333333333,4.08333333333333
"87799/1000",NA,87799,2782,"65-69 years","female",21,9671,"Work",129.623992919922,129.623992919922,"car",0.5,18.6,"weekday",2,"65 plus",">10km","car",18.6,0.5,3.5,3.5
"87799/1000",NA,87799,2782,"65-69 years","female",21,9672,"Work",129.623992919922,129.623992919922,"car",0.5,19.04,"weekday",3,"65 plus",">10km","car",19.04,0.5,3.5,3.5
"87799/1000",NA,87799,2782,"65-69 years","female",21,9673,"Work",129.623992919922,129.623992919922,"car",0.416666666666667,18.64,"weekday",4,"65 plus",">10km","car",18.64,0.416666666666667,2.91666666666667,2.91666666666667
"87799/1001",NA,87799,2783,"65-69 years","male",21,9674,"Work",136.799423217773,136.799423217773,"car",0.416666666666667,10.75,"weekday",1,"65 plus",">10km","car",10.75,0.416666666666667,2.91666666666667,2.91666666666667
"87799/1001",NA,87799,2783,"65-69 years","male",21,9675,"Shopping",136.799423217773,136.799423217773,"car",0.333333333333333,7.84,"weekday",2,"65 plus","6-10km","car",7.84,0.333333333333333,2.33333333333333,2.33333333333333
"87799/1001",NA,87799,2783,"65-69 years","male",21,9676,"Shopping",136.799423217773,136.799423217773,"car",0.166666666666667,5.1,"weekday",3,"65 plus","6-10km","car",5.1,0.166666666666667,1.16666666666667,1.16666666666667
"87801/1000",NA,87801,2784,"45-49 years","male",21,9677,"Work",222.079360961914,222.079360961914,"car",1,21.4,"weekday",1,"40 to 64",">10km","car",21.4,1,7,7
"87801/1000",NA,87801,2784,"45-49 years","male",21,9678,"Work",222.079360961914,222.079360961914,"car",0.5,21.35,"weekday",2,"40 to 64",">10km","car",21.35,0.5,3.5,3.5
"87801/1001",NA,87801,2785,"40-44 years","female",21,9679,"Other",259.748474121094,259.748474121094,"car",0.5,18.33,"weekday",1,"40 to 64",">10km","car",18.33,0.5,3.5,3.5
"87801/1001",NA,87801,2785,"40-44 years","female",21,9680,"Other",259.748474121094,259.748474121094,"car",0.333333333333333,18.62,"weekday",2,"40 to 64",">10km","car",18.62,0.333333333333333,2.33333333333333,2.33333333333333
"87801/1001",NA,87801,2785,"40-44 years","female",21,9681,"Other",259.748474121094,259.748474121094,"car",0.5,18.33,"weekday",3,"40 to 64",">10km","car",18.33,0.5,3.5,3.5
"87801/1001",NA,87801,2785,"40-44 years","female",21,9682,"Other",259.748474121094,259.748474121094,"car",0.833333333333333,18.62,"weekday",4,"40 to 64",">10km","car",18.62,0.833333333333333,5.83333333333333,5.83333333333333
"87802/1000",NA,87802,2786,"65-69 years","male",21,9683,"Shopping",199.9111328125,199.9111328125,"walking",0.166666666666667,0.24,"weekday",1,"65 plus","<1km","walking",0.24,0.166666666666667,1.16666666666667,1.16666666666667
"87802/1000",NA,87802,2786,"65-69 years","male",21,9684,"Shopping",199.9111328125,199.9111328125,"walking",0.166666666666667,0.24,"weekday",2,"65 plus","<1km","walking",0.24,0.166666666666667,1.16666666666667,1.16666666666667
"87802/1001",NA,87802,2787,"65-69 years","female",21,9685,"Work",189.425354003906,189.425354003906,"car",0.166666666666667,1.47,"weekday",1,"65 plus","1-2km","bicycle",1.47,0.133636363636364,1.16666666666667,0.935454545454545
"87802/1001",NA,87802,2787,"65-69 years","female",21,9686,"Shopping",189.425354003906,189.425354003906,"car",0.166666666666667,1.13,"weekday",2,"65 plus","1-2km","bicycle",1.13,0.102727272727273,1.16666666666667,0.719090909090909
"87802/1001",NA,87802,2787,"65-69 years","female",21,9687,"Shopping",189.425354003906,189.425354003906,"car",0.166666666666667,2.56,"weekday",3,"65 plus","3-5km","bicycle",2.56,0.232727272727273,1.16666666666667,1.62909090909091
"87802/1002",NA,87802,2788,"30-34 years","female",21,9688,"Work",279.047119140625,279.047119140625,"car",0.25,7,"weekday",1,"20 to 39","6-10km","car",7,0.25,1.75,1.75
"87802/1002",NA,87802,2788,"30-34 years","female",21,9689,"Other",279.047119140625,279.047119140625,"car",0.166666666666667,4.47,"weekday",2,"20 to 39","3-5km","bicycle",4.47,0.406363636363636,1.16666666666667,2.84454545454545
"87802/1002",NA,87802,2788,"30-34 years","female",21,9690,"Other",279.047119140625,279.047119140625,"car",0.166666666666667,2.86,"weekday",3,"20 to 39","3-5km","bicycle",2.86,0.26,1.16666666666667,1.82
"87804/1000",NA,87804,2789,"70-74 years","male",21,9691,"Other",123.979629516602,123.979629516602,"car",0.05,0.72,"weekday",1,"65 plus","<1km","bicycle",0.72,0.0654545454545454,0.35,0.458181818181818
"87804/1000",NA,87804,2789,"70-74 years","male",21,9692,"Other",123.979629516602,123.979629516602,"car",0.05,0.72,"weekday",2,"65 plus","<1km","bicycle",0.72,0.0654545454545454,0.35,0.458181818181818
"87804/1001",NA,87804,2790,"75-79 years","female",21,9693,"Shopping",102.54719543457,102.54719543457,"car",0.05,0.72,"weekday",1,"65 plus","<1km","bicycle",0.72,0.0654545454545454,0.35,0.458181818181818
"87804/1001",NA,87804,2790,"75-79 years","female",21,9694,"Shopping",102.54719543457,102.54719543457,"car",0.05,0.72,"weekday",2,"65 plus","<1km","bicycle",0.72,0.0654545454545454,0.35,0.458181818181818
"87806/1000",NA,87806,2791,"75-79 years","male",21,9695,"Other",177.184921264648,177.184921264648,"car",0.133333333333333,1.7,"weekday",1,"65 plus","1-2km","bicycle",1.7,0.154545454545455,0.933333333333333,1.08181818181818
"87806/1000",NA,87806,2791,"75-79 years","male",21,9696,"Other",177.184921264648,177.184921264648,"car",0.166666666666667,3.85,"weekday",2,"65 plus","3-5km","bicycle",3.85,0.35,1.16666666666667,2.45
"87806/1000",NA,87806,2791,"75-79 years","male",21,9697,"Shopping",177.184921264648,177.184921264648,"car",0.166666666666667,2.65,"weekday",3,"65 plus","3-5km","bicycle",2.65,0.240909090909091,1.16666666666667,1.68636363636364
"87806/1000",NA,87806,2791,"75-79 years","male",21,9698,"Shopping",177.184921264648,177.184921264648,"car",0.0666666666666667,0.7,"weekday",4,"65 plus","<1km","bicycle",0.7,0.0636363636363636,0.466666666666667,0.445454545454545
"87806/1001",NA,87806,2792,"80-84 years","female",21,9699,"Other",284.204681396484,284.204681396484,"car",0.133333333333333,1.7,"weekday",1,"65 plus","1-2km","bicycle",1.7,0.154545454545455,0.933333333333333,1.08181818181818
"87806/1001",NA,87806,2792,"80-84 years","female",21,9700,"Leisure",284.204681396484,284.204681396484,"car",0.166666666666667,3.85,"weekday",2,"65 plus","3-5km","bicycle",3.85,0.35,1.16666666666667,2.45
"87806/1001",NA,87806,2792,"80-84 years","female",21,9701,"Shopping",284.204681396484,284.204681396484,"car",0.166666666666667,2.65,"weekday",3,"65 plus","3-5km","bicycle",2.65,0.240909090909091,1.16666666666667,1.68636363636364
"87806/1001",NA,87806,2792,"80-84 years","female",21,9702,"Shopping",284.204681396484,284.204681396484,"car",0.0666666666666667,0.7,"weekday",4,"65 plus","<1km","bicycle",0.7,0.0636363636363636,0.466666666666667,0.445454545454545
"87806/1001",NA,87806,2792,"80-84 years","female",21,9703,"Other",284.204681396484,284.204681396484,"car",0.166666666666667,2.74,"weekday",5,"65 plus","3-5km","bicycle",2.74,0.249090909090909,1.16666666666667,1.74363636363636
"87806/1001",NA,87806,2792,"80-84 years","female",21,9704,"Other",284.204681396484,284.204681396484,"car",0.333333333333333,5.72,"weekday",6,"65 plus","6-10km","car",5.72,0.333333333333333,2.33333333333333,2.33333333333333
"87806/1001",NA,87806,2792,"80-84 years","female",21,9705,"Other",284.204681396484,284.204681396484,"car",0.333333333333333,6.72,"weekday",7,"65 plus","6-10km","car",6.72,0.333333333333333,2.33333333333333,2.33333333333333
"87806/1004",NA,87806,2793,"25-29 years","female",21,9706,"Work",261.276580810547,261.276580810547,"car",0.166666666666667,2.55,"weekday",1,"20 to 39","3-5km","bicycle",2.55,0.231818181818182,1.16666666666667,1.62272727272727
"87806/1004",NA,87806,2793,"25-29 years","female",21,9707,"Work",261.276580810547,261.276580810547,"public.transport",0.716666666666667,20.1,"weekday",1,"20 to 39",">10km","public.transport",20.1,0.716666666666667,5.01666666666667,5.01666666666667
"87806/1004",NA,87806,2793,"25-29 years","female",21,9708,"Work",261.276580810547,261.276580810547,"public.transport",0.433333333333333,7.2,"weekday",1,"20 to 39","6-10km","public.transport",7.2,0.433333333333333,3.03333333333333,3.03333333333333
"87806/1004",NA,87806,2793,"25-29 years","female",21,9709,"Work",261.276580810547,261.276580810547,"walking",0.0833333333333333,0.14,"weekday",1,"20 to 39","<1km","walking",0.14,0.0833333333333333,0.583333333333333,0.583333333333333
"87806/1004",NA,87806,2793,"25-29 years","female",21,9710,"Work",261.276580810547,261.276580810547,"walking",0.0833333333333333,0.14,"weekday",2,"20 to 39","<1km","walking",0.14,0.0833333333333333,0.583333333333333,0.583333333333333
"87806/1004",NA,87806,2793,"25-29 years","female",21,9711,"Work",261.276580810547,261.276580810547,"public.transport",0.383333333333333,7.13,"weekday",2,"20 to 39","6-10km","public.transport",7.13,0.383333333333333,2.68333333333333,2.68333333333333
"87806/1004",NA,87806,2793,"25-29 years","female",21,9712,"Work",261.276580810547,261.276580810547,"public.transport",0.4,20.29,"weekday",2,"20 to 39",">10km","public.transport",20.29,0.4,2.8,2.8
"87806/1004",NA,87806,2793,"25-29 years","female",21,9713,"Work",261.276580810547,261.276580810547,"car",0.316666666666667,2.27,"weekday",2,"20 to 39","3-5km","bicycle",2.27,0.206363636363636,2.21666666666667,1.44454545454545
"87807/1001",NA,87807,2794,"80-84 years","male",21,9714,"Leisure",85.9947814941406,85.9947814941406,"bicycle",0.416666666666667,5.91,"weekday",1,"65 plus","6-10km","bicycle",5.91,0.416666666666667,2.91666666666667,2.91666666666667
"87807/1001",NA,87807,2794,"80-84 years","male",21,9715,"Leisure",85.9947814941406,85.9947814941406,"bicycle",0.333333333333333,5.91,"weekday",2,"65 plus","6-10km","bicycle",5.91,0.333333333333333,2.33333333333333,2.33333333333333
"87807/1001",NA,87807,2794,"80-84 years","male",21,9716,"Shopping",85.9947814941406,85.9947814941406,"car",0.0833333333333333,4.96,"weekday",3,"65 plus","3-5km","bicycle",4.96,0.450909090909091,0.583333333333333,3.15636363636364
"87807/1001",NA,87807,2794,"80-84 years","male",21,9717,"Shopping",85.9947814941406,85.9947814941406,"car",0.0833333333333333,4.89,"weekday",4,"65 plus","3-5km","bicycle",4.89,0.444545454545455,0.583333333333333,3.11181818181818
"87808/1000",NA,87808,2795,"45-49 years","female",21,9718,"Work",303.152160644531,303.152160644531,"car",0.5,19.1,"weekday",1,"40 to 64",">10km","car",19.1,0.5,3.5,3.5
"87808/1000",NA,87808,2795,"45-49 years","female",21,9719,"Work",303.152160644531,303.152160644531,"walking",0.25,1.16,"weekday",1,"40 to 64","1-2km","walking",1.16,0.25,1.75,1.75
"87808/1000",NA,87808,2795,"45-49 years","female",21,9720,"Work",303.152160644531,303.152160644531,"walking",0.25,1.16,"weekday",2,"40 to 64","1-2km","walking",1.16,0.25,1.75,1.75
"87808/1000",NA,87808,2795,"45-49 years","female",21,9721,"Work",303.152160644531,303.152160644531,"car",0.666666666666667,19.37,"weekday",2,"40 to 64",">10km","car",19.37,0.666666666666667,4.66666666666667,4.66666666666667
"87808/1001",NA,87808,2796,"50-54 years","male",21,9722,"Work",205.661956787109,205.661956787109,"car",0.416666666666667,10.02,"weekday",1,"40 to 64",">10km","car",10.02,0.416666666666667,2.91666666666667,2.91666666666667
"87808/1001",NA,87808,2796,"50-54 years","male",21,9723,"Shopping",205.661956787109,205.661956787109,"car",1.16666666666667,7.97,"weekday",2,"40 to 64","6-10km","car",7.97,1.16666666666667,8.16666666666667,8.16666666666667
"87808/1001",NA,87808,2796,"50-54 years","male",21,9724,"Shopping",205.661956787109,205.661956787109,"car",0.166666666666667,1.81,"weekday",3,"40 to 64","1-2km","bicycle",1.81,0.164545454545455,1.16666666666667,1.15181818181818
"87808/1002",NA,87808,2797,"15-19 years","female",21,9725,"Education",232.997085571289,232.997085571289,"car",0.5,19.1,"weekday",1,"15 to 19",">10km","car",19.1,0.5,3.5,3.5
"87808/1002",NA,87808,2797,"15-19 years","female",21,9726,"Education",232.997085571289,232.997085571289,"walking",0.25,0.49,"weekday",1,"15 to 19","<1km","walking",0.49,0.25,1.75,1.75
"87808/1002",NA,87808,2797,"15-19 years","female",21,9727,"Education",232.997085571289,232.997085571289,"walking",0.25,0.49,"weekday",2,"15 to 19","<1km","walking",0.49,0.25,1.75,1.75
"87808/1002",NA,87808,2797,"15-19 years","female",21,9728,"Education",232.997085571289,232.997085571289,"car",0.666666666666667,19.37,"weekday",2,"15 to 19",">10km","car",19.37,0.666666666666667,4.66666666666667,4.66666666666667
"87808/1003",NA,87808,2798,"15-19 years","female",21,9729,"Education",232.997085571289,232.997085571289,"car",0.333333333333333,10.7,"weekday",1,"15 to 19",">10km","car",10.7,0.333333333333333,2.33333333333333,2.33333333333333
"87808/1003",NA,87808,2798,"15-19 years","female",21,9730,"Education",232.997085571289,232.997085571289,"car",0.5,10.68,"weekday",2,"15 to 19",">10km","car",10.68,0.5,3.5,3.5
"87809/1000",NA,87809,2799,"40-44 years","female",21,9731,"Shopping",315.374176025391,315.374176025391,"car",0.166666666666667,3.22,"weekday",1,"40 to 64","3-5km","bicycle",3.22,0.292727272727273,1.16666666666667,2.04909090909091
"87809/1000",NA,87809,2799,"40-44 years","female",21,9732,"Shopping",315.374176025391,315.374176025391,"car",0.166666666666667,3.08,"weekday",2,"40 to 64","3-5km","bicycle",3.08,0.28,1.16666666666667,1.96
"87809/1001",NA,87809,2800,"45-49 years","male",21,9733,"Work",269.638153076172,269.638153076172,"car",0.166666666666667,7.81,"weekday",1,"40 to 64","6-10km","car",7.81,0.166666666666667,1.16666666666667,1.16666666666667
"87809/1001",NA,87809,2800,"45-49 years","male",21,9734,"Work",269.638153076172,269.638153076172,"public.transport",0.333333333333333,16.37,"weekday",1,"40 to 64",">10km","public.transport",16.37,0.333333333333333,2.33333333333333,2.33333333333333
"87809/1001",NA,87809,2800,"45-49 years","male",21,9735,"Work",269.638153076172,269.638153076172,"walking",0.0333333333333333,0.3,"weekday",1,"40 to 64","<1km","walking",0.3,0.0333333333333333,0.233333333333333,0.233333333333333
"87809/1001",NA,87809,2800,"45-49 years","male",21,9736,"Work",269.638153076172,269.638153076172,"walking",0.05,0.3,"weekday",2,"40 to 64","<1km","walking",0.3,0.05,0.35,0.35
"87809/1001",NA,87809,2800,"45-49 years","male",21,9737,"Work",269.638153076172,269.638153076172,"public.transport",0.5,16.29,"weekday",2,"40 to 64",">10km","public.transport",16.29,0.5,3.5,3.5
"87809/1001",NA,87809,2800,"45-49 years","male",21,9738,"Work",269.638153076172,269.638153076172,"car",0.15,5.43,"weekday",2,"40 to 64","6-10km","car",5.43,0.15,1.05,1.05
"87809/1003",NA,87809,2801,"15-19 years","male",21,9739,"Shopping",317.808868408203,317.808868408203,"car",0.166666666666667,3.22,"weekday",1,"15 to 19","3-5km","bicycle",3.22,0.292727272727273,1.16666666666667,2.04909090909091
"87809/1003",NA,87809,2801,"15-19 years","male",21,9740,"Shopping",317.808868408203,317.808868408203,"car",0.166666666666667,3.08,"weekday",2,"15 to 19","3-5km","bicycle",3.08,0.28,1.16666666666667,1.96
"87811/1000",NA,87811,2802,"70-74 years","female",21,9741,"Shopping",148.091735839844,148.091735839844,"car",0.25,8.58,"weekday",1,"65 plus","6-10km","car",8.58,0.25,1.75,1.75
"87811/1000",NA,87811,2802,"70-74 years","female",21,9742,"Shopping",148.091735839844,148.091735839844,"car",0.25,9.4,"weekday",2,"65 plus","6-10km","car",9.4,0.25,1.75,1.75
"87811/1000",NA,87811,2802,"70-74 years","female",21,9743,"Shopping",148.091735839844,148.091735839844,"car",0.166666666666667,1.9,"weekday",3,"65 plus","1-2km","bicycle",1.9,0.172727272727273,1.16666666666667,1.20909090909091
"87811/1000",NA,87811,2802,"70-74 years","female",21,9744,"Shopping",148.091735839844,148.091735839844,"car",0.166666666666667,3.21,"weekday",4,"65 plus","3-5km","bicycle",3.21,0.291818181818182,1.16666666666667,2.04272727272727
"87812/1000",NA,87812,2803,"70-74 years","male",21,9745,"Other",123.979629516602,123.979629516602,"car",0.25,4.14,"weekday",1,"65 plus","3-5km","bicycle",4.14,0.376363636363636,1.75,2.63454545454545
"87812/1000",NA,87812,2803,"70-74 years","male",21,9746,"Leisure",123.979629516602,123.979629516602,"car",0.25,3.86,"weekday",2,"65 plus","3-5km","bicycle",3.86,0.350909090909091,1.75,2.45636363636364
"87812/1000",NA,87812,2803,"70-74 years","male",21,9747,"Leisure",123.979629516602,123.979629516602,"car",0.166666666666667,2.07,"weekday",3,"65 plus","3-5km","bicycle",2.07,0.188181818181818,1.16666666666667,1.31727272727273
"87812/1001",NA,87812,2804,"70-74 years","female",21,9748,"Leisure",148.091735839844,148.091735839844,"car",0.5,14.41,"weekday",1,"65 plus",">10km","car",14.41,0.5,3.5,3.5
"87812/1001",NA,87812,2804,"70-74 years","female",21,9749,"Other",148.091735839844,148.091735839844,"car",0.333333333333333,8.86,"weekday",2,"65 plus","6-10km","car",8.86,0.333333333333333,2.33333333333333,2.33333333333333
"87812/1001",NA,87812,2804,"70-74 years","female",21,9750,"Other",148.091735839844,148.091735839844,"car",0.25,6.2,"weekday",3,"65 plus","6-10km","car",6.2,0.25,1.75,1.75
"87815/1001",NA,87815,2805,"50-54 years","female",21,9751,"Other",256.582946777344,256.582946777344,"car",0.25,3.55,"weekday",1,"40 to 64","3-5km","bicycle",3.55,0.322727272727273,1.75,2.25909090909091
"87815/1001",NA,87815,2805,"50-54 years","female",21,9752,"Other",256.582946777344,256.582946777344,"car",0.25,3.55,"weekday",2,"40 to 64","3-5km","bicycle",3.55,0.322727272727273,1.75,2.25909090909091
"87815/1001",NA,87815,2805,"50-54 years","female",21,9753,"Work",256.582946777344,256.582946777344,"car",0.5,21.39,"weekday",3,"40 to 64",">10km","car",21.39,0.5,3.5,3.5
"87815/1001",NA,87815,2805,"50-54 years","female",21,9754,"Work",256.582946777344,256.582946777344,"car",0.5,21.63,"weekday",4,"40 to 64",">10km","car",21.63,0.5,3.5,3.5
"87815/1003",NA,87815,2806,"20-24 years","male",21,9755,"Work",288.192535400391,288.192535400391,"car",0.25,14.41,"weekday",1,"20 to 39",">10km","car",14.41,0.25,1.75,1.75
"87815/1003",NA,87815,2806,"20-24 years","male",21,9756,"Work",288.192535400391,288.192535400391,"car",0.5,11.67,"weekday",2,"20 to 39",">10km","car",11.67,0.5,3.5,3.5
"87815/1004",NA,87815,2807,"15-19 years","male",21,9757,"Work",317.808868408203,317.808868408203,"car",0.25,7.64,"weekday",1,"15 to 19","6-10km","car",7.64,0.25,1.75,1.75
"87815/1004",NA,87815,2807,"15-19 years","male",21,9758,"Work",317.808868408203,317.808868408203,"car",0.25,7.9,"weekday",2,"15 to 19","6-10km","car",7.9,0.25,1.75,1.75
"87816/1000",NA,87816,2808,"55-59 years","male",21,9759,"Work",199.032653808594,199.032653808594,"car",0.166666666666667,3.89,"weekday",1,"40 to 64","3-5km","bicycle",3.89,0.353636363636364,1.16666666666667,2.47545454545455
"87816/1000",NA,87816,2808,"55-59 years","male",21,9760,"Work",199.032653808594,199.032653808594,"car",0.166666666666667,3.74,"weekday",2,"40 to 64","3-5km","bicycle",3.74,0.34,1.16666666666667,2.38
"87816/1000",NA,87816,2808,"55-59 years","male",21,9761,"Other",199.032653808594,199.032653808594,"car",0.0833333333333333,3.05,"weekday",3,"40 to 64","3-5km","bicycle",3.05,0.277272727272727,0.583333333333333,1.94090909090909
"87816/1000",NA,87816,2808,"55-59 years","male",21,9762,"Other",199.032653808594,199.032653808594,"car",0.0833333333333333,3.01,"weekday",4,"40 to 64","3-5km","bicycle",3.01,0.273636363636364,0.583333333333333,1.91545454545455
"87816/1001",NA,87816,2809,"50-54 years","female",21,9763,"Other",176.780258178711,176.780258178711,"car",0.0833333333333333,3.05,"weekday",1,"40 to 64","3-5km","bicycle",3.05,0.277272727272727,0.583333333333333,1.94090909090909
"87816/1001",NA,87816,2809,"50-54 years","female",21,9764,"Work",176.780258178711,176.780258178711,"car",0.25,7.27,"weekday",2,"40 to 64","6-10km","car",7.27,0.25,1.75,1.75
"87816/1001",NA,87816,2809,"50-54 years","female",21,9765,"Work",176.780258178711,176.780258178711,"car",0.5,9.09,"weekday",3,"40 to 64","6-10km","car",9.09,0.5,3.5,3.5
"87818/1000",NA,87818,2810,"85-89 years","female",21,9766,"Shopping",105.822090148926,105.822090148926,"car",0.0833333333333333,5.23,"weekday",1,"65 plus","6-10km","car",5.23,0.0833333333333333,0.583333333333333,0.583333333333333
"87818/1000",NA,87818,2810,"85-89 years","female",21,9767,"Shopping",105.822090148926,105.822090148926,"car",0.0833333333333333,5.17,"weekday",2,"65 plus","6-10km","car",5.17,0.0833333333333333,0.583333333333333,0.583333333333333
"87818/1000",NA,87818,2810,"85-89 years","female",21,9768,"Shopping",105.822090148926,105.822090148926,"car",0.333333333333333,6.06,"weekday",3,"65 plus","6-10km","car",6.06,0.333333333333333,2.33333333333333,2.33333333333333
"87818/1000",NA,87818,2810,"85-89 years","female",21,9769,"Other",105.822090148926,105.822090148926,"car",0.416666666666667,5.1,"weekday",4,"65 plus","6-10km","car",5.1,0.416666666666667,2.91666666666667,2.91666666666667
"87818/1000",NA,87818,2810,"85-89 years","female",21,9770,"Shopping",105.822090148926,105.822090148926,"car",0.25,6.72,"weekday",5,"65 plus","6-10km","car",6.72,0.25,1.75,1.75
"87818/1000",NA,87818,2810,"85-89 years","female",21,9771,"Shopping",105.822090148926,105.822090148926,"car",0.25,5.17,"weekday",6,"65 plus","6-10km","car",5.17,0.25,1.75,1.75
"87818/1001",NA,87818,2811,"85-89 years","male",21,9772,"Other",121.124862670898,121.124862670898,"car",0.333333333333333,6.06,"weekday",1,"65 plus","6-10km","car",6.06,0.333333333333333,2.33333333333333,2.33333333333333
"87818/1001",NA,87818,2811,"85-89 years","male",21,9773,"Shopping",121.124862670898,121.124862670898,"car",0.416666666666667,5.1,"weekday",2,"65 plus","6-10km","car",5.1,0.416666666666667,2.91666666666667,2.91666666666667
"87818/1001",NA,87818,2811,"85-89 years","male",21,9774,"Shopping",121.124862670898,121.124862670898,"car",0.25,6.72,"weekday",3,"65 plus","6-10km","car",6.72,0.25,1.75,1.75
"87818/1001",NA,87818,2811,"85-89 years","male",21,9775,"Shopping",121.124862670898,121.124862670898,"car",0.25,5.17,"weekday",4,"65 plus","6-10km","car",5.17,0.25,1.75,1.75
"87818/1002",NA,87818,2812,"50-54 years","male",21,9776,"Shopping",172.041442871094,172.041442871094,"car",0.25,2.77,"weekday",1,"40 to 64","3-5km","bicycle",2.77,0.251818181818182,1.75,1.76272727272727
"87818/1002",NA,87818,2812,"50-54 years","male",21,9777,"Shopping",172.041442871094,172.041442871094,"car",0.333333333333333,2.85,"weekday",2,"40 to 64","3-5km","bicycle",2.85,0.259090909090909,2.33333333333333,1.81363636363636
"87818/1002",NA,87818,2812,"50-54 years","male",21,9778,"Work",172.041442871094,172.041442871094,"car",1.16666666666667,30.41,"weekday",3,"40 to 64",">10km","car",30.41,1.16666666666667,8.16666666666667,8.16666666666667
"87819/1000",NA,87819,2813,"70-74 years","male",21,9779,"Shopping",123.979629516602,123.979629516602,"car",0.0833333333333333,0.7,"weekday",1,"65 plus","<1km","bicycle",0.7,0.0636363636363636,0.583333333333333,0.445454545454545
"87819/1000",NA,87819,2813,"70-74 years","male",21,9780,"Shopping",123.979629516602,123.979629516602,"car",0.0833333333333333,0.7,"weekday",2,"65 plus","<1km","bicycle",0.7,0.0636363636363636,0.583333333333333,0.445454545454545
"87820/1000",NA,87820,2814,"60-64 years","male",21,9781,"Other",118.489356994629,118.489356994629,"car",0.25,8.16,"weekday",1,"40 to 64","6-10km","car",8.16,0.25,1.75,1.75
"87820/1000",NA,87820,2814,"60-64 years","male",21,9782,"Other",118.489356994629,118.489356994629,"car",0.133333333333333,2.57,"weekday",2,"40 to 64","3-5km","bicycle",2.57,0.233636363636364,0.933333333333333,1.63545454545455
"87820/1000",NA,87820,2814,"60-64 years","male",21,9783,"Other",118.489356994629,118.489356994629,"car",0.25,8.47,"weekday",3,"40 to 64","6-10km","car",8.47,0.25,1.75,1.75
"87820/1000",NA,87820,2814,"60-64 years","male",21,9784,"Other",118.489356994629,118.489356994629,"car",0.25,5.11,"weekday",4,"40 to 64","6-10km","car",5.11,0.25,1.75,1.75
"87820/1000",NA,87820,2814,"60-64 years","male",21,9785,"Other",118.489356994629,118.489356994629,"car",0.25,5.09,"weekday",5,"40 to 64","6-10km","car",5.09,0.25,1.75,1.75
"87820/1000",NA,87820,2814,"60-64 years","male",21,9786,"Other",118.489356994629,118.489356994629,"car",0.5,8.16,"weekday",6,"40 to 64","6-10km","car",8.16,0.5,3.5,3.5
"87820/1000",NA,87820,2814,"60-64 years","male",21,9787,"Shopping",118.489356994629,118.489356994629,"car",0.25,4.43,"weekday",7,"40 to 64","3-5km","bicycle",4.43,0.402727272727273,1.75,2.81909090909091
"87820/1000",NA,87820,2814,"60-64 years","male",21,9788,"Other",118.489356994629,118.489356994629,"car",0.0833333333333333,0.56,"weekday",8,"40 to 64","<1km","bicycle",0.56,0.0509090909090909,0.583333333333333,0.356363636363636
"87820/1000",NA,87820,2814,"60-64 years","male",21,9789,"Other",118.489356994629,118.489356994629,"car",0.333333333333333,4.99,"weekday",9,"40 to 64","3-5km","bicycle",4.99,0.453636363636364,2.33333333333333,3.17545454545455
"87820/1000",NA,87820,2814,"60-64 years","male",21,9790,"Other",118.489356994629,118.489356994629,"car",0.333333333333333,8.14,"weekday",10,"40 to 64","6-10km","car",8.14,0.333333333333333,2.33333333333333,2.33333333333333
"87820/1000",NA,87820,2814,"60-64 years","male",21,9791,"Other",118.489356994629,118.489356994629,"car",0.166666666666667,8.16,"weekday",11,"40 to 64","6-10km","car",8.16,0.166666666666667,1.16666666666667,1.16666666666667
"87820/1000",NA,87820,2814,"60-64 years","male",21,9792,"Other",118.489356994629,118.489356994629,"car",0.25,8.14,"weekday",12,"40 to 64","6-10km","car",8.14,0.25,1.75,1.75
"87821/1000",NA,87821,2815,"40-44 years","female",21,9793,"Other",113.294410705566,113.294410705566,"car",0.5,9.08,"weekday",1,"40 to 64","6-10km","car",9.08,0.5,3.5,3.5
"87821/1000",NA,87821,2815,"40-44 years","female",21,9794,"Other",113.294410705566,113.294410705566,"car",0.5,8.92,"weekday",2,"40 to 64","6-10km","car",8.92,0.5,3.5,3.5
"87821/1000",NA,87821,2815,"40-44 years","female",21,9795,"Other",113.294410705566,113.294410705566,"car",0.0833333333333333,3.46,"weekday",3,"40 to 64","3-5km","bicycle",3.46,0.314545454545455,0.583333333333333,2.20181818181818
"87821/1000",NA,87821,2815,"40-44 years","female",21,9796,"Other",113.294410705566,113.294410705566,"car",0.0833333333333333,3.46,"weekday",4,"40 to 64","3-5km","bicycle",3.46,0.314545454545455,0.583333333333333,2.20181818181818
"87821/1000",NA,87821,2815,"40-44 years","female",21,9797,"Other",113.294410705566,113.294410705566,"car",0.0833333333333333,3.46,"weekday",5,"40 to 64","3-5km","bicycle",3.46,0.314545454545455,0.583333333333333,2.20181818181818
"87821/1000",NA,87821,2815,"40-44 years","female",21,9798,"Other",113.294410705566,113.294410705566,"car",0.166666666666667,3.46,"weekday",6,"40 to 64","3-5km","bicycle",3.46,0.314545454545455,1.16666666666667,2.20181818181818
"87821/1000",NA,87821,2815,"40-44 years","female",21,9799,"Other",113.294410705566,113.294410705566,"car",0.5,9.08,"weekday",7,"40 to 64","6-10km","car",9.08,0.5,3.5,3.5
"87821/1000",NA,87821,2815,"40-44 years","female",21,9800,"Other",113.294410705566,113.294410705566,"car",0.5,8.92,"weekday",8,"40 to 64","6-10km","car",8.92,0.5,3.5,3.5
"87824/1000",NA,87824,2816,"60-64 years","female",21,9801,"Work",132.794357299805,132.794357299805,"car",0.583333333333333,26.16,"weekday",1,"40 to 64",">10km","car",26.16,0.583333333333333,4.08333333333333,4.08333333333333
"87824/1000",NA,87824,2816,"60-64 years","female",21,9802,"Other",132.794357299805,132.794357299805,"car",0.75,24.4,"weekday",2,"40 to 64",">10km","car",24.4,0.75,5.25,5.25
"87824/1000",NA,87824,2816,"60-64 years","female",21,9803,"Shopping",132.794357299805,132.794357299805,"car",0.0833333333333333,3.16,"weekday",3,"40 to 64","3-5km","bicycle",3.16,0.287272727272727,0.583333333333333,2.01090909090909
"87824/1000",NA,87824,2816,"60-64 years","female",21,9804,"Shopping",132.794357299805,132.794357299805,"car",0.166666666666667,4.87,"weekday",4,"40 to 64","3-5km","bicycle",4.87,0.442727272727273,1.16666666666667,3.09909090909091
"87824/1001",NA,87824,2817,"65-69 years","male",21,9805,"Other",140.530120849609,140.530120849609,"car",0.25,4.49,"weekday",1,"65 plus","3-5km","bicycle",4.49,0.408181818181818,1.75,2.85727272727273
"87824/1001",NA,87824,2817,"65-69 years","male",21,9806,"Shopping",140.530120849609,140.530120849609,"car",0.0833333333333333,2.81,"weekday",2,"65 plus","3-5km","bicycle",2.81,0.255454545454545,0.583333333333333,1.78818181818182
"87824/1001",NA,87824,2817,"65-69 years","male",21,9807,"Shopping",140.530120849609,140.530120849609,"car",0.166666666666667,4.87,"weekday",3,"65 plus","3-5km","bicycle",4.87,0.442727272727273,1.16666666666667,3.09909090909091
"87824/1002",NA,87824,2818,"30-34 years","male",21,9808,"Leisure",145.704574584961,145.704574584961,"car",0.916666666666667,63.51,"weekday",1,"20 to 39",">10km","car",63.51,0.916666666666667,6.41666666666667,6.41666666666667
"87824/1002",NA,87824,2818,"30-34 years","male",21,9809,"Leisure",145.704574584961,145.704574584961,"car",1,63.78,"weekday",2,"20 to 39",">10km","car",63.78,1,7,7
"87825/1000",NA,87825,2819,"70-74 years","male",21,9810,"Leisure",68.7407379150391,68.7407379150391,"walking",0.25,0.78,"weekday",1,"65 plus","<1km","walking",0.78,0.25,1.75,1.75
"87825/1000",NA,87825,2819,"70-74 years","male",21,9811,"Leisure",68.7407379150391,68.7407379150391,"walking",0.25,0.78,"weekday",2,"65 plus","<1km","walking",0.78,0.25,1.75,1.75
"87825/1000",NA,87825,2819,"70-74 years","male",21,9812,"Other",68.7407379150391,68.7407379150391,"car",0.5,17.26,"weekday",3,"65 plus",">10km","car",17.26,0.5,3.5,3.5
"87825/1000",NA,87825,2819,"70-74 years","male",21,9813,"Shopping",68.7407379150391,68.7407379150391,"car",0.5,13.43,"weekday",4,"65 plus",">10km","car",13.43,0.5,3.5,3.5
"87825/1000",NA,87825,2819,"70-74 years","male",21,9814,"Shopping",68.7407379150391,68.7407379150391,"car",0.116666666666667,2.8,"weekday",5,"65 plus","3-5km","bicycle",2.8,0.254545454545455,0.816666666666667,1.78181818181818
"87825/1000",NA,87825,2819,"70-74 years","male",21,9815,"Shopping",68.7407379150391,68.7407379150391,"car",0.0833333333333333,2.11,"weekday",6,"65 plus","3-5km","bicycle",2.11,0.191818181818182,0.583333333333333,1.34272727272727
"87825/1001",NA,87825,2820,"70-74 years","female",21,9816,"Other",74.8938827514648,74.8938827514648,"car",0.5,17.26,"weekday",1,"65 plus",">10km","car",17.26,0.5,3.5,3.5
"87825/1001",NA,87825,2820,"70-74 years","female",21,9817,"Shopping",74.8938827514648,74.8938827514648,"car",0.5,13.43,"weekday",2,"65 plus",">10km","car",13.43,0.5,3.5,3.5
"87825/1001",NA,87825,2820,"70-74 years","female",21,9818,"Shopping",74.8938827514648,74.8938827514648,"car",0.116666666666667,2.8,"weekday",3,"65 plus","3-5km","bicycle",2.8,0.254545454545455,0.816666666666667,1.78181818181818
"87825/1001",NA,87825,2820,"70-74 years","female",21,9819,"Shopping",74.8938827514648,74.8938827514648,"car",0.0833333333333333,2.11,"weekday",4,"65 plus","3-5km","bicycle",2.11,0.191818181818182,0.583333333333333,1.34272727272727
"87825/1001",NA,87825,2820,"70-74 years","female",21,9820,"Other",74.8938827514648,74.8938827514648,"car",0.166666666666667,4.28,"weekday",5,"65 plus","3-5km","bicycle",4.28,0.389090909090909,1.16666666666667,2.72363636363636
"87825/1001",NA,87825,2820,"70-74 years","female",21,9821,"Other",74.8938827514648,74.8938827514648,"car",0.166666666666667,8.53,"weekday",6,"65 plus","6-10km","car",8.53,0.166666666666667,1.16666666666667,1.16666666666667
"87825/1001",NA,87825,2820,"70-74 years","female",21,9822,"Other",74.8938827514648,74.8938827514648,"car",0.166666666666667,4.11,"weekday",7,"65 plus","3-5km","bicycle",4.11,0.373636363636364,1.16666666666667,2.61545454545455
"87825/1001",NA,87825,2820,"70-74 years","female",21,9823,"Other",74.8938827514648,74.8938827514648,"car",0.166666666666667,4.34,"weekday",8,"65 plus","3-5km","bicycle",4.34,0.394545454545455,1.16666666666667,2.76181818181818
"87825/1001",NA,87825,2820,"70-74 years","female",21,9824,"Other",74.8938827514648,74.8938827514648,"car",0.25,9.08,"weekday",9,"65 plus","6-10km","car",9.08,0.25,1.75,1.75
"87826/1000",NA,87826,2821,"45-49 years","male",21,9825,"Other",125.319877624512,125.319877624512,"car",0.333333333333333,8.55,"weekday",1,"40 to 64","6-10km","car",8.55,0.333333333333333,2.33333333333333,2.33333333333333
"87826/1000",NA,87826,2821,"45-49 years","male",21,9826,"Other",125.319877624512,125.319877624512,"car",0.333333333333333,8.59,"weekday",2,"40 to 64","6-10km","car",8.59,0.333333333333333,2.33333333333333,2.33333333333333
"87826/1000",NA,87826,2821,"45-49 years","male",21,9827,"Other",125.319877624512,125.319877624512,"car",0.5,8.55,"weekday",3,"40 to 64","6-10km","car",8.55,0.5,3.5,3.5
"87826/1000",NA,87826,2821,"45-49 years","male",21,9828,"Other",125.319877624512,125.319877624512,"car",0.333333333333333,8.59,"weekday",4,"40 to 64","6-10km","car",8.59,0.333333333333333,2.33333333333333,2.33333333333333
"87826/1001",NA,87826,2822,"40-44 years","female",21,9829,"Work",113.294410705566,113.294410705566,"car",0.333333333333333,8.85,"weekday",1,"40 to 64","6-10km","car",8.85,0.333333333333333,2.33333333333333,2.33333333333333
"87826/1001",NA,87826,2822,"40-44 years","female",21,9830,"Work",113.294410705566,113.294410705566,"car",0.333333333333333,8.9,"weekday",2,"40 to 64","6-10km","car",8.9,0.333333333333333,2.33333333333333,2.33333333333333
"87826/1002",NA,87826,2823,"15-19 years","male",21,9831,"Education",162.666137695312,162.666137695312,"car",0.333333333333333,8.55,"weekday",1,"15 to 19","6-10km","car",8.55,0.333333333333333,2.33333333333333,2.33333333333333
"87826/1002",NA,87826,2823,"15-19 years","male",21,9832,"Education",162.666137695312,162.666137695312,"car",0.333333333333333,8.59,"weekday",2,"15 to 19","6-10km","car",8.59,0.333333333333333,2.33333333333333,2.33333333333333
"87826/1003",NA,87826,2824,"15-19 years","male",21,9833,"Education",162.666137695312,162.666137695312,"car",0.333333333333333,8.55,"weekday",1,"15 to 19","6-10km","car",8.55,0.333333333333333,2.33333333333333,2.33333333333333
"87826/1003",NA,87826,2824,"15-19 years","male",21,9834,"Education",162.666137695312,162.666137695312,"car",0.333333333333333,8.59,"weekday",2,"15 to 19","6-10km","car",8.59,0.333333333333333,2.33333333333333,2.33333333333333
"87828/1000",NA,87828,2825,"50-54 years","female",21,9835,"Shopping",135.186767578125,135.186767578125,"car",0.25,9.95,"weekday",1,"40 to 64","6-10km","car",9.95,0.25,1.75,1.75
"87828/1000",NA,87828,2825,"50-54 years","female",21,9836,"Shopping",135.186767578125,135.186767578125,"car",0.25,9.81,"weekday",2,"40 to 64","6-10km","car",9.81,0.25,1.75,1.75
"87828/1000",NA,87828,2825,"50-54 years","female",21,9837,"Leisure",135.186767578125,135.186767578125,"car",0.5,21,"weekday",3,"40 to 64",">10km","car",21,0.5,3.5,3.5
"87828/1000",NA,87828,2825,"50-54 years","female",21,9838,"Leisure",135.186767578125,135.186767578125,"car",0.5,21.41,"weekday",4,"40 to 64",">10km","car",21.41,0.5,3.5,3.5
"87828/1001",NA,87828,2826,"50-54 years","male",21,9839,"Work",148.809509277344,148.809509277344,"car",0.75,22.89,"weekday",1,"40 to 64",">10km","car",22.89,0.75,5.25,5.25
"87828/1001",NA,87828,2826,"50-54 years","male",21,9840,"Work",148.809509277344,148.809509277344,"car",0.583333333333333,23.65,"weekday",2,"40 to 64",">10km","car",23.65,0.583333333333333,4.08333333333333,4.08333333333333
"87828/1001",NA,87828,2826,"50-54 years","male",21,9841,"Shopping",148.809509277344,148.809509277344,"car",0.25,9.95,"weekday",3,"40 to 64","6-10km","car",9.95,0.25,1.75,1.75
"87828/1001",NA,87828,2826,"50-54 years","male",21,9842,"Shopping",148.809509277344,148.809509277344,"car",0.25,9.81,"weekday",4,"40 to 64","6-10km","car",9.81,0.25,1.75,1.75
"87828/1001",NA,87828,2826,"50-54 years","male",21,9843,"Other",148.809509277344,148.809509277344,"car",0.5,21,"weekday",5,"40 to 64",">10km","car",21,0.5,3.5,3.5
"87828/1001",NA,87828,2826,"50-54 years","male",21,9844,"Other",148.809509277344,148.809509277344,"car",0.5,21.41,"weekday",6,"40 to 64",">10km","car",21.41,0.5,3.5,3.5
"87828/1002",NA,87828,2827,"25-29 years","male",21,9845,"Work",157.771377563477,157.771377563477,"car",1,24.52,"weekday",1,"20 to 39",">10km","car",24.52,1,7,7
"87828/1002",NA,87828,2827,"25-29 years","male",21,9846,"Work",157.771377563477,157.771377563477,"car",1,24.24,"weekday",2,"20 to 39",">10km","car",24.24,1,7,7
"87828/1002",NA,87828,2827,"25-29 years","male",21,9847,"Leisure",157.771377563477,157.771377563477,"car",0.166666666666667,5.08,"weekday",3,"20 to 39","6-10km","car",5.08,0.166666666666667,1.16666666666667,1.16666666666667
"87828/1002",NA,87828,2827,"25-29 years","male",21,9848,"Leisure",157.771377563477,157.771377563477,"car",0.166666666666667,5.35,"weekday",4,"20 to 39","6-10km","car",5.35,0.166666666666667,1.16666666666667,1.16666666666667
"87828/1003",NA,87828,2828,"20-24 years","male",21,9849,"Work",228.728454589844,228.728454589844,"car",0.25,9.95,"weekday",1,"20 to 39","6-10km","car",9.95,0.25,1.75,1.75
"87828/1003",NA,87828,2828,"20-24 years","male",21,9850,"Work",228.728454589844,228.728454589844,"car",0.25,9.81,"weekday",2,"20 to 39","6-10km","car",9.81,0.25,1.75,1.75
"87828/1004",NA,87828,2829,"20-24 years","male",21,9851,"Work",228.728454589844,228.728454589844,"car",0.25,9.95,"weekday",1,"20 to 39","6-10km","car",9.95,0.25,1.75,1.75
"87828/1004",NA,87828,2829,"20-24 years","male",21,9852,"Work",228.728454589844,228.728454589844,"car",0.25,9.81,"weekday",2,"20 to 39","6-10km","car",9.81,0.25,1.75,1.75
"87829/1000",NA,87829,2830,"30-34 years","female",21,9853,"Other",111.729713439941,111.729713439941,"car",0.333333333333333,8.69,"weekday",1,"20 to 39","6-10km","car",8.69,0.333333333333333,2.33333333333333,2.33333333333333
"87829/1000",NA,87829,2830,"30-34 years","female",21,9854,"Work",111.729713439941,111.729713439941,"car",0.5,23.37,"weekday",2,"20 to 39",">10km","car",23.37,0.5,3.5,3.5
"87829/1000",NA,87829,2830,"30-34 years","female",21,9855,"Work",111.729713439941,111.729713439941,"car",0.75,18.07,"weekday",3,"20 to 39",">10km","car",18.07,0.75,5.25,5.25
"87829/1001",NA,87829,2831,"30-34 years","male",21,9856,"Work",145.704574584961,145.704574584961,"car",0.5,8.79,"weekday",1,"20 to 39","6-10km","car",8.79,0.5,3.5,3.5
"87829/1001",NA,87829,2831,"30-34 years","male",21,9857,"Other",145.704574584961,145.704574584961,"car",0.0833333333333333,1.24,"weekday",2,"20 to 39","1-2km","bicycle",1.24,0.112727272727273,0.583333333333333,0.789090909090909
"87829/1001",NA,87829,2831,"30-34 years","male",21,9858,"Other",145.704574584961,145.704574584961,"car",0.416666666666667,8.71,"weekday",3,"20 to 39","6-10km","car",8.71,0.416666666666667,2.91666666666667,2.91666666666667
"87831/1000",NA,87831,2832,"25-29 years","female",21,9859,"Work",90.3303756713867,90.3303756713867,"car",0.25,8.51,"weekday",1,"20 to 39","6-10km","car",8.51,0.25,1.75,1.75
"87831/1000",NA,87831,2832,"25-29 years","female",21,9860,"Work",90.3303756713867,90.3303756713867,"car",0.25,8.44,"weekday",2,"20 to 39","6-10km","car",8.44,0.25,1.75,1.75
"87831/1001",NA,87831,2833,"30-34 years","male",21,9861,"Work",94.9313201904297,94.9313201904297,"car",0.5,15.2,"weekday",1,"20 to 39",">10km","car",15.2,0.5,3.5,3.5
"87831/1001",NA,87831,2833,"30-34 years","male",21,9862,"Work",94.9313201904297,94.9313201904297,"car",0.483333333333333,15.15,"weekday",2,"20 to 39",">10km","car",15.15,0.483333333333333,3.38333333333333,3.38333333333333
"87832/1001",NA,87832,2834,"25-29 years","female",21,9863,"Work",90.3303756713867,90.3303756713867,"car",0.75,18.39,"weekday",1,"20 to 39",">10km","car",18.39,0.75,5.25,5.25
"87832/1001",NA,87832,2834,"25-29 years","female",21,9864,"Work",90.3303756713867,90.3303756713867,"public.transport",0.383333333333333,15.44,"weekday",1,"20 to 39",">10km","public.transport",15.44,0.383333333333333,2.68333333333333,2.68333333333333
"87832/1001",NA,87832,2834,"25-29 years","female",21,9865,"Work",90.3303756713867,90.3303756713867,"walking",0.116666666666667,0.21,"weekday",1,"20 to 39","<1km","walking",0.21,0.116666666666667,0.816666666666667,0.816666666666667
"87832/1001",NA,87832,2834,"25-29 years","female",21,9866,"Leisure",90.3303756713867,90.3303756713867,"walking",0.25,0.85,"weekday",2,"20 to 39","<1km","walking",0.85,0.25,1.75,1.75
"87832/1001",NA,87832,2834,"25-29 years","female",21,9867,"Leisure",90.3303756713867,90.3303756713867,"walking",0.283333333333333,1.26,"weekday",3,"20 to 39","1-2km","walking",1.26,0.283333333333333,1.98333333333333,1.98333333333333
"87832/1001",NA,87832,2834,"25-29 years","female",21,9868,"Work",90.3303756713867,90.3303756713867,"walking",0.133333333333333,0.4,"weekday",4,"20 to 39","<1km","walking",0.4,0.133333333333333,0.933333333333333,0.933333333333333
"87832/1001",NA,87832,2834,"25-29 years","female",21,9869,"Shopping",90.3303756713867,90.3303756713867,"walking",0.05,0.12,"weekday",5,"20 to 39","<1km","walking",0.12,0.05,0.35,0.35
"87832/1001",NA,87832,2834,"25-29 years","female",21,9870,"Work",90.3303756713867,90.3303756713867,"walking",0.0666666666666667,0.12,"weekday",6,"20 to 39","<1km","walking",0.12,0.0666666666666667,0.466666666666667,0.466666666666667
"87832/1001",NA,87832,2834,"25-29 years","female",21,9871,"Work",90.3303756713867,90.3303756713867,"walking",0.166666666666667,0.21,"weekday",7,"20 to 39","<1km","walking",0.21,0.166666666666667,1.16666666666667,1.16666666666667
"87832/1001",NA,87832,2834,"25-29 years","female",21,9872,"Work",90.3303756713867,90.3303756713867,"public.transport",0.55,15.46,"weekday",7,"20 to 39",">10km","public.transport",15.46,0.55,3.85,3.85
"87832/1001",NA,87832,2834,"25-29 years","female",21,9873,"Work",90.3303756713867,90.3303756713867,"car",0.533333333333333,20.44,"weekday",7,"20 to 39",">10km","car",20.44,0.533333333333333,3.73333333333333,3.73333333333333
"87835/1000",NA,87835,2835,"45-49 years","female",21,9874,"Other",163.545227050781,163.545227050781,"car",0.25,4.26,"weekday",1,"40 to 64","3-5km","bicycle",4.26,0.387272727272727,1.75,2.71090909090909
"87835/1000",NA,87835,2835,"45-49 years","female",21,9875,"Other",163.545227050781,163.545227050781,"car",0.25,4.34,"weekday",2,"40 to 64","3-5km","bicycle",4.34,0.394545454545455,1.75,2.76181818181818
"87835/1000",NA,87835,2835,"45-49 years","female",21,9876,"Other",163.545227050781,163.545227050781,"car",0.25,4.26,"weekday",3,"40 to 64","3-5km","bicycle",4.26,0.387272727272727,1.75,2.71090909090909
"87835/1000",NA,87835,2835,"45-49 years","female",21,9877,"Other",163.545227050781,163.545227050781,"car",0.25,4.34,"weekday",4,"40 to 64","3-5km","bicycle",4.34,0.394545454545455,1.75,2.76181818181818
"87837/1000",NA,87837,2836,"65-69 years","male",21,9878,"Other",91.5599975585938,91.5599975585938,"car",0.733333333333333,25.23,"weekday",1,"65 plus",">10km","car",25.23,0.733333333333333,5.13333333333333,5.13333333333333
"87837/1000",NA,87837,2836,"65-69 years","male",21,9879,"Other",91.5599975585938,91.5599975585938,"car",0.75,25.18,"weekday",2,"65 plus",">10km","car",25.18,0.75,5.25,5.25
"87837/1001",NA,87837,2837,"60-64 years","female",21,9880,"Other",86.5198974609375,86.5198974609375,"car",0.166666666666667,4.34,"weekday",1,"40 to 64","3-5km","bicycle",4.34,0.394545454545455,1.16666666666667,2.76181818181818
"87837/1001",NA,87837,2837,"60-64 years","female",21,9881,"Other",86.5198974609375,86.5198974609375,"car",0.116666666666667,2.02,"weekday",2,"40 to 64","3-5km","bicycle",2.02,0.183636363636364,0.816666666666667,1.28545454545455
"87837/1001",NA,87837,2837,"60-64 years","female",21,9882,"Other",86.5198974609375,86.5198974609375,"car",0.2,5.62,"weekday",3,"40 to 64","6-10km","car",5.62,0.2,1.4,1.4
"87837/1001",NA,87837,2837,"60-64 years","female",21,9883,"Other",86.5198974609375,86.5198974609375,"car",0.0333333333333333,0.63,"weekday",4,"40 to 64","<1km","bicycle",0.63,0.0572727272727273,0.233333333333333,0.400909090909091
"87837/1001",NA,87837,2837,"60-64 years","female",21,9884,"Shopping",86.5198974609375,86.5198974609375,"car",0.166666666666667,3.23,"weekday",5,"40 to 64","3-5km","bicycle",3.23,0.293636363636364,1.16666666666667,2.05545454545455
"87837/1001",NA,87837,2837,"60-64 years","female",21,9885,"Shopping",86.5198974609375,86.5198974609375,"car",0.15,3.26,"weekday",6,"40 to 64","3-5km","bicycle",3.26,0.296363636363636,1.05,2.07454545454545
"87840/1000",NA,87840,2838,"40-44 years","female",21,9886,"Other",113.294410705566,113.294410705566,"car",0.0333333333333333,0.55,"weekday",1,"40 to 64","<1km","bicycle",0.55,0.05,0.233333333333333,0.35
"87840/1000",NA,87840,2838,"40-44 years","female",21,9887,"Work",113.294410705566,113.294410705566,"car",0.45,13.6,"weekday",2,"40 to 64",">10km","car",13.6,0.45,3.15,3.15
"87840/1000",NA,87840,2838,"40-44 years","female",21,9888,"Other",113.294410705566,113.294410705566,"car",0.416666666666667,12.27,"weekday",3,"40 to 64",">10km","car",12.27,0.416666666666667,2.91666666666667,2.91666666666667
"87840/1000",NA,87840,2838,"40-44 years","female",21,9889,"Other",113.294410705566,113.294410705566,"car",0.0833333333333333,2.63,"weekday",4,"40 to 64","3-5km","bicycle",2.63,0.239090909090909,0.583333333333333,1.67363636363636
"87840/1001",NA,87840,2839,"45-49 years","male",21,9890,"Work",125.319877624512,125.319877624512,"car",0.166666666666667,4.46,"weekday",1,"40 to 64","3-5km","bicycle",4.46,0.405454545454545,1.16666666666667,2.83818181818182
"87840/1001",NA,87840,2839,"45-49 years","male",21,9891,"Work",125.319877624512,125.319877624512,"public.transport",0.666666666666667,20.06,"weekday",1,"40 to 64",">10km","public.transport",20.06,0.666666666666667,4.66666666666667,4.66666666666667
"87840/1001",NA,87840,2839,"45-49 years","male",21,9892,"Work",125.319877624512,125.319877624512,"walking",0.166666666666667,0.17,"weekday",1,"40 to 64","<1km","walking",0.17,0.166666666666667,1.16666666666667,1.16666666666667
"87840/1001",NA,87840,2839,"45-49 years","male",21,9893,"Work",125.319877624512,125.319877624512,"walking",0.166666666666667,0.17,"weekday",2,"40 to 64","<1km","walking",0.17,0.166666666666667,1.16666666666667,1.16666666666667
"87840/1001",NA,87840,2839,"45-49 years","male",21,9894,"Work",125.319877624512,125.319877624512,"public.transport",0.8,20.52,"weekday",2,"40 to 64",">10km","public.transport",20.52,0.8,5.6,5.6
"87840/1001",NA,87840,2839,"45-49 years","male",21,9895,"Work",125.319877624512,125.319877624512,"car",0.15,4.18,"weekday",2,"40 to 64","3-5km","bicycle",4.18,0.38,1.05,2.66
"87840/1002",NA,87840,2840,"15-19 years","female",21,9896,"Education",100.53645324707,100.53645324707,"car",0.0333333333333333,0.55,"weekday",1,"15 to 19","<1km","bicycle",0.55,0.05,0.233333333333333,0.35
"87840/1002",NA,87840,2840,"15-19 years","female",21,9897,"Education",100.53645324707,100.53645324707,"public.transport",0.8,8.12,"weekday",1,"15 to 19","6-10km","public.transport",8.12,0.8,5.6,5.6
"87840/1002",NA,87840,2840,"15-19 years","female",21,9900,"Education",100.53645324707,100.53645324707,"public.transport",0.833333333333333,10.24,"weekday",2,"15 to 19",">10km","public.transport",10.24,0.833333333333333,5.83333333333333,5.83333333333333
"87840/1002",NA,87840,2840,"15-19 years","female",21,9901,"Education",100.53645324707,100.53645324707,"car",0.0833333333333333,2.63,"weekday",2,"15 to 19","3-5km","bicycle",2.63,0.239090909090909,0.583333333333333,1.67363636363636
"87843/1000",NA,87843,2841,"30-34 years","female",21,9902,"Work",106.075881958008,106.075881958008,"car",0.5,14.55,"weekday",1,"20 to 39",">10km","car",14.55,0.5,3.5,3.5
"87843/1000",NA,87843,2841,"30-34 years","female",21,9903,"Work",106.075881958008,106.075881958008,"car",0.416666666666667,14.51,"weekday",2,"20 to 39",">10km","car",14.51,0.416666666666667,2.91666666666667,2.91666666666667
"87843/1001",NA,87843,2842,"60-64 years","female",21,9904,"Work",126.074600219727,126.074600219727,"car",1,83.08,"weekday",1,"40 to 64",">10km","car",83.08,1,7,7
"87843/1001",NA,87843,2842,"60-64 years","female",21,9905,"Work",126.074600219727,126.074600219727,"car",1,83.44,"weekday",2,"40 to 64",">10km","car",83.44,1,7,7
"87843/1001",NA,87843,2842,"60-64 years","female",21,9906,"Other",126.074600219727,126.074600219727,"car",0.416666666666667,14.55,"weekday",3,"40 to 64",">10km","car",14.55,0.416666666666667,2.91666666666667,2.91666666666667
"87843/1001",NA,87843,2842,"60-64 years","female",21,9907,"Other",126.074600219727,126.074600219727,"car",0.5,14.51,"weekday",4,"40 to 64",">10km","car",14.51,0.5,3.5,3.5
"87843/1002",NA,87843,2843,"25-29 years","female",21,9908,"Work",131.627136230469,131.627136230469,"car",0.5,14.55,"weekday",1,"20 to 39",">10km","car",14.55,0.5,3.5,3.5
"87843/1002",NA,87843,2843,"25-29 years","female",21,9909,"Work",131.627136230469,131.627136230469,"car",0.5,14.51,"weekday",2,"20 to 39",">10km","car",14.51,0.5,3.5,3.5
"87843/1002",NA,87843,2843,"25-29 years","female",21,9910,"Other",131.627136230469,131.627136230469,"car",0.5,14.55,"weekday",3,"20 to 39",">10km","car",14.55,0.5,3.5,3.5
"87843/1002",NA,87843,2843,"25-29 years","female",21,9911,"Other",131.627136230469,131.627136230469,"car",0.5,14.51,"weekday",4,"20 to 39",">10km","car",14.51,0.5,3.5,3.5
"87844/1000",NA,87844,2844,"60-64 years","male",21,9912,"Work",93.5367965698242,93.5367965698242,"other",0.5,21.72,"weekday",1,"40 to 64",">10km","other",21.72,0.5,3.5,3.5
"87844/1000",NA,87844,2844,"60-64 years","male",21,9913,"Work",93.5367965698242,93.5367965698242,"other",0.5,21.28,"weekday",2,"40 to 64",">10km","other",21.28,0.5,3.5,3.5
"87844/1001",NA,87844,2845,"60-64 years","female",21,9914,"Other",86.5198974609375,86.5198974609375,"car",0.333333333333333,8.52,"weekday",1,"40 to 64","6-10km","car",8.52,0.333333333333333,2.33333333333333,2.33333333333333
"87844/1001",NA,87844,2845,"60-64 years","female",21,9915,"Other",86.5198974609375,86.5198974609375,"car",0.333333333333333,8.55,"weekday",2,"40 to 64","6-10km","car",8.55,0.333333333333333,2.33333333333333,2.33333333333333
"87845/1001",NA,87845,2846,"30-34 years","female",21,9916,"Leisure",72.7955856323242,72.7955856323242,"walking",0.25,0.58,"weekday",1,"20 to 39","<1km","walking",0.58,0.25,1.75,1.75
"87845/1001",NA,87845,2846,"30-34 years","female",21,9917,"Leisure",72.7955856323242,72.7955856323242,"walking",0.25,0.58,"weekday",2,"20 to 39","<1km","walking",0.58,0.25,1.75,1.75
"87849/1000",NA,87849,2847,"60-64 years","female",21,9918,"Other",126.074600219727,126.074600219727,"car",0.166666666666667,3.68,"weekday",1,"40 to 64","3-5km","bicycle",3.68,0.334545454545455,1.16666666666667,2.34181818181818
"87849/1000",NA,87849,2847,"60-64 years","female",21,9919,"Work",126.074600219727,126.074600219727,"car",0.333333333333333,9.32,"weekday",2,"40 to 64","6-10km","car",9.32,0.333333333333333,2.33333333333333,2.33333333333333
"87849/1000",NA,87849,2847,"60-64 years","female",21,9920,"Other",126.074600219727,126.074600219727,"car",0.5,9.43,"weekday",3,"40 to 64","6-10km","car",9.43,0.5,3.5,3.5
"87849/1000",NA,87849,2847,"60-64 years","female",21,9921,"Other",126.074600219727,126.074600219727,"car",0.166666666666667,3.67,"weekday",4,"40 to 64","3-5km","bicycle",3.67,0.333636363636364,1.16666666666667,2.33545454545455
"87849/1001",NA,87849,2848,"55-59 years","male",21,9922,"Work",125.77254486084,125.77254486084,"car",0.5,18.52,"weekday",1,"40 to 64",">10km","car",18.52,0.5,3.5,3.5
"87849/1001",NA,87849,2848,"55-59 years","male",21,9923,"Work",125.77254486084,125.77254486084,"car",0.583333333333333,18.51,"weekday",2,"40 to 64",">10km","car",18.51,0.583333333333333,4.08333333333333,4.08333333333333
"87849/1002",NA,87849,2849,"15-19 years","female",21,9924,"Education",100.53645324707,100.53645324707,"car",0.166666666666667,3.68,"weekday",1,"15 to 19","3-5km","bicycle",3.68,0.334545454545455,1.16666666666667,2.34181818181818
"87849/1002",NA,87849,2849,"15-19 years","female",21,9925,"Education",100.53645324707,100.53645324707,"car",0.166666666666667,3.67,"weekday",2,"15 to 19","3-5km","bicycle",3.67,0.333636363636364,1.16666666666667,2.33545454545455
"87849/1003",NA,87849,2850,"15-19 years","female",21,9926,"Education",100.53645324707,100.53645324707,"car",0.166666666666667,3.68,"weekday",1,"15 to 19","3-5km","bicycle",3.68,0.334545454545455,1.16666666666667,2.34181818181818
"87849/1003",NA,87849,2850,"15-19 years","female",21,9927,"Education",100.53645324707,100.53645324707,"car",0.166666666666667,3.67,"weekday",2,"15 to 19","3-5km","bicycle",3.67,0.333636363636364,1.16666666666667,2.33545454545455
"87880/1000",NA,87880,2851,"20-24 years","female",21,9928,"Other",288.452209472656,288.452209472656,"walking",0.166666666666667,1.13,"weekday",1,"20 to 39","1-2km","walking",1.13,0.166666666666667,1.16666666666667,1.16666666666667
"87880/1000",NA,87880,2851,"20-24 years","female",21,9929,"Other",288.452209472656,288.452209472656,"walking",0.166666666666667,1.13,"weekday",2,"20 to 39","1-2km","walking",1.13,0.166666666666667,1.16666666666667,1.16666666666667
"87880/1000",NA,87880,2851,"20-24 years","female",21,9930,"Other",288.452209472656,288.452209472656,"walking",0.166666666666667,1.13,"weekday",3,"20 to 39","1-2km","walking",1.13,0.166666666666667,1.16666666666667,1.16666666666667
"87880/1000",NA,87880,2851,"20-24 years","female",21,9931,"Other",288.452209472656,288.452209472656,"walking",0.166666666666667,1.13,"weekday",4,"20 to 39","1-2km","walking",1.13,0.166666666666667,1.16666666666667,1.16666666666667
"87880/1001",NA,87880,2852,"30-34 years","male",21,9932,"Work",198.818878173828,198.818878173828,"car",0.5,16.68,"weekday",1,"20 to 39",">10km","car",16.68,0.5,3.5,3.5
"87880/1001",NA,87880,2852,"30-34 years","male",21,9933,"Work",198.818878173828,198.818878173828,"car",0.5,16.55,"weekday",2,"20 to 39",">10km","car",16.55,0.5,3.5,3.5
"87941/1001",NA,87941,2853,"50-54 years","male",21,9934,"Work",184.872970581055,184.872970581055,"car",1,76.31,"weekday",1,"40 to 64",">10km","car",76.31,1,7,7
"87941/1001",NA,87941,2853,"50-54 years","male",21,9935,"Work",184.872970581055,184.872970581055,"car",1,75.76,"weekday",2,"40 to 64",">10km","car",75.76,1,7,7
"87945/1000",NA,87945,2854,"60-64 years","female",21,9936,"Shopping",156.893493652344,156.893493652344,"car",0.25,4.46,"weekday",1,"40 to 64","3-5km","bicycle",4.46,0.405454545454545,1.75,2.83818181818182
"87945/1000",NA,87945,2854,"60-64 years","female",21,9937,"Leisure",156.893493652344,156.893493652344,"car",0.75,45.82,"weekday",2,"40 to 64",">10km","car",45.82,0.75,5.25,5.25
"87945/1000",NA,87945,2854,"60-64 years","female",21,9938,"Leisure",156.893493652344,156.893493652344,"car",1,44.04,"weekday",3,"40 to 64",">10km","car",44.04,1,7,7
"87945/1001",NA,87945,2855,"60-64 years","male",21,9939,"Other",143.074340820312,143.074340820312,"car",0.25,4.46,"weekday",1,"40 to 64","3-5km","bicycle",4.46,0.405454545454545,1.75,2.83818181818182
"87945/1001",NA,87945,2855,"60-64 years","male",21,9940,"Other",143.074340820312,143.074340820312,"car",0.75,45.82,"weekday",2,"40 to 64",">10km","car",45.82,0.75,5.25,5.25
"87945/1001",NA,87945,2855,"60-64 years","male",21,9941,"Other",143.074340820312,143.074340820312,"car",1,44.04,"weekday",3,"40 to 64",">10km","car",44.04,1,7,7
"87946/1000",NA,87946,2856,"45-49 years","female",21,9942,"Work",294.0693359375,294.0693359375,"car",1.16666666666667,43.98,"weekday",1,"40 to 64",">10km","car",43.98,1.16666666666667,8.16666666666667,8.16666666666667
"87946/1000",NA,87946,2856,"45-49 years","female",21,9943,"Work",294.0693359375,294.0693359375,"car",1.16666666666667,43.61,"weekday",2,"40 to 64",">10km","car",43.61,1.16666666666667,8.16666666666667,8.16666666666667
"87948/1000",NA,87948,2857,"45-49 years","female",21,9944,"Other",184.702865600586,184.702865600586,"car",0.333333333333333,6.03,"weekday",1,"40 to 64","6-10km","car",6.03,0.333333333333333,2.33333333333333,2.33333333333333
"87948/1000",NA,87948,2857,"45-49 years","female",21,9945,"Other",184.702865600586,184.702865600586,"car",0.25,5.95,"weekday",2,"40 to 64","6-10km","car",5.95,0.25,1.75,1.75
"87950/1000",NA,87950,2858,"40-44 years","male",21,9946,"Other",500.453094482422,500.453094482422,"car",0.833333333333333,47.93,"weekday",1,"40 to 64",">10km","car",47.93,0.833333333333333,5.83333333333333,5.83333333333333
"87950/1000",NA,87950,2858,"40-44 years","male",21,9947,"Work",500.453094482422,500.453094482422,"car",0.666666666666667,35.37,"weekday",2,"40 to 64",">10km","car",35.37,0.666666666666667,4.66666666666667,4.66666666666667
"87950/1000",NA,87950,2858,"40-44 years","male",21,9948,"Work",500.453094482422,500.453094482422,"car",0.533333333333333,19.94,"weekday",3,"40 to 64",">10km","car",19.94,0.533333333333333,3.73333333333333,3.73333333333333
"87950/1001",NA,87950,2859,"35-39 years","female",21,9949,"Other",414.036376953125,414.036376953125,"car",0.333333333333333,23.46,"weekday",1,"20 to 39",">10km","car",23.46,0.333333333333333,2.33333333333333,2.33333333333333
"87950/1001",NA,87950,2859,"35-39 years","female",21,9950,"Work",414.036376953125,414.036376953125,"car",0.166666666666667,6.29,"weekday",2,"20 to 39","6-10km","car",6.29,0.166666666666667,1.16666666666667,1.16666666666667
"87950/1001",NA,87950,2859,"35-39 years","female",21,9952,"Other",414.036376953125,414.036376953125,"car",0.366666666666667,19.94,"weekday",4,"20 to 39",">10km","car",19.94,0.366666666666667,2.56666666666667,2.56666666666667
"87950/1002",NA,87950,2860,"15-19 years","male",21,9953,"Work",431.189636230469,431.189636230469,"car",0.833333333333333,47.93,"weekday",1,"15 to 19",">10km","car",47.93,0.833333333333333,5.83333333333333,5.83333333333333
"87950/1002",NA,87950,2860,"15-19 years","male",21,9954,"Shopping",431.189636230469,431.189636230469,"car",1.5,34.62,"weekday",2,"15 to 19",">10km","car",34.62,1.5,10.5,10.5
"87950/1002",NA,87950,2860,"15-19 years","male",21,9955,"Shopping",431.189636230469,431.189636230469,"car",0.366666666666667,19.94,"weekday",3,"15 to 19",">10km","car",19.94,0.366666666666667,2.56666666666667,2.56666666666667
"87956/1000",NA,87956,2861,"60-64 years","female",21,9956,"Shopping",156.893493652344,156.893493652344,"car",0.5,8.47,"weekday",1,"40 to 64","6-10km","car",8.47,0.5,3.5,3.5
"87956/1000",NA,87956,2861,"60-64 years","female",21,9957,"Shopping",156.893493652344,156.893493652344,"car",0.416666666666667,8.44,"weekday",2,"40 to 64","6-10km","car",8.44,0.416666666666667,2.91666666666667,2.91666666666667
"87956/1001",NA,87956,2862,"60-64 years","male",21,9958,"Other",143.074340820312,143.074340820312,"car",0.5,7.78,"weekday",1,"40 to 64","6-10km","car",7.78,0.5,3.5,3.5
"87956/1001",NA,87956,2862,"60-64 years","male",21,9959,"Other",143.074340820312,143.074340820312,"car",0.5,7.48,"weekday",2,"40 to 64","6-10km","car",7.48,0.5,3.5,3.5
"87960/1000",NA,87960,2863,"55-59 years","female",21,9960,"Work",285.437072753906,285.437072753906,"car",0.166666666666667,7.68,"weekday",1,"40 to 64","6-10km","car",7.68,0.166666666666667,1.16666666666667,1.16666666666667
"87960/1000",NA,87960,2863,"55-59 years","female",21,9961,"Work",285.437072753906,285.437072753906,"car",0.25,7.7,"weekday",2,"40 to 64","6-10km","car",7.7,0.25,1.75,1.75
"87960/1001",NA,87960,2864,"55-59 years","male",21,9962,"Work",415.868316650391,415.868316650391,"car",0.833333333333333,44.15,"weekday",1,"40 to 64",">10km","car",44.15,0.833333333333333,5.83333333333333,5.83333333333333
"87960/1001",NA,87960,2864,"55-59 years","male",21,9963,"Work",415.868316650391,415.868316650391,"car",0.75,19.18,"weekday",2,"40 to 64",">10km","car",19.18,0.75,5.25,5.25
"87960/1001",NA,87960,2864,"55-59 years","male",21,9964,"Work",415.868316650391,415.868316650391,"car",0.333333333333333,10.64,"weekday",3,"40 to 64",">10km","car",10.64,0.333333333333333,2.33333333333333,2.33333333333333
"87960/1001",NA,87960,2864,"55-59 years","male",21,9965,"Shopping",415.868316650391,415.868316650391,"car",0.333333333333333,17.22,"weekday",4,"40 to 64",">10km","car",17.22,0.333333333333333,2.33333333333333,2.33333333333333
"87960/1001",NA,87960,2864,"55-59 years","male",21,9966,"Shopping",415.868316650391,415.868316650391,"car",0.25,7.4,"weekday",5,"40 to 64","6-10km","car",7.4,0.25,1.75,1.75
"87960/1002",NA,87960,2865,"25-29 years","male",21,9967,"Leisure",704.755065917969,704.755065917969,"car",0.166666666666667,10.7,"weekday",1,"20 to 39",">10km","car",10.7,0.166666666666667,1.16666666666667,1.16666666666667
"87960/1002",NA,87960,2865,"25-29 years","male",21,9968,"Leisure",704.755065917969,704.755065917969,"car",0.166666666666667,10.7,"weekday",2,"20 to 39",">10km","car",10.7,0.166666666666667,1.16666666666667,1.16666666666667
"87960/1002",NA,87960,2865,"25-29 years","male",21,9969,"Leisure",704.755065917969,704.755065917969,"car",0.5,29.14,"weekday",3,"20 to 39",">10km","car",29.14,0.5,3.5,3.5
"87960/1002",NA,87960,2865,"25-29 years","male",21,9970,"Leisure",704.755065917969,704.755065917969,"car",0.666666666666667,28.66,"weekday",4,"20 to 39",">10km","car",28.66,0.666666666666667,4.66666666666667,4.66666666666667
"87962/1000",NA,87962,2866,"55-59 years","male",21,9972,"Work",415.868316650391,415.868316650391,"car",0.333333333333333,8.97,"weekday",1,"40 to 64","6-10km","car",8.97,0.333333333333333,2.33333333333333,2.33333333333333
"87962/1000",NA,87962,2866,"55-59 years","male",21,9973,"Work",415.868316650391,415.868316650391,"car",0.25,8.98,"weekday",2,"40 to 64","6-10km","car",8.98,0.25,1.75,1.75
"87962/1001",NA,87962,2867,"45-49 years","female",21,9974,"Work",294.0693359375,294.0693359375,"car",0.333333333333333,7.98,"weekday",1,"40 to 64","6-10km","car",7.98,0.333333333333333,2.33333333333333,2.33333333333333
"87962/1001",NA,87962,2867,"45-49 years","female",21,9975,"Work",294.0693359375,294.0693359375,"car",0.25,7.93,"weekday",2,"40 to 64","6-10km","car",7.93,0.25,1.75,1.75
"87962/1002",NA,87962,2868,"15-19 years","male",21,9976,"Education",243.971801757812,243.971801757812,"car",0.266666666666667,7.21,"weekday",1,"15 to 19","6-10km","car",7.21,0.266666666666667,1.86666666666667,1.86666666666667
"87962/1002",NA,87962,2868,"15-19 years","male",21,9977,"Education",243.971801757812,243.971801757812,"car",0.416666666666667,7.19,"weekday",2,"15 to 19","6-10km","car",7.19,0.416666666666667,2.91666666666667,2.91666666666667
"87963/1000",NA,87963,2869,"60-64 years","male",21,9978,"Work",182.576873779297,182.576873779297,"car",0.5,17.45,"weekday",1,"40 to 64",">10km","car",17.45,0.5,3.5,3.5
"87963/1000",NA,87963,2869,"60-64 years","male",21,9979,"Work",182.576873779297,182.576873779297,"car",0.833333333333333,17.5,"weekday",2,"40 to 64",">10km","car",17.5,0.833333333333333,5.83333333333333,5.83333333333333
"87963/1000",NA,87963,2869,"60-64 years","male",21,9980,"Other",182.576873779297,182.576873779297,"bicycle",0.466666666666667,6.62,"weekday",3,"40 to 64","6-10km","bicycle",6.62,0.466666666666667,3.26666666666667,3.26666666666667
"87963/1000",NA,87963,2869,"60-64 years","male",21,9981,"Other",182.576873779297,182.576873779297,"bicycle",0.633333333333333,6.62,"weekday",4,"40 to 64","6-10km","bicycle",6.62,0.633333333333333,4.43333333333333,4.43333333333333
"87965/1000",NA,87965,2870,"40-44 years","female",21,9982,"Other",460.510681152344,460.510681152344,"car",0.25,6.93,"weekday",1,"40 to 64","6-10km","car",6.93,0.25,1.75,1.75
"87965/1000",NA,87965,2870,"40-44 years","female",21,9983,"Other",460.510681152344,460.510681152344,"car",0.25,6.88,"weekday",2,"40 to 64","6-10km","car",6.88,0.25,1.75,1.75
"87965/1000",NA,87965,2870,"40-44 years","female",21,9984,"Other",460.510681152344,460.510681152344,"car",0.166666666666667,6.93,"weekday",3,"40 to 64","6-10km","car",6.93,0.166666666666667,1.16666666666667,1.16666666666667
"87965/1000",NA,87965,2870,"40-44 years","female",21,9985,"Other",460.510681152344,460.510681152344,"car",0.333333333333333,6.88,"weekday",4,"40 to 64","6-10km","car",6.88,0.333333333333333,2.33333333333333,2.33333333333333
"87967/1000",NA,87967,2871,"40-44 years","female",21,9986,"Work",460.510681152344,460.510681152344,"car",0.666666666666667,27.83,"weekday",1,"40 to 64",">10km","car",27.83,0.666666666666667,4.66666666666667,4.66666666666667
"87967/1000",NA,87967,2871,"40-44 years","female",21,9987,"Work",460.510681152344,460.510681152344,"car",0.666666666666667,27.89,"weekday",2,"40 to 64",">10km","car",27.89,0.666666666666667,4.66666666666667,4.66666666666667
"87967/1001",NA,87967,2872,"40-44 years","male",21,9988,"Work",387.342620849609,387.342620849609,"car",0.583333333333333,25.2,"weekday",1,"40 to 64",">10km","car",25.2,0.583333333333333,4.08333333333333,4.08333333333333
"87967/1001",NA,87967,2872,"40-44 years","male",21,9989,"Work",387.342620849609,387.342620849609,"car",0.833333333333333,25.43,"weekday",2,"40 to 64",">10km","car",25.43,0.833333333333333,5.83333333333333,5.83333333333333
"87967/1003",NA,87967,2873,"15-19 years","female",21,9990,"Education",424.069610595703,424.069610595703,"car",0.666666666666667,27.83,"weekday",1,"15 to 19",">10km","car",27.83,0.666666666666667,4.66666666666667,4.66666666666667
"87967/1003",NA,87967,2873,"15-19 years","female",21,9991,"Education",424.069610595703,424.069610595703,"car",0.666666666666667,27.89,"weekday",2,"15 to 19",">10km","car",27.89,0.666666666666667,4.66666666666667,4.66666666666667
"87968/1000",NA,87968,2874,"35-39 years","male",21,9992,"Work",347.083160400391,347.083160400391,"car",0.283333333333333,5.52,"weekday",1,"20 to 39","6-10km","car",5.52,0.283333333333333,1.98333333333333,1.98333333333333
"87968/1000",NA,87968,2874,"35-39 years","male",21,9993,"Work",347.083160400391,347.083160400391,"public.transport",0.666666666666667,36.25,"weekday",1,"20 to 39",">10km","public.transport",36.25,0.666666666666667,4.66666666666667,4.66666666666667
"87968/1000",NA,87968,2874,"35-39 years","male",21,9994,"Work",347.083160400391,347.083160400391,"walking",0.166666666666667,0.25,"weekday",1,"20 to 39","<1km","walking",0.25,0.166666666666667,1.16666666666667,1.16666666666667
"87968/1000",NA,87968,2874,"35-39 years","male",21,9995,"Work",347.083160400391,347.083160400391,"walking",0.15,0.25,"weekday",2,"20 to 39","<1km","walking",0.25,0.15,1.05,1.05
"87968/1000",NA,87968,2874,"35-39 years","male",21,9996,"Work",347.083160400391,347.083160400391,"public.transport",0.616666666666667,36.25,"weekday",2,"20 to 39",">10km","public.transport",36.25,0.616666666666667,4.31666666666667,4.31666666666667
"87968/1000",NA,87968,2874,"35-39 years","male",21,9997,"Work",347.083160400391,347.083160400391,"car",0.333333333333333,5.69,"weekday",2,"20 to 39","6-10km","car",5.69,0.333333333333333,2.33333333333333,2.33333333333333
"87968/1001",NA,87968,2875,"30-34 years","female",21,9998,"Other",540.867980957031,540.867980957031,"car",0.166666666666667,3.62,"weekday",1,"20 to 39","3-5km","bicycle",3.62,0.329090909090909,1.16666666666667,2.30363636363636
"87968/1001",NA,87968,2875,"30-34 years","female",21,9999,"Other",540.867980957031,540.867980957031,"car",0.166666666666667,3.66,"weekday",2,"20 to 39","3-5km","bicycle",3.66,0.332727272727273,1.16666666666667,2.32909090909091
"87968/1001",NA,87968,2875,"30-34 years","female",21,10000,"Other",540.867980957031,540.867980957031,"car",0.166666666666667,3.62,"weekday",3,"20 to 39","3-5km","bicycle",3.62,0.329090909090909,1.16666666666667,2.30363636363636
"87968/1001",NA,87968,2875,"30-34 years","female",21,10001,"Other",540.867980957031,540.867980957031,"car",0.25,3.66,"weekday",4,"20 to 39","3-5km","bicycle",3.66,0.332727272727273,1.75,2.32909090909091
"87969/1000",NA,87969,2876,"55-59 years","female",21,10002,"Leisure",179.280990600586,179.280990600586,"car",0.166666666666667,2.38,"weekday",1,"40 to 64","3-5km","bicycle",2.38,0.216363636363636,1.16666666666667,1.51454545454545
"87969/1000",NA,87969,2876,"55-59 years","female",21,10003,"Leisure",179.280990600586,179.280990600586,"car",0.166666666666667,2.38,"weekday",2,"40 to 64","3-5km","bicycle",2.38,0.216363636363636,1.16666666666667,1.51454545454545
"87969/1000",NA,87969,2876,"55-59 years","female",21,10004,"Other",179.280990600586,179.280990600586,"car",0.166666666666667,5.68,"weekday",3,"40 to 64","6-10km","car",5.68,0.166666666666667,1.16666666666667,1.16666666666667
"87969/1000",NA,87969,2876,"55-59 years","female",21,10005,"Other",179.280990600586,179.280990600586,"car",0.166666666666667,5.64,"weekday",4,"40 to 64","6-10km","car",5.64,0.166666666666667,1.16666666666667,1.16666666666667
"87969/1000",NA,87969,2876,"55-59 years","female",21,10006,"Leisure",179.280990600586,179.280990600586,"car",0.166666666666667,2.38,"weekday",5,"40 to 64","3-5km","bicycle",2.38,0.216363636363636,1.16666666666667,1.51454545454545
"87969/1000",NA,87969,2876,"55-59 years","female",21,10007,"Leisure",179.280990600586,179.280990600586,"car",0.166666666666667,2.38,"weekday",6,"40 to 64","3-5km","bicycle",2.38,0.216363636363636,1.16666666666667,1.51454545454545
"87969/1000",NA,87969,2876,"55-59 years","female",21,10008,"Shopping",179.280990600586,179.280990600586,"car",0.166666666666667,5.68,"weekday",7,"40 to 64","6-10km","car",5.68,0.166666666666667,1.16666666666667,1.16666666666667
"87969/1000",NA,87969,2876,"55-59 years","female",21,10009,"Shopping",179.280990600586,179.280990600586,"car",0.166666666666667,5.64,"weekday",8,"40 to 64","6-10km","car",5.64,0.166666666666667,1.16666666666667,1.16666666666667
"87969/1001",NA,87969,2877,"55-59 years","male",21,10010,"Leisure",261.203918457031,261.203918457031,"car",0.166666666666667,2.38,"weekday",1,"40 to 64","3-5km","bicycle",2.38,0.216363636363636,1.16666666666667,1.51454545454545
"87969/1001",NA,87969,2877,"55-59 years","male",21,10011,"Leisure",261.203918457031,261.203918457031,"car",0.166666666666667,2.38,"weekday",2,"40 to 64","3-5km","bicycle",2.38,0.216363636363636,1.16666666666667,1.51454545454545
"87969/1001",NA,87969,2877,"55-59 years","male",21,10012,"Leisure",261.203918457031,261.203918457031,"car",0.166666666666667,2.38,"weekday",3,"40 to 64","3-5km","bicycle",2.38,0.216363636363636,1.16666666666667,1.51454545454545
"87969/1001",NA,87969,2877,"55-59 years","male",21,10013,"Leisure",261.203918457031,261.203918457031,"car",0.166666666666667,2.38,"weekday",4,"40 to 64","3-5km","bicycle",2.38,0.216363636363636,1.16666666666667,1.51454545454545
"87969/1001",NA,87969,2877,"55-59 years","male",21,10014,"Shopping",261.203918457031,261.203918457031,"car",0.166666666666667,5.68,"weekday",5,"40 to 64","6-10km","car",5.68,0.166666666666667,1.16666666666667,1.16666666666667
"87969/1001",NA,87969,2877,"55-59 years","male",21,10015,"Shopping",261.203918457031,261.203918457031,"car",0.166666666666667,5.64,"weekday",6,"40 to 64","6-10km","car",5.64,0.166666666666667,1.16666666666667,1.16666666666667
"87972/1000",NA,87972,2878,"60-64 years","male",21,10016,"Work",407.964630126953,407.964630126953,"car",0.583333333333333,16.17,"weekday",1,"40 to 64",">10km","car",16.17,0.583333333333333,4.08333333333333,4.08333333333333
"87972/1000",NA,87972,2878,"60-64 years","male",21,10017,"Work",407.964630126953,407.964630126953,"car",0.916666666666667,40.39,"weekday",2,"40 to 64",">10km","car",40.39,0.916666666666667,6.41666666666667,6.41666666666667
"87972/1000",NA,87972,2878,"60-64 years","male",21,10018,"Work",407.964630126953,407.964630126953,"car",0.916666666666667,28.21,"weekday",3,"40 to 64",">10km","car",28.21,0.916666666666667,6.41666666666667,6.41666666666667
"87972/1001",NA,87972,2879,"60-64 years","female",21,10019,"Other",437.736572265625,437.736572265625,"car",1.5,92.96,"weekday",1,"40 to 64",">10km","car",92.96,1.5,10.5,10.5
"87976/1000",NA,87976,2880,"30-34 years","female",21,10020,"Work",718.065612792969,718.065612792969,"walking",0.166666666666667,0.24,"weekday",1,"20 to 39","<1km","walking",0.24,0.166666666666667,1.16666666666667,1.16666666666667
"87976/1000",NA,87976,2880,"30-34 years","female",21,10021,"Work",718.065612792969,718.065612792969,"public.transport",0.333333333333333,3.08,"weekday",1,"20 to 39","3-5km","public.transport",3.08,0.333333333333333,2.33333333333333,2.33333333333333
"87976/1000",NA,87976,2880,"30-34 years","female",21,10022,"Work",718.065612792969,718.065612792969,"walking",0.166666666666667,0.44,"weekday",1,"20 to 39","<1km","walking",0.44,0.166666666666667,1.16666666666667,1.16666666666667
"87976/1000",NA,87976,2880,"30-34 years","female",21,10023,"Work",718.065612792969,718.065612792969,"walking",0.166666666666667,0.44,"weekday",2,"20 to 39","<1km","walking",0.44,0.166666666666667,1.16666666666667,1.16666666666667
"87976/1000",NA,87976,2880,"30-34 years","female",21,10024,"Work",718.065612792969,718.065612792969,"public.transport",0.333333333333333,3.07,"weekday",2,"20 to 39","3-5km","public.transport",3.07,0.333333333333333,2.33333333333333,2.33333333333333
"87976/1000",NA,87976,2880,"30-34 years","female",21,10025,"Work",718.065612792969,718.065612792969,"walking",0.166666666666667,0.24,"weekday",2,"20 to 39","<1km","walking",0.24,0.166666666666667,1.16666666666667,1.16666666666667
"87976/1001",NA,87976,2881,"35-39 years","female",21,10026,"Work",563.662841796875,563.662841796875,"car",0.25,1.43,"weekday",1,"20 to 39","1-2km","bicycle",1.43,0.13,1.75,0.91
"87976/1001",NA,87976,2881,"35-39 years","female",21,10027,"Work",563.662841796875,563.662841796875,"car",0.166666666666667,1.5,"weekday",2,"20 to 39","1-2km","bicycle",1.5,0.136363636363636,1.16666666666667,0.954545454545454
"87976/1002",NA,87976,2882,"20-24 years","female",21,10028,"Education",856.685302734375,856.685302734375,"walking",0.166666666666667,0.24,"weekday",1,"20 to 39","<1km","walking",0.24,0.166666666666667,1.16666666666667,1.16666666666667
"87976/1002",NA,87976,2882,"20-24 years","female",21,10029,"Education",856.685302734375,856.685302734375,"public.transport",0.333333333333333,3.08,"weekday",1,"20 to 39","3-5km","public.transport",3.08,0.333333333333333,2.33333333333333,2.33333333333333
"87976/1002",NA,87976,2882,"20-24 years","female",21,10030,"Education",856.685302734375,856.685302734375,"walking",0.333333333333333,1.23,"weekday",1,"20 to 39","1-2km","walking",1.23,0.333333333333333,2.33333333333333,2.33333333333333
"87976/1002",NA,87976,2882,"20-24 years","female",21,10031,"Education",856.685302734375,856.685302734375,"walking",0.333333333333333,1.23,"weekday",2,"20 to 39","1-2km","walking",1.23,0.333333333333333,2.33333333333333,2.33333333333333
"87976/1002",NA,87976,2882,"20-24 years","female",21,10032,"Education",856.685302734375,856.685302734375,"public.transport",0.5,3.52,"weekday",2,"20 to 39","3-5km","public.transport",3.52,0.5,3.5,3.5
"87976/1002",NA,87976,2882,"20-24 years","female",21,10033,"Education",856.685302734375,856.685302734375,"walking",0.166666666666667,0.29,"weekday",2,"20 to 39","<1km","walking",0.29,0.166666666666667,1.16666666666667,1.16666666666667
"87976/1003",NA,87976,2883,"20-24 years","female",21,10034,"Education",856.685302734375,856.685302734375,"walking",0.166666666666667,0.29,"weekday",1,"20 to 39","<1km","walking",0.29,0.166666666666667,1.16666666666667,1.16666666666667
"87976/1003",NA,87976,2883,"20-24 years","female",21,10035,"Education",856.685302734375,856.685302734375,"public.transport",0.333333333333333,4.46,"weekday",1,"20 to 39","3-5km","public.transport",4.46,0.333333333333333,2.33333333333333,2.33333333333333
"87976/1003",NA,87976,2883,"20-24 years","female",21,10036,"Education",856.685302734375,856.685302734375,"walking",0.333333333333333,0.59,"weekday",1,"20 to 39","<1km","walking",0.59,0.333333333333333,2.33333333333333,2.33333333333333
"87976/1003",NA,87976,2883,"20-24 years","female",21,10037,"Education",856.685302734375,856.685302734375,"walking",0.166666666666667,0.78,"weekday",2,"20 to 39","<1km","walking",0.78,0.166666666666667,1.16666666666667,1.16666666666667
"87976/1003",NA,87976,2883,"20-24 years","female",21,10038,"Education",856.685302734375,856.685302734375,"public.transport",0.0833333333333333,2.19,"weekday",2,"20 to 39","3-5km","public.transport",2.19,0.0833333333333333,0.583333333333333,0.583333333333333
"87976/1003",NA,87976,2883,"20-24 years","female",21,10039,"Education",856.685302734375,856.685302734375,"walking",0.25,0.52,"weekday",2,"20 to 39","<1km","walking",0.52,0.25,1.75,1.75
"87979/1000",NA,87979,2884,"25-29 years","female",21,10040,"Education",1106.93493652344,1106.93493652344,"bicycle",0.5,4.25,"weekday",1,"20 to 39","3-5km","bicycle",4.25,0.5,3.5,3.5
"87979/1000",NA,87979,2884,"25-29 years","female",21,10041,"Education",1106.93493652344,1106.93493652344,"bicycle",0.5,4.25,"weekday",2,"20 to 39","3-5km","bicycle",4.25,0.5,3.5,3.5
"87980/1000",NA,87980,2885,"30-34 years","male",21,10042,"Work",825.542541503906,825.542541503906,"other",0.333333333333333,6.5,"weekday",1,"20 to 39","6-10km","other",6.5,0.333333333333333,2.33333333333333,2.33333333333333
"87980/1000",NA,87980,2885,"30-34 years","male",21,10043,"Work",825.542541503906,825.542541503906,"other",0.333333333333333,6.95,"weekday",2,"20 to 39","6-10km","other",6.95,0.333333333333333,2.33333333333333,2.33333333333333
"87980/1001",NA,87980,2886,"25-29 years","female",21,10044,"Work",1022.24871826172,1022.24871826172,"walking",0.166666666666667,0.32,"weekday",1,"20 to 39","<1km","walking",0.32,0.166666666666667,1.16666666666667,1.16666666666667
"87980/1001",NA,87980,2886,"25-29 years","female",21,10045,"Work",1022.24871826172,1022.24871826172,"public.transport",0.333333333333333,5.53,"weekday",1,"20 to 39","6-10km","public.transport",5.53,0.333333333333333,2.33333333333333,2.33333333333333
"87980/1001",NA,87980,2886,"25-29 years","female",21,10046,"Work",1022.24871826172,1022.24871826172,"walking",0.166666666666667,0.46,"weekday",1,"20 to 39","<1km","walking",0.46,0.166666666666667,1.16666666666667,1.16666666666667
"87980/1001",NA,87980,2886,"25-29 years","female",21,10047,"Work",1022.24871826172,1022.24871826172,"walking",0.75,2.69,"weekday",2,"20 to 39","3-5km","walking",2.69,0.75,5.25,5.25
"87982/1000",NA,87982,2887,"45-49 years","male",21,10048,"Work",493.00732421875,493.00732421875,"car",0.583333333333333,19.25,"weekday",1,"40 to 64",">10km","car",19.25,0.583333333333333,4.08333333333333,4.08333333333333
"87982/1000",NA,87982,2887,"45-49 years","male",21,10049,"Work",493.00732421875,493.00732421875,"car",1,19.51,"weekday",2,"40 to 64",">10km","car",19.51,1,7,7
"87983/1000",NA,87983,2888,"40-44 years","female",21,10050,"Education",533.81396484375,533.81396484375,"car",0.333333333333333,12.65,"weekday",1,"40 to 64",">10km","car",12.65,0.333333333333333,2.33333333333333,2.33333333333333
"87983/1000",NA,87983,2888,"40-44 years","female",21,10051,"Education",533.81396484375,533.81396484375,"car",0.333333333333333,12.04,"weekday",2,"40 to 64",">10km","car",12.04,0.333333333333333,2.33333333333333,2.33333333333333
"87984/1000",NA,87984,2889,"55-59 years","female",21,10052,"Leisure",468.386108398438,468.386108398438,"walking",0.15,0.32,"weekday",1,"40 to 64","<1km","walking",0.32,0.15,1.05,1.05
"87984/1000",NA,87984,2889,"55-59 years","female",21,10053,"Leisure",468.386108398438,468.386108398438,"public.transport",0.216666666666667,2.19,"weekday",1,"40 to 64","3-5km","public.transport",2.19,0.216666666666667,1.51666666666667,1.51666666666667
"87984/1000",NA,87984,2889,"55-59 years","female",21,10054,"Leisure",468.386108398438,468.386108398438,"walking",0.416666666666667,1.26,"weekday",1,"40 to 64","1-2km","walking",1.26,0.416666666666667,2.91666666666667,2.91666666666667
"87984/1000",NA,87984,2889,"55-59 years","female",21,10055,"Leisure",468.386108398438,468.386108398438,"walking",2.28333333333333,1.87,"weekday",2,"40 to 64","1-2km","walking",1.87,2.28333333333333,15.9833333333333,15.9833333333333
"87984/1000",NA,87984,2889,"55-59 years","female",21,10056,"Leisure",468.386108398438,468.386108398438,"car",0.316666666666667,5.05,"weekday",3,"40 to 64","6-10km","car",5.05,0.316666666666667,2.21666666666667,2.21666666666667
"87984/1000",NA,87984,2889,"55-59 years","female",21,10057,"Shopping",468.386108398438,468.386108398438,"walking",0.166666666666667,0.49,"weekday",4,"40 to 64","<1km","walking",0.49,0.166666666666667,1.16666666666667,1.16666666666667
"87984/1000",NA,87984,2889,"55-59 years","female",21,10058,"Shopping",468.386108398438,468.386108398438,"walking",0.566666666666667,0.49,"weekday",5,"40 to 64","<1km","walking",0.49,0.566666666666667,3.96666666666667,3.96666666666667
"87984/1001",NA,87984,2890,"50-54 years","male",21,10060,"Leisure",452.846740722656,452.846740722656,"car",0.216666666666667,5.06,"weekday",1,"40 to 64","6-10km","car",5.06,0.216666666666667,1.51666666666667,1.51666666666667
"87984/1001",NA,87984,2890,"50-54 years","male",21,10062,"Leisure",452.846740722656,452.846740722656,"car",0.316666666666667,5.05,"weekday",3,"40 to 64","6-10km","car",5.05,0.316666666666667,2.21666666666667,2.21666666666667
"87985/1000",NA,87985,2891,"50-54 years","male",21,10063,"Other",488.224273681641,488.224273681641,"walking",0.166666666666667,0.98,"weekday",1,"40 to 64","<1km","walking",0.98,0.166666666666667,1.16666666666667,1.16666666666667
"87985/1000",NA,87985,2891,"50-54 years","male",21,10064,"Other",488.224273681641,488.224273681641,"walking",0.166666666666667,0.98,"weekday",2,"40 to 64","<1km","walking",0.98,0.166666666666667,1.16666666666667,1.16666666666667
"87985/1000",NA,87985,2891,"50-54 years","male",21,10065,"Other",488.224273681641,488.224273681641,"car",0.0833333333333333,2.47,"weekday",3,"40 to 64","3-5km","bicycle",2.47,0.224545454545455,0.583333333333333,1.57181818181818
"87985/1000",NA,87985,2891,"50-54 years","male",21,10066,"Shopping",488.224273681641,488.224273681641,"car",0.133333333333333,1.75,"weekday",4,"40 to 64","1-2km","bicycle",1.75,0.159090909090909,0.933333333333333,1.11363636363636
"87985/1000",NA,87985,2891,"50-54 years","male",21,10067,"Shopping",488.224273681641,488.224273681641,"car",0.0833333333333333,0.87,"weekday",5,"40 to 64","<1km","bicycle",0.87,0.0790909090909091,0.583333333333333,0.553636363636364
"87985/1000",NA,87985,2891,"50-54 years","male",21,10068,"Other",488.224273681641,488.224273681641,"walking",0.116666666666667,0.98,"weekday",6,"40 to 64","<1km","walking",0.98,0.116666666666667,0.816666666666667,0.816666666666667
"87985/1000",NA,87985,2891,"50-54 years","male",21,10069,"Other",488.224273681641,488.224273681641,"walking",0.166666666666667,0.98,"weekday",7,"40 to 64","<1km","walking",0.98,0.166666666666667,1.16666666666667,1.16666666666667
"87985/1000",NA,87985,2891,"50-54 years","male",21,10070,"Education",488.224273681641,488.224273681641,"walking",0.416666666666667,1.18,"weekday",8,"40 to 64","1-2km","walking",1.18,0.416666666666667,2.91666666666667,2.91666666666667
"87985/1000",NA,87985,2891,"50-54 years","male",21,10071,"Education",488.224273681641,488.224273681641,"walking",0.25,1.18,"weekday",9,"40 to 64","1-2km","walking",1.18,0.25,1.75,1.75
"87985/1001",NA,87985,2892,"45-49 years","female",21,10072,"Work",587.36279296875,587.36279296875,"walking",0.35,1.09,"weekday",1,"40 to 64","1-2km","walking",1.09,0.35,2.45,2.45
"87985/1001",NA,87985,2892,"45-49 years","female",21,10073,"Work",587.36279296875,587.36279296875,"walking",0.333333333333333,1.09,"weekday",2,"40 to 64","1-2km","walking",1.09,0.333333333333333,2.33333333333333,2.33333333333333
"87985/1001",NA,87985,2892,"45-49 years","female",21,10074,"Other",587.36279296875,587.36279296875,"car",0.166666666666667,1.35,"weekday",3,"40 to 64","1-2km","bicycle",1.35,0.122727272727273,1.16666666666667,0.859090909090909
"87985/1001",NA,87985,2892,"45-49 years","female",21,10075,"Other",587.36279296875,587.36279296875,"car",0.0833333333333333,1.35,"weekday",4,"40 to 64","1-2km","bicycle",1.35,0.122727272727273,0.583333333333333,0.859090909090909
"87987/1000",NA,87987,2893,"60-64 years","female",21,10076,"Leisure",474.000030517578,474.000030517578,"walking",0.333333333333333,0.83,"weekday",1,"40 to 64","<1km","walking",0.83,0.333333333333333,2.33333333333333,2.33333333333333
"87987/1000",NA,87987,2893,"60-64 years","female",21,10077,"Leisure",474.000030517578,474.000030517578,"walking",0.333333333333333,0.83,"weekday",2,"40 to 64","<1km","walking",0.83,0.333333333333333,2.33333333333333,2.33333333333333
"87987/1000",NA,87987,2893,"60-64 years","female",21,10078,"Shopping",474.000030517578,474.000030517578,"walking",0.0333333333333333,0.09,"weekday",3,"40 to 64","<1km","walking",0.09,0.0333333333333333,0.233333333333333,0.233333333333333
"87987/1000",NA,87987,2893,"60-64 years","female",21,10079,"Shopping",474.000030517578,474.000030517578,"public.transport",0.25,2.57,"weekday",3,"40 to 64","3-5km","public.transport",2.57,0.25,1.75,1.75
"87987/1000",NA,87987,2893,"60-64 years","female",21,10080,"Shopping",474.000030517578,474.000030517578,"walking",0.0833333333333333,1,"weekday",3,"40 to 64","1-2km","walking",1,0.0833333333333333,0.583333333333333,0.583333333333333
"87987/1000",NA,87987,2893,"60-64 years","female",21,10081,"Shopping",474.000030517578,474.000030517578,"walking",0.5,3.6,"weekday",4,"40 to 64","3-5km","walking",3.6,0.5,3.5,3.5
"87987/1000",NA,87987,2893,"60-64 years","female",21,10082,"Leisure",474.000030517578,474.000030517578,"bicycle",0.75,5.24,"weekday",5,"40 to 64","6-10km","bicycle",5.24,0.75,5.25,5.25
"87987/1000",NA,87987,2893,"60-64 years","female",21,10083,"Leisure",474.000030517578,474.000030517578,"bicycle",0.75,5.24,"weekday",6,"40 to 64","6-10km","bicycle",5.24,0.75,5.25,5.25
"87988/1000",NA,87988,2894,"50-54 years","female",21,10084,"Other",545.808776855469,545.808776855469,"car",0.0833333333333333,1.85,"weekday",1,"40 to 64","1-2km","bicycle",1.85,0.168181818181818,0.583333333333333,1.17727272727273
"87988/1000",NA,87988,2894,"50-54 years","female",21,10085,"Shopping",545.808776855469,545.808776855469,"car",0.0833333333333333,1.28,"weekday",2,"40 to 64","1-2km","bicycle",1.28,0.116363636363636,0.583333333333333,0.814545454545455
"87988/1000",NA,87988,2894,"50-54 years","female",21,10086,"Shopping",545.808776855469,545.808776855469,"car",0.1,1.74,"weekday",3,"40 to 64","1-2km","bicycle",1.74,0.158181818181818,0.7,1.10727272727273
"87988/1000",NA,87988,2894,"50-54 years","female",21,10087,"Leisure",545.808776855469,545.808776855469,"walking",0.0333333333333333,0.12,"weekday",4,"40 to 64","<1km","walking",0.12,0.0333333333333333,0.233333333333333,0.233333333333333
"87988/1000",NA,87988,2894,"50-54 years","female",21,10088,"Leisure",545.808776855469,545.808776855469,"public.transport",0.35,3.34,"weekday",4,"40 to 64","3-5km","public.transport",3.34,0.35,2.45,2.45
"87988/1000",NA,87988,2894,"50-54 years","female",21,10089,"Leisure",545.808776855469,545.808776855469,"walking",0.0833333333333333,0.05,"weekday",4,"40 to 64","<1km","walking",0.05,0.0833333333333333,0.583333333333333,0.583333333333333
"87988/1000",NA,87988,2894,"50-54 years","female",21,10090,"Shopping",545.808776855469,545.808776855469,"walking",0.183333333333333,0.4,"weekday",5,"40 to 64","<1km","walking",0.4,0.183333333333333,1.28333333333333,1.28333333333333
"87988/1000",NA,87988,2894,"50-54 years","female",21,10091,"Education",545.808776855469,545.808776855469,"walking",0.5,0.88,"weekday",6,"40 to 64","<1km","walking",0.88,0.5,3.5,3.5
"87988/1000",NA,87988,2894,"50-54 years","female",21,10092,"Education",545.808776855469,545.808776855469,"car",0.25,4.81,"weekday",7,"40 to 64","3-5km","bicycle",4.81,0.437272727272727,1.75,3.06090909090909
"87988/1001",NA,87988,2895,"50-54 years","male",21,10093,"Other",549.466125488281,549.466125488281,"car",0.333333333333333,6.54,"weekday",1,"40 to 64","6-10km","car",6.54,0.333333333333333,2.33333333333333,2.33333333333333
"87988/1001",NA,87988,2895,"50-54 years","male",21,10094,"Other",549.466125488281,549.466125488281,"car",0.25,6.78,"weekday",2,"40 to 64","6-10km","car",6.78,0.25,1.75,1.75
"87988/1001",NA,87988,2895,"50-54 years","male",21,10095,"Leisure",549.466125488281,549.466125488281,"walking",0.25,0.8,"weekday",3,"40 to 64","<1km","walking",0.8,0.25,1.75,1.75
"87988/1001",NA,87988,2895,"50-54 years","male",21,10096,"Leisure",549.466125488281,549.466125488281,"walking",0.25,0.8,"weekday",4,"40 to 64","<1km","walking",0.8,0.25,1.75,1.75
"87988/1001",NA,87988,2895,"50-54 years","male",21,10097,"Leisure",549.466125488281,549.466125488281,"walking",0.05,0.12,"weekday",5,"40 to 64","<1km","walking",0.12,0.05,0.35,0.35
"87988/1001",NA,87988,2895,"50-54 years","male",21,10098,"Leisure",549.466125488281,549.466125488281,"public.transport",0.2,1.62,"weekday",5,"40 to 64","1-2km","public.transport",1.62,0.2,1.4,1.4
"87988/1001",NA,87988,2895,"50-54 years","male",21,10099,"Leisure",549.466125488281,549.466125488281,"walking",0.05,0.31,"weekday",5,"40 to 64","<1km","walking",0.31,0.05,0.35,0.35
"87988/1001",NA,87988,2895,"50-54 years","male",21,10100,"Leisure",549.466125488281,549.466125488281,"walking",0.0833333333333333,0.43,"weekday",6,"40 to 64","<1km","walking",0.43,0.0833333333333333,0.583333333333333,0.583333333333333
"87988/1001",NA,87988,2895,"50-54 years","male",21,10101,"Leisure",549.466125488281,549.466125488281,"public.transport",0.166666666666667,1.75,"weekday",6,"40 to 64","1-2km","public.transport",1.75,0.166666666666667,1.16666666666667,1.16666666666667
"87988/1001",NA,87988,2895,"50-54 years","male",21,10102,"Leisure",549.466125488281,549.466125488281,"walking",0.05,0.12,"weekday",6,"40 to 64","<1km","walking",0.12,0.05,0.35,0.35
"87988/1002",NA,87988,2896,"15-19 years","female",21,10103,"Other",514.0546875,514.0546875,"car",0.0833333333333333,1.85,"weekday",1,"15 to 19","1-2km","bicycle",1.85,0.168181818181818,0.583333333333333,1.17727272727273
"87988/1002",NA,87988,2896,"15-19 years","female",21,10104,"Shopping",514.0546875,514.0546875,"car",0.0833333333333333,1.28,"weekday",2,"15 to 19","1-2km","bicycle",1.28,0.116363636363636,0.583333333333333,0.814545454545455
"87988/1002",NA,87988,2896,"15-19 years","female",21,10105,"Shopping",514.0546875,514.0546875,"car",0.1,1.74,"weekday",3,"15 to 19","1-2km","bicycle",1.74,0.158181818181818,0.7,1.10727272727273
"87988/1002",NA,87988,2896,"15-19 years","female",21,10106,"Other",514.0546875,514.0546875,"walking",0.0666666666666667,0.94,"weekday",4,"15 to 19","<1km","walking",0.94,0.0666666666666667,0.466666666666667,0.466666666666667
"87988/1002",NA,87988,2896,"15-19 years","female",21,10107,"Other",514.0546875,514.0546875,"walking",0.0833333333333333,0.94,"weekday",5,"15 to 19","<1km","walking",0.94,0.0833333333333333,0.583333333333333,0.583333333333333
"87988/1002",NA,87988,2896,"15-19 years","female",21,10108,"Leisure",514.0546875,514.0546875,"car",0.15,2.25,"weekday",6,"15 to 19","3-5km","bicycle",2.25,0.204545454545455,1.05,1.43181818181818
"87988/1002",NA,87988,2896,"15-19 years","female",21,10109,"Leisure",514.0546875,514.0546875,"walking",0.25,1.06,"weekday",7,"15 to 19","1-2km","walking",1.06,0.25,1.75,1.75
"87988/1002",NA,87988,2896,"15-19 years","female",21,10110,"Leisure",514.0546875,514.0546875,"walking",0.25,2.63,"weekday",8,"15 to 19","3-5km","walking",2.63,0.25,1.75,1.75
"87993/1000",NA,87993,2897,"50-54 years","female",21,10111,"Other",484.974609375,484.974609375,"car",0.0833333333333333,0.73,"weekday",1,"40 to 64","<1km","bicycle",0.73,0.0663636363636364,0.583333333333333,0.464545454545455
"87993/1000",NA,87993,2897,"50-54 years","female",21,10112,"Other",484.974609375,484.974609375,"car",0.0833333333333333,0.93,"weekday",2,"40 to 64","<1km","bicycle",0.93,0.0845454545454545,0.583333333333333,0.591818181818182
"87993/1000",NA,87993,2897,"50-54 years","female",21,10113,"Other",484.974609375,484.974609375,"car",0.0833333333333333,1.2,"weekday",3,"40 to 64","1-2km","bicycle",1.2,0.109090909090909,0.583333333333333,0.763636363636364
"87993/1000",NA,87993,2897,"50-54 years","female",21,10114,"Other",484.974609375,484.974609375,"car",0.0833333333333333,2.13,"weekday",4,"40 to 64","3-5km","bicycle",2.13,0.193636363636364,0.583333333333333,1.35545454545455
"87993/1000",NA,87993,2897,"50-54 years","female",21,10116,"Other",484.974609375,484.974609375,"car",0.05,0.56,"weekday",6,"40 to 64","<1km","bicycle",0.56,0.0509090909090909,0.35,0.356363636363636
"87993/1000",NA,87993,2897,"50-54 years","female",21,10117,"Other",484.974609375,484.974609375,"car",0.05,0.56,"weekday",7,"40 to 64","<1km","bicycle",0.56,0.0509090909090909,0.35,0.356363636363636
"87993/1000",NA,87993,2897,"50-54 years","female",21,10118,"Work",484.974609375,484.974609375,"car",0.166666666666667,1.92,"weekday",8,"40 to 64","1-2km","bicycle",1.92,0.174545454545455,1.16666666666667,1.22181818181818
"87993/1000",NA,87993,2897,"50-54 years","female",21,10119,"Work",484.974609375,484.974609375,"car",0.166666666666667,1.94,"weekday",9,"40 to 64","1-2km","bicycle",1.94,0.176363636363636,1.16666666666667,1.23454545454545
"87993/1000",NA,87993,2897,"50-54 years","female",21,10120,"Other",484.974609375,484.974609375,"car",0.166666666666667,2.54,"weekday",10,"40 to 64","3-5km","bicycle",2.54,0.230909090909091,1.16666666666667,1.61636363636364
"87993/1000",NA,87993,2897,"50-54 years","female",21,10121,"Other",484.974609375,484.974609375,"car",0.166666666666667,2.57,"weekday",11,"40 to 64","3-5km","bicycle",2.57,0.233636363636364,1.16666666666667,1.63545454545455
"87993/1000",NA,87993,2897,"50-54 years","female",21,10122,"Other",484.974609375,484.974609375,"car",0.0833333333333333,1.08,"weekday",12,"40 to 64","1-2km","bicycle",1.08,0.0981818181818182,0.583333333333333,0.687272727272727
"87993/1000",NA,87993,2897,"50-54 years","female",21,10123,"Other",484.974609375,484.974609375,"car",0.166666666666667,1.92,"weekday",13,"40 to 64","1-2km","bicycle",1.92,0.174545454545455,1.16666666666667,1.22181818181818
"87993/1000",NA,87993,2897,"50-54 years","female",21,10124,"Other",484.974609375,484.974609375,"car",0.333333333333333,3.94,"weekday",14,"40 to 64","3-5km","bicycle",3.94,0.358181818181818,2.33333333333333,2.50727272727273
"87993/1000",NA,87993,2897,"50-54 years","female",21,10125,"Other",484.974609375,484.974609375,"car",0.333333333333333,3.78,"weekday",15,"40 to 64","3-5km","bicycle",3.78,0.343636363636364,2.33333333333333,2.40545454545455
"87993/1000",NA,87993,2897,"50-54 years","female",21,10126,"Other",484.974609375,484.974609375,"car",0.166666666666667,1.92,"weekday",16,"40 to 64","1-2km","bicycle",1.92,0.174545454545455,1.16666666666667,1.22181818181818
"87993/1000",NA,87993,2897,"50-54 years","female",21,10127,"Other",484.974609375,484.974609375,"car",0.0833333333333333,1.1,"weekday",17,"40 to 64","1-2km","bicycle",1.1,0.1,0.583333333333333,0.7
"87993/1001",NA,87993,2898,"50-54 years","male",21,10129,"Work",488.224273681641,488.224273681641,"walking",0.0166666666666667,0.06,"weekday",2,"40 to 64","<1km","walking",0.06,0.0166666666666667,0.116666666666667,0.116666666666667
"87993/1001",NA,87993,2898,"50-54 years","male",21,10130,"Work",488.224273681641,488.224273681641,"public.transport",0.5,4.25,"weekday",2,"40 to 64","3-5km","public.transport",4.25,0.5,3.5,3.5
"87993/1001",NA,87993,2898,"50-54 years","male",21,10131,"Work",488.224273681641,488.224273681641,"walking",0.166666666666667,0.09,"weekday",2,"40 to 64","<1km","walking",0.09,0.166666666666667,1.16666666666667,1.16666666666667
"87993/1001",NA,87993,2898,"50-54 years","male",21,10132,"Other",488.224273681641,488.224273681641,"walking",0.166666666666667,0.98,"weekday",3,"40 to 64","<1km","walking",0.98,0.166666666666667,1.16666666666667,1.16666666666667
"87993/1001",NA,87993,2898,"50-54 years","male",21,10133,"Work",488.224273681641,488.224273681641,"walking",0.166666666666667,0.98,"weekday",4,"40 to 64","<1km","walking",0.98,0.166666666666667,1.16666666666667,1.16666666666667
"87993/1001",NA,87993,2898,"50-54 years","male",21,10134,"Work",488.224273681641,488.224273681641,"walking",0.166666666666667,0.06,"weekday",5,"40 to 64","<1km","walking",0.06,0.166666666666667,1.16666666666667,1.16666666666667
"87993/1001",NA,87993,2898,"50-54 years","male",21,10135,"Work",488.224273681641,488.224273681641,"public.transport",0.5,4.29,"weekday",5,"40 to 64","3-5km","public.transport",4.29,0.5,3.5,3.5
"87993/1001",NA,87993,2898,"50-54 years","male",21,10136,"Work",488.224273681641,488.224273681641,"walking",0.0166666666666667,0.06,"weekday",5,"40 to 64","<1km","walking",0.06,0.0166666666666667,0.116666666666667,0.116666666666667
"87996/1000",NA,87996,2899,"70-74 years","female",21,10137,"Other",410.921569824219,410.921569824219,"car",0.5,7.38,"weekday",1,"65 plus","6-10km","car",7.38,0.5,3.5,3.5
"87996/1000",NA,87996,2899,"70-74 years","female",21,10138,"Shopping",410.921569824219,410.921569824219,"car",0.5,6.35,"weekday",2,"65 plus","6-10km","car",6.35,0.5,3.5,3.5
"87996/1000",NA,87996,2899,"70-74 years","female",21,10139,"Shopping",410.921569824219,410.921569824219,"car",0.166666666666667,1.44,"weekday",3,"65 plus","1-2km","bicycle",1.44,0.130909090909091,1.16666666666667,0.916363636363636
"87997/1000",NA,87997,2900,"20-24 years","male",21,10140,"Shopping",897.091674804688,897.091674804688,"walking",0.0833333333333333,0.21,"weekday",1,"20 to 39","<1km","walking",0.21,0.0833333333333333,0.583333333333333,0.583333333333333
"87997/1000",NA,87997,2900,"20-24 years","male",21,10141,"Shopping",897.091674804688,897.091674804688,"public.transport",0.166666666666667,2.18,"weekday",1,"20 to 39","3-5km","public.transport",2.18,0.166666666666667,1.16666666666667,1.16666666666667
"87997/1000",NA,87997,2900,"20-24 years","male",21,10142,"Shopping",897.091674804688,897.091674804688,"walking",0.25,0.54,"weekday",1,"20 to 39","<1km","walking",0.54,0.25,1.75,1.75
"87997/1000",NA,87997,2900,"20-24 years","male",21,10143,"Shopping",897.091674804688,897.091674804688,"walking",0.25,0.54,"weekday",2,"20 to 39","<1km","walking",0.54,0.25,1.75,1.75
"87997/1000",NA,87997,2900,"20-24 years","male",21,10144,"Shopping",897.091674804688,897.091674804688,"public.transport",0.333333333333333,1.99,"weekday",2,"20 to 39","1-2km","public.transport",1.99,0.333333333333333,2.33333333333333,2.33333333333333
"87997/1000",NA,87997,2900,"20-24 years","male",21,10145,"Shopping",897.091674804688,897.091674804688,"walking",0.166666666666667,0.49,"weekday",2,"20 to 39","<1km","walking",0.49,0.166666666666667,1.16666666666667,1.16666666666667
"88000/1000",NA,88000,2901,"45-49 years","female",21,10146,"Work",544.801513671875,544.801513671875,"bicycle",0.416666666666667,3.69,"weekday",1,"40 to 64","3-5km","bicycle",3.69,0.416666666666667,2.91666666666667,2.91666666666667
"88000/1000",NA,88000,2901,"45-49 years","female",21,10147,"Shopping",544.801513671875,544.801513671875,"bicycle",0.333333333333333,3.39,"weekday",2,"40 to 64","3-5km","bicycle",3.39,0.333333333333333,2.33333333333333,2.33333333333333
"88000/1000",NA,88000,2901,"45-49 years","female",21,10148,"Shopping",544.801513671875,544.801513671875,"bicycle",0.1,0.29,"weekday",3,"40 to 64","<1km","bicycle",0.29,0.1,0.7,0.7
"88000/1001",NA,88000,2902,"45-49 years","male",21,10149,"Work",455.289733886719,455.289733886719,"bicycle",0.416666666666667,3.69,"weekday",1,"40 to 64","3-5km","bicycle",3.69,0.416666666666667,2.91666666666667,2.91666666666667
"88000/1001",NA,88000,2902,"45-49 years","male",21,10150,"Work",455.289733886719,455.289733886719,"bicycle",0.416666666666667,3.69,"weekday",2,"40 to 64","3-5km","bicycle",3.69,0.416666666666667,2.91666666666667,2.91666666666667
"88003/1000",NA,88003,2903,"75-79 years","female",21,10151,"Other",87.5259704589844,87.5259704589844,"car",0.333333333333333,4.41,"weekday",1,"65 plus","3-5km","bicycle",4.41,0.400909090909091,2.33333333333333,2.80636363636364
"88003/1000",NA,88003,2903,"75-79 years","female",21,10152,"Other",87.5259704589844,87.5259704589844,"car",0.333333333333333,4.67,"weekday",2,"65 plus","3-5km","bicycle",4.67,0.424545454545455,2.33333333333333,2.97181818181818
"88005/1000",NA,88005,2904,"45-49 years","male",21,10153,"Work",146.615966796875,146.615966796875,"car",0.5,29.71,"weekday",1,"40 to 64",">10km","car",29.71,0.5,3.5,3.5
"88005/1000",NA,88005,2904,"45-49 years","male",21,10154,"Shopping",146.615966796875,146.615966796875,"car",0.416666666666667,29.75,"weekday",2,"40 to 64",">10km","car",29.75,0.416666666666667,2.91666666666667,2.91666666666667
"88005/1000",NA,88005,2904,"45-49 years","male",21,10155,"Shopping",146.615966796875,146.615966796875,"car",0.0833333333333333,0.67,"weekday",3,"40 to 64","<1km","bicycle",0.67,0.0609090909090909,0.583333333333333,0.426363636363636
"88005/1001",NA,88005,2905,"45-49 years","female",21,10156,"Work",159.034194946289,159.034194946289,"car",0.583333333333333,42.15,"weekday",1,"40 to 64",">10km","car",42.15,0.583333333333333,4.08333333333333,4.08333333333333
"88005/1001",NA,88005,2905,"45-49 years","female",21,10157,"Work",159.034194946289,159.034194946289,"car",0.583333333333333,42.15,"weekday",2,"40 to 64",">10km","car",42.15,0.583333333333333,4.08333333333333,4.08333333333333
"88007/1000",NA,88007,2906,"70-74 years","female",21,10158,"Leisure",119.05738067627,119.05738067627,"walking",0.333333333333333,0.19,"weekday",1,"65 plus","<1km","walking",0.19,0.333333333333333,2.33333333333333,2.33333333333333
"88007/1000",NA,88007,2906,"70-74 years","female",21,10159,"Leisure",119.05738067627,119.05738067627,"walking",0.333333333333333,0.19,"weekday",2,"65 plus","<1km","walking",0.19,0.333333333333333,2.33333333333333,2.33333333333333
"88007/1000",NA,88007,2906,"70-74 years","female",21,10160,"Shopping",119.05738067627,119.05738067627,"car",0.25,3.79,"weekday",3,"65 plus","3-5km","bicycle",3.79,0.344545454545455,1.75,2.41181818181818
"88007/1000",NA,88007,2906,"70-74 years","female",21,10161,"Shopping",119.05738067627,119.05738067627,"car",0.25,4.01,"weekday",4,"65 plus","3-5km","bicycle",4.01,0.364545454545455,1.75,2.55181818181818
"88007/1000",NA,88007,2906,"70-74 years","female",21,10162,"Shopping",119.05738067627,119.05738067627,"car",0.333333333333333,7.36,"weekday",5,"65 plus","6-10km","car",7.36,0.333333333333333,2.33333333333333,2.33333333333333
"88007/1000",NA,88007,2906,"70-74 years","female",21,10163,"Shopping",119.05738067627,119.05738067627,"car",0.416666666666667,7.32,"weekday",6,"65 plus","6-10km","car",7.32,0.416666666666667,2.91666666666667,2.91666666666667
"88007/1000",NA,88007,2906,"70-74 years","female",21,10164,"Shopping",119.05738067627,119.05738067627,"car",0.333333333333333,7.36,"weekday",7,"65 plus","6-10km","car",7.36,0.333333333333333,2.33333333333333,2.33333333333333
"88007/1000",NA,88007,2906,"70-74 years","female",21,10165,"Other",119.05738067627,119.05738067627,"walking",0.166666666666667,0.33,"weekday",8,"65 plus","<1km","walking",0.33,0.166666666666667,1.16666666666667,1.16666666666667
"88007/1000",NA,88007,2906,"70-74 years","female",21,10166,"Leisure",119.05738067627,119.05738067627,"walking",0.166666666666667,0.42,"weekday",9,"65 plus","<1km","walking",0.42,0.166666666666667,1.16666666666667,1.16666666666667
"88007/1000",NA,88007,2906,"70-74 years","female",21,10167,"Leisure",119.05738067627,119.05738067627,"walking",0.166666666666667,0.19,"weekday",10,"65 plus","<1km","walking",0.19,0.166666666666667,1.16666666666667,1.16666666666667
"88007/1000",NA,88007,2906,"70-74 years","female",21,10168,"Other",119.05738067627,119.05738067627,"car",0.0833333333333333,0.44,"weekday",11,"65 plus","<1km","bicycle",0.44,0.04,0.583333333333333,0.28
"88007/1000",NA,88007,2906,"70-74 years","female",21,10169,"Other",119.05738067627,119.05738067627,"car",0.0833333333333333,0.44,"weekday",12,"65 plus","<1km","bicycle",0.44,0.04,0.583333333333333,0.28
"88007/1001",NA,88007,2907,"75-79 years","male",21,10170,"Leisure",94.0405426025391,94.0405426025391,"walking",0.333333333333333,0.19,"weekday",1,"65 plus","<1km","walking",0.19,0.333333333333333,2.33333333333333,2.33333333333333
"88007/1001",NA,88007,2907,"75-79 years","male",21,10171,"Leisure",94.0405426025391,94.0405426025391,"walking",0.333333333333333,0.19,"weekday",2,"65 plus","<1km","walking",0.19,0.333333333333333,2.33333333333333,2.33333333333333
"88007/1001",NA,88007,2907,"75-79 years","male",21,10172,"Shopping",94.0405426025391,94.0405426025391,"car",0.416666666666667,7.32,"weekday",3,"65 plus","6-10km","car",7.32,0.416666666666667,2.91666666666667,2.91666666666667
"88007/1001",NA,88007,2907,"75-79 years","male",21,10173,"Shopping",94.0405426025391,94.0405426025391,"car",0.333333333333333,7.36,"weekday",4,"65 plus","6-10km","car",7.36,0.333333333333333,2.33333333333333,2.33333333333333
"88007/1001",NA,88007,2907,"75-79 years","male",21,10174,"Other",94.0405426025391,94.0405426025391,"walking",0.166666666666667,0.33,"weekday",5,"65 plus","<1km","walking",0.33,0.166666666666667,1.16666666666667,1.16666666666667
"88007/1001",NA,88007,2907,"75-79 years","male",21,10175,"Leisure",94.0405426025391,94.0405426025391,"walking",0.166666666666667,0.42,"weekday",6,"65 plus","<1km","walking",0.42,0.166666666666667,1.16666666666667,1.16666666666667
"88007/1001",NA,88007,2907,"75-79 years","male",21,10176,"Leisure",94.0405426025391,94.0405426025391,"walking",0.166666666666667,0.19,"weekday",7,"65 plus","<1km","walking",0.19,0.166666666666667,1.16666666666667,1.16666666666667
"88007/1001",NA,88007,2907,"75-79 years","male",21,10177,"Shopping",94.0405426025391,94.0405426025391,"car",0.0833333333333333,0.44,"weekday",8,"65 plus","<1km","bicycle",0.44,0.04,0.583333333333333,0.28
"88007/1001",NA,88007,2907,"75-79 years","male",21,10178,"Shopping",94.0405426025391,94.0405426025391,"car",0.0833333333333333,0.44,"weekday",9,"65 plus","<1km","bicycle",0.44,0.04,0.583333333333333,0.28
"88008/1000",NA,88008,2908,"80-84 years","female",21,10179,"Shopping",129.762084960938,129.762084960938,"car",0.05,0.6,"weekday",1,"65 plus","<1km","bicycle",0.6,0.0545454545454545,0.35,0.381818181818182
"88008/1000",NA,88008,2908,"80-84 years","female",21,10180,"Shopping",129.762084960938,129.762084960938,"car",0.05,0.6,"weekday",2,"65 plus","<1km","bicycle",0.6,0.0545454545454545,0.35,0.381818181818182
"88008/1001",NA,88008,2909,"90-94 years","male",21,10181,"Shopping",59.0096855163574,59.0096855163574,"car",0.0333333333333333,0.46,"weekday",1,"65 plus","<1km","bicycle",0.46,0.0418181818181818,0.233333333333333,0.292727272727273
"88008/1001",NA,88008,2909,"90-94 years","male",21,10182,"Shopping",59.0096855163574,59.0096855163574,"car",0.0333333333333333,0.46,"weekday",2,"65 plus","<1km","bicycle",0.46,0.0418181818181818,0.233333333333333,0.292727272727273
"88008/1001",NA,88008,2909,"90-94 years","male",21,10183,"Shopping",59.0096855163574,59.0096855163574,"car",0.05,0.6,"weekday",3,"65 plus","<1km","bicycle",0.6,0.0545454545454545,0.35,0.381818181818182
"88008/1001",NA,88008,2909,"90-94 years","male",21,10184,"Shopping",59.0096855163574,59.0096855163574,"car",0.05,0.6,"weekday",4,"65 plus","<1km","bicycle",0.6,0.0545454545454545,0.35,0.381818181818182
"88011/1000",NA,88011,2910,"55-59 years","female",21,10185,"Work",151.029312133789,151.029312133789,"car",0.25,13.05,"weekday",1,"40 to 64",">10km","car",13.05,0.25,1.75,1.75
"88011/1000",NA,88011,2910,"55-59 years","female",21,10186,"Work",151.029312133789,151.029312133789,"car",0.25,12.72,"weekday",2,"40 to 64",">10km","car",12.72,0.25,1.75,1.75
"88014/1000",NA,88014,2911,"45-49 years","female",21,10187,"Work",197.133209228516,197.133209228516,"car",0.35,8.47,"weekday",1,"40 to 64","6-10km","car",8.47,0.35,2.45,2.45
"88014/1000",NA,88014,2911,"45-49 years","female",21,10188,"Other",197.133209228516,197.133209228516,"car",0.183333333333333,3.64,"weekday",2,"40 to 64","3-5km","bicycle",3.64,0.330909090909091,1.28333333333333,2.31636363636364
"88014/1000",NA,88014,2911,"45-49 years","female",21,10189,"Shopping",197.133209228516,197.133209228516,"car",0.0833333333333333,1.24,"weekday",3,"40 to 64","1-2km","bicycle",1.24,0.112727272727273,0.583333333333333,0.789090909090909
"88014/1000",NA,88014,2911,"45-49 years","female",21,10190,"Shopping",197.133209228516,197.133209228516,"car",0.183333333333333,3.76,"weekday",4,"40 to 64","3-5km","bicycle",3.76,0.341818181818182,1.28333333333333,2.39272727272727
"88014/1000",NA,88014,2911,"45-49 years","female",21,10191,"Other",197.133209228516,197.133209228516,"car",0.3,5,"weekday",5,"40 to 64","3-5km","bicycle",5,0.454545454545455,2.1,3.18181818181818
"88014/1000",NA,88014,2911,"45-49 years","female",21,10192,"Other",197.133209228516,197.133209228516,"car",0.2,4.8,"weekday",6,"40 to 64","3-5km","bicycle",4.8,0.436363636363636,1.4,3.05454545454545
"88014/1000",NA,88014,2911,"45-49 years","female",21,10193,"Shopping",197.133209228516,197.133209228516,"car",0.133333333333333,3.2,"weekday",7,"40 to 64","3-5km","bicycle",3.2,0.290909090909091,0.933333333333333,2.03636363636364
"88014/1000",NA,88014,2911,"45-49 years","female",21,10194,"Other",197.133209228516,197.133209228516,"car",0.15,2.16,"weekday",8,"40 to 64","3-5km","bicycle",2.16,0.196363636363636,1.05,1.37454545454545
"88014/1000",NA,88014,2911,"45-49 years","female",21,10195,"Other",197.133209228516,197.133209228516,"car",0.216666666666667,4.8,"weekday",9,"40 to 64","3-5km","bicycle",4.8,0.436363636363636,1.51666666666667,3.05454545454545
"88014/1001",NA,88014,2912,"55-59 years","female",21,10196,"Other",187.210632324219,187.210632324219,"car",0.266666666666667,5,"weekday",1,"40 to 64","3-5km","bicycle",5,0.454545454545455,1.86666666666667,3.18181818181818
"88014/1001",NA,88014,2912,"55-59 years","female",21,10197,"Other",187.210632324219,187.210632324219,"car",0.2,4.8,"weekday",2,"40 to 64","3-5km","bicycle",4.8,0.436363636363636,1.4,3.05454545454545
"88016/1000",NA,88016,2913,"75-79 years","female",21,10198,"Leisure",98.6386184692383,98.6386184692383,"car",0.1,2.97,"weekday",1,"65 plus","3-5km","bicycle",2.97,0.27,0.7,1.89
"88016/1000",NA,88016,2913,"75-79 years","female",21,10199,"Leisure",98.6386184692383,98.6386184692383,"car",0.183333333333333,4.42,"weekday",2,"65 plus","3-5km","bicycle",4.42,0.401818181818182,1.28333333333333,2.81272727272727
"88016/1000",NA,88016,2913,"75-79 years","female",21,10200,"Leisure",98.6386184692383,98.6386184692383,"car",0.166666666666667,2.62,"weekday",3,"65 plus","3-5km","bicycle",2.62,0.238181818181818,1.16666666666667,1.66727272727273
"88016/1000",NA,88016,2913,"75-79 years","female",21,10202,"Leisure",98.6386184692383,98.6386184692383,"car",0.133333333333333,2.6,"weekday",5,"65 plus","3-5km","bicycle",2.6,0.236363636363636,0.933333333333333,1.65454545454545
"88016/1000",NA,88016,2913,"75-79 years","female",21,10203,"Leisure",98.6386184692383,98.6386184692383,"car",0.133333333333333,2.62,"weekday",6,"65 plus","3-5km","bicycle",2.62,0.238181818181818,0.933333333333333,1.66727272727273
"88016/1001",NA,88016,2914,"75-79 years","male",21,10204,"Leisure",94.0405426025391,94.0405426025391,"car",0.1,2.97,"weekday",1,"65 plus","3-5km","bicycle",2.97,0.27,0.7,1.89
"88016/1001",NA,88016,2914,"75-79 years","male",21,10205,"Leisure",94.0405426025391,94.0405426025391,"car",0.183333333333333,4.42,"weekday",2,"65 plus","3-5km","bicycle",4.42,0.401818181818182,1.28333333333333,2.81272727272727
"88016/1001",NA,88016,2914,"75-79 years","male",21,10206,"Leisure",94.0405426025391,94.0405426025391,"car",0.166666666666667,2.62,"weekday",3,"65 plus","3-5km","bicycle",2.62,0.238181818181818,1.16666666666667,1.66727272727273
"88016/1001",NA,88016,2914,"75-79 years","male",21,10207,"Leisure",94.0405426025391,94.0405426025391,"car",0.133333333333333,2.6,"weekday",4,"65 plus","3-5km","bicycle",2.6,0.236363636363636,0.933333333333333,1.65454545454545
"88016/1001",NA,88016,2914,"75-79 years","male",21,10208,"Leisure",94.0405426025391,94.0405426025391,"car",0.133333333333333,2.62,"weekday",5,"65 plus","3-5km","bicycle",2.62,0.238181818181818,0.933333333333333,1.66727272727273
"88017/1000",NA,88017,2915,"50-54 years","female",21,10209,"Shopping",170.989166259766,170.989166259766,"car",0.0833333333333333,0.59,"weekday",1,"40 to 64","<1km","bicycle",0.59,0.0536363636363636,0.583333333333333,0.375454545454545
"88017/1000",NA,88017,2915,"50-54 years","female",21,10210,"Shopping",170.989166259766,170.989166259766,"car",0.0833333333333333,0.59,"weekday",2,"40 to 64","<1km","bicycle",0.59,0.0536363636363636,0.583333333333333,0.375454545454545
"88017/1001",NA,88017,2916,"50-54 years","male",21,10211,"Work",215.5634765625,215.5634765625,"other",0.916666666666667,41.05,"weekday",1,"40 to 64",">10km","other",41.05,0.916666666666667,6.41666666666667,6.41666666666667
"88017/1001",NA,88017,2916,"50-54 years","male",21,10212,"Work",215.5634765625,215.5634765625,"other",0.916666666666667,40.77,"weekday",2,"40 to 64",">10km","other",40.77,0.916666666666667,6.41666666666667,6.41666666666667
"88017/1001",NA,88017,2916,"50-54 years","male",21,10213,"Other",215.5634765625,215.5634765625,"car",0.0833333333333333,1.25,"weekday",3,"40 to 64","1-2km","bicycle",1.25,0.113636363636364,0.583333333333333,0.795454545454545
"88017/1001",NA,88017,2916,"50-54 years","male",21,10214,"Other",215.5634765625,215.5634765625,"car",0.0833333333333333,1.25,"weekday",4,"40 to 64","1-2km","bicycle",1.25,0.113636363636364,0.583333333333333,0.795454545454545
"88019/1000",NA,88019,2917,"40-44 years","female",21,10215,"Work",125.654022216797,125.654022216797,"car",0.166666666666667,2.19,"weekday",1,"40 to 64","3-5km","bicycle",2.19,0.199090909090909,1.16666666666667,1.39363636363636
"88019/1000",NA,88019,2917,"40-44 years","female",21,10216,"Work",125.654022216797,125.654022216797,"car",0.166666666666667,2.14,"weekday",2,"40 to 64","3-5km","bicycle",2.14,0.194545454545455,1.16666666666667,1.36181818181818
"88020/1000",NA,88020,2918,"30-34 years","male",21,10217,"Work",198.818878173828,198.818878173828,"car",0.5,30.48,"weekday",1,"20 to 39",">10km","car",30.48,0.5,3.5,3.5
"88020/1000",NA,88020,2918,"30-34 years","male",21,10218,"Work",198.818878173828,198.818878173828,"car",0.5,30.69,"weekday",2,"20 to 39",">10km","car",30.69,0.5,3.5,3.5
"88020/1000",NA,88020,2918,"30-34 years","male",21,10219,"Other",198.818878173828,198.818878173828,"car",0.25,5.18,"weekday",3,"20 to 39","6-10km","car",5.18,0.25,1.75,1.75
"88020/1000",NA,88020,2918,"30-34 years","male",21,10220,"Other",198.818878173828,198.818878173828,"car",0.25,5.06,"weekday",4,"20 to 39","6-10km","car",5.06,0.25,1.75,1.75
"88020/1001",NA,88020,2919,"30-34 years","female",21,10221,"Other",166.980453491211,166.980453491211,"car",0.166666666666667,5.18,"weekday",1,"20 to 39","6-10km","car",5.18,0.166666666666667,1.16666666666667,1.16666666666667
"88020/1001",NA,88020,2919,"30-34 years","female",21,10222,"Work",166.980453491211,166.980453491211,"car",0.166666666666667,2.79,"weekday",2,"20 to 39","3-5km","bicycle",2.79,0.253636363636364,1.16666666666667,1.77545454545455
"88020/1001",NA,88020,2919,"30-34 years","female",21,10223,"Work",166.980453491211,166.980453491211,"car",0.25,4.16,"weekday",3,"20 to 39","3-5km","bicycle",4.16,0.378181818181818,1.75,2.64727272727273
"88021/1000",NA,88021,2920,"55-59 years","female",21,10224,"Work",151.029312133789,151.029312133789,"car",0.25,4.48,"weekday",1,"40 to 64","3-5km","bicycle",4.48,0.407272727272727,1.75,2.85090909090909
"88021/1000",NA,88021,2920,"55-59 years","female",21,10225,"Work",151.029312133789,151.029312133789,"car",0.416666666666667,4.6,"weekday",2,"40 to 64","3-5km","bicycle",4.6,0.418181818181818,2.91666666666667,2.92727272727273
"88021/1001",NA,88021,2921,"20-24 years","female",21,10226,"Shopping",232.704406738281,232.704406738281,"walking",0.166666666666667,0.3,"weekday",1,"20 to 39","<1km","walking",0.3,0.166666666666667,1.16666666666667,1.16666666666667
"88021/1001",NA,88021,2921,"20-24 years","female",21,10227,"Shopping",232.704406738281,232.704406738281,"walking",0.166666666666667,0.3,"weekday",2,"20 to 39","<1km","walking",0.3,0.166666666666667,1.16666666666667,1.16666666666667
"88023/1000",NA,88023,2922,"30-34 years","female",21,10228,"Work",134.708923339844,134.708923339844,"car",0.25,4.47,"weekday",1,"20 to 39","3-5km","bicycle",4.47,0.406363636363636,1.75,2.84454545454545
"88023/1000",NA,88023,2922,"30-34 years","female",21,10229,"Work",134.708923339844,134.708923339844,"car",0.25,4.41,"weekday",2,"20 to 39","3-5km","bicycle",4.41,0.400909090909091,1.75,2.80636363636364
"88023/1001",NA,88023,2923,"35-39 years","female",21,10230,"Other",108.65584564209,108.65584564209,"car",0.0333333333333333,1.52,"weekday",1,"20 to 39","1-2km","bicycle",1.52,0.138181818181818,0.233333333333333,0.967272727272727
"88023/1001",NA,88023,2923,"35-39 years","female",21,10231,"Shopping",108.65584564209,108.65584564209,"car",0.25,7.07,"weekday",2,"20 to 39","6-10km","car",7.07,0.25,1.75,1.75
"88023/1001",NA,88023,2923,"35-39 years","female",21,10232,"Work",108.65584564209,108.65584564209,"car",0.166666666666667,2.62,"weekday",3,"20 to 39","3-5km","bicycle",2.62,0.238181818181818,1.16666666666667,1.66727272727273
"88023/1001",NA,88023,2923,"35-39 years","female",21,10233,"Work",108.65584564209,108.65584564209,"car",0.166666666666667,4.41,"weekday",4,"20 to 39","3-5km","bicycle",4.41,0.400909090909091,1.16666666666667,2.80636363636364
"88024/1000",NA,88024,2924,"35-39 years","male",21,10234,"Work",274.485229492188,274.485229492188,"car",0.25,4.86,"weekday",1,"20 to 39","3-5km","bicycle",4.86,0.441818181818182,1.75,3.09272727272727
"88024/1000",NA,88024,2924,"35-39 years","male",21,10235,"Work",274.485229492188,274.485229492188,"car",0.25,4.85,"weekday",2,"20 to 39","3-5km","bicycle",4.85,0.440909090909091,1.75,3.08636363636364
"88024/1000",NA,88024,2924,"35-39 years","male",21,10236,"Other",274.485229492188,274.485229492188,"car",0.0833333333333333,1.55,"weekday",3,"20 to 39","1-2km","bicycle",1.55,0.140909090909091,0.583333333333333,0.986363636363636
"88024/1000",NA,88024,2924,"35-39 years","male",21,10237,"Other",274.485229492188,274.485229492188,"car",0.0833333333333333,1.5,"weekday",4,"20 to 39","1-2km","bicycle",1.5,0.136363636363636,0.583333333333333,0.954545454545454
"88024/1000",NA,88024,2924,"35-39 years","male",21,10238,"Other",274.485229492188,274.485229492188,"car",0.0833333333333333,1.55,"weekday",5,"20 to 39","1-2km","bicycle",1.55,0.140909090909091,0.583333333333333,0.986363636363636
"88024/1000",NA,88024,2924,"35-39 years","male",21,10239,"Other",274.485229492188,274.485229492188,"car",0.0833333333333333,1.5,"weekday",6,"20 to 39","1-2km","bicycle",1.5,0.136363636363636,0.583333333333333,0.954545454545454
"88024/1000",NA,88024,2924,"35-39 years","male",21,10240,"Shopping",274.485229492188,274.485229492188,"car",0.0333333333333333,0.41,"weekday",7,"20 to 39","<1km","bicycle",0.41,0.0372727272727273,0.233333333333333,0.260909090909091
"88024/1000",NA,88024,2924,"35-39 years","male",21,10241,"Shopping",274.485229492188,274.485229492188,"car",0.0333333333333333,0.41,"weekday",8,"20 to 39","<1km","bicycle",0.41,0.0372727272727273,0.233333333333333,0.260909090909091
"88024/1001",NA,88024,2925,"45-49 years","female",21,10242,"Work",310.929290771484,310.929290771484,"car",0.75,38.92,"weekday",1,"40 to 64",">10km","car",38.92,0.75,5.25,5.25
"88024/1001",NA,88024,2925,"45-49 years","female",21,10243,"Work",310.929290771484,310.929290771484,"car",0.833333333333333,38.82,"weekday",2,"40 to 64",">10km","car",38.82,0.833333333333333,5.83333333333333,5.83333333333333
"88024/1001",NA,88024,2925,"45-49 years","female",21,10244,"Shopping",310.929290771484,310.929290771484,"car",0.0333333333333333,0.41,"weekday",3,"40 to 64","<1km","bicycle",0.41,0.0372727272727273,0.233333333333333,0.260909090909091
"88024/1001",NA,88024,2925,"45-49 years","female",21,10245,"Shopping",310.929290771484,310.929290771484,"car",0.0333333333333333,0.41,"weekday",4,"40 to 64","<1km","bicycle",0.41,0.0372727272727273,0.233333333333333,0.260909090909091
"88026/1000",NA,88026,2926,"80-84 years","male",21,10246,"Leisure",229.805099487305,229.805099487305,"car",0.5,25.67,"weekday",1,"65 plus",">10km","car",25.67,0.5,3.5,3.5
"88026/1000",NA,88026,2926,"80-84 years","male",21,10247,"Leisure",229.805099487305,229.805099487305,"car",0.916666666666667,25.68,"weekday",2,"65 plus",">10km","car",25.68,0.916666666666667,6.41666666666667,6.41666666666667
"88026/1001",NA,88026,2927,"80-84 years","female",21,10248,"Leisure",151.426010131836,151.426010131836,"car",0.5,25.67,"weekday",1,"65 plus",">10km","car",25.67,0.5,3.5,3.5
"88026/1001",NA,88026,2927,"80-84 years","female",21,10249,"Leisure",151.426010131836,151.426010131836,"car",0.916666666666667,25.68,"weekday",2,"65 plus",">10km","car",25.68,0.916666666666667,6.41666666666667,6.41666666666667
"88027/1000",NA,88027,2928,"90-94 years","female",21,10250,"Leisure",53.0276336669922,53.0276336669922,"walking",0.25,0.36,"weekday",1,"65 plus","<1km","walking",0.36,0.25,1.75,1.75
"88027/1000",NA,88027,2928,"90-94 years","female",21,10251,"Leisure",53.0276336669922,53.0276336669922,"walking",0.25,0.36,"weekday",2,"65 plus","<1km","walking",0.36,0.25,1.75,1.75
"88028/1000",NA,88028,2929,"45-49 years","male",21,10252,"Work",146.615966796875,146.615966796875,"walking",0.0333333333333333,0.14,"weekday",1,"40 to 64","<1km","walking",0.14,0.0333333333333333,0.233333333333333,0.233333333333333
"88028/1000",NA,88028,2929,"45-49 years","male",21,10253,"Work",146.615966796875,146.615966796875,"walking",0.0333333333333333,0.14,"weekday",2,"40 to 64","<1km","walking",0.14,0.0333333333333333,0.233333333333333,0.233333333333333
"88028/1000",NA,88028,2929,"45-49 years","male",21,10254,"Work",146.615966796875,146.615966796875,"walking",0.0333333333333333,0.14,"weekday",3,"40 to 64","<1km","walking",0.14,0.0333333333333333,0.233333333333333,0.233333333333333
"88028/1000",NA,88028,2929,"45-49 years","male",21,10255,"Work",146.615966796875,146.615966796875,"walking",0.0333333333333333,0.14,"weekday",4,"40 to 64","<1km","walking",0.14,0.0333333333333333,0.233333333333333,0.233333333333333
"88028/1000",NA,88028,2929,"45-49 years","male",21,10256,"Shopping",146.615966796875,146.615966796875,"car",0.05,0.71,"weekday",5,"40 to 64","<1km","bicycle",0.71,0.0645454545454545,0.35,0.451818181818182
"88028/1000",NA,88028,2929,"45-49 years","male",21,10257,"Shopping",146.615966796875,146.615966796875,"car",0.0666666666666667,0.71,"weekday",6,"40 to 64","<1km","bicycle",0.71,0.0645454545454545,0.466666666666667,0.451818181818182
"88029/1000",NA,88029,2930,"85-89 years","male",21,10258,"Leisure",59.0096855163574,59.0096855163574,"walking",0.333333333333333,0.97,"weekday",1,"65 plus","<1km","walking",0.97,0.333333333333333,2.33333333333333,2.33333333333333
"88029/1000",NA,88029,2930,"85-89 years","male",21,10259,"Leisure",59.0096855163574,59.0096855163574,"walking",0.416666666666667,0.97,"weekday",2,"65 plus","<1km","walking",0.97,0.416666666666667,2.91666666666667,2.91666666666667
"88029/1000",NA,88029,2930,"85-89 years","male",21,10260,"Shopping",59.0096855163574,59.0096855163574,"car",0.0833333333333333,1.24,"weekday",3,"65 plus","1-2km","bicycle",1.24,0.112727272727273,0.583333333333333,0.789090909090909
"88029/1000",NA,88029,2930,"85-89 years","male",21,10261,"Shopping",59.0096855163574,59.0096855163574,"car",0.0833333333333333,1.24,"weekday",4,"65 plus","1-2km","bicycle",1.24,0.112727272727273,0.583333333333333,0.789090909090909
"88029/1001",NA,88029,2931,"75-79 years","female",21,10262,"Leisure",98.6386184692383,98.6386184692383,"walking",0.333333333333333,0.97,"weekday",1,"65 plus","<1km","walking",0.97,0.333333333333333,2.33333333333333,2.33333333333333
"88029/1001",NA,88029,2931,"75-79 years","female",21,10263,"Leisure",98.6386184692383,98.6386184692383,"walking",0.416666666666667,0.97,"weekday",2,"65 plus","<1km","walking",0.97,0.416666666666667,2.91666666666667,2.91666666666667
"88029/1001",NA,88029,2931,"75-79 years","female",21,10264,"Leisure",98.6386184692383,98.6386184692383,"car",0.166666666666667,3.51,"weekday",3,"65 plus","3-5km","bicycle",3.51,0.319090909090909,1.16666666666667,2.23363636363636
"88029/1001",NA,88029,2931,"75-79 years","female",21,10265,"Leisure",98.6386184692383,98.6386184692383,"car",0.166666666666667,3.45,"weekday",4,"65 plus","3-5km","bicycle",3.45,0.313636363636364,1.16666666666667,2.19545454545455
"88029/1001",NA,88029,2931,"75-79 years","female",21,10266,"Leisure",98.6386184692383,98.6386184692383,"car",0.166666666666667,5.55,"weekday",5,"65 plus","6-10km","car",5.55,0.166666666666667,1.16666666666667,1.16666666666667
"88029/1001",NA,88029,2931,"75-79 years","female",21,10267,"Leisure",98.6386184692383,98.6386184692383,"car",0.166666666666667,5.21,"weekday",6,"65 plus","6-10km","car",5.21,0.166666666666667,1.16666666666667,1.16666666666667
"88030/1000",NA,88030,2932,"70-74 years","female",21,10268,"Leisure",148.091735839844,148.091735839844,"car",0.583333333333333,22.86,"weekday",1,"65 plus",">10km","car",22.86,0.583333333333333,4.08333333333333,4.08333333333333
"88030/1000",NA,88030,2932,"70-74 years","female",21,10269,"Leisure",148.091735839844,148.091735839844,"car",0.916666666666667,22.98,"weekday",2,"65 plus",">10km","car",22.98,0.916666666666667,6.41666666666667,6.41666666666667
"88030/1001",NA,88030,2933,"65-69 years","male",21,10270,"Leisure",136.799423217773,136.799423217773,"car",0.583333333333333,22.86,"weekday",1,"65 plus",">10km","car",22.86,0.583333333333333,4.08333333333333,4.08333333333333
"88030/1001",NA,88030,2933,"65-69 years","male",21,10271,"Leisure",136.799423217773,136.799423217773,"car",0.916666666666667,22.98,"weekday",2,"65 plus",">10km","car",22.98,0.916666666666667,6.41666666666667,6.41666666666667
"88034/1000",NA,88034,2934,"35-39 years","male",21,10272,"Other",315.360321044922,315.360321044922,"car",0.333333333333333,11.23,"weekday",1,"20 to 39",">10km","car",11.23,0.333333333333333,2.33333333333333,2.33333333333333
"88034/1000",NA,88034,2934,"35-39 years","male",21,10273,"Shopping",315.360321044922,315.360321044922,"car",0.416666666666667,10.47,"weekday",2,"20 to 39",">10km","car",10.47,0.416666666666667,2.91666666666667,2.91666666666667
"88034/1000",NA,88034,2934,"35-39 years","male",21,10274,"Shopping",315.360321044922,315.360321044922,"car",0.0833333333333333,2.59,"weekday",3,"20 to 39","3-5km","bicycle",2.59,0.235454545454545,0.583333333333333,1.64818181818182
"88034/1000",NA,88034,2934,"35-39 years","male",21,10275,"Other",315.360321044922,315.360321044922,"car",0.333333333333333,11.23,"weekday",4,"20 to 39",">10km","car",11.23,0.333333333333333,2.33333333333333,2.33333333333333
"88034/1000",NA,88034,2934,"35-39 years","male",21,10276,"Other",315.360321044922,315.360321044922,"car",0.416666666666667,11.31,"weekday",5,"20 to 39",">10km","car",11.31,0.416666666666667,2.91666666666667,2.91666666666667
"88036/1000",NA,88036,2935,"40-44 years","male",21,10277,"Leisure",211.578475952148,211.578475952148,"car",0.166666666666667,2.8,"weekday",1,"40 to 64","3-5km","bicycle",2.8,0.254545454545455,1.16666666666667,1.78181818181818
"88036/1000",NA,88036,2935,"40-44 years","male",21,10278,"Leisure",211.578475952148,211.578475952148,"car",0.0833333333333333,1.59,"weekday",2,"40 to 64","1-2km","bicycle",1.59,0.144545454545455,0.583333333333333,1.01181818181818
"88036/1000",NA,88036,2935,"40-44 years","male",21,10279,"Leisure",211.578475952148,211.578475952148,"car",0.0833333333333333,2.31,"weekday",3,"40 to 64","3-5km","bicycle",2.31,0.21,0.583333333333333,1.47
"88036/1001",NA,88036,2936,"65-69 years","female",21,10280,"Other",129.623992919922,129.623992919922,"car",0.166666666666667,2.8,"weekday",1,"65 plus","3-5km","bicycle",2.8,0.254545454545455,1.16666666666667,1.78181818181818
"88036/1001",NA,88036,2936,"65-69 years","female",21,10281,"Leisure",129.623992919922,129.623992919922,"car",0.0833333333333333,1.59,"weekday",2,"65 plus","1-2km","bicycle",1.59,0.144545454545455,0.583333333333333,1.01181818181818
"88036/1001",NA,88036,2936,"65-69 years","female",21,10282,"Leisure",129.623992919922,129.623992919922,"car",0.0833333333333333,2.31,"weekday",3,"65 plus","3-5km","bicycle",2.31,0.21,0.583333333333333,1.47
"88039/1001",NA,88039,2937,"70-74 years","female",21,10283,"Shopping",148.091735839844,148.091735839844,"car",0.166666666666667,3.91,"weekday",1,"65 plus","3-5km","bicycle",3.91,0.355454545454545,1.16666666666667,2.48818181818182
"88039/1001",NA,88039,2937,"70-74 years","female",21,10284,"Shopping",148.091735839844,148.091735839844,"car",0.333333333333333,3.97,"weekday",2,"65 plus","3-5km","bicycle",3.97,0.360909090909091,2.33333333333333,2.52636363636364
"88040/1000",NA,88040,2938,"35-39 years","female",21,10285,"Other",245.514633178711,245.514633178711,"car",0.25,10.4,"weekday",1,"20 to 39",">10km","car",10.4,0.25,1.75,1.75
"88040/1000",NA,88040,2938,"35-39 years","female",21,10286,"Other",245.514633178711,245.514633178711,"car",0.166666666666667,10.47,"weekday",2,"20 to 39",">10km","car",10.47,0.166666666666667,1.16666666666667,1.16666666666667
"88040/1000",NA,88040,2938,"35-39 years","female",21,10287,"Other",245.514633178711,245.514633178711,"car",0.0333333333333333,1.21,"weekday",3,"20 to 39","1-2km","bicycle",1.21,0.11,0.233333333333333,0.77
"88040/1000",NA,88040,2938,"35-39 years","female",21,10288,"Shopping",245.514633178711,245.514633178711,"walking",0.25,1.23,"weekday",4,"20 to 39","1-2km","walking",1.23,0.25,1.75,1.75
"88040/1000",NA,88040,2938,"35-39 years","female",21,10290,"Shopping",245.514633178711,245.514633178711,"car",0.0833333333333333,2.26,"weekday",6,"20 to 39","3-5km","bicycle",2.26,0.205454545454545,0.583333333333333,1.43818181818182
"88040/1000",NA,88040,2938,"35-39 years","female",21,10291,"Other",245.514633178711,245.514633178711,"car",0.25,10.4,"weekday",7,"20 to 39",">10km","car",10.4,0.25,1.75,1.75
"88040/1000",NA,88040,2938,"35-39 years","female",21,10292,"Other",245.514633178711,245.514633178711,"car",0.416666666666667,9.48,"weekday",8,"20 to 39","6-10km","car",9.48,0.416666666666667,2.91666666666667,2.91666666666667
"88040/1000",NA,88040,2938,"35-39 years","female",21,10293,"Other",245.514633178711,245.514633178711,"car",0.0833333333333333,1.21,"weekday",9,"20 to 39","1-2km","bicycle",1.21,0.11,0.583333333333333,0.77
"88041/1000",NA,88041,2939,"75-79 years","female",21,10294,"Other",217.505645751953,217.505645751953,"car",0.0333333333333333,1.69,"weekday",1,"65 plus","1-2km","bicycle",1.69,0.153636363636364,0.233333333333333,1.07545454545455
"88041/1000",NA,88041,2939,"75-79 years","female",21,10295,"Shopping",217.505645751953,217.505645751953,"car",0.05,0.99,"weekday",2,"65 plus","<1km","bicycle",0.99,0.09,0.35,0.63
"88041/1000",NA,88041,2939,"75-79 years","female",21,10296,"Shopping",217.505645751953,217.505645751953,"car",0.0333333333333333,1.66,"weekday",3,"65 plus","1-2km","bicycle",1.66,0.150909090909091,0.233333333333333,1.05636363636364
"88041/1000",NA,88041,2939,"75-79 years","female",21,10297,"Other",217.505645751953,217.505645751953,"car",0.0833333333333333,1.69,"weekday",4,"65 plus","1-2km","bicycle",1.69,0.153636363636364,0.583333333333333,1.07545454545455
"88041/1000",NA,88041,2939,"75-79 years","female",21,10298,"Other",217.505645751953,217.505645751953,"car",0.0333333333333333,1.8,"weekday",5,"65 plus","1-2km","bicycle",1.8,0.163636363636364,0.233333333333333,1.14545454545455
"88041/1001",NA,88041,2940,"75-79 years","male",21,10299,"Other",257.170288085938,257.170288085938,"car",0.25,22.13,"weekday",1,"65 plus",">10km","car",22.13,0.25,1.75,1.75
"88041/1001",NA,88041,2940,"75-79 years","male",21,10300,"Other",257.170288085938,257.170288085938,"car",0.25,21.82,"weekday",2,"65 plus",">10km","car",21.82,0.25,1.75,1.75
"88041/1001",NA,88041,2940,"75-79 years","male",21,10301,"Other",257.170288085938,257.170288085938,"car",0.25,22.13,"weekday",3,"65 plus",">10km","car",22.13,0.25,1.75,1.75
"88041/1001",NA,88041,2940,"75-79 years","male",21,10302,"Other",257.170288085938,257.170288085938,"car",0.25,21.82,"weekday",4,"65 plus",">10km","car",21.82,0.25,1.75,1.75
"88041/1002",NA,88041,2941,"20-24 years","male",21,10303,"Leisure",288.192535400391,288.192535400391,"car",0.25,22.13,"weekday",1,"20 to 39",">10km","car",22.13,0.25,1.75,1.75
"88041/1002",NA,88041,2941,"20-24 years","male",21,10304,"Leisure",288.192535400391,288.192535400391,"car",0.25,21.82,"weekday",2,"20 to 39",">10km","car",21.82,0.25,1.75,1.75
"88044/1000",NA,88044,2942,"35-39 years","male",21,10305,"Work",259.737060546875,259.737060546875,"car",0.583333333333333,26.33,"weekday",1,"20 to 39",">10km","car",26.33,0.583333333333333,4.08333333333333,4.08333333333333
"88044/1000",NA,88044,2942,"35-39 years","male",21,10306,"Work",259.737060546875,259.737060546875,"car",0.583333333333333,26.8,"weekday",2,"20 to 39",">10km","car",26.8,0.583333333333333,4.08333333333333,4.08333333333333
"88044/1001",NA,88044,2943,"35-39 years","female",21,10307,"Other",245.514633178711,245.514633178711,"car",0.0833333333333333,2.42,"weekday",1,"20 to 39","3-5km","bicycle",2.42,0.22,0.583333333333333,1.54
"88044/1001",NA,88044,2943,"35-39 years","female",21,10308,"Other",245.514633178711,245.514633178711,"car",0.0833333333333333,2.56,"weekday",2,"20 to 39","3-5km","bicycle",2.56,0.232727272727273,0.583333333333333,1.62909090909091
"88044/1001",NA,88044,2943,"35-39 years","female",21,10309,"Other",245.514633178711,245.514633178711,"car",0.0833333333333333,2.42,"weekday",3,"20 to 39","3-5km","bicycle",2.42,0.22,0.583333333333333,1.54
"88044/1001",NA,88044,2943,"35-39 years","female",21,10310,"Other",245.514633178711,245.514633178711,"car",0.0833333333333333,2.56,"weekday",4,"20 to 39","3-5km","bicycle",2.56,0.232727272727273,0.583333333333333,1.62909090909091
"88045/1000",NA,88045,2944,"40-44 years","male",21,10311,"Work",309.189117431641,309.189117431641,"car",0.75,45.84,"weekday",1,"40 to 64",">10km","car",45.84,0.75,5.25,5.25
"88045/1001",NA,88045,2945,"15-19 years","male",21,10312,"Education",218.963638305664,218.963638305664,"walking",0.25,1.28,"weekday",1,"15 to 19","1-2km","walking",1.28,0.25,1.75,1.75
"88045/1001",NA,88045,2945,"15-19 years","male",21,10313,"Education",218.963638305664,218.963638305664,"walking",0.25,1.28,"weekday",2,"15 to 19","1-2km","walking",1.28,0.25,1.75,1.75
"88045/1002",NA,88045,2946,"15-19 years","male",21,10314,"Education",218.963638305664,218.963638305664,"walking",0.333333333333333,1.28,"weekday",1,"15 to 19","1-2km","walking",1.28,0.333333333333333,2.33333333333333,2.33333333333333
"88045/1002",NA,88045,2946,"15-19 years","male",21,10315,"Education",218.963638305664,218.963638305664,"walking",0.333333333333333,1.28,"weekday",2,"15 to 19","1-2km","walking",1.28,0.333333333333333,2.33333333333333,2.33333333333333
"88054/1000",NA,88054,2947,"75-79 years","male",21,10316,"Shopping",149.382629394531,149.382629394531,"car",0.0833333333333333,2.15,"weekday",1,"65 plus","3-5km","bicycle",2.15,0.195454545454545,0.583333333333333,1.36818181818182
"88054/1000",NA,88054,2947,"75-79 years","male",21,10317,"Shopping",149.382629394531,149.382629394531,"car",0.0833333333333333,2.1,"weekday",2,"65 plus","3-5km","bicycle",2.1,0.190909090909091,0.583333333333333,1.33636363636364
"88055/1000",NA,88055,2948,"30-34 years","female",21,10318,"Other",333.578796386719,333.578796386719,"car",0.0833333333333333,1.86,"weekday",1,"20 to 39","1-2km","bicycle",1.86,0.169090909090909,0.583333333333333,1.18363636363636
"88055/1000",NA,88055,2948,"30-34 years","female",21,10319,"Other",333.578796386719,333.578796386719,"car",0.0833333333333333,1.93,"weekday",2,"20 to 39","1-2km","bicycle",1.93,0.175454545454545,0.583333333333333,1.22818181818182
"88055/1000",NA,88055,2948,"30-34 years","female",21,10320,"Other",333.578796386719,333.578796386719,"car",0.0833333333333333,1.86,"weekday",3,"20 to 39","1-2km","bicycle",1.86,0.169090909090909,0.583333333333333,1.18363636363636
"88055/1000",NA,88055,2948,"30-34 years","female",21,10321,"Other",333.578796386719,333.578796386719,"car",0.0833333333333333,1.93,"weekday",4,"20 to 39","1-2km","bicycle",1.93,0.175454545454545,0.583333333333333,1.22818181818182
"88055/1001",NA,88055,2949,"30-34 years","male",21,10322,"Work",243.462539672852,243.462539672852,"car",1.16666666666667,54.79,"weekday",1,"20 to 39",">10km","car",54.79,1.16666666666667,8.16666666666667,8.16666666666667
"88055/1001",NA,88055,2949,"30-34 years","male",21,10323,"Work",243.462539672852,243.462539672852,"car",1.25,55.27,"weekday",2,"20 to 39",">10km","car",55.27,1.25,8.75,8.75
"88056/1000",NA,88056,2950,"55-59 years","female",21,10324,"Work",124.50057220459,124.50057220459,"car",0.916666666666667,43.24,"weekday",1,"40 to 64",">10km","car",43.24,0.916666666666667,6.41666666666667,6.41666666666667
"88056/1000",NA,88056,2950,"55-59 years","female",21,10325,"Work",124.50057220459,124.50057220459,"car",0.833333333333333,43.71,"weekday",2,"40 to 64",">10km","car",43.71,0.833333333333333,5.83333333333333,5.83333333333333
"88056/1001",NA,88056,2951,"55-59 years","male",21,10326,"Work",136.198272705078,136.198272705078,"car",0.25,10.3,"weekday",1,"40 to 64",">10km","car",10.3,0.25,1.75,1.75
"88056/1001",NA,88056,2951,"55-59 years","male",21,10327,"Work",136.198272705078,136.198272705078,"car",0.333333333333333,10.3,"weekday",2,"40 to 64",">10km","car",10.3,0.333333333333333,2.33333333333333,2.33333333333333
"88059/1000",NA,88059,2952,"45-49 years","male",21,10328,"Work",156.624847412109,156.624847412109,"car",0.333333333333333,10.64,"weekday",1,"40 to 64",">10km","car",10.64,0.333333333333333,2.33333333333333,2.33333333333333
"88059/1000",NA,88059,2952,"45-49 years","male",21,10329,"Work",156.624847412109,156.624847412109,"car",0.416666666666667,10.69,"weekday",2,"40 to 64",">10km","car",10.69,0.416666666666667,2.91666666666667,2.91666666666667
"88063/1000",NA,88063,2953,"75-79 years","female",21,10330,"Leisure",81.3612976074219,81.3612976074219,"walking",0.333333333333333,0.51,"weekday",1,"65 plus","<1km","walking",0.51,0.333333333333333,2.33333333333333,2.33333333333333
"88063/1000",NA,88063,2953,"75-79 years","female",21,10331,"Leisure",81.3612976074219,81.3612976074219,"walking",0.416666666666667,0.51,"weekday",2,"65 plus","<1km","walking",0.51,0.416666666666667,2.91666666666667,2.91666666666667
"88063/1000",NA,88063,2953,"75-79 years","female",21,10332,"Shopping",81.3612976074219,81.3612976074219,"car",0.0833333333333333,2.66,"weekday",3,"65 plus","3-5km","bicycle",2.66,0.241818181818182,0.583333333333333,1.69272727272727
"88063/1000",NA,88063,2953,"75-79 years","female",21,10333,"Shopping",81.3612976074219,81.3612976074219,"car",0.0833333333333333,2.67,"weekday",4,"65 plus","3-5km","bicycle",2.67,0.242727272727273,0.583333333333333,1.69909090909091
"88064/1000",NA,88064,2954,"55-59 years","female",21,10334,"Shopping",120.31526184082,120.31526184082,"car",0.0833333333333333,3.09,"weekday",1,"40 to 64","3-5km","bicycle",3.09,0.280909090909091,0.583333333333333,1.96636363636364
"88064/1000",NA,88064,2954,"55-59 years","female",21,10335,"Shopping",120.31526184082,120.31526184082,"car",0.0833333333333333,3.22,"weekday",2,"40 to 64","3-5km","bicycle",3.22,0.292727272727273,0.583333333333333,2.04909090909091
"88064/1000",NA,88064,2954,"55-59 years","female",21,10336,"Other",120.31526184082,120.31526184082,"car",0.25,8.93,"weekday",3,"40 to 64","6-10km","car",8.93,0.25,1.75,1.75
"88064/1000",NA,88064,2954,"55-59 years","female",21,10337,"Other",120.31526184082,120.31526184082,"car",0.25,8.16,"weekday",4,"40 to 64","6-10km","car",8.16,0.25,1.75,1.75
"88064/1000",NA,88064,2954,"55-59 years","female",21,10338,"Other",120.31526184082,120.31526184082,"car",0.0833333333333333,1.67,"weekday",5,"40 to 64","1-2km","bicycle",1.67,0.151818181818182,0.583333333333333,1.06272727272727
"88066/1000",NA,88066,2955,"35-39 years","male",21,10339,"Work",66.6014175415039,66.6014175415039,"car",0.166666666666667,8.57,"weekday",1,"20 to 39","6-10km","car",8.57,0.166666666666667,1.16666666666667,1.16666666666667
"88066/1000",NA,88066,2955,"35-39 years","male",21,10340,"Work",66.6014175415039,66.6014175415039,"car",0.25,8.27,"weekday",2,"20 to 39","6-10km","car",8.27,0.25,1.75,1.75
"88067/1001",NA,88067,2956,"50-54 years","female",21,10341,"Work",69.2914581298828,69.2914581298828,"car",0.833333333333333,31.21,"weekday",1,"40 to 64",">10km","car",31.21,0.833333333333333,5.83333333333333,5.83333333333333
"88067/1001",NA,88067,2956,"50-54 years","female",21,10342,"Work",69.2914581298828,69.2914581298828,"car",0.833333333333333,31.52,"weekday",2,"40 to 64",">10km","car",31.52,0.833333333333333,5.83333333333333,5.83333333333333
"88068/1000",NA,88068,2957,"40-44 years","female",21,10343,"Other",113.294410705566,113.294410705566,"car",0.25,7.04,"weekday",1,"40 to 64","6-10km","car",7.04,0.25,1.75,1.75
"88068/1000",NA,88068,2957,"40-44 years","female",21,10344,"Work",113.294410705566,113.294410705566,"car",0.233333333333333,10.11,"weekday",2,"40 to 64",">10km","car",10.11,0.233333333333333,1.63333333333333,1.63333333333333
"88068/1000",NA,88068,2957,"40-44 years","female",21,10345,"Other",113.294410705566,113.294410705566,"car",0.25,10.18,"weekday",3,"40 to 64",">10km","car",10.18,0.25,1.75,1.75
"88068/1000",NA,88068,2957,"40-44 years","female",21,10346,"Other",113.294410705566,113.294410705566,"car",0.333333333333333,7.05,"weekday",4,"40 to 64","6-10km","car",7.05,0.333333333333333,2.33333333333333,2.33333333333333
"88070/1000",NA,88070,2958,"40-44 years","male",21,10347,"Other",121.04647064209,121.04647064209,"car",0.1,1.17,"weekday",1,"40 to 64","1-2km","bicycle",1.17,0.106363636363636,0.7,0.744545454545455
"88070/1000",NA,88070,2958,"40-44 years","male",21,10348,"Other",121.04647064209,121.04647064209,"car",0.0333333333333333,1.13,"weekday",2,"40 to 64","1-2km","bicycle",1.13,0.102727272727273,0.233333333333333,0.719090909090909
"88070/1000",NA,88070,2958,"40-44 years","male",21,10349,"Other",121.04647064209,121.04647064209,"car",0.0666666666666667,0.67,"weekday",3,"40 to 64","<1km","bicycle",0.67,0.0609090909090909,0.466666666666667,0.426363636363636
"88070/1001",NA,88070,2959,"40-44 years","female",21,10350,"Other",113.294410705566,113.294410705566,"car",0.0333333333333333,0.61,"weekday",1,"40 to 64","<1km","bicycle",0.61,0.0554545454545455,0.233333333333333,0.388181818181818
"88070/1001",NA,88070,2959,"40-44 years","female",21,10351,"Other",113.294410705566,113.294410705566,"car",0.0333333333333333,1.23,"weekday",2,"40 to 64","1-2km","bicycle",1.23,0.111818181818182,0.233333333333333,0.782727272727273
"88070/1001",NA,88070,2959,"40-44 years","female",21,10352,"Other",113.294410705566,113.294410705566,"car",0.0833333333333333,1.18,"weekday",3,"40 to 64","1-2km","bicycle",1.18,0.107272727272727,0.583333333333333,0.750909090909091
"88076/1000",NA,88076,2960,"40-44 years","female",21,10353,"Other",151.688049316406,151.688049316406,"car",0.333333333333333,14.31,"weekday",1,"40 to 64",">10km","car",14.31,0.333333333333333,2.33333333333333,2.33333333333333
"88076/1000",NA,88076,2960,"40-44 years","female",21,10354,"Other",151.688049316406,151.688049316406,"car",0.333333333333333,14.33,"weekday",2,"40 to 64",">10km","car",14.33,0.333333333333333,2.33333333333333,2.33333333333333
"88076/1001",NA,88076,2961,"45-49 years","male",21,10355,"Work",167.788757324219,167.788757324219,"car",0.166666666666667,8.24,"weekday",1,"40 to 64","6-10km","car",8.24,0.166666666666667,1.16666666666667,1.16666666666667
"88076/1001",NA,88076,2961,"45-49 years","male",21,10356,"Work",167.788757324219,167.788757324219,"car",0.333333333333333,7.94,"weekday",2,"40 to 64","6-10km","car",7.94,0.333333333333333,2.33333333333333,2.33333333333333
"88076/1004",NA,88076,2962,"80-84 years","female",21,10357,"Other",155.397415161133,155.397415161133,"car",0.333333333333333,14.31,"weekday",1,"65 plus",">10km","car",14.31,0.333333333333333,2.33333333333333,2.33333333333333
"88076/1004",NA,88076,2962,"80-84 years","female",21,10358,"Other",155.397415161133,155.397415161133,"car",0.333333333333333,14.33,"weekday",2,"65 plus",">10km","car",14.33,0.333333333333333,2.33333333333333,2.33333333333333
"88077/1000",NA,88077,2963,"70-74 years","male",21,10359,"Shopping",68.7407379150391,68.7407379150391,"car",0.166666666666667,2.74,"weekday",1,"65 plus","3-5km","bicycle",2.74,0.249090909090909,1.16666666666667,1.74363636363636
"88077/1000",NA,88077,2963,"70-74 years","male",21,10360,"Shopping",68.7407379150391,68.7407379150391,"car",0.166666666666667,2.74,"weekday",2,"65 plus","3-5km","bicycle",2.74,0.249090909090909,1.16666666666667,1.74363636363636
"88077/1001",NA,88077,2964,"70-74 years","female",21,10361,"Shopping",74.8938827514648,74.8938827514648,"car",0.166666666666667,2.74,"weekday",1,"65 plus","3-5km","bicycle",2.74,0.249090909090909,1.16666666666667,1.74363636363636
"88077/1001",NA,88077,2964,"70-74 years","female",21,10362,"Shopping",74.8938827514648,74.8938827514648,"car",0.166666666666667,2.74,"weekday",2,"65 plus","3-5km","bicycle",2.74,0.249090909090909,1.16666666666667,1.74363636363636
"88078/1000",NA,88078,2965,"60-64 years","male",21,10363,"Other",136.299453735352,136.299453735352,"car",0.0833333333333333,2.31,"weekday",1,"40 to 64","3-5km","bicycle",2.31,0.21,0.583333333333333,1.47
"88078/1000",NA,88078,2965,"60-64 years","male",21,10365,"Shopping",136.299453735352,136.299453735352,"car",0.25,2.33,"weekday",3,"40 to 64","3-5km","bicycle",2.33,0.211818181818182,1.75,1.48272727272727
"88078/1000",NA,88078,2965,"60-64 years","male",21,10366,"Other",136.299453735352,136.299453735352,"walking",0.166666666666667,0.49,"weekday",4,"40 to 64","<1km","walking",0.49,0.166666666666667,1.16666666666667,1.16666666666667
"88078/1000",NA,88078,2965,"60-64 years","male",21,10367,"Other",136.299453735352,136.299453735352,"walking",0.0833333333333333,0.49,"weekday",5,"40 to 64","<1km","walking",0.49,0.0833333333333333,0.583333333333333,0.583333333333333
"88078/1001",NA,88078,2966,"50-54 years","female",21,10368,"Other",100.969757080078,100.969757080078,"car",0.05,1.64,"weekday",1,"40 to 64","1-2km","bicycle",1.64,0.149090909090909,0.35,1.04363636363636
"88078/1001",NA,88078,2966,"50-54 years","female",21,10369,"Work",100.969757080078,100.969757080078,"car",0.533333333333333,24.81,"weekday",2,"40 to 64",">10km","car",24.81,0.533333333333333,3.73333333333333,3.73333333333333
"88078/1001",NA,88078,2966,"50-54 years","female",21,10370,"Work",100.969757080078,100.969757080078,"car",0.5,26.16,"weekday",3,"40 to 64",">10km","car",26.16,0.5,3.5,3.5
"88078/1002",NA,88078,2967,"15-19 years","male",21,10371,"Education",162.666137695312,162.666137695312,"car",0.05,1.64,"weekday",1,"15 to 19","1-2km","bicycle",1.64,0.149090909090909,0.35,1.04363636363636
"88078/1002",NA,88078,2967,"15-19 years","male",21,10372,"Education",162.666137695312,162.666137695312,"public.transport",0.416666666666667,8.65,"weekday",1,"15 to 19","6-10km","public.transport",8.65,0.416666666666667,2.91666666666667,2.91666666666667
"88078/1002",NA,88078,2967,"15-19 years","male",21,10373,"Education",162.666137695312,162.666137695312,"bicycle",0.0833333333333333,1.11,"weekday",1,"15 to 19","1-2km","bicycle",1.11,0.0833333333333333,0.583333333333333,0.583333333333333
"88078/1002",NA,88078,2967,"15-19 years","male",21,10374,"Education",162.666137695312,162.666137695312,"bicycle",0.0833333333333333,1.11,"weekday",2,"15 to 19","1-2km","bicycle",1.11,0.0833333333333333,0.583333333333333,0.583333333333333
"88078/1002",NA,88078,2967,"15-19 years","male",21,10375,"Education",162.666137695312,162.666137695312,"public.transport",0.583333333333333,8.75,"weekday",2,"15 to 19","6-10km","public.transport",8.75,0.583333333333333,4.08333333333333,4.08333333333333
"88078/1002",NA,88078,2967,"15-19 years","male",21,10376,"Education",162.666137695312,162.666137695312,"walking",0.333333333333333,1.54,"weekday",2,"15 to 19","1-2km","walking",1.54,0.333333333333333,2.33333333333333,2.33333333333333
"88079/1000",NA,88079,2968,"70-74 years","female",21,10377,"Shopping",94.8731231689453,94.8731231689453,"car",0.25,4.69,"weekday",1,"65 plus","3-5km","bicycle",4.69,0.426363636363636,1.75,2.98454545454545
"88079/1000",NA,88079,2968,"70-74 years","female",21,10378,"Shopping",94.8731231689453,94.8731231689453,"public.transport",2.25,9.49,"weekday",1,"65 plus","6-10km","public.transport",9.49,2.25,15.75,15.75
"88079/1000",NA,88079,2968,"70-74 years","female",21,10379,"Shopping",94.8731231689453,94.8731231689453,"walking",0.166666666666667,0.14,"weekday",1,"65 plus","<1km","walking",0.14,0.166666666666667,1.16666666666667,1.16666666666667
"88079/1000",NA,88079,2968,"70-74 years","female",21,10380,"Shopping",94.8731231689453,94.8731231689453,"walking",0.166666666666667,0.14,"weekday",2,"65 plus","<1km","walking",0.14,0.166666666666667,1.16666666666667,1.16666666666667
"88079/1000",NA,88079,2968,"70-74 years","female",21,10381,"Shopping",94.8731231689453,94.8731231689453,"public.transport",1.16666666666667,9.49,"weekday",2,"65 plus","6-10km","public.transport",9.49,1.16666666666667,8.16666666666667,8.16666666666667
"88079/1000",NA,88079,2968,"70-74 years","female",21,10382,"Shopping",94.8731231689453,94.8731231689453,"walking",0.0833333333333333,0.52,"weekday",2,"65 plus","<1km","walking",0.52,0.0833333333333333,0.583333333333333,0.583333333333333
"88079/1000",NA,88079,2968,"70-74 years","female",21,10383,"Shopping",94.8731231689453,94.8731231689453,"car",0.25,5,"weekday",2,"65 plus","3-5km","bicycle",5,0.454545454545455,1.75,3.18181818181818
"88080/1000",NA,88080,2969,"60-64 years","female",21,10384,"Work",86.5198974609375,86.5198974609375,"car",0.25,8.75,"weekday",1,"40 to 64","6-10km","car",8.75,0.25,1.75,1.75
"88080/1000",NA,88080,2969,"60-64 years","female",21,10385,"Work",86.5198974609375,86.5198974609375,"car",0.25,8.45,"weekday",2,"40 to 64","6-10km","car",8.45,0.25,1.75,1.75
"88080/1001",NA,88080,2970,"60-64 years","male",21,10386,"Work",93.5367965698242,93.5367965698242,"car",0.666666666666667,28.65,"weekday",1,"40 to 64",">10km","car",28.65,0.666666666666667,4.66666666666667,4.66666666666667
"88080/1001",NA,88080,2970,"60-64 years","male",21,10387,"Work",93.5367965698242,93.5367965698242,"car",0.75,28.74,"weekday",2,"40 to 64",">10km","car",28.74,0.75,5.25,5.25
"88081/1000",NA,88081,2971,"65-69 years","female",21,10388,"Other",108.942321777344,108.942321777344,"car",0.116666666666667,2.25,"weekday",1,"65 plus","3-5km","bicycle",2.25,0.204545454545455,0.816666666666667,1.43181818181818
"88081/1000",NA,88081,2971,"65-69 years","female",21,10389,"Shopping",108.942321777344,108.942321777344,"car",0.166666666666667,3.18,"weekday",2,"65 plus","3-5km","bicycle",3.18,0.289090909090909,1.16666666666667,2.02363636363636
"88081/1000",NA,88081,2971,"65-69 years","female",21,10390,"Shopping",108.942321777344,108.942321777344,"car",0.166666666666667,1.95,"weekday",3,"65 plus","1-2km","bicycle",1.95,0.177272727272727,1.16666666666667,1.24090909090909
"88082/1000",NA,88082,2972,"40-44 years","female",21,10391,"Other",113.294410705566,113.294410705566,"car",0.25,8.41,"weekday",1,"40 to 64","6-10km","car",8.41,0.25,1.75,1.75
"88082/1000",NA,88082,2972,"40-44 years","female",21,10392,"Other",113.294410705566,113.294410705566,"car",0.25,8.56,"weekday",2,"40 to 64","6-10km","car",8.56,0.25,1.75,1.75
"88082/1000",NA,88082,2972,"40-44 years","female",21,10393,"Other",113.294410705566,113.294410705566,"car",0.25,8.41,"weekday",3,"40 to 64","6-10km","car",8.41,0.25,1.75,1.75
"88082/1000",NA,88082,2972,"40-44 years","female",21,10394,"Other",113.294410705566,113.294410705566,"car",0.25,8.56,"weekday",4,"40 to 64","6-10km","car",8.56,0.25,1.75,1.75
"88082/1001",NA,88082,2973,"45-49 years","male",21,10395,"Work",125.319877624512,125.319877624512,"car",0.666666666666667,34.32,"weekday",1,"40 to 64",">10km","car",34.32,0.666666666666667,4.66666666666667,4.66666666666667
"88082/1002",NA,88082,2974,"15-19 years","male",21,10396,"Education",162.666137695312,162.666137695312,"car",0.25,8.41,"weekday",1,"15 to 19","6-10km","car",8.41,0.25,1.75,1.75
"88082/1002",NA,88082,2974,"15-19 years","male",21,10397,"Education",162.666137695312,162.666137695312,"car",0.25,8.56,"weekday",2,"15 to 19","6-10km","car",8.56,0.25,1.75,1.75
"88082/1003",NA,88082,2975,"15-19 years","female",21,10398,"Education",100.53645324707,100.53645324707,"car",0.25,8.41,"weekday",1,"15 to 19","6-10km","car",8.41,0.25,1.75,1.75
"88082/1003",NA,88082,2975,"15-19 years","female",21,10399,"Education",100.53645324707,100.53645324707,"car",0.25,8.56,"weekday",2,"15 to 19","6-10km","car",8.56,0.25,1.75,1.75
"88084/1000",NA,88084,2976,"50-54 years","female",21,10400,"Other",69.2914581298828,69.2914581298828,"car",0.833333333333333,24.76,"weekday",1,"40 to 64",">10km","car",24.76,0.833333333333333,5.83333333333333,5.83333333333333
"88084/1000",NA,88084,2976,"50-54 years","female",21,10401,"Other",69.2914581298828,69.2914581298828,"car",0.75,17.43,"weekday",2,"40 to 64",">10km","car",17.43,0.75,5.25,5.25
"88084/1000",NA,88084,2976,"50-54 years","female",21,10402,"Other",69.2914581298828,69.2914581298828,"car",0.5,12.21,"weekday",3,"40 to 64",">10km","car",12.21,0.5,3.5,3.5
"88084/1000",NA,88084,2976,"50-54 years","female",21,10403,"Other",69.2914581298828,69.2914581298828,"car",0.516666666666667,17.55,"weekday",4,"40 to 64",">10km","car",17.55,0.516666666666667,3.61666666666667,3.61666666666667
"88084/1001",NA,88084,2977,"55-59 years","male",21,10404,"Work",86.312614440918,86.312614440918,"car",1.16666666666667,41.08,"weekday",1,"40 to 64",">10km","car",41.08,1.16666666666667,8.16666666666667,8.16666666666667
"88084/1001",NA,88084,2977,"55-59 years","male",21,10405,"Work",86.312614440918,86.312614440918,"car",1.08333333333333,41.1,"weekday",2,"40 to 64",">10km","car",41.1,1.08333333333333,7.58333333333333,7.58333333333333
"88085/1000",NA,88085,2978,"75-79 years","male",21,10406,"Shopping",96.7556304931641,96.7556304931641,"car",0.166666666666667,2.74,"weekday",1,"65 plus","3-5km","bicycle",2.74,0.249090909090909,1.16666666666667,1.74363636363636
"88085/1000",NA,88085,2978,"75-79 years","male",21,10407,"Other",96.7556304931641,96.7556304931641,"car",0.333333333333333,8.12,"weekday",2,"65 plus","6-10km","car",8.12,0.333333333333333,2.33333333333333,2.33333333333333
"88085/1000",NA,88085,2978,"75-79 years","male",21,10408,"Other",96.7556304931641,96.7556304931641,"car",0.25,6.15,"weekday",3,"65 plus","6-10km","car",6.15,0.25,1.75,1.75
"88086/1000",NA,88086,2979,"35-39 years","male",21,10409,"Work",66.6014175415039,66.6014175415039,"other",0.0833333333333333,2.64,"weekday",1,"20 to 39","3-5km","other",2.64,0.0833333333333333,0.583333333333333,0.583333333333333
"88086/1000",NA,88086,2979,"35-39 years","male",21,10410,"Work",66.6014175415039,66.6014175415039,"other",0.0833333333333333,2.66,"weekday",2,"20 to 39","3-5km","other",2.66,0.0833333333333333,0.583333333333333,0.583333333333333
"88087/1000",NA,88087,2980,"60-64 years","male",21,10411,"Leisure",93.5367965698242,93.5367965698242,"walking",0.166666666666667,0.42,"weekday",1,"40 to 64","<1km","walking",0.42,0.166666666666667,1.16666666666667,1.16666666666667
"88087/1000",NA,88087,2980,"60-64 years","male",21,10412,"Leisure",93.5367965698242,93.5367965698242,"walking",0.333333333333333,0.42,"weekday",2,"40 to 64","<1km","walking",0.42,0.333333333333333,2.33333333333333,2.33333333333333
"88087/1001",NA,88087,2981,"55-59 years","female",21,10413,"Leisure",94.9781875610352,94.9781875610352,"walking",0.166666666666667,0.42,"weekday",1,"40 to 64","<1km","walking",0.42,0.166666666666667,1.16666666666667,1.16666666666667
"88087/1001",NA,88087,2981,"55-59 years","female",21,10414,"Leisure",94.9781875610352,94.9781875610352,"walking",0.333333333333333,0.42,"weekday",2,"40 to 64","<1km","walking",0.42,0.333333333333333,2.33333333333333,2.33333333333333
"88088/1000",NA,88088,2982,"70-74 years","female",21,10415,"Leisure",94.8731231689453,94.8731231689453,"car",1,23.02,"weekday",1,"65 plus",">10km","car",23.02,1,7,7
"88088/1000",NA,88088,2982,"70-74 years","female",21,10416,"Leisure",94.8731231689453,94.8731231689453,"car",1,21.38,"weekday",2,"65 plus",">10km","car",21.38,1,7,7
"88088/1000",NA,88088,2982,"70-74 years","female",21,10417,"Shopping",94.8731231689453,94.8731231689453,"car",0.166666666666667,2.43,"weekday",3,"65 plus","3-5km","bicycle",2.43,0.220909090909091,1.16666666666667,1.54636363636364
"88088/1000",NA,88088,2982,"70-74 years","female",21,10418,"Shopping",94.8731231689453,94.8731231689453,"car",0.25,2.43,"weekday",4,"65 plus","3-5km","bicycle",2.43,0.220909090909091,1.75,1.54636363636364
"88089/1000",NA,88089,2983,"55-59 years","female",21,10419,"Shopping",94.9781875610352,94.9781875610352,"car",0.166666666666667,2.16,"weekday",1,"40 to 64","3-5km","bicycle",2.16,0.196363636363636,1.16666666666667,1.37454545454545
"88089/1000",NA,88089,2983,"55-59 years","female",21,10420,"Shopping",94.9781875610352,94.9781875610352,"car",0.166666666666667,2.18,"weekday",2,"40 to 64","3-5km","bicycle",2.18,0.198181818181818,1.16666666666667,1.38727272727273
"88089/1001",NA,88089,2984,"50-54 years","male",21,10421,"Work",76.2739486694336,76.2739486694336,"car",0.25,8.11,"weekday",1,"40 to 64","6-10km","car",8.11,0.25,1.75,1.75
"88089/1001",NA,88089,2984,"50-54 years","male",21,10422,"Work",76.2739486694336,76.2739486694336,"car",0.25,8.12,"weekday",2,"40 to 64","6-10km","car",8.12,0.25,1.75,1.75
"88180/1000",NA,88180,2985,"25-29 years","male",21,10423,"Shopping",442.651611328125,442.651611328125,"car",0.166666666666667,2.22,"weekday",1,"20 to 39","3-5km","bicycle",2.22,0.201818181818182,1.16666666666667,1.41272727272727
"88180/1000",NA,88180,2985,"25-29 years","male",21,10424,"Shopping",442.651611328125,442.651611328125,"car",0.166666666666667,1.21,"weekday",2,"20 to 39","1-2km","bicycle",1.21,0.11,1.16666666666667,0.77
"88180/1000",NA,88180,2985,"25-29 years","male",21,10425,"Shopping",442.651611328125,442.651611328125,"car",0.166666666666667,1.8,"weekday",3,"20 to 39","1-2km","bicycle",1.8,0.163636363636364,1.16666666666667,1.14545454545455
"88180/1001",NA,88180,2986,"20-24 years","female",21,10426,"Work",309.032012939453,309.032012939453,"car",1.08333333333333,35.8,"weekday",1,"20 to 39",">10km","car",35.8,1.08333333333333,7.58333333333333,7.58333333333333
"88180/1001",NA,88180,2986,"20-24 years","female",21,10427,"Work",309.032012939453,309.032012939453,"car",0.666666666666667,35,"weekday",2,"20 to 39",">10km","car",35,0.666666666666667,4.66666666666667,4.66666666666667
"88183/1000",NA,88183,2987,"70-74 years","male",21,10428,"Shopping",152.162673950195,152.162673950195,"car",0.1,2.93,"weekday",1,"65 plus","3-5km","bicycle",2.93,0.266363636363636,0.7,1.86454545454545
"88183/1000",NA,88183,2987,"70-74 years","male",21,10429,"Shopping",152.162673950195,152.162673950195,"car",0.0833333333333333,2.92,"weekday",2,"65 plus","3-5km","bicycle",2.92,0.265454545454545,0.583333333333333,1.85818181818182
"88183/1000",NA,88183,2987,"70-74 years","male",21,10430,"Shopping",152.162673950195,152.162673950195,"car",0.25,3.85,"weekday",3,"65 plus","3-5km","bicycle",3.85,0.35,1.75,2.45
"88183/1000",NA,88183,2987,"70-74 years","male",21,10431,"Shopping",152.162673950195,152.162673950195,"car",0.283333333333333,3.82,"weekday",4,"65 plus","3-5km","bicycle",3.82,0.347272727272727,1.98333333333333,2.43090909090909
"88183/1005",NA,88183,2988,"55-59 years","female",21,10432,"Shopping",179.280990600586,179.280990600586,"car",0.25,3.85,"weekday",1,"40 to 64","3-5km","bicycle",3.85,0.35,1.75,2.45
"88183/1005",NA,88183,2988,"55-59 years","female",21,10433,"Shopping",179.280990600586,179.280990600586,"car",0.283333333333333,3.82,"weekday",2,"40 to 64","3-5km","bicycle",3.82,0.347272727272727,1.98333333333333,2.43090909090909
"88189/1000",NA,88189,2989,"65-69 years","female",21,10434,"Shopping",158.535507202148,158.535507202148,"car",0.25,3.21,"weekday",1,"65 plus","3-5km","bicycle",3.21,0.291818181818182,1.75,2.04272727272727
"88189/1000",NA,88189,2989,"65-69 years","female",21,10435,"Shopping",158.535507202148,158.535507202148,"car",0.25,3.16,"weekday",2,"65 plus","3-5km","bicycle",3.16,0.287272727272727,1.75,2.01090909090909
"88189/1000",NA,88189,2989,"65-69 years","female",21,10436,"Shopping",158.535507202148,158.535507202148,"car",0.25,5.65,"weekday",3,"65 plus","6-10km","car",5.65,0.25,1.75,1.75
"88189/1000",NA,88189,2989,"65-69 years","female",21,10437,"Shopping",158.535507202148,158.535507202148,"car",0.25,5.74,"weekday",4,"65 plus","6-10km","car",5.74,0.25,1.75,1.75
"88189/1001",NA,88189,2990,"65-69 years","male",21,10438,"Shopping",151.590209960938,151.590209960938,"car",0.25,5.65,"weekday",1,"65 plus","6-10km","car",5.65,0.25,1.75,1.75
"88189/1001",NA,88189,2990,"65-69 years","male",21,10439,"Shopping",151.590209960938,151.590209960938,"car",0.25,5.74,"weekday",2,"65 plus","6-10km","car",5.74,0.25,1.75,1.75
"88191/1000",NA,88191,2991,"40-44 years","male",21,10440,"Work",500.453094482422,500.453094482422,"car",0.25,10.99,"weekday",1,"40 to 64",">10km","car",10.99,0.25,1.75,1.75
"88191/1000",NA,88191,2991,"40-44 years","male",21,10441,"Other",500.453094482422,500.453094482422,"car",0.2,7.4,"weekday",2,"40 to 64","6-10km","car",7.4,0.2,1.4,1.4
"88191/1000",NA,88191,2991,"40-44 years","male",21,10442,"Other",500.453094482422,500.453094482422,"car",0.166666666666667,5.52,"weekday",3,"40 to 64","6-10km","car",5.52,0.166666666666667,1.16666666666667,1.16666666666667
"88191/1000",NA,88191,2991,"40-44 years","male",21,10443,"Leisure",500.453094482422,500.453094482422,"car",0.166666666666667,10.99,"weekday",4,"40 to 64",">10km","car",10.99,0.166666666666667,1.16666666666667,1.16666666666667
"88191/1000",NA,88191,2991,"40-44 years","male",21,10444,"Leisure",500.453094482422,500.453094482422,"car",0.416666666666667,10.97,"weekday",5,"40 to 64",">10km","car",10.97,0.416666666666667,2.91666666666667,2.91666666666667
"88191/1001",NA,88191,2992,"65-69 years","male",21,10445,"Work",426.555938720703,426.555938720703,"car",1,55.37,"weekday",1,"65 plus",">10km","car",55.37,1,7,7
"88191/1001",NA,88191,2992,"65-69 years","male",21,10446,"Work",426.555938720703,426.555938720703,"car",2,54.94,"weekday",2,"65 plus",">10km","car",54.94,2,14,14
"88191/1001",NA,88191,2992,"65-69 years","male",21,10447,"Shopping",426.555938720703,426.555938720703,"car",0.25,3.01,"weekday",3,"65 plus","3-5km","bicycle",3.01,0.273636363636364,1.75,1.91545454545455
"88191/1001",NA,88191,2992,"65-69 years","male",21,10448,"Shopping",426.555938720703,426.555938720703,"car",0.166666666666667,3.01,"weekday",4,"65 plus","3-5km","bicycle",3.01,0.273636363636364,1.16666666666667,1.91545454545455
"88191/1002",NA,88191,2993,"35-39 years","female",21,10449,"Other",414.036376953125,414.036376953125,"car",0.166666666666667,1.56,"weekday",1,"20 to 39","1-2km","bicycle",1.56,0.141818181818182,1.16666666666667,0.992727272727273
"88191/1002",NA,88191,2993,"35-39 years","female",21,10450,"Other",414.036376953125,414.036376953125,"car",0.0833333333333333,2.7,"weekday",2,"20 to 39","3-5km","bicycle",2.7,0.245454545454545,0.583333333333333,1.71818181818182
"88191/1002",NA,88191,2993,"35-39 years","female",21,10451,"Other",414.036376953125,414.036376953125,"car",0.333333333333333,6.32,"weekday",3,"20 to 39","6-10km","car",6.32,0.333333333333333,2.33333333333333,2.33333333333333
"88191/1002",NA,88191,2993,"35-39 years","female",21,10452,"Other",414.036376953125,414.036376953125,"car",0.333333333333333,5.52,"weekday",4,"20 to 39","6-10km","car",5.52,0.333333333333333,2.33333333333333,2.33333333333333
"88191/1002",NA,88191,2993,"35-39 years","female",21,10453,"Leisure",414.036376953125,414.036376953125,"car",0.0333333333333333,0.23,"weekday",5,"20 to 39","<1km","bicycle",0.23,0.0209090909090909,0.233333333333333,0.146363636363636
"88191/1002",NA,88191,2993,"35-39 years","female",21,10454,"Leisure",414.036376953125,414.036376953125,"car",0.0166666666666667,0.23,"weekday",6,"20 to 39","<1km","bicycle",0.23,0.0209090909090909,0.116666666666667,0.146363636363636
"88191/1002",NA,88191,2993,"35-39 years","female",21,10455,"Other",414.036376953125,414.036376953125,"car",0.25,5.69,"weekday",7,"20 to 39","6-10km","car",5.69,0.25,1.75,1.75
"88191/1002",NA,88191,2993,"35-39 years","female",21,10456,"Other",414.036376953125,414.036376953125,"car",0.416666666666667,11.06,"weekday",8,"20 to 39",">10km","car",11.06,0.416666666666667,2.91666666666667,2.91666666666667
"88191/1002",NA,88191,2993,"35-39 years","female",21,10457,"Other",414.036376953125,414.036376953125,"car",0.25,6.2,"weekday",9,"20 to 39","6-10km","car",6.2,0.25,1.75,1.75
"88191/1002",NA,88191,2993,"35-39 years","female",21,10458,"Other",414.036376953125,414.036376953125,"car",0.1,1.57,"weekday",10,"20 to 39","1-2km","bicycle",1.57,0.142727272727273,0.7,0.999090909090909
"88191/1002",NA,88191,2993,"35-39 years","female",21,10459,"Leisure",414.036376953125,414.036376953125,"car",0.416666666666667,5.4,"weekday",11,"20 to 39","6-10km","car",5.4,0.416666666666667,2.91666666666667,2.91666666666667
"88191/1002",NA,88191,2993,"35-39 years","female",21,10460,"Leisure",414.036376953125,414.036376953125,"car",0.25,5.38,"weekday",12,"20 to 39","6-10km","car",5.38,0.25,1.75,1.75
"88191/1002",NA,88191,2993,"35-39 years","female",21,10461,"Other",414.036376953125,414.036376953125,"car",0.25,5.4,"weekday",13,"20 to 39","6-10km","car",5.4,0.25,1.75,1.75
"88191/1002",NA,88191,2993,"35-39 years","female",21,10462,"Shopping",414.036376953125,414.036376953125,"car",0.5,9.89,"weekday",14,"20 to 39","6-10km","car",9.89,0.5,3.5,3.5
"88191/1002",NA,88191,2993,"35-39 years","female",21,10463,"Shopping",414.036376953125,414.036376953125,"car",0.333333333333333,5.16,"weekday",15,"20 to 39","6-10km","car",5.16,0.333333333333333,2.33333333333333,2.33333333333333
"88193/1000",NA,88193,2994,"65-69 years","male",21,10464,"Leisure",151.590209960938,151.590209960938,"car",0.166666666666667,5.89,"weekday",1,"65 plus","6-10km","car",5.89,0.166666666666667,1.16666666666667,1.16666666666667
"88193/1000",NA,88193,2994,"65-69 years","male",21,10465,"Shopping",151.590209960938,151.590209960938,"car",0.0833333333333333,0.81,"weekday",2,"65 plus","<1km","bicycle",0.81,0.0736363636363636,0.583333333333333,0.515454545454545
"88193/1000",NA,88193,2994,"65-69 years","male",21,10466,"Shopping",151.590209960938,151.590209960938,"car",0.166666666666667,5.14,"weekday",3,"65 plus","6-10km","car",5.14,0.166666666666667,1.16666666666667,1.16666666666667
"88193/1000",NA,88193,2994,"65-69 years","male",21,10467,"Leisure",151.590209960938,151.590209960938,"walking",0.25,0.84,"weekday",4,"65 plus","<1km","walking",0.84,0.25,1.75,1.75
"88193/1000",NA,88193,2994,"65-69 years","male",21,10468,"Leisure",151.590209960938,151.590209960938,"walking",0.416666666666667,0.84,"weekday",5,"65 plus","<1km","walking",0.84,0.416666666666667,2.91666666666667,2.91666666666667
"88193/1001",NA,88193,2995,"60-64 years","female",21,10469,"Work",156.893493652344,156.893493652344,"car",0.166666666666667,2.65,"weekday",1,"40 to 64","3-5km","bicycle",2.65,0.240909090909091,1.16666666666667,1.68636363636364
"88193/1001",NA,88193,2995,"60-64 years","female",21,10470,"Other",156.893493652344,156.893493652344,"car",0.0333333333333333,0.76,"weekday",2,"40 to 64","<1km","bicycle",0.76,0.0690909090909091,0.233333333333333,0.483636363636364
"88193/1001",NA,88193,2995,"60-64 years","female",21,10471,"Other",156.893493652344,156.893493652344,"car",0.166666666666667,2.6,"weekday",3,"40 to 64","3-5km","bicycle",2.6,0.236363636363636,1.16666666666667,1.65454545454545
"88195/1000",NA,88195,2996,"45-49 years","male",21,10472,"Work",241.737762451172,241.737762451172,"car",0.0833333333333333,2.61,"weekday",1,"40 to 64","3-5km","bicycle",2.61,0.237272727272727,0.583333333333333,1.66090909090909
"88195/1000",NA,88195,2996,"45-49 years","male",21,10473,"Work",241.737762451172,241.737762451172,"car",0.1,2.58,"weekday",2,"40 to 64","3-5km","bicycle",2.58,0.234545454545455,0.7,1.64181818181818
"88197/1000",NA,88197,2997,"35-39 years","male",21,10475,"Other",448.437194824219,448.437194824219,"car",0.333333333333333,7.19,"weekday",2,"20 to 39","6-10km","car",7.19,0.333333333333333,2.33333333333333,2.33333333333333
"88197/1000",NA,88197,2997,"35-39 years","male",21,10476,"Other",448.437194824219,448.437194824219,"car",0.333333333333333,7.33,"weekday",3,"20 to 39","6-10km","car",7.33,0.333333333333333,2.33333333333333,2.33333333333333
"88197/1000",NA,88197,2997,"35-39 years","male",21,10477,"Other",448.437194824219,448.437194824219,"car",0.166666666666667,7.19,"weekday",4,"20 to 39","6-10km","car",7.19,0.166666666666667,1.16666666666667,1.16666666666667
"88197/1000",NA,88197,2997,"35-39 years","male",21,10478,"Other",448.437194824219,448.437194824219,"car",0.166666666666667,7.33,"weekday",5,"20 to 39","6-10km","car",7.33,0.166666666666667,1.16666666666667,1.16666666666667
"88197/1001",NA,88197,2998,"35-39 years","female",21,10480,"Work",414.036376953125,414.036376953125,"car",0.583333333333333,14.33,"weekday",2,"20 to 39",">10km","car",14.33,0.583333333333333,4.08333333333333,4.08333333333333
"88197/1001",NA,88197,2998,"35-39 years","female",21,10481,"Work",414.036376953125,414.036376953125,"car",0.583333333333333,14.43,"weekday",3,"20 to 39",">10km","car",14.43,0.583333333333333,4.08333333333333,4.08333333333333
"88197/1002",NA,88197,2999,"15-19 years","female",21,10482,"Education",547.904968261719,547.904968261719,"car",0.333333333333333,7.19,"weekday",1,"15 to 19","6-10km","car",7.19,0.333333333333333,2.33333333333333,2.33333333333333
"88197/1002",NA,88197,2999,"15-19 years","female",21,10483,"Education",547.904968261719,547.904968261719,"car",0.166666666666667,7.33,"weekday",2,"15 to 19","6-10km","car",7.33,0.166666666666667,1.16666666666667,1.16666666666667
"88201/1000",NA,88201,3000,"55-59 years","male",21,10484,"Work",261.203918457031,261.203918457031,"car",1.5,38.12,"weekday",1,"40 to 64",">10km","car",38.12,1.5,10.5,10.5
"88201/1000",NA,88201,3000,"55-59 years","male",21,10485,"Work",261.203918457031,261.203918457031,"car",0.25,3.54,"weekday",2,"40 to 64","3-5km","bicycle",3.54,0.321818181818182,1.75,2.25272727272727
"88201/1000",NA,88201,3000,"55-59 years","male",21,10486,"Work",261.203918457031,261.203918457031,"car",0.5,26.21,"weekday",3,"40 to 64",">10km","car",26.21,0.5,3.5,3.5
"88201/1000",NA,88201,3000,"55-59 years","male",21,10487,"Shopping",261.203918457031,261.203918457031,"car",0.5,18.88,"weekday",4,"40 to 64",">10km","car",18.88,0.5,3.5,3.5
"88201/1000",NA,88201,3000,"55-59 years","male",21,10488,"Shopping",261.203918457031,261.203918457031,"car",0.25,2.46,"weekday",5,"40 to 64","3-5km","bicycle",2.46,0.223636363636364,1.75,1.56545454545455
"88201/1000",NA,88201,3000,"55-59 years","male",21,10489,"Shopping",261.203918457031,261.203918457031,"car",0.25,5.08,"weekday",6,"40 to 64","6-10km","car",5.08,0.25,1.75,1.75
"88201/1000",NA,88201,3000,"55-59 years","male",21,10490,"Shopping",261.203918457031,261.203918457031,"car",0.25,5.18,"weekday",7,"40 to 64","6-10km","car",5.18,0.25,1.75,1.75
"88201/1001",NA,88201,3001,"55-59 years","female",21,10491,"Leisure",179.280990600586,179.280990600586,"bicycle",0.0833333333333333,0.7,"weekday",1,"40 to 64","<1km","bicycle",0.7,0.0833333333333333,0.583333333333333,0.583333333333333
"88201/1001",NA,88201,3001,"55-59 years","female",21,10492,"Leisure",179.280990600586,179.280990600586,"bicycle",0.0833333333333333,0.7,"weekday",2,"40 to 64","<1km","bicycle",0.7,0.0833333333333333,0.583333333333333,0.583333333333333
"88201/1001",NA,88201,3001,"55-59 years","female",21,10493,"Shopping",179.280990600586,179.280990600586,"car",0.333333333333333,5.24,"weekday",3,"40 to 64","6-10km","car",5.24,0.333333333333333,2.33333333333333,2.33333333333333
"88201/1001",NA,88201,3001,"55-59 years","female",21,10494,"Shopping",179.280990600586,179.280990600586,"car",0.333333333333333,5.19,"weekday",4,"40 to 64","6-10km","car",5.19,0.333333333333333,2.33333333333333,2.33333333333333
"88201/1001",NA,88201,3001,"55-59 years","female",21,10495,"Shopping",179.280990600586,179.280990600586,"car",0.333333333333333,13.5,"weekday",5,"40 to 64",">10km","car",13.5,0.333333333333333,2.33333333333333,2.33333333333333
"88201/1001",NA,88201,3001,"55-59 years","female",21,10496,"Shopping",179.280990600586,179.280990600586,"car",0.333333333333333,13.58,"weekday",6,"40 to 64",">10km","car",13.58,0.333333333333333,2.33333333333333,2.33333333333333
"88201/1001",NA,88201,3001,"55-59 years","female",21,10497,"Shopping",179.280990600586,179.280990600586,"car",0.25,5.08,"weekday",7,"40 to 64","6-10km","car",5.08,0.25,1.75,1.75
"88201/1001",NA,88201,3001,"55-59 years","female",21,10498,"Shopping",179.280990600586,179.280990600586,"car",0.25,5.18,"weekday",8,"40 to 64","6-10km","car",5.18,0.25,1.75,1.75
"88204/1000",NA,88204,3002,"40-44 years","male",21,10499,"Work",283.161804199219,283.161804199219,"walking",0.166666666666667,0.16,"weekday",1,"40 to 64","<1km","walking",0.16,0.166666666666667,1.16666666666667,1.16666666666667
"88204/1000",NA,88204,3002,"40-44 years","male",21,10500,"Work",283.161804199219,283.161804199219,"public.transport",0.333333333333333,2.09,"weekday",1,"40 to 64","3-5km","public.transport",2.09,0.333333333333333,2.33333333333333,2.33333333333333
"88204/1000",NA,88204,3002,"40-44 years","male",21,10501,"Work",283.161804199219,283.161804199219,"walking",0.0166666666666667,0.01,"weekday",1,"40 to 64","<1km","walking",0.01,0.0166666666666667,0.116666666666667,0.116666666666667
"88204/1000",NA,88204,3002,"40-44 years","male",21,10502,"Work",283.161804199219,283.161804199219,"public.transport",0.4,18.9,"weekday",1,"40 to 64",">10km","public.transport",18.9,0.4,2.8,2.8
"88204/1000",NA,88204,3002,"40-44 years","male",21,10503,"Work",283.161804199219,283.161804199219,"public.transport",0.25,5.47,"weekday",1,"40 to 64","6-10km","public.transport",5.47,0.25,1.75,1.75
"88204/1000",NA,88204,3002,"40-44 years","male",21,10504,"Work",283.161804199219,283.161804199219,"walking",0.0333333333333333,0.09,"weekday",1,"40 to 64","<1km","walking",0.09,0.0333333333333333,0.233333333333333,0.233333333333333
"88204/1000",NA,88204,3002,"40-44 years","male",21,10505,"Work",283.161804199219,283.161804199219,"public.transport",0.166666666666667,1.96,"weekday",1,"40 to 64","1-2km","public.transport",1.96,0.166666666666667,1.16666666666667,1.16666666666667
"88204/1000",NA,88204,3002,"40-44 years","male",21,10506,"Work",283.161804199219,283.161804199219,"walking",0.166666666666667,1.01,"weekday",1,"40 to 64","1-2km","walking",1.01,0.166666666666667,1.16666666666667,1.16666666666667
"88204/1000",NA,88204,3002,"40-44 years","male",21,10507,"Work",283.161804199219,283.161804199219,"walking",0.166666666666667,1.01,"weekday",2,"40 to 64","1-2km","walking",1.01,0.166666666666667,1.16666666666667,1.16666666666667
"88204/1000",NA,88204,3002,"40-44 years","male",21,10508,"Work",283.161804199219,283.161804199219,"public.transport",0.4,8.57,"weekday",2,"40 to 64","6-10km","public.transport",8.57,0.4,2.8,2.8
"88204/1000",NA,88204,3002,"40-44 years","male",21,10509,"Work",283.161804199219,283.161804199219,"walking",0.0166666666666667,0.07,"weekday",2,"40 to 64","<1km","walking",0.07,0.0166666666666667,0.116666666666667,0.116666666666667
"88204/1000",NA,88204,3002,"40-44 years","male",21,10510,"Work",283.161804199219,283.161804199219,"public.transport",0.216666666666667,10.68,"weekday",2,"40 to 64",">10km","public.transport",10.68,0.216666666666667,1.51666666666667,1.51666666666667
"88204/1000",NA,88204,3002,"40-44 years","male",21,10511,"Work",283.161804199219,283.161804199219,"car",0.15,2.17,"weekday",2,"40 to 64","3-5km","bicycle",2.17,0.197272727272727,1.05,1.38090909090909
"88204/1001",NA,88204,3003,"40-44 years","female",21,10512,"Other",336.650360107422,336.650360107422,"car",0.0833333333333333,2.17,"weekday",1,"40 to 64","3-5km","bicycle",2.17,0.197272727272727,0.583333333333333,1.38090909090909
"88204/1001",NA,88204,3003,"40-44 years","female",21,10513,"Other",336.650360107422,336.650360107422,"car",0.15,2.17,"weekday",2,"40 to 64","3-5km","bicycle",2.17,0.197272727272727,1.05,1.38090909090909
"88204/1002",NA,88204,3004,"15-19 years","male",21,10514,"Education",243.971801757812,243.971801757812,"public.transport",0.5,7.49,"weekday",1,"15 to 19","6-10km","public.transport",7.49,0.5,3.5,3.5
"88204/1002",NA,88204,3004,"15-19 years","male",21,10515,"Education",243.971801757812,243.971801757812,"public.transport",0.5,7.51,"weekday",2,"15 to 19","6-10km","public.transport",7.51,0.5,3.5,3.5
"88206/1000",NA,88206,3005,"60-64 years","female",21,10516,"Shopping",156.893493652344,156.893493652344,"car",0.416666666666667,14.62,"weekday",1,"40 to 64",">10km","car",14.62,0.416666666666667,2.91666666666667,2.91666666666667
"88206/1000",NA,88206,3005,"60-64 years","female",21,10517,"Shopping",156.893493652344,156.893493652344,"car",0.416666666666667,14.78,"weekday",2,"40 to 64",">10km","car",14.78,0.416666666666667,2.91666666666667,2.91666666666667
"88206/1000",NA,88206,3005,"60-64 years","female",21,10518,"Shopping",156.893493652344,156.893493652344,"car",0.0833333333333333,1.45,"weekday",3,"40 to 64","1-2km","bicycle",1.45,0.131818181818182,0.583333333333333,0.922727272727273
"88206/1000",NA,88206,3005,"60-64 years","female",21,10519,"Shopping",156.893493652344,156.893493652344,"car",0.0833333333333333,0.77,"weekday",4,"40 to 64","<1km","bicycle",0.77,0.07,0.583333333333333,0.49
"88206/1001",NA,88206,3006,"65-69 years","male",21,10520,"Shopping",151.590209960938,151.590209960938,"car",0.133333333333333,1.73,"weekday",1,"65 plus","1-2km","bicycle",1.73,0.157272727272727,0.933333333333333,1.10090909090909
"88206/1001",NA,88206,3006,"65-69 years","male",21,10521,"Shopping",151.590209960938,151.590209960938,"car",0.133333333333333,2.08,"weekday",2,"65 plus","3-5km","bicycle",2.08,0.189090909090909,0.933333333333333,1.32363636363636
"88207/1000",NA,88207,3007,"50-54 years","male",21,10522,"Work",402.633728027344,402.633728027344,"car",0.0833333333333333,1.74,"weekday",1,"40 to 64","1-2km","bicycle",1.74,0.158181818181818,0.583333333333333,1.10727272727273
"88207/1000",NA,88207,3007,"50-54 years","male",21,10523,"Work",402.633728027344,402.633728027344,"public.transport",0.75,45.13,"weekday",1,"40 to 64",">10km","public.transport",45.13,0.75,5.25,5.25
"88207/1000",NA,88207,3007,"50-54 years","male",21,10524,"Work",402.633728027344,402.633728027344,"walking",0.0833333333333333,0.51,"weekday",1,"40 to 64","<1km","walking",0.51,0.0833333333333333,0.583333333333333,0.583333333333333
"88207/1000",NA,88207,3007,"50-54 years","male",21,10525,"Work",402.633728027344,402.633728027344,"walking",0.0833333333333333,0.51,"weekday",2,"40 to 64","<1km","walking",0.51,0.0833333333333333,0.583333333333333,0.583333333333333
"88207/1000",NA,88207,3007,"50-54 years","male",21,10526,"Work",402.633728027344,402.633728027344,"public.transport",0.75,45.13,"weekday",2,"40 to 64",">10km","public.transport",45.13,0.75,5.25,5.25
"88207/1000",NA,88207,3007,"50-54 years","male",21,10527,"Work",402.633728027344,402.633728027344,"car",0.0833333333333333,1.74,"weekday",2,"40 to 64","1-2km","bicycle",1.74,0.158181818181818,0.583333333333333,1.10727272727273
"88207/1002",NA,88207,3008,"20-24 years","male",21,10528,"Shopping",806.452819824219,806.452819824219,"car",0.166666666666667,4.62,"weekday",1,"20 to 39","3-5km","bicycle",4.62,0.42,1.16666666666667,2.94
"88207/1002",NA,88207,3008,"20-24 years","male",21,10529,"Other",806.452819824219,806.452819824219,"car",0.166666666666667,4.77,"weekday",2,"20 to 39","3-5km","bicycle",4.77,0.433636363636364,1.16666666666667,3.03545454545455
"88207/1002",NA,88207,3008,"20-24 years","male",21,10530,"Other",806.452819824219,806.452819824219,"car",0.5,8.63,"weekday",3,"20 to 39","6-10km","car",8.63,0.5,3.5,3.5
"88207/1003",NA,88207,3009,"15-19 years","male",21,10531,"Education",333.733825683594,333.733825683594,"walking",0.25,2.21,"weekday",1,"15 to 19","3-5km","walking",2.21,0.25,1.75,1.75
"88207/1003",NA,88207,3009,"15-19 years","male",21,10532,"Education",333.733825683594,333.733825683594,"car",0.166666666666667,2.45,"weekday",2,"15 to 19","3-5km","bicycle",2.45,0.222727272727273,1.16666666666667,1.55909090909091
"88209/1000",NA,88209,3010,"65-69 years","female",21,10533,"Leisure",158.535507202148,158.535507202148,"car",0.25,4.97,"weekday",1,"65 plus","3-5km","bicycle",4.97,0.451818181818182,1.75,3.16272727272727
"88209/1000",NA,88209,3010,"65-69 years","female",21,10534,"Shopping",158.535507202148,158.535507202148,"car",0.0666666666666667,2.09,"weekday",2,"65 plus","3-5km","bicycle",2.09,0.19,0.466666666666667,1.33
"88209/1000",NA,88209,3010,"65-69 years","female",21,10535,"Other",158.535507202148,158.535507202148,"car",0.0833333333333333,1.14,"weekday",3,"65 plus","1-2km","bicycle",1.14,0.103636363636364,0.583333333333333,0.725454545454545
"88209/1000",NA,88209,3010,"65-69 years","female",21,10536,"Other",158.535507202148,158.535507202148,"car",0.0833333333333333,2.83,"weekday",4,"65 plus","3-5km","bicycle",2.83,0.257272727272727,0.583333333333333,1.80090909090909
"88209/1001",NA,88209,3011,"65-69 years","male",21,10537,"Work",151.590209960938,151.590209960938,"car",1,55.28,"weekday",1,"65 plus",">10km","car",55.28,1,7,7
"88209/1001",NA,88209,3011,"65-69 years","male",21,10538,"Work",151.590209960938,151.590209960938,"car",1,55.89,"weekday",2,"65 plus",">10km","car",55.89,1,7,7
"88211/1000",NA,88211,3012,"65-69 years","male",21,10539,"Shopping",380.566589355469,380.566589355469,"car",0.0833333333333333,1.14,"weekday",1,"65 plus","1-2km","bicycle",1.14,0.103636363636364,0.583333333333333,0.725454545454545
"88211/1000",NA,88211,3012,"65-69 years","male",21,10540,"Shopping",380.566589355469,380.566589355469,"car",0.166666666666667,5.71,"weekday",2,"65 plus","6-10km","car",5.71,0.166666666666667,1.16666666666667,1.16666666666667
"88211/1000",NA,88211,3012,"65-69 years","male",21,10541,"Shopping",380.566589355469,380.566589355469,"car",0.0833333333333333,3.24,"weekday",3,"65 plus","3-5km","bicycle",3.24,0.294545454545455,0.583333333333333,2.06181818181818
"88211/1000",NA,88211,3012,"65-69 years","male",21,10542,"Other",380.566589355469,380.566589355469,"car",0.0833333333333333,2.04,"weekday",4,"65 plus","3-5km","bicycle",2.04,0.185454545454545,0.583333333333333,1.29818181818182
"88211/1000",NA,88211,3012,"65-69 years","male",21,10543,"Shopping",380.566589355469,380.566589355469,"car",0.166666666666667,1.15,"weekday",5,"65 plus","1-2km","bicycle",1.15,0.104545454545455,1.16666666666667,0.731818181818182
"88211/1000",NA,88211,3012,"65-69 years","male",21,10544,"Other",380.566589355469,380.566589355469,"car",0.166666666666667,1.66,"weekday",6,"65 plus","1-2km","bicycle",1.66,0.150909090909091,1.16666666666667,1.05636363636364
"88211/1000",NA,88211,3012,"65-69 years","male",21,10545,"Other",380.566589355469,380.566589355469,"car",0.166666666666667,5.8,"weekday",7,"65 plus","6-10km","car",5.8,0.166666666666667,1.16666666666667,1.16666666666667
"88211/1000",NA,88211,3012,"65-69 years","male",21,10546,"Other",380.566589355469,380.566589355469,"car",0.166666666666667,4.61,"weekday",8,"65 plus","3-5km","bicycle",4.61,0.419090909090909,1.16666666666667,2.93363636363636
"88212/1001",NA,88212,3013,"35-39 years","female",21,10547,"Work",522.818908691406,522.818908691406,"car",0.583333333333333,14.55,"weekday",1,"20 to 39",">10km","car",14.55,0.583333333333333,4.08333333333333,4.08333333333333
"88212/1001",NA,88212,3013,"35-39 years","female",21,10548,"Work",522.818908691406,522.818908691406,"car",0.666666666666667,14.63,"weekday",2,"20 to 39",">10km","car",14.63,0.666666666666667,4.66666666666667,4.66666666666667
"88213/1000",NA,88213,3014,"60-64 years","female",21,10549,"Shopping",474.000030517578,474.000030517578,"walking",0.116666666666667,0.42,"weekday",1,"40 to 64","<1km","walking",0.42,0.116666666666667,0.816666666666667,0.816666666666667
"88213/1000",NA,88213,3014,"60-64 years","female",21,10550,"Shopping",474.000030517578,474.000030517578,"walking",0.15,0.42,"weekday",2,"40 to 64","<1km","walking",0.42,0.15,1.05,1.05
"88213/1000",NA,88213,3014,"60-64 years","female",21,10551,"Leisure",474.000030517578,474.000030517578,"car",0.333333333333333,8.86,"weekday",3,"40 to 64","6-10km","car",8.86,0.333333333333333,2.33333333333333,2.33333333333333
"88213/1000",NA,88213,3014,"60-64 years","female",21,10552,"Leisure",474.000030517578,474.000030517578,"car",0.416666666666667,8.85,"weekday",4,"40 to 64","6-10km","car",8.85,0.416666666666667,2.91666666666667,2.91666666666667
"88215/1000",NA,88215,3015,"45-49 years","male",21,10553,"Other",708.6845703125,708.6845703125,"car",0.0833333333333333,0.61,"weekday",1,"40 to 64","<1km","bicycle",0.61,0.0554545454545455,0.583333333333333,0.388181818181818
"88215/1000",NA,88215,3015,"45-49 years","male",21,10554,"Other",708.6845703125,708.6845703125,"car",0.0833333333333333,0.61,"weekday",2,"40 to 64","<1km","bicycle",0.61,0.0554545454545455,0.583333333333333,0.388181818181818
"88215/1000",NA,88215,3015,"45-49 years","male",21,10555,"Other",708.6845703125,708.6845703125,"car",0.0833333333333333,0.61,"weekday",3,"40 to 64","<1km","bicycle",0.61,0.0554545454545455,0.583333333333333,0.388181818181818
"88215/1000",NA,88215,3015,"45-49 years","male",21,10556,"Other",708.6845703125,708.6845703125,"car",0.116666666666667,0.61,"weekday",4,"40 to 64","<1km","bicycle",0.61,0.0554545454545455,0.816666666666667,0.388181818181818
"88215/1002",NA,88215,3016,"15-19 years","male",21,10557,"Education",782.303466796875,782.303466796875,"walking",0.166666666666667,0.79,"weekday",1,"15 to 19","<1km","walking",0.79,0.166666666666667,1.16666666666667,1.16666666666667
"88215/1002",NA,88215,3016,"15-19 years","male",21,10558,"Education",782.303466796875,782.303466796875,"public.transport",0.333333333333333,11.63,"weekday",1,"15 to 19",">10km","public.transport",11.63,0.333333333333333,2.33333333333333,2.33333333333333
"88215/1002",NA,88215,3016,"15-19 years","male",21,10559,"Education",782.303466796875,782.303466796875,"walking",0.166666666666667,1.07,"weekday",1,"15 to 19","1-2km","walking",1.07,0.166666666666667,1.16666666666667,1.16666666666667
"88215/1002",NA,88215,3016,"15-19 years","male",21,10560,"Education",782.303466796875,782.303466796875,"walking",0.166666666666667,1.07,"weekday",2,"15 to 19","1-2km","walking",1.07,0.166666666666667,1.16666666666667,1.16666666666667
"88215/1002",NA,88215,3016,"15-19 years","male",21,10561,"Education",782.303466796875,782.303466796875,"public.transport",0.333333333333333,11.63,"weekday",2,"15 to 19",">10km","public.transport",11.63,0.333333333333333,2.33333333333333,2.33333333333333
"88215/1002",NA,88215,3016,"15-19 years","male",21,10562,"Education",782.303466796875,782.303466796875,"walking",0.166666666666667,0.79,"weekday",2,"15 to 19","<1km","walking",0.79,0.166666666666667,1.16666666666667,1.16666666666667
"88220/1000",NA,88220,3017,"70-74 years","male",21,10563,"Other",368.036743164062,368.036743164062,"car",0.583333333333333,14.74,"weekday",1,"65 plus",">10km","car",14.74,0.583333333333333,4.08333333333333,4.08333333333333
"88220/1000",NA,88220,3017,"70-74 years","male",21,10564,"Other",368.036743164062,368.036743164062,"car",0.333333333333333,14.66,"weekday",2,"65 plus",">10km","car",14.66,0.333333333333333,2.33333333333333,2.33333333333333
"88220/1000",NA,88220,3017,"70-74 years","male",21,10565,"Work",368.036743164062,368.036743164062,"car",1.25,75.37,"weekday",3,"65 plus",">10km","car",75.37,1.25,8.75,8.75
"88220/1000",NA,88220,3017,"70-74 years","male",21,10566,"Other",368.036743164062,368.036743164062,"car",1.5,64.69,"weekday",4,"65 plus",">10km","car",64.69,1.5,10.5,10.5
"88220/1000",NA,88220,3017,"70-74 years","male",21,10567,"Shopping",368.036743164062,368.036743164062,"car",0.25,4.75,"weekday",5,"65 plus","3-5km","bicycle",4.75,0.431818181818182,1.75,3.02272727272727
"88220/1000",NA,88220,3017,"70-74 years","male",21,10568,"Other",368.036743164062,368.036743164062,"car",0.25,4.19,"weekday",6,"65 plus","3-5km","bicycle",4.19,0.380909090909091,1.75,2.66636363636364
"88220/1000",NA,88220,3017,"70-74 years","male",21,10569,"Other",368.036743164062,368.036743164062,"car",1.75,64.29,"weekday",7,"65 plus",">10km","car",64.29,1.75,12.25,12.25
"88220/1000",NA,88220,3017,"70-74 years","male",21,10570,"Other",368.036743164062,368.036743164062,"car",1.75,75.33,"weekday",8,"65 plus",">10km","car",75.33,1.75,12.25,12.25
"88220/1001",NA,88220,3018,"70-74 years","female",21,10571,"Work",410.921569824219,410.921569824219,"car",0.666666666666667,24.21,"weekday",1,"65 plus",">10km","car",24.21,0.666666666666667,4.66666666666667,4.66666666666667
"88220/1001",NA,88220,3018,"70-74 years","female",21,10572,"Work",410.921569824219,410.921569824219,"car",0.75,23.97,"weekday",2,"65 plus",">10km","car",23.97,0.75,5.25,5.25
"88221/1000",NA,88221,3019,"35-39 years","male",21,10573,"Work",673.374267578125,673.374267578125,"car",0.166666666666667,3.22,"weekday",1,"20 to 39","3-5km","bicycle",3.22,0.292727272727273,1.16666666666667,2.04909090909091
"88221/1000",NA,88221,3019,"35-39 years","male",21,10574,"Work",673.374267578125,673.374267578125,"car",0.166666666666667,3.22,"weekday",2,"20 to 39","3-5km","bicycle",3.22,0.292727272727273,1.16666666666667,2.04909090909091
"88222/1000",NA,88222,3020,"65-69 years","female",21,10575,"Other",304.822784423828,304.822784423828,"walking",0.133333333333333,0.31,"weekday",1,"65 plus","<1km","walking",0.31,0.133333333333333,0.933333333333333,0.933333333333333
"88222/1000",NA,88222,3020,"65-69 years","female",21,10576,"Other",304.822784423828,304.822784423828,"walking",0.2,0.31,"weekday",2,"65 plus","<1km","walking",0.31,0.2,1.4,1.4
"88222/1000",NA,88222,3020,"65-69 years","female",21,10577,"Shopping",304.822784423828,304.822784423828,"car",0.0833333333333333,1.11,"weekday",3,"65 plus","1-2km","bicycle",1.11,0.100909090909091,0.583333333333333,0.706363636363636
"88222/1000",NA,88222,3020,"65-69 years","female",21,10578,"Shopping",304.822784423828,304.822784423828,"car",0.133333333333333,1.07,"weekday",4,"65 plus","1-2km","bicycle",1.07,0.0972727272727273,0.933333333333333,0.680909090909091
"88223/1000",NA,88223,3021,"55-59 years","male",21,10579,"Other",598.893310546875,598.893310546875,"car",0.333333333333333,7.83,"weekday",1,"40 to 64","6-10km","car",7.83,0.333333333333333,2.33333333333333,2.33333333333333
"88223/1000",NA,88223,3021,"55-59 years","male",21,10580,"Work",598.893310546875,598.893310546875,"car",0.416666666666667,2.53,"weekday",2,"40 to 64","3-5km","bicycle",2.53,0.23,2.91666666666667,1.61
"88223/1000",NA,88223,3021,"55-59 years","male",21,10581,"Other",598.893310546875,598.893310546875,"car",0.166666666666667,2.61,"weekday",3,"40 to 64","3-5km","bicycle",2.61,0.237272727272727,1.16666666666667,1.66090909090909
"88223/1000",NA,88223,3021,"55-59 years","male",21,10582,"Other",598.893310546875,598.893310546875,"car",0.333333333333333,7.44,"weekday",4,"40 to 64","6-10km","car",7.44,0.333333333333333,2.33333333333333,2.33333333333333
"88223/1001",NA,88223,3022,"50-54 years","female",21,10583,"Other",545.808776855469,545.808776855469,"car",0.333333333333333,7.83,"weekday",1,"40 to 64","6-10km","car",7.83,0.333333333333333,2.33333333333333,2.33333333333333
"88223/1001",NA,88223,3022,"50-54 years","female",21,10584,"Work",545.808776855469,545.808776855469,"car",0.416666666666667,2.53,"weekday",2,"40 to 64","3-5km","bicycle",2.53,0.23,2.91666666666667,1.61
"88223/1001",NA,88223,3022,"50-54 years","female",21,10585,"Other",545.808776855469,545.808776855469,"car",0.166666666666667,2.61,"weekday",3,"40 to 64","3-5km","bicycle",2.61,0.237272727272727,1.16666666666667,1.66090909090909
"88223/1001",NA,88223,3022,"50-54 years","female",21,10586,"Other",545.808776855469,545.808776855469,"car",0.333333333333333,7.44,"weekday",4,"40 to 64","6-10km","car",7.44,0.333333333333333,2.33333333333333,2.33333333333333
"88225/1000",NA,88225,3023,"70-74 years","female",21,10588,"Other",444.963592529297,444.963592529297,"car",0.0833333333333333,1.17,"weekday",2,"65 plus","1-2km","bicycle",1.17,0.106363636363636,0.583333333333333,0.744545454545455
"88225/1000",NA,88225,3023,"70-74 years","female",21,10589,"Other",444.963592529297,444.963592529297,"car",0.0833333333333333,1.13,"weekday",3,"65 plus","1-2km","bicycle",1.13,0.102727272727273,0.583333333333333,0.719090909090909
"88226/1000",NA,88226,3024,"30-34 years","male",21,10591,"Work",825.542541503906,825.542541503906,"car",0.5,9.56,"weekday",1,"20 to 39","6-10km","car",9.56,0.5,3.5,3.5
"88226/1000",NA,88226,3024,"30-34 years","male",21,10592,"Work",825.542541503906,825.542541503906,"car",0.583333333333333,9.29,"weekday",2,"20 to 39","6-10km","car",9.29,0.583333333333333,4.08333333333333,4.08333333333333
"88226/1001",NA,88226,3025,"30-34 years","female",21,10593,"Work",666.033386230469,666.033386230469,"car",0.2,2.52,"weekday",1,"20 to 39","3-5km","bicycle",2.52,0.229090909090909,1.4,1.60363636363636
"88226/1001",NA,88226,3025,"30-34 years","female",21,10594,"Work",666.033386230469,666.033386230469,"car",0.166666666666667,2.52,"weekday",2,"20 to 39","3-5km","bicycle",2.52,0.229090909090909,1.16666666666667,1.60363636363636
"88227/1000",NA,88227,3026,"45-49 years","male",21,10595,"Other",552.430297851562,552.430297851562,"walking",0.0833333333333333,0.37,"weekday",1,"40 to 64","<1km","walking",0.37,0.0833333333333333,0.583333333333333,0.583333333333333
"88227/1000",NA,88227,3026,"45-49 years","male",21,10596,"Other",552.430297851562,552.430297851562,"walking",0.0833333333333333,0.37,"weekday",2,"40 to 64","<1km","walking",0.37,0.0833333333333333,0.583333333333333,0.583333333333333
"88227/1000",NA,88227,3026,"45-49 years","male",21,10597,"Other",552.430297851562,552.430297851562,"bicycle",0.0333333333333333,0.37,"weekday",3,"40 to 64","<1km","bicycle",0.37,0.0333333333333333,0.233333333333333,0.233333333333333
"88227/1000",NA,88227,3026,"45-49 years","male",21,10598,"Other",552.430297851562,552.430297851562,"walking",0.0833333333333333,0.37,"weekday",4,"40 to 64","<1km","walking",0.37,0.0833333333333333,0.583333333333333,0.583333333333333
"88227/1000",NA,88227,3026,"45-49 years","male",21,10599,"Other",552.430297851562,552.430297851562,"car",0.05,0.43,"weekday",5,"40 to 64","<1km","bicycle",0.43,0.0390909090909091,0.35,0.273636363636364
"88227/1000",NA,88227,3026,"45-49 years","male",21,10600,"Other",552.430297851562,552.430297851562,"car",0.0666666666666667,0.43,"weekday",6,"40 to 64","<1km","bicycle",0.43,0.0390909090909091,0.466666666666667,0.273636363636364
"88227/1001",NA,88227,3027,"35-39 years","female",21,10601,"Work",634.367553710938,634.367553710938,"bicycle",0.666666666666667,9.97,"weekday",1,"20 to 39","6-10km","bicycle",9.97,0.666666666666667,4.66666666666667,4.66666666666667
"88227/1001",NA,88227,3027,"35-39 years","female",21,10602,"Work",634.367553710938,634.367553710938,"bicycle",0.75,9.97,"weekday",2,"20 to 39","6-10km","bicycle",9.97,0.75,5.25,5.25
"88228/1000",NA,88228,3028,"75-79 years","female",21,10604,"Leisure",410.973388671875,410.973388671875,"car",0.5,24.94,"weekday",2,"65 plus",">10km","car",24.94,0.5,3.5,3.5
"88228/1000",NA,88228,3028,"75-79 years","female",21,10605,"Leisure",410.973388671875,410.973388671875,"car",0.5,24.66,"weekday",3,"65 plus",">10km","car",24.66,0.5,3.5,3.5
"88228/1001",NA,88228,3029,"75-79 years","male",21,10607,"Leisure",319.961029052734,319.961029052734,"car",0.5,24.94,"weekday",1,"65 plus",">10km","car",24.94,0.5,3.5,3.5
"88228/1001",NA,88228,3029,"75-79 years","male",21,10608,"Leisure",319.961029052734,319.961029052734,"car",0.5,24.66,"weekday",2,"65 plus",">10km","car",24.66,0.5,3.5,3.5
"88231/1000",NA,88231,3030,"75-79 years","male",21,10609,"Shopping",319.961029052734,319.961029052734,"car",0.0833333333333333,1.8,"weekday",1,"65 plus","1-2km","bicycle",1.8,0.163636363636364,0.583333333333333,1.14545454545455
"88231/1000",NA,88231,3030,"75-79 years","male",21,10610,"Shopping",319.961029052734,319.961029052734,"car",0.0833333333333333,1.79,"weekday",2,"65 plus","1-2km","bicycle",1.79,0.162727272727273,0.583333333333333,1.13909090909091
"88231/1001",NA,88231,3031,"75-79 years","female",21,10611,"Shopping",410.973388671875,410.973388671875,"car",0.0833333333333333,1.8,"weekday",1,"65 plus","1-2km","bicycle",1.8,0.163636363636364,0.583333333333333,1.14545454545455
"88231/1001",NA,88231,3031,"75-79 years","female",21,10612,"Shopping",410.973388671875,410.973388671875,"car",0.0833333333333333,1.79,"weekday",2,"65 plus","1-2km","bicycle",1.79,0.162727272727273,0.583333333333333,1.13909090909091
"88232/1000",NA,88232,3032,"35-39 years","female",21,10613,"Other",634.367553710938,634.367553710938,"car",0.0833333333333333,0.47,"weekday",1,"20 to 39","<1km","bicycle",0.47,0.0427272727272727,0.583333333333333,0.299090909090909
"88232/1000",NA,88232,3032,"35-39 years","female",21,10614,"Work",634.367553710938,634.367553710938,"car",0.0833333333333333,0.81,"weekday",2,"20 to 39","<1km","bicycle",0.81,0.0736363636363636,0.583333333333333,0.515454545454545
"88232/1000",NA,88232,3032,"35-39 years","female",21,10615,"Other",634.367553710938,634.367553710938,"car",0.0833333333333333,0.81,"weekday",3,"20 to 39","<1km","bicycle",0.81,0.0736363636363636,0.583333333333333,0.515454545454545
"88232/1000",NA,88232,3032,"35-39 years","female",21,10616,"Other",634.367553710938,634.367553710938,"car",0.0833333333333333,0.47,"weekday",4,"20 to 39","<1km","bicycle",0.47,0.0427272727272727,0.583333333333333,0.299090909090909
"88234/1000",NA,88234,3033,"65-69 years","male",21,10617,"Shopping",351.451293945312,351.451293945312,"car",0.0833333333333333,0.84,"weekday",1,"65 plus","<1km","bicycle",0.84,0.0763636363636364,0.583333333333333,0.534545454545454
"88234/1000",NA,88234,3033,"65-69 years","male",21,10618,"Shopping",351.451293945312,351.451293945312,"car",0.0833333333333333,0.84,"weekday",2,"65 plus","<1km","bicycle",0.84,0.0763636363636364,0.583333333333333,0.534545454545454
"88234/1001",NA,88234,3034,"65-69 years","female",21,10619,"Shopping",304.822784423828,304.822784423828,"car",0.0833333333333333,0.84,"weekday",1,"65 plus","<1km","bicycle",0.84,0.0763636363636364,0.583333333333333,0.534545454545454
"88234/1001",NA,88234,3034,"65-69 years","female",21,10620,"Shopping",304.822784423828,304.822784423828,"car",0.0833333333333333,0.84,"weekday",2,"65 plus","<1km","bicycle",0.84,0.0763636363636364,0.583333333333333,0.534545454545454
"88235/1000",NA,88235,3035,"55-59 years","female",21,10621,"Work",507.188659667969,507.188659667969,"car",0.5,13.92,"weekday",1,"40 to 64",">10km","car",13.92,0.5,3.5,3.5
"88235/1000",NA,88235,3035,"55-59 years","female",21,10622,"Work",507.188659667969,507.188659667969,"car",0.5,14.06,"weekday",2,"40 to 64",">10km","car",14.06,0.5,3.5,3.5
"88235/1000",NA,88235,3035,"55-59 years","female",21,10623,"Leisure",507.188659667969,507.188659667969,"car",0.0666666666666667,0.66,"weekday",3,"40 to 64","<1km","bicycle",0.66,0.06,0.466666666666667,0.42
"88235/1000",NA,88235,3035,"55-59 years","female",21,10624,"Leisure",507.188659667969,507.188659667969,"car",0.0666666666666667,0.66,"weekday",4,"40 to 64","<1km","bicycle",0.66,0.06,0.466666666666667,0.42
"88236/1000",NA,88236,3036,"65-69 years","female",21,10625,"Other",330.075256347656,330.075256347656,"car",0.166666666666667,5.35,"weekday",1,"65 plus","6-10km","car",5.35,0.166666666666667,1.16666666666667,1.16666666666667
"88236/1000",NA,88236,3036,"65-69 years","female",21,10626,"Shopping",330.075256347656,330.075256347656,"car",0.166666666666667,4.03,"weekday",2,"65 plus","3-5km","bicycle",4.03,0.366363636363636,1.16666666666667,2.56454545454545
"88236/1000",NA,88236,3036,"65-69 years","female",21,10627,"Shopping",330.075256347656,330.075256347656,"car",0.0833333333333333,1.74,"weekday",3,"65 plus","1-2km","bicycle",1.74,0.158181818181818,0.583333333333333,1.10727272727273
"88237/1000",NA,88237,3037,"30-34 years","male",21,10628,"Work",825.542541503906,825.542541503906,"car",0.166666666666667,2.57,"weekday",1,"20 to 39","3-5km","bicycle",2.57,0.233636363636364,1.16666666666667,1.63545454545455
"88237/1000",NA,88237,3037,"30-34 years","male",21,10629,"Work",825.542541503906,825.542541503906,"car",0.25,2.58,"weekday",2,"20 to 39","3-5km","bicycle",2.58,0.234545454545455,1.75,1.64181818181818
"88237/1001",NA,88237,3038,"30-34 years","female",21,10630,"Work",666.033386230469,666.033386230469,"car",0.166666666666667,2.57,"weekday",1,"20 to 39","3-5km","bicycle",2.57,0.233636363636364,1.16666666666667,1.63545454545455
"88237/1001",NA,88237,3038,"30-34 years","female",21,10631,"Work",666.033386230469,666.033386230469,"car",0.25,2.58,"weekday",2,"20 to 39","3-5km","bicycle",2.58,0.234545454545455,1.75,1.64181818181818
"88240/1000",NA,88240,3039,"60-64 years","female",21,10632,"Leisure",198.384918212891,198.384918212891,"car",0.166666666666667,4.56,"weekday",1,"40 to 64","3-5km","bicycle",4.56,0.414545454545454,1.16666666666667,2.90181818181818
"88240/1000",NA,88240,3039,"60-64 years","female",21,10633,"Leisure",198.384918212891,198.384918212891,"car",0.166666666666667,4.62,"weekday",2,"40 to 64","3-5km","bicycle",4.62,0.42,1.16666666666667,2.94
"88241/1000",NA,88241,3040,"70-74 years","male",21,10634,"Work",91.9685287475586,91.9685287475586,"car",0.333333333333333,9.48,"weekday",1,"65 plus","6-10km","car",9.48,0.333333333333333,2.33333333333333,2.33333333333333
"88241/1000",NA,88241,3040,"70-74 years","male",21,10635,"Work",91.9685287475586,91.9685287475586,"car",0.25,9.09,"weekday",2,"65 plus","6-10km","car",9.09,0.25,1.75,1.75
"88242/1000",NA,88242,3041,"30-34 years","male",21,10636,"Other",187.17204284668,187.17204284668,"car",0.166666666666667,1.42,"weekday",1,"20 to 39","1-2km","bicycle",1.42,0.129090909090909,1.16666666666667,0.903636363636364
"88242/1000",NA,88242,3041,"30-34 years","male",21,10637,"Leisure",187.17204284668,187.17204284668,"car",0.333333333333333,7.11,"weekday",2,"20 to 39","6-10km","car",7.11,0.333333333333333,2.33333333333333,2.33333333333333
"88242/1000",NA,88242,3041,"30-34 years","male",21,10638,"Work",187.17204284668,187.17204284668,"car",0.25,2.77,"weekday",3,"20 to 39","3-5km","bicycle",2.77,0.251818181818182,1.75,1.76272727272727
"88242/1000",NA,88242,3041,"30-34 years","male",21,10639,"Work",187.17204284668,187.17204284668,"car",0.416666666666667,8.34,"weekday",4,"20 to 39","6-10km","car",8.34,0.416666666666667,2.91666666666667,2.91666666666667
"88242/1001",NA,88242,3042,"35-39 years","female",21,10640,"Work",126.796051025391,126.796051025391,"car",0.333333333333333,8.93,"weekday",1,"20 to 39","6-10km","car",8.93,0.333333333333333,2.33333333333333,2.33333333333333
"88242/1001",NA,88242,3042,"35-39 years","female",21,10641,"Other",126.796051025391,126.796051025391,"car",0.333333333333333,8.2,"weekday",2,"20 to 39","6-10km","car",8.2,0.333333333333333,2.33333333333333,2.33333333333333
"88242/1001",NA,88242,3042,"35-39 years","female",21,10642,"Other",126.796051025391,126.796051025391,"car",0.166666666666667,6.27,"weekday",3,"20 to 39","6-10km","car",6.27,0.166666666666667,1.16666666666667,1.16666666666667
"88246/1001",NA,88246,3043,"50-54 years","male",21,10643,"Work",184.723663330078,184.723663330078,"car",0.0666666666666667,3.77,"weekday",1,"40 to 64","3-5km","bicycle",3.77,0.342727272727273,0.466666666666667,2.39909090909091
"88246/1001",NA,88246,3043,"50-54 years","male",21,10644,"Shopping",184.723663330078,184.723663330078,"walking",0.0833333333333333,0.88,"weekday",2,"40 to 64","<1km","walking",0.88,0.0833333333333333,0.583333333333333,0.583333333333333
"88246/1001",NA,88246,3043,"50-54 years","male",21,10645,"Work",184.723663330078,184.723663330078,"walking",0.0833333333333333,0.88,"weekday",3,"40 to 64","<1km","walking",0.88,0.0833333333333333,0.583333333333333,0.583333333333333
"88246/1001",NA,88246,3043,"50-54 years","male",21,10646,"Work",184.723663330078,184.723663330078,"car",0.0666666666666667,3.7,"weekday",4,"40 to 64","3-5km","bicycle",3.7,0.336363636363636,0.466666666666667,2.35454545454545
"88247/1001",NA,88247,3044,"30-34 years","female",21,10647,"Other",157.198715209961,157.198715209961,"car",0.25,1.62,"weekday",1,"20 to 39","1-2km","bicycle",1.62,0.147272727272727,1.75,1.03090909090909
"88247/1001",NA,88247,3044,"30-34 years","female",21,10648,"Work",157.198715209961,157.198715209961,"car",0.333333333333333,3.18,"weekday",2,"20 to 39","3-5km","bicycle",3.18,0.289090909090909,2.33333333333333,2.02363636363636
"88247/1001",NA,88247,3044,"30-34 years","female",21,10649,"Work",157.198715209961,157.198715209961,"car",0.333333333333333,2.99,"weekday",3,"20 to 39","3-5km","bicycle",2.99,0.271818181818182,2.33333333333333,1.90272727272727
"88247/1001",NA,88247,3044,"30-34 years","female",21,10650,"Other",157.198715209961,157.198715209961,"car",0.25,1.62,"weekday",4,"20 to 39","1-2km","bicycle",1.62,0.147272727272727,1.75,1.03090909090909
"88247/1001",NA,88247,3044,"30-34 years","female",21,10651,"Other",157.198715209961,157.198715209961,"car",0.166666666666667,1.65,"weekday",5,"20 to 39","1-2km","bicycle",1.65,0.15,1.16666666666667,1.05
"88248/1000",NA,88248,3045,"50-54 years","female",21,10652,"Work",286.475250244141,286.475250244141,"car",0.25,15.74,"weekday",1,"40 to 64",">10km","car",15.74,0.25,1.75,1.75
"88248/1000",NA,88248,3045,"50-54 years","female",21,10653,"Work",286.475250244141,286.475250244141,"car",0.5,15.98,"weekday",2,"40 to 64",">10km","car",15.98,0.5,3.5,3.5
"88248/1001",NA,88248,3046,"20-24 years","male",21,10654,"Education",390.446380615234,390.446380615234,"car",0.25,10.62,"weekday",1,"20 to 39",">10km","car",10.62,0.25,1.75,1.75
"88248/1001",NA,88248,3046,"20-24 years","male",21,10655,"Education",390.446380615234,390.446380615234,"car",0.25,10.14,"weekday",2,"20 to 39",">10km","car",10.14,0.25,1.75,1.75
"88248/1002",NA,88248,3047,"15-19 years","female",21,10656,"Education",340.53564453125,340.53564453125,"walking",0.166666666666667,0.6,"weekday",1,"15 to 19","<1km","walking",0.6,0.166666666666667,1.16666666666667,1.16666666666667
"88248/1002",NA,88248,3047,"15-19 years","female",21,10657,"Education",340.53564453125,340.53564453125,"public.transport",0.833333333333333,11.61,"weekday",1,"15 to 19",">10km","public.transport",11.61,0.833333333333333,5.83333333333333,5.83333333333333
"88248/1002",NA,88248,3047,"15-19 years","female",21,10658,"Education",340.53564453125,340.53564453125,"walking",0.05,0.31,"weekday",1,"15 to 19","<1km","walking",0.31,0.05,0.35,0.35
"88248/1002",NA,88248,3047,"15-19 years","female",21,10659,"Education",340.53564453125,340.53564453125,"walking",0.05,0.31,"weekday",2,"15 to 19","<1km","walking",0.31,0.05,0.35,0.35
"88248/1002",NA,88248,3047,"15-19 years","female",21,10660,"Education",340.53564453125,340.53564453125,"public.transport",0.666666666666667,11.62,"weekday",2,"15 to 19",">10km","public.transport",11.62,0.666666666666667,4.66666666666667,4.66666666666667
"88248/1002",NA,88248,3047,"15-19 years","female",21,10661,"Education",340.53564453125,340.53564453125,"walking",0.166666666666667,0.6,"weekday",2,"15 to 19","<1km","walking",0.6,0.166666666666667,1.16666666666667,1.16666666666667
"88248/1003",NA,88248,3048,"15-19 years","female",21,10662,"Education",340.53564453125,340.53564453125,"walking",0.166666666666667,0.6,"weekday",1,"15 to 19","<1km","walking",0.6,0.166666666666667,1.16666666666667,1.16666666666667
"88248/1003",NA,88248,3048,"15-19 years","female",21,10663,"Education",340.53564453125,340.53564453125,"public.transport",0.833333333333333,11.61,"weekday",1,"15 to 19",">10km","public.transport",11.61,0.833333333333333,5.83333333333333,5.83333333333333
"88248/1003",NA,88248,3048,"15-19 years","female",21,10664,"Education",340.53564453125,340.53564453125,"walking",0.05,0.31,"weekday",1,"15 to 19","<1km","walking",0.31,0.05,0.35,0.35
"88248/1003",NA,88248,3048,"15-19 years","female",21,10665,"Education",340.53564453125,340.53564453125,"walking",0.05,0.31,"weekday",2,"15 to 19","<1km","walking",0.31,0.05,0.35,0.35
"88248/1003",NA,88248,3048,"15-19 years","female",21,10666,"Education",340.53564453125,340.53564453125,"public.transport",0.666666666666667,11.62,"weekday",2,"15 to 19",">10km","public.transport",11.62,0.666666666666667,4.66666666666667,4.66666666666667
"88248/1003",NA,88248,3048,"15-19 years","female",21,10667,"Education",340.53564453125,340.53564453125,"walking",0.166666666666667,0.6,"weekday",2,"15 to 19","<1km","walking",0.6,0.166666666666667,1.16666666666667,1.16666666666667
"88255/1000",NA,88255,3049,"40-44 years","female",21,10668,"Other",276.858306884766,276.858306884766,"car",0.25,1.9,"weekday",1,"40 to 64","1-2km","bicycle",1.9,0.172727272727273,1.75,1.20909090909091
"88255/1000",NA,88255,3049,"40-44 years","female",21,10669,"Other",276.858306884766,276.858306884766,"car",0.166666666666667,6.75,"weekday",2,"40 to 64","6-10km","car",6.75,0.166666666666667,1.16666666666667,1.16666666666667
"88255/1000",NA,88255,3049,"40-44 years","female",21,10670,"Other",276.858306884766,276.858306884766,"car",0.0833333333333333,1.08,"weekday",3,"40 to 64","1-2km","bicycle",1.08,0.0981818181818182,0.583333333333333,0.687272727272727
"88255/1000",NA,88255,3049,"40-44 years","female",21,10671,"Other",276.858306884766,276.858306884766,"car",0.0833333333333333,1.05,"weekday",4,"40 to 64","1-2km","bicycle",1.05,0.0954545454545455,0.583333333333333,0.668181818181818
"88255/1001",NA,88255,3050,"40-44 years","male",21,10672,"Shopping",204.532974243164,204.532974243164,"car",0.333333333333333,8.74,"weekday",1,"40 to 64","6-10km","car",8.74,0.333333333333333,2.33333333333333,2.33333333333333
"88255/1001",NA,88255,3050,"40-44 years","male",21,10673,"Work",204.532974243164,204.532974243164,"car",0.5,13.46,"weekday",2,"40 to 64",">10km","car",13.46,0.5,3.5,3.5
"88255/1001",NA,88255,3050,"40-44 years","male",21,10674,"Work",204.532974243164,204.532974243164,"car",0.833333333333333,19.82,"weekday",3,"40 to 64",">10km","car",19.82,0.833333333333333,5.83333333333333,5.83333333333333
"88255/1002",NA,88255,3051,"20-24 years","female",21,10675,"Shopping",454.962646484375,454.962646484375,"car",0.333333333333333,10.74,"weekday",1,"20 to 39",">10km","car",10.74,0.333333333333333,2.33333333333333,2.33333333333333
"88255/1002",NA,88255,3051,"20-24 years","female",21,10676,"Other",454.962646484375,454.962646484375,"car",0.333333333333333,10.7,"weekday",2,"20 to 39",">10km","car",10.7,0.333333333333333,2.33333333333333,2.33333333333333
"88255/1002",NA,88255,3051,"20-24 years","female",21,10677,"Other",454.962646484375,454.962646484375,"car",0.166666666666667,6.75,"weekday",3,"20 to 39","6-10km","car",6.75,0.166666666666667,1.16666666666667,1.16666666666667
"88255/1002",NA,88255,3051,"20-24 years","female",21,10678,"Shopping",454.962646484375,454.962646484375,"car",0.166666666666667,4.55,"weekday",4,"20 to 39","3-5km","bicycle",4.55,0.413636363636364,1.16666666666667,2.89545454545455
"88255/1002",NA,88255,3051,"20-24 years","female",21,10679,"Shopping",454.962646484375,454.962646484375,"car",0.25,4.68,"weekday",5,"20 to 39","3-5km","bicycle",4.68,0.425454545454545,1.75,2.97818181818182
"88256/1001",NA,88256,3052,"60-64 years","female",21,10680,"Shopping",198.384918212891,198.384918212891,"car",0.75,20.71,"weekday",1,"40 to 64",">10km","car",20.71,0.75,5.25,5.25
"88256/1001",NA,88256,3052,"60-64 years","female",21,10681,"Leisure",198.384918212891,198.384918212891,"car",0.75,20.75,"weekday",2,"40 to 64",">10km","car",20.75,0.75,5.25,5.25
"88256/1002",NA,88256,3053,"60-64 years","male",21,10682,"Shopping",147.764495849609,147.764495849609,"car",0.75,20.71,"weekday",1,"40 to 64",">10km","car",20.71,0.75,5.25,5.25
"88256/1002",NA,88256,3053,"60-64 years","male",21,10683,"Leisure",147.764495849609,147.764495849609,"car",0.75,20.75,"weekday",2,"40 to 64",">10km","car",20.75,0.75,5.25,5.25
"88257/1000",NA,88257,3054,"60-64 years","male",21,10684,"Leisure",126.624420166016,126.624420166016,"car",0.0833333333333333,1.54,"weekday",1,"40 to 64","1-2km","bicycle",1.54,0.14,0.583333333333333,0.98
"88257/1000",NA,88257,3054,"60-64 years","male",21,10685,"Leisure",126.624420166016,126.624420166016,"car",0.0833333333333333,1.54,"weekday",2,"40 to 64","1-2km","bicycle",1.54,0.14,0.583333333333333,0.98
"88257/1000",NA,88257,3054,"60-64 years","male",21,10686,"Work",126.624420166016,126.624420166016,"car",0.666666666666667,27.64,"weekday",3,"40 to 64",">10km","car",27.64,0.666666666666667,4.66666666666667,4.66666666666667
"88257/1000",NA,88257,3054,"60-64 years","male",21,10687,"Work",126.624420166016,126.624420166016,"car",0.583333333333333,26.11,"weekday",4,"40 to 64",">10km","car",26.11,0.583333333333333,4.08333333333333,4.08333333333333
"88257/1001",NA,88257,3055,"60-64 years","female",21,10688,"Work",170.002777099609,170.002777099609,"car",0.25,10.6,"weekday",1,"40 to 64",">10km","car",10.6,0.25,1.75,1.75
"88257/1001",NA,88257,3055,"60-64 years","female",21,10689,"Work",170.002777099609,170.002777099609,"car",0.333333333333333,10.1,"weekday",2,"40 to 64",">10km","car",10.1,0.333333333333333,2.33333333333333,2.33333333333333
"88258/1000",NA,88258,3056,"85-89 years","female",21,10690,"Shopping",53.0276336669922,53.0276336669922,"car",0.5,10.47,"weekday",1,"65 plus",">10km","car",10.47,0.5,3.5,3.5
"88258/1000",NA,88258,3056,"85-89 years","female",21,10691,"Shopping",53.0276336669922,53.0276336669922,"car",0.5,10.49,"weekday",2,"65 plus",">10km","car",10.49,0.5,3.5,3.5
"88263/1000",NA,88263,3057,"70-74 years","male",21,10692,"Leisure",91.9685287475586,91.9685287475586,"walking",0.333333333333333,0.68,"weekday",1,"65 plus","<1km","walking",0.68,0.333333333333333,2.33333333333333,2.33333333333333
"88263/1000",NA,88263,3057,"70-74 years","male",21,10693,"Leisure",91.9685287475586,91.9685287475586,"walking",0.4,0.68,"weekday",2,"65 plus","<1km","walking",0.68,0.4,2.8,2.8
"88264/1000",NA,88264,3058,"35-39 years","male",21,10694,"Work",274.485229492188,274.485229492188,"car",0.25,6.07,"weekday",1,"20 to 39","6-10km","car",6.07,0.25,1.75,1.75
"88265/1000",NA,88265,3059,"75-79 years","female",21,10695,"Leisure",87.5259704589844,87.5259704589844,"car",0.0833333333333333,0.69,"weekday",1,"65 plus","<1km","bicycle",0.69,0.0627272727272727,0.583333333333333,0.439090909090909
"88265/1000",NA,88265,3059,"75-79 years","female",21,10696,"Other",87.5259704589844,87.5259704589844,"car",0.0833333333333333,2.05,"weekday",2,"65 plus","3-5km","bicycle",2.05,0.186363636363636,0.583333333333333,1.30454545454545
"88265/1000",NA,88265,3059,"75-79 years","female",21,10697,"Shopping",87.5259704589844,87.5259704589844,"car",0.166666666666667,8.34,"weekday",3,"65 plus","6-10km","car",8.34,0.166666666666667,1.16666666666667,1.16666666666667
"88265/1000",NA,88265,3059,"75-79 years","female",21,10698,"Shopping",87.5259704589844,87.5259704589844,"car",0.166666666666667,5.68,"weekday",4,"65 plus","6-10km","car",5.68,0.166666666666667,1.16666666666667,1.16666666666667
"88268/1000",NA,88268,3060,"45-49 years","female",21,10699,"Shopping",159.034194946289,159.034194946289,"car",0.333333333333333,11.42,"weekday",1,"40 to 64",">10km","car",11.42,0.333333333333333,2.33333333333333,2.33333333333333
"88268/1000",NA,88268,3060,"45-49 years","female",21,10700,"Shopping",159.034194946289,159.034194946289,"car",0.416666666666667,13.44,"weekday",2,"40 to 64",">10km","car",13.44,0.416666666666667,2.91666666666667,2.91666666666667
"88268/1000",NA,88268,3060,"45-49 years","female",21,10701,"Shopping",159.034194946289,159.034194946289,"car",0.166666666666667,4.11,"weekday",3,"40 to 64","3-5km","bicycle",4.11,0.373636363636364,1.16666666666667,2.61545454545455
"88268/1000",NA,88268,3060,"45-49 years","female",21,10702,"Shopping",159.034194946289,159.034194946289,"car",0.25,10.48,"weekday",4,"40 to 64",">10km","car",10.48,0.25,1.75,1.75
"88268/1000",NA,88268,3060,"45-49 years","female",21,10703,"Shopping",159.034194946289,159.034194946289,"car",0.0833333333333333,1.08,"weekday",5,"40 to 64","1-2km","bicycle",1.08,0.0981818181818182,0.583333333333333,0.687272727272727
"88268/1000",NA,88268,3060,"45-49 years","female",21,10704,"Shopping",159.034194946289,159.034194946289,"car",0.166666666666667,1.3,"weekday",6,"40 to 64","1-2km","bicycle",1.3,0.118181818181818,1.16666666666667,0.827272727272727
"88268/1000",NA,88268,3060,"45-49 years","female",21,10705,"Shopping",159.034194946289,159.034194946289,"car",0.333333333333333,10.81,"weekday",7,"40 to 64",">10km","car",10.81,0.333333333333333,2.33333333333333,2.33333333333333
"88268/1001",NA,88268,3061,"60-64 years","male",21,10706,"Shopping",126.624420166016,126.624420166016,"car",0.333333333333333,11.42,"weekday",1,"40 to 64",">10km","car",11.42,0.333333333333333,2.33333333333333,2.33333333333333
"88268/1001",NA,88268,3061,"60-64 years","male",21,10707,"Shopping",126.624420166016,126.624420166016,"car",0.416666666666667,13.44,"weekday",2,"40 to 64",">10km","car",13.44,0.416666666666667,2.91666666666667,2.91666666666667
"88268/1001",NA,88268,3061,"60-64 years","male",21,10708,"Shopping",126.624420166016,126.624420166016,"car",0.166666666666667,4.11,"weekday",3,"40 to 64","3-5km","bicycle",4.11,0.373636363636364,1.16666666666667,2.61545454545455
"88300/1001",NA,88300,3062,"45-49 years","female",21,10709,"Other",122.150421142578,122.150421142578,"car",0.5,17.22,"weekday",1,"40 to 64",">10km","car",17.22,0.5,3.5,3.5
"88300/1001",NA,88300,3062,"45-49 years","female",21,10710,"Work",122.150421142578,122.150421142578,"car",0.5,11.55,"weekday",2,"40 to 64",">10km","car",11.55,0.5,3.5,3.5
"88300/1001",NA,88300,3062,"45-49 years","female",21,10711,"Other",122.150421142578,122.150421142578,"car",0.5,13.58,"weekday",3,"40 to 64",">10km","car",13.58,0.5,3.5,3.5
"88300/1001",NA,88300,3062,"45-49 years","female",21,10712,"Other",122.150421142578,122.150421142578,"car",0.5,20.08,"weekday",4,"40 to 64",">10km","car",20.08,0.5,3.5,3.5
"88300/1004",NA,88300,3063,"55-59 years","male",21,10713,"Work",125.77254486084,125.77254486084,"car",0.666666666666667,25.94,"weekday",1,"40 to 64",">10km","car",25.94,0.666666666666667,4.66666666666667,4.66666666666667
"88300/1004",NA,88300,3063,"55-59 years","male",21,10714,"Work",125.77254486084,125.77254486084,"car",0.833333333333333,25.61,"weekday",2,"40 to 64",">10km","car",25.61,0.833333333333333,5.83333333333333,5.83333333333333
"88300/1005",NA,88300,3064,"15-19 years","female",21,10715,"Education",100.53645324707,100.53645324707,"car",0.5,17.22,"weekday",1,"15 to 19",">10km","car",17.22,0.5,3.5,3.5
"88300/1005",NA,88300,3064,"15-19 years","female",21,10716,"Education",100.53645324707,100.53645324707,"public.transport",0.4,3.51,"weekday",1,"15 to 19","3-5km","public.transport",3.51,0.4,2.8,2.8
"88300/1005",NA,88300,3064,"15-19 years","female",21,10717,"Education",100.53645324707,100.53645324707,"walking",0.05,0.1,"weekday",1,"15 to 19","<1km","walking",0.1,0.05,0.35,0.35
"88300/1005",NA,88300,3064,"15-19 years","female",21,10718,"Education",100.53645324707,100.53645324707,"car",0.5,20.08,"weekday",2,"15 to 19",">10km","car",20.08,0.5,3.5,3.5
"88301/1001",NA,88301,3065,"25-29 years","male",21,10719,"Work",80.8674468994141,80.8674468994141,"car",0.666666666666667,23.35,"weekday",1,"20 to 39",">10km","car",23.35,0.666666666666667,4.66666666666667,4.66666666666667
"88301/1001",NA,88301,3065,"25-29 years","male",21,10720,"Work",80.8674468994141,80.8674468994141,"car",0.666666666666667,23.45,"weekday",2,"20 to 39",">10km","car",23.45,0.666666666666667,4.66666666666667,4.66666666666667
"88302/1000",NA,88302,3066,"30-34 years","male",21,10721,"Work",94.9313201904297,94.9313201904297,"car",0.166666666666667,4.03,"weekday",1,"20 to 39","3-5km","bicycle",4.03,0.366363636363636,1.16666666666667,2.56454545454545
"88302/1000",NA,88302,3066,"30-34 years","male",21,10722,"Work",94.9313201904297,94.9313201904297,"car",0.583333333333333,24.37,"weekday",2,"20 to 39",">10km","car",24.37,0.583333333333333,4.08333333333333,4.08333333333333
"88302/1000",NA,88302,3066,"30-34 years","male",21,10723,"Work",94.9313201904297,94.9313201904297,"car",0.583333333333333,23.55,"weekday",3,"20 to 39",">10km","car",23.55,0.583333333333333,4.08333333333333,4.08333333333333
"88306/1000",NA,88306,3067,"55-59 years","female",21,10724,"Other",145.776504516602,145.776504516602,"car",0.666666666666667,26.71,"weekday",1,"40 to 64",">10km","car",26.71,0.666666666666667,4.66666666666667,4.66666666666667
"88306/1000",NA,88306,3067,"55-59 years","female",21,10725,"Other",145.776504516602,145.776504516602,"car",0.416666666666667,26.83,"weekday",2,"40 to 64",">10km","car",26.83,0.416666666666667,2.91666666666667,2.91666666666667
"88306/1000",NA,88306,3067,"55-59 years","female",21,10726,"Work",145.776504516602,145.776504516602,"car",0.5,13.02,"weekday",3,"40 to 64",">10km","car",13.02,0.5,3.5,3.5
"88306/1000",NA,88306,3067,"55-59 years","female",21,10727,"Work",145.776504516602,145.776504516602,"car",0.5,13.06,"weekday",4,"40 to 64",">10km","car",13.06,0.5,3.5,3.5
"88306/1000",NA,88306,3067,"55-59 years","female",21,10728,"Other",145.776504516602,145.776504516602,"car",0.166666666666667,5.1,"weekday",5,"40 to 64","6-10km","car",5.1,0.166666666666667,1.16666666666667,1.16666666666667
"88306/1000",NA,88306,3067,"55-59 years","female",21,10729,"Other",145.776504516602,145.776504516602,"car",0.25,5.11,"weekday",6,"40 to 64","6-10km","car",5.11,0.25,1.75,1.75
"88306/1000",NA,88306,3067,"55-59 years","female",21,10730,"Work",145.776504516602,145.776504516602,"car",0.5,16.83,"weekday",7,"40 to 64",">10km","car",16.83,0.5,3.5,3.5
"88306/1000",NA,88306,3067,"55-59 years","female",21,10731,"Work",145.776504516602,145.776504516602,"car",0.5,16.86,"weekday",8,"40 to 64",">10km","car",16.86,0.5,3.5,3.5
"88306/1001",NA,88306,3068,"55-59 years","male",21,10732,"Work",132.476211547852,132.476211547852,"car",0.75,30.68,"weekday",1,"40 to 64",">10km","car",30.68,0.75,5.25,5.25
"88306/1001",NA,88306,3068,"55-59 years","male",21,10733,"Work",132.476211547852,132.476211547852,"car",0.75,30.69,"weekday",2,"40 to 64",">10km","car",30.69,0.75,5.25,5.25
"88306/1002",NA,88306,3069,"15-19 years","male",21,10734,"Education",171.336227416992,171.336227416992,"car",0.666666666666667,26.71,"weekday",1,"15 to 19",">10km","car",26.71,0.666666666666667,4.66666666666667,4.66666666666667
"88306/1002",NA,88306,3069,"15-19 years","male",21,10735,"Education",171.336227416992,171.336227416992,"public.transport",0.666666666666667,27.97,"weekday",1,"15 to 19",">10km","public.transport",27.97,0.666666666666667,4.66666666666667,4.66666666666667
"88306/1002",NA,88306,3069,"15-19 years","male",21,10737,"Education",171.336227416992,171.336227416992,"public.transport",0.2,7.81,"weekday",1,"15 to 19","6-10km","public.transport",7.81,0.2,1.4,1.4
"88306/1002",NA,88306,3069,"15-19 years","male",21,10738,"Education",171.336227416992,171.336227416992,"walking",0.166666666666667,0.35,"weekday",1,"15 to 19","<1km","walking",0.35,0.166666666666667,1.16666666666667,1.16666666666667
"88306/1002",NA,88306,3069,"15-19 years","male",21,10739,"Education",171.336227416992,171.336227416992,"walking",0.166666666666667,0.35,"weekday",2,"15 to 19","<1km","walking",0.35,0.166666666666667,1.16666666666667,1.16666666666667
"88306/1002",NA,88306,3069,"15-19 years","male",21,10740,"Education",171.336227416992,171.336227416992,"public.transport",0.5,7.81,"weekday",2,"15 to 19","6-10km","public.transport",7.81,0.5,3.5,3.5
"88306/1002",NA,88306,3069,"15-19 years","male",21,10742,"Education",171.336227416992,171.336227416992,"public.transport",0.666666666666667,94.09,"weekday",2,"15 to 19",">10km","public.transport",94.09,0.666666666666667,4.66666666666667,4.66666666666667
"88306/1002",NA,88306,3069,"15-19 years","male",21,10743,"Education",171.336227416992,171.336227416992,"car",0.25,5.11,"weekday",2,"15 to 19","6-10km","car",5.11,0.25,1.75,1.75
"88308/1001",NA,88308,3070,"40-44 years","female",21,10744,"Work",119.332992553711,119.332992553711,"car",0.583333333333333,14.38,"weekday",1,"40 to 64",">10km","car",14.38,0.583333333333333,4.08333333333333,4.08333333333333
"88308/1001",NA,88308,3070,"40-44 years","female",21,10745,"Work",119.332992553711,119.332992553711,"car",0.583333333333333,14.35,"weekday",2,"40 to 64",">10km","car",14.35,0.583333333333333,4.08333333333333,4.08333333333333
"88309/1000",NA,88309,3071,"40-44 years","female",21,10746,"Work",113.294410705566,113.294410705566,"car",0.666666666666667,21.97,"weekday",1,"40 to 64",">10km","car",21.97,0.666666666666667,4.66666666666667,4.66666666666667
"88309/1000",NA,88309,3071,"40-44 years","female",21,10747,"Work",113.294410705566,113.294410705566,"car",0.583333333333333,21.89,"weekday",2,"40 to 64",">10km","car",21.89,0.583333333333333,4.08333333333333,4.08333333333333
"88309/1000",NA,88309,3071,"40-44 years","female",21,10748,"Other",113.294410705566,113.294410705566,"car",0.166666666666667,2.03,"weekday",3,"40 to 64","3-5km","bicycle",2.03,0.184545454545455,1.16666666666667,1.29181818181818
"88309/1000",NA,88309,3071,"40-44 years","female",21,10749,"Other",113.294410705566,113.294410705566,"car",0.133333333333333,1.97,"weekday",4,"40 to 64","1-2km","bicycle",1.97,0.179090909090909,0.933333333333333,1.25363636363636
"88309/1000",NA,88309,3071,"40-44 years","female",21,10750,"Other",113.294410705566,113.294410705566,"car",0.25,4.52,"weekday",5,"40 to 64","3-5km","bicycle",4.52,0.410909090909091,1.75,2.87636363636364
"88309/1000",NA,88309,3071,"40-44 years","female",21,10751,"Other",113.294410705566,113.294410705566,"car",0.3,4.72,"weekday",6,"40 to 64","3-5km","bicycle",4.72,0.429090909090909,2.1,3.00363636363636
"88309/1001",NA,88309,3072,"35-39 years","male",21,10752,"Other",97.0498886108398,97.0498886108398,"car",0.166666666666667,4.52,"weekday",1,"20 to 39","3-5km","bicycle",4.52,0.410909090909091,1.16666666666667,2.87636363636364
"88309/1001",NA,88309,3072,"35-39 years","male",21,10753,"Work",97.0498886108398,97.0498886108398,"car",0.0833333333333333,1.13,"weekday",2,"20 to 39","1-2km","bicycle",1.13,0.102727272727273,0.583333333333333,0.719090909090909
"88309/1001",NA,88309,3072,"35-39 years","male",21,10754,"Work",97.0498886108398,97.0498886108398,"public.transport",0.766666666666667,20.06,"weekday",2,"20 to 39",">10km","public.transport",20.06,0.766666666666667,5.36666666666667,5.36666666666667
"88309/1001",NA,88309,3072,"35-39 years","male",21,10755,"Work",97.0498886108398,97.0498886108398,"walking",0.166666666666667,0.17,"weekday",2,"20 to 39","<1km","walking",0.17,0.166666666666667,1.16666666666667,1.16666666666667
"88309/1001",NA,88309,3072,"35-39 years","male",21,10756,"Work",97.0498886108398,97.0498886108398,"walking",0.133333333333333,0.17,"weekday",3,"20 to 39","<1km","walking",0.17,0.133333333333333,0.933333333333333,0.933333333333333
"88309/1001",NA,88309,3072,"35-39 years","male",21,10757,"Work",97.0498886108398,97.0498886108398,"public.transport",0.883333333333333,20.52,"weekday",3,"20 to 39",">10km","public.transport",20.52,0.883333333333333,6.18333333333333,6.18333333333333
"88309/1001",NA,88309,3072,"35-39 years","male",21,10758,"Work",97.0498886108398,97.0498886108398,"car",0.2,4.2,"weekday",3,"20 to 39","3-5km","bicycle",4.2,0.381818181818182,1.4,2.67272727272727
"88310/1000",NA,88310,3073,"75-79 years","male",21,10759,"Work",76.3799514770508,76.3799514770508,"car",0.5,19.25,"weekday",1,"65 plus",">10km","car",19.25,0.5,3.5,3.5
"88310/1000",NA,88310,3073,"75-79 years","male",21,10760,"Work",76.3799514770508,76.3799514770508,"car",0.75,19.14,"weekday",2,"65 plus",">10km","car",19.14,0.75,5.25,5.25
"88310/1001",NA,88310,3074,"65-69 years","female",21,10761,"Other",86.0002593994141,86.0002593994141,"car",0.25,4.12,"weekday",1,"65 plus","3-5km","bicycle",4.12,0.374545454545455,1.75,2.62181818181818
"88310/1001",NA,88310,3074,"65-69 years","female",21,10762,"Other",86.0002593994141,86.0002593994141,"car",0.25,4.2,"weekday",2,"65 plus","3-5km","bicycle",4.2,0.381818181818182,1.75,2.67272727272727
"88310/1001",NA,88310,3074,"65-69 years","female",21,10763,"Leisure",86.0002593994141,86.0002593994141,"car",0.333333333333333,4.18,"weekday",3,"65 plus","3-5km","bicycle",4.18,0.38,2.33333333333333,2.66
"88310/1001",NA,88310,3074,"65-69 years","female",21,10764,"Leisure",86.0002593994141,86.0002593994141,"car",0.333333333333333,4.17,"weekday",4,"65 plus","3-5km","bicycle",4.17,0.379090909090909,2.33333333333333,2.65363636363636
"88313/1000",NA,88313,3075,"70-74 years","female",21,10765,"Other",74.8938827514648,74.8938827514648,"car",0.466666666666667,16.63,"weekday",1,"65 plus",">10km","car",16.63,0.466666666666667,3.26666666666667,3.26666666666667
"88313/1000",NA,88313,3075,"70-74 years","female",21,10766,"Shopping",74.8938827514648,74.8938827514648,"car",0.483333333333333,6.25,"weekday",2,"65 plus","6-10km","car",6.25,0.483333333333333,3.38333333333333,3.38333333333333
"88313/1000",NA,88313,3075,"70-74 years","female",21,10767,"Other",74.8938827514648,74.8938827514648,"car",0.4,6.22,"weekday",3,"65 plus","6-10km","car",6.22,0.4,2.8,2.8
"88313/1000",NA,88313,3075,"70-74 years","female",21,10768,"Other",74.8938827514648,74.8938827514648,"car",0.75,16.66,"weekday",4,"65 plus",">10km","car",16.66,0.75,5.25,5.25
"88313/1000",NA,88313,3075,"70-74 years","female",21,10769,"Leisure",74.8938827514648,74.8938827514648,"car",0.4,4.91,"weekday",5,"65 plus","3-5km","bicycle",4.91,0.446363636363636,2.8,3.12454545454545
"88313/1000",NA,88313,3075,"70-74 years","female",21,10770,"Leisure",74.8938827514648,74.8938827514648,"car",0.183333333333333,4.79,"weekday",6,"65 plus","3-5km","bicycle",4.79,0.435454545454545,1.28333333333333,3.04818181818182
"88313/1001",NA,88313,3076,"30-34 years","male",21,10771,"Work",94.9313201904297,94.9313201904297,"car",0.583333333333333,23.11,"weekday",1,"20 to 39",">10km","car",23.11,0.583333333333333,4.08333333333333,4.08333333333333
"88313/1001",NA,88313,3076,"30-34 years","male",21,10772,"Leisure",94.9313201904297,94.9313201904297,"car",0.2,7.68,"weekday",2,"20 to 39","6-10km","car",7.68,0.2,1.4,1.4
"88313/1001",NA,88313,3076,"30-34 years","male",21,10773,"Shopping",94.9313201904297,94.9313201904297,"car",0.716666666666667,25.25,"weekday",3,"20 to 39",">10km","car",25.25,0.716666666666667,5.01666666666667,5.01666666666667
"88313/1001",NA,88313,3076,"30-34 years","male",21,10774,"Shopping",94.9313201904297,94.9313201904297,"car",0.3,3.95,"weekday",4,"20 to 39","3-5km","bicycle",3.95,0.359090909090909,2.1,2.51363636363636
"88318/1000",NA,88318,3077,"35-39 years","female",21,10775,"Shopping",88.6674118041992,88.6674118041992,"walking",0.0833333333333333,0.2,"weekday",1,"20 to 39","<1km","walking",0.2,0.0833333333333333,0.583333333333333,0.583333333333333
"88318/1000",NA,88318,3077,"35-39 years","female",21,10776,"Shopping",88.6674118041992,88.6674118041992,"public.transport",0.05,0.66,"weekday",1,"20 to 39","<1km","public.transport",0.66,0.05,0.35,0.35
"88318/1000",NA,88318,3077,"35-39 years","female",21,10777,"Shopping",88.6674118041992,88.6674118041992,"walking",0.0333333333333333,0.34,"weekday",1,"20 to 39","<1km","walking",0.34,0.0333333333333333,0.233333333333333,0.233333333333333
"88318/1000",NA,88318,3077,"35-39 years","female",21,10778,"Shopping",88.6674118041992,88.6674118041992,"public.transport",0.466666666666667,10.74,"weekday",1,"20 to 39",">10km","public.transport",10.74,0.466666666666667,3.26666666666667,3.26666666666667
"88318/1000",NA,88318,3077,"35-39 years","female",21,10779,"Shopping",88.6674118041992,88.6674118041992,"walking",0.0333333333333333,0.11,"weekday",1,"20 to 39","<1km","walking",0.11,0.0333333333333333,0.233333333333333,0.233333333333333
"88318/1000",NA,88318,3077,"35-39 years","female",21,10780,"Shopping",88.6674118041992,88.6674118041992,"public.transport",0.5,13.3,"weekday",1,"20 to 39",">10km","public.transport",13.3,0.5,3.5,3.5
"88318/1000",NA,88318,3077,"35-39 years","female",21,10781,"Shopping",88.6674118041992,88.6674118041992,"walking",0.05,0.09,"weekday",1,"20 to 39","<1km","walking",0.09,0.05,0.35,0.35
"88318/1000",NA,88318,3077,"35-39 years","female",21,10782,"Shopping",88.6674118041992,88.6674118041992,"car",0.0833333333333333,1.27,"weekday",2,"20 to 39","1-2km","bicycle",1.27,0.115454545454545,0.583333333333333,0.808181818181818
"88319/1000",NA,88319,3078,"55-59 years","male",21,10783,"Work",125.77254486084,125.77254486084,"car",0.25,6.06,"weekday",1,"40 to 64","6-10km","car",6.06,0.25,1.75,1.75
"88319/1000",NA,88319,3078,"55-59 years","male",21,10784,"Work",125.77254486084,125.77254486084,"car",0.333333333333333,6.21,"weekday",2,"40 to 64","6-10km","car",6.21,0.333333333333333,2.33333333333333,2.33333333333333
"88319/1001",NA,88319,3079,"45-49 years","female",21,10785,"Work",122.150421142578,122.150421142578,"car",0.166666666666667,1.2,"weekday",1,"40 to 64","1-2km","bicycle",1.2,0.109090909090909,1.16666666666667,0.763636363636364
"88319/1001",NA,88319,3079,"45-49 years","female",21,10786,"Work",122.150421142578,122.150421142578,"car",0.166666666666667,1.27,"weekday",2,"40 to 64","1-2km","bicycle",1.27,0.115454545454545,1.16666666666667,0.808181818181818
"88319/1002",NA,88319,3080,"15-19 years","male",21,10787,"Education",162.666137695312,162.666137695312,"car",0.166666666666667,1.2,"weekday",1,"15 to 19","1-2km","bicycle",1.2,0.109090909090909,1.16666666666667,0.763636363636364
"88319/1002",NA,88319,3080,"15-19 years","male",21,10788,"Education",162.666137695312,162.666137695312,"car",0.166666666666667,1.27,"weekday",2,"15 to 19","1-2km","bicycle",1.27,0.115454545454545,1.16666666666667,0.808181818181818
"88319/1003",NA,88319,3081,"15-19 years","female",21,10789,"Education",100.53645324707,100.53645324707,"car",0.166666666666667,1.2,"weekday",1,"15 to 19","1-2km","bicycle",1.2,0.109090909090909,1.16666666666667,0.763636363636364
"88319/1003",NA,88319,3081,"15-19 years","female",21,10790,"Education",100.53645324707,100.53645324707,"car",0.166666666666667,1.27,"weekday",2,"15 to 19","1-2km","bicycle",1.27,0.115454545454545,1.16666666666667,0.808181818181818
"88321/1001",NA,88321,3082,"30-34 years","female",21,10791,"Other",106.075881958008,106.075881958008,"car",0.1,6.12,"weekday",1,"20 to 39","6-10km","car",6.12,0.1,0.7,0.7
"88321/1001",NA,88321,3082,"30-34 years","female",21,10792,"Other",106.075881958008,106.075881958008,"car",0.15,6.2,"weekday",2,"20 to 39","6-10km","car",6.2,0.15,1.05,1.05
"88321/1001",NA,88321,3082,"30-34 years","female",21,10793,"Other",106.075881958008,106.075881958008,"car",0.166666666666667,6.12,"weekday",3,"20 to 39","6-10km","car",6.12,0.166666666666667,1.16666666666667,1.16666666666667
"88321/1001",NA,88321,3082,"30-34 years","female",21,10794,"Other",106.075881958008,106.075881958008,"car",0.1,6.2,"weekday",4,"20 to 39","6-10km","car",6.2,0.1,0.7,0.7
"88323/1000",NA,88323,3083,"35-39 years","male",21,10795,"Work",84.3684921264648,84.3684921264648,"car",0.333333333333333,5.55,"weekday",1,"20 to 39","6-10km","car",5.55,0.333333333333333,2.33333333333333,2.33333333333333
"88323/1000",NA,88323,3083,"35-39 years","male",21,10796,"Work",84.3684921264648,84.3684921264648,"car",0.416666666666667,5.6,"weekday",2,"20 to 39","6-10km","car",5.6,0.416666666666667,2.91666666666667,2.91666666666667
"88325/1001",NA,88325,3084,"60-64 years","male",21,10797,"Work",182.489120483398,182.489120483398,"car",0.75,25.89,"weekday",1,"40 to 64",">10km","car",25.89,0.75,5.25,5.25
"88325/1001",NA,88325,3084,"60-64 years","male",21,10798,"Work",182.489120483398,182.489120483398,"car",0.75,25.56,"weekday",2,"40 to 64",">10km","car",25.56,0.75,5.25,5.25
"88325/1002",NA,88325,3085,"25-29 years","female",21,10799,"Work",176.233428955078,176.233428955078,"car",0.166666666666667,4.11,"weekday",1,"20 to 39","3-5km","bicycle",4.11,0.373636363636364,1.16666666666667,2.61545454545455
"88325/1002",NA,88325,3085,"25-29 years","female",21,10800,"Work",176.233428955078,176.233428955078,"car",0.166666666666667,4.19,"weekday",2,"20 to 39","3-5km","bicycle",4.19,0.380909090909091,1.16666666666667,2.66636363636364
"88325/1002",NA,88325,3085,"25-29 years","female",21,10801,"Other",176.233428955078,176.233428955078,"car",0.166666666666667,4.11,"weekday",3,"20 to 39","3-5km","bicycle",4.11,0.373636363636364,1.16666666666667,2.61545454545455
"88325/1002",NA,88325,3085,"25-29 years","female",21,10802,"Other",176.233428955078,176.233428955078,"car",0.166666666666667,4.19,"weekday",4,"20 to 39","3-5km","bicycle",4.19,0.380909090909091,1.16666666666667,2.66636363636364
"88325/1002",NA,88325,3085,"25-29 years","female",21,10803,"Other",176.233428955078,176.233428955078,"car",0.166666666666667,4.11,"weekday",5,"20 to 39","3-5km","bicycle",4.11,0.373636363636364,1.16666666666667,2.61545454545455
"88325/1002",NA,88325,3085,"25-29 years","female",21,10804,"Other",176.233428955078,176.233428955078,"car",0.166666666666667,4.19,"weekday",6,"20 to 39","3-5km","bicycle",4.19,0.380909090909091,1.16666666666667,2.66636363636364
"88325/1003",NA,88325,3086,"25-29 years","male",21,10805,"Work",157.771377563477,157.771377563477,"car",0.166666666666667,4.11,"weekday",1,"20 to 39","3-5km","bicycle",4.11,0.373636363636364,1.16666666666667,2.61545454545455
"88325/1003",NA,88325,3086,"25-29 years","male",21,10806,"Work",157.771377563477,157.771377563477,"car",0.166666666666667,4.19,"weekday",2,"20 to 39","3-5km","bicycle",4.19,0.380909090909091,1.16666666666667,2.66636363636364
"88325/1004",NA,88325,3087,"20-24 years","female",21,10807,"Work",178.773422241211,178.773422241211,"car",0.25,4.11,"weekday",1,"20 to 39","3-5km","bicycle",4.11,0.373636363636364,1.75,2.61545454545455
"88325/1004",NA,88325,3087,"20-24 years","female",21,10808,"Work",178.773422241211,178.773422241211,"car",0.25,4.19,"weekday",2,"20 to 39","3-5km","bicycle",4.19,0.380909090909091,1.75,2.66636363636364
"88326/1001",NA,88326,3088,"60-64 years","male",21,10809,"Work",93.5367965698242,93.5367965698242,"car",0.416666666666667,29.01,"weekday",1,"40 to 64",">10km","car",29.01,0.416666666666667,2.91666666666667,2.91666666666667
"88326/1001",NA,88326,3088,"60-64 years","male",21,10810,"Work",93.5367965698242,93.5367965698242,"car",0.583333333333333,29.05,"weekday",2,"40 to 64",">10km","car",29.05,0.583333333333333,4.08333333333333,4.08333333333333
"88327/1000",NA,88327,3089,"80-84 years","male",21,10811,"Shopping",141.546569824219,141.546569824219,"car",0.0833333333333333,1.02,"weekday",1,"65 plus","1-2km","bicycle",1.02,0.0927272727272727,0.583333333333333,0.649090909090909
"88327/1000",NA,88327,3089,"80-84 years","male",21,10812,"Shopping",141.546569824219,141.546569824219,"car",0.0833333333333333,1.02,"weekday",2,"65 plus","1-2km","bicycle",1.02,0.0927272727272727,0.583333333333333,0.649090909090909
"88329/1000",NA,88329,3090,"25-29 years","male",21,10813,"Work",80.8674468994141,80.8674468994141,"car",0.333333333333333,13.23,"weekday",1,"20 to 39",">10km","car",13.23,0.333333333333333,2.33333333333333,2.33333333333333
"88329/1000",NA,88329,3090,"25-29 years","male",21,10814,"Work",80.8674468994141,80.8674468994141,"car",0.333333333333333,13.27,"weekday",2,"20 to 39",">10km","car",13.27,0.333333333333333,2.33333333333333,2.33333333333333
"88420/1000",NA,88420,3091,"60-64 years","male",21,10815,"Other",143.074340820312,143.074340820312,"car",1.25,28.38,"weekday",1,"40 to 64",">10km","car",28.38,1.25,8.75,8.75
"88420/1000",NA,88420,3091,"60-64 years","male",21,10816,"Work",143.074340820312,143.074340820312,"car",0.25,1.81,"weekday",2,"40 to 64","1-2km","bicycle",1.81,0.164545454545455,1.75,1.15181818181818
"88420/1000",NA,88420,3091,"60-64 years","male",21,10817,"Shopping",143.074340820312,143.074340820312,"car",0.833333333333333,30.82,"weekday",3,"40 to 64",">10km","car",30.82,0.833333333333333,5.83333333333333,5.83333333333333
"88420/1000",NA,88420,3091,"60-64 years","male",21,10818,"Shopping",143.074340820312,143.074340820312,"car",0.25,3.87,"weekday",4,"40 to 64","3-5km","bicycle",3.87,0.351818181818182,1.75,2.46272727272727
"88420/1000",NA,88420,3091,"60-64 years","male",21,10819,"Other",143.074340820312,143.074340820312,"car",0.166666666666667,4.97,"weekday",5,"40 to 64","3-5km","bicycle",4.97,0.451818181818182,1.16666666666667,3.16272727272727
"88420/1000",NA,88420,3091,"60-64 years","male",21,10820,"Shopping",143.074340820312,143.074340820312,"car",0.333333333333333,3.83,"weekday",6,"40 to 64","3-5km","bicycle",3.83,0.348181818181818,2.33333333333333,2.43727272727273
"88420/1000",NA,88420,3091,"60-64 years","male",21,10821,"Shopping",143.074340820312,143.074340820312,"car",0.25,4.85,"weekday",7,"40 to 64","3-5km","bicycle",4.85,0.440909090909091,1.75,3.08636363636364
"88420/1001",NA,88420,3092,"45-49 years","female",21,10822,"Other",184.702865600586,184.702865600586,"car",1.25,28.38,"weekday",1,"40 to 64",">10km","car",28.38,1.25,8.75,8.75
"88420/1001",NA,88420,3092,"45-49 years","female",21,10823,"Shopping",184.702865600586,184.702865600586,"walking",0.25,0.3,"weekday",2,"40 to 64","<1km","walking",0.3,0.25,1.75,1.75
"88420/1001",NA,88420,3092,"45-49 years","female",21,10824,"Shopping",184.702865600586,184.702865600586,"public.transport",0.166666666666667,1.37,"weekday",2,"40 to 64","1-2km","public.transport",1.37,0.166666666666667,1.16666666666667,1.16666666666667
"88420/1001",NA,88420,3092,"45-49 years","female",21,10825,"Shopping",184.702865600586,184.702865600586,"walking",0.0833333333333333,0.15,"weekday",2,"40 to 64","<1km","walking",0.15,0.0833333333333333,0.583333333333333,0.583333333333333
"88420/1001",NA,88420,3092,"45-49 years","female",21,10826,"Shopping",184.702865600586,184.702865600586,"public.transport",0.85,33.39,"weekday",2,"40 to 64",">10km","public.transport",33.39,0.85,5.95,5.95
"88420/1001",NA,88420,3092,"45-49 years","female",21,10827,"Shopping",184.702865600586,184.702865600586,"car",0.333333333333333,3.83,"weekday",2,"40 to 64","3-5km","bicycle",3.83,0.348181818181818,2.33333333333333,2.43727272727273
"88420/1001",NA,88420,3092,"45-49 years","female",21,10828,"Shopping",184.702865600586,184.702865600586,"car",0.25,4.85,"weekday",3,"40 to 64","3-5km","bicycle",4.85,0.440909090909091,1.75,3.08636363636364
"88421/1000",NA,88421,3093,"60-64 years","male",21,10829,"Work",143.074340820312,143.074340820312,"car",0.75,33.69,"weekday",1,"40 to 64",">10km","car",33.69,0.75,5.25,5.25
"88421/1000",NA,88421,3093,"60-64 years","male",21,10830,"Work",143.074340820312,143.074340820312,"other",1.5,950.72,"weekday",2,"40 to 64",">10km","other",950.72,1.5,10.5,10.5
"88421/1000",NA,88421,3093,"60-64 years","male",21,10831,"Work",143.074340820312,143.074340820312,"car",0.0833333333333333,6.02,"weekday",3,"40 to 64","6-10km","car",6.02,0.0833333333333333,0.583333333333333,0.583333333333333
"88421/1000",NA,88421,3093,"60-64 years","male",21,10832,"Work",143.074340820312,143.074340820312,"car",2.25,165.83,"weekday",4,"40 to 64",">10km","car",165.83,2.25,15.75,15.75
"88421/1001",NA,88421,3094,"60-64 years","female",21,10833,"Work",156.893493652344,156.893493652344,"car",0.25,3.63,"weekday",1,"40 to 64","3-5km","bicycle",3.63,0.33,1.75,2.31
"88421/1001",NA,88421,3094,"60-64 years","female",21,10834,"Work",156.893493652344,156.893493652344,"car",0.416666666666667,3.47,"weekday",2,"40 to 64","3-5km","bicycle",3.47,0.315454545454545,2.91666666666667,2.20818181818182
"88425/1000",NA,88425,3095,"45-49 years","female",21,10835,"Work",184.702865600586,184.702865600586,"car",0.416666666666667,12.42,"weekday",1,"40 to 64",">10km","car",12.42,0.416666666666667,2.91666666666667,2.91666666666667
"88425/1000",NA,88425,3095,"45-49 years","female",21,10836,"Work",184.702865600586,184.702865600586,"car",0.5,12.56,"weekday",2,"40 to 64",">10km","car",12.56,0.5,3.5,3.5
"88425/1001",NA,88425,3096,"50-54 years","male",21,10837,"Work",184.872970581055,184.872970581055,"car",0.166666666666667,2.92,"weekday",1,"40 to 64","3-5km","bicycle",2.92,0.265454545454545,1.16666666666667,1.85818181818182
"88425/1001",NA,88425,3096,"50-54 years","male",21,10838,"Work",184.872970581055,184.872970581055,"car",0.2,2.98,"weekday",2,"40 to 64","3-5km","bicycle",2.98,0.270909090909091,1.4,1.89636363636364
"88426/1000",NA,88426,3097,"45-49 years","male",21,10839,"Other",189.435119628906,189.435119628906,"car",0.0833333333333333,4.48,"weekday",1,"40 to 64","3-5km","bicycle",4.48,0.407272727272727,0.583333333333333,2.85090909090909
"88426/1000",NA,88426,3097,"45-49 years","male",21,10840,"Other",189.435119628906,189.435119628906,"car",0.0833333333333333,4.61,"weekday",2,"40 to 64","3-5km","bicycle",4.61,0.419090909090909,0.583333333333333,2.93363636363636
"88426/1001",NA,88426,3098,"40-44 years","female",21,10841,"Work",211.447692871094,211.447692871094,"car",0.133333333333333,3.35,"weekday",1,"40 to 64","3-5km","bicycle",3.35,0.304545454545455,0.933333333333333,2.13181818181818
"88426/1001",NA,88426,3098,"40-44 years","female",21,10842,"Work",211.447692871094,211.447692871094,"car",0.15,3.41,"weekday",2,"40 to 64","3-5km","bicycle",3.41,0.31,1.05,2.17
"88428/1000",NA,88428,3099,"30-34 years","male",21,10843,"Work",365.13720703125,365.13720703125,"car",0.333333333333333,4.01,"weekday",1,"20 to 39","3-5km","bicycle",4.01,0.364545454545455,2.33333333333333,2.55181818181818
"88428/1000",NA,88428,3099,"30-34 years","male",21,10844,"Work",365.13720703125,365.13720703125,"car",0.583333333333333,28.61,"weekday",2,"20 to 39",">10km","car",28.61,0.583333333333333,4.08333333333333,4.08333333333333
"88428/1000",NA,88428,3099,"30-34 years","male",21,10845,"Work",365.13720703125,365.13720703125,"car",1,26.18,"weekday",3,"20 to 39",">10km","car",26.18,1,7,7
"88430/1000",NA,88430,3100,"55-59 years","female",21,10846,"Leisure",285.437072753906,285.437072753906,"car",0.416666666666667,18.53,"weekday",1,"40 to 64",">10km","car",18.53,0.416666666666667,2.91666666666667,2.91666666666667
"88430/1000",NA,88430,3100,"55-59 years","female",21,10847,"Leisure",285.437072753906,285.437072753906,"car",0.416666666666667,19.05,"weekday",2,"40 to 64",">10km","car",19.05,0.416666666666667,2.91666666666667,2.91666666666667
"88430/1001",NA,88430,3101,"60-64 years","male",21,10848,"Work",227.791702270508,227.791702270508,"car",0.333333333333333,18.53,"weekday",1,"40 to 64",">10km","car",18.53,0.333333333333333,2.33333333333333,2.33333333333333
"88430/1001",NA,88430,3101,"60-64 years","male",21,10849,"Work",227.791702270508,227.791702270508,"car",0.666666666666667,19.05,"weekday",2,"40 to 64",">10km","car",19.05,0.666666666666667,4.66666666666667,4.66666666666667
"88430/1002",NA,88430,3102,"25-29 years","male",21,10850,"Work",704.755065917969,704.755065917969,"car",0.5,36.95,"weekday",1,"20 to 39",">10km","car",36.95,0.5,3.5,3.5
"88430/1002",NA,88430,3102,"25-29 years","male",21,10851,"Work",704.755065917969,704.755065917969,"car",0.416666666666667,37.56,"weekday",2,"20 to 39",">10km","car",37.56,0.416666666666667,2.91666666666667,2.91666666666667
"88431/1000",NA,88431,3103,"40-44 years","female",21,10852,"Other",336.650360107422,336.650360107422,"car",0.166666666666667,3.77,"weekday",1,"40 to 64","3-5km","bicycle",3.77,0.342727272727273,1.16666666666667,2.39909090909091
"88431/1000",NA,88431,3103,"40-44 years","female",21,10853,"Other",336.650360107422,336.650360107422,"car",0.0833333333333333,3.78,"weekday",2,"40 to 64","3-5km","bicycle",3.78,0.343636363636364,0.583333333333333,2.40545454545455
"88431/1000",NA,88431,3103,"40-44 years","female",21,10854,"Other",336.650360107422,336.650360107422,"car",0.166666666666667,3.77,"weekday",3,"40 to 64","3-5km","bicycle",3.77,0.342727272727273,1.16666666666667,2.39909090909091
"88431/1000",NA,88431,3103,"40-44 years","female",21,10855,"Other",336.650360107422,336.650360107422,"car",0.216666666666667,3.78,"weekday",4,"40 to 64","3-5km","bicycle",3.78,0.343636363636364,1.51666666666667,2.40545454545455
"88431/1001",NA,88431,3104,"45-49 years","male",21,10856,"Work",301.603668212891,301.603668212891,"car",0.25,4.04,"weekday",1,"40 to 64","3-5km","bicycle",4.04,0.367272727272727,1.75,2.57090909090909
"88431/1001",NA,88431,3104,"45-49 years","male",21,10857,"Work",301.603668212891,301.603668212891,"car",0.333333333333333,3.89,"weekday",2,"40 to 64","3-5km","bicycle",3.89,0.353636363636364,2.33333333333333,2.47545454545455
"88433/1000",NA,88433,3105,"85-89 years","male",21,10858,"Shopping",244.913619995117,244.913619995117,"car",1,70.9,"weekday",1,"65 plus",">10km","car",70.9,1,7,7
"88433/1000",NA,88433,3105,"85-89 years","male",21,10860,"Shopping",244.913619995117,244.913619995117,"walking",0.5,0.02,"weekday",3,"65 plus","<1km","walking",0.02,0.5,3.5,3.5
"88433/1000",NA,88433,3105,"85-89 years","male",21,10861,"Shopping",244.913619995117,244.913619995117,"walking",0.0833333333333333,0.5,"weekday",4,"65 plus","<1km","walking",0.5,0.0833333333333333,0.583333333333333,0.583333333333333
"88433/1000",NA,88433,3105,"85-89 years","male",21,10862,"Shopping",244.913619995117,244.913619995117,"car",1.16666666666667,70.62,"weekday",4,"65 plus",">10km","car",70.62,1.16666666666667,8.16666666666667,8.16666666666667
"88433/1001",NA,88433,3106,"80-84 years","female",21,10863,"Shopping",190.173706054688,190.173706054688,"car",1,70.9,"weekday",1,"65 plus",">10km","car",70.9,1,7,7
"88433/1001",NA,88433,3106,"80-84 years","female",21,10865,"Shopping",190.173706054688,190.173706054688,"walking",0.5,0.02,"weekday",3,"65 plus","<1km","walking",0.02,0.5,3.5,3.5
"88433/1001",NA,88433,3106,"80-84 years","female",21,10866,"Other",190.173706054688,190.173706054688,"walking",0.0833333333333333,0.5,"weekday",4,"65 plus","<1km","walking",0.5,0.0833333333333333,0.583333333333333,0.583333333333333
"88433/1001",NA,88433,3106,"80-84 years","female",21,10867,"Other",190.173706054688,190.173706054688,"car",1.16666666666667,70.62,"weekday",5,"65 plus",">10km","car",70.62,1.16666666666667,8.16666666666667,8.16666666666667
"88435/1000",NA,88435,3107,"75-79 years","male",21,10868,"Other",146.185394287109,146.185394287109,"walking",0.05,0.07,"weekday",1,"65 plus","<1km","walking",0.07,0.05,0.35,0.35
"88435/1000",NA,88435,3107,"75-79 years","male",21,10869,"Other",146.185394287109,146.185394287109,"walking",0.05,0.07,"weekday",2,"65 plus","<1km","walking",0.07,0.05,0.35,0.35
"88435/1000",NA,88435,3107,"75-79 years","male",21,10870,"Shopping",146.185394287109,146.185394287109,"car",0.166666666666667,4.34,"weekday",3,"65 plus","3-5km","bicycle",4.34,0.394545454545455,1.16666666666667,2.76181818181818
"88435/1000",NA,88435,3107,"75-79 years","male",21,10871,"Shopping",146.185394287109,146.185394287109,"car",0.166666666666667,4.52,"weekday",4,"65 plus","3-5km","bicycle",4.52,0.410909090909091,1.16666666666667,2.87636363636364
"88435/1001",NA,88435,3108,"75-79 years","female",21,10872,"Shopping",181.604446411133,181.604446411133,"car",0.166666666666667,4.34,"weekday",1,"65 plus","3-5km","bicycle",4.34,0.394545454545455,1.16666666666667,2.76181818181818
"88435/1001",NA,88435,3108,"75-79 years","female",21,10873,"Shopping",181.604446411133,181.604446411133,"car",0.166666666666667,4.52,"weekday",2,"65 plus","3-5km","bicycle",4.52,0.410909090909091,1.16666666666667,2.87636363636364
"88441/1000",NA,88441,3109,"40-44 years","female",21,10874,"Other",336.650360107422,336.650360107422,"car",0.283333333333333,12.01,"weekday",1,"40 to 64",">10km","car",12.01,0.283333333333333,1.98333333333333,1.98333333333333
"88441/1000",NA,88441,3109,"40-44 years","female",21,10875,"Other",336.650360107422,336.650360107422,"car",0.266666666666667,11.8,"weekday",2,"40 to 64",">10km","car",11.8,0.266666666666667,1.86666666666667,1.86666666666667
"88441/1000",NA,88441,3109,"40-44 years","female",21,10876,"Other",336.650360107422,336.650360107422,"car",0.333333333333333,4.88,"weekday",3,"40 to 64","3-5km","bicycle",4.88,0.443636363636364,2.33333333333333,3.10545454545455
"88441/1000",NA,88441,3109,"40-44 years","female",21,10877,"Other",336.650360107422,336.650360107422,"car",0.2,5.1,"weekday",4,"40 to 64","6-10km","car",5.1,0.2,1.4,1.4
"88441/1000",NA,88441,3109,"40-44 years","female",21,10878,"Other",336.650360107422,336.650360107422,"car",0.25,4.88,"weekday",5,"40 to 64","3-5km","bicycle",4.88,0.443636363636364,1.75,3.10545454545455
"88441/1000",NA,88441,3109,"40-44 years","female",21,10879,"Other",336.650360107422,336.650360107422,"car",0.333333333333333,14.78,"weekday",6,"40 to 64",">10km","car",14.78,0.333333333333333,2.33333333333333,2.33333333333333
"88441/1000",NA,88441,3109,"40-44 years","female",21,10880,"Other",336.650360107422,336.650360107422,"car",0.166666666666667,11.8,"weekday",7,"40 to 64",">10km","car",11.8,0.166666666666667,1.16666666666667,1.16666666666667
"88441/1001",NA,88441,3110,"45-49 years","male",21,10881,"Work",301.603668212891,301.603668212891,"car",0.283333333333333,12.01,"weekday",1,"40 to 64",">10km","car",12.01,0.283333333333333,1.98333333333333,1.98333333333333
"88441/1001",NA,88441,3110,"45-49 years","male",21,10882,"Work",301.603668212891,301.603668212891,"car",0.166666666666667,11.8,"weekday",2,"40 to 64",">10km","car",11.8,0.166666666666667,1.16666666666667,1.16666666666667
"88443/1000",NA,88443,3111,"45-49 years","male",21,10883,"Other",412.569610595703,412.569610595703,"car",0.75,21.78,"weekday",1,"40 to 64",">10km","car",21.78,0.75,5.25,5.25
"88443/1000",NA,88443,3111,"45-49 years","male",21,10884,"Other",412.569610595703,412.569610595703,"car",0.5,22.35,"weekday",2,"40 to 64",">10km","car",22.35,0.5,3.5,3.5
"88443/1000",NA,88443,3111,"45-49 years","male",21,10885,"Shopping",412.569610595703,412.569610595703,"car",0.166666666666667,4.87,"weekday",3,"40 to 64","3-5km","bicycle",4.87,0.442727272727273,1.16666666666667,3.09909090909091
"88443/1000",NA,88443,3111,"45-49 years","male",21,10886,"Shopping",412.569610595703,412.569610595703,"car",0.166666666666667,4.78,"weekday",4,"40 to 64","3-5km","bicycle",4.78,0.434545454545455,1.16666666666667,3.04181818181818
"88443/1001",NA,88443,3112,"45-49 years","female",21,10888,"Work",402.263244628906,402.263244628906,"car",0.5,14.1,"weekday",1,"40 to 64",">10km","car",14.1,0.5,3.5,3.5
"88443/1001",NA,88443,3112,"45-49 years","female",21,10889,"Other",402.263244628906,402.263244628906,"car",0.5,11.05,"weekday",2,"40 to 64",">10km","car",11.05,0.5,3.5,3.5
"88443/1001",NA,88443,3112,"45-49 years","female",21,10890,"Other",402.263244628906,402.263244628906,"car",0.166666666666667,4.13,"weekday",3,"40 to 64","3-5km","bicycle",4.13,0.375454545454545,1.16666666666667,2.62818181818182
"88443/1001",NA,88443,3112,"45-49 years","female",21,10891,"Other",402.263244628906,402.263244628906,"car",0.166666666666667,4.07,"weekday",4,"40 to 64","3-5km","bicycle",4.07,0.37,1.16666666666667,2.59
"88443/1001",NA,88443,3112,"45-49 years","female",21,10892,"Other",402.263244628906,402.263244628906,"car",0.166666666666667,4.13,"weekday",5,"40 to 64","3-5km","bicycle",4.13,0.375454545454545,1.16666666666667,2.62818181818182
"88443/1002",NA,88443,3113,"15-19 years","male",21,10893,"Education",333.733825683594,333.733825683594,"car",0.5,14.1,"weekday",1,"15 to 19",">10km","car",14.1,0.5,3.5,3.5
"88443/1002",NA,88443,3113,"15-19 years","male",21,10894,"Other",333.733825683594,333.733825683594,"car",0.5,11.05,"weekday",2,"15 to 19",">10km","car",11.05,0.5,3.5,3.5
"88443/1002",NA,88443,3113,"15-19 years","male",21,10895,"Other",333.733825683594,333.733825683594,"car",0.166666666666667,4.13,"weekday",3,"15 to 19","3-5km","bicycle",4.13,0.375454545454545,1.16666666666667,2.62818181818182
"88443/1003",NA,88443,3114,"15-19 years","female",21,10896,"Education",424.069610595703,424.069610595703,"car",0.5,14.1,"weekday",1,"15 to 19",">10km","car",14.1,0.5,3.5,3.5
"88443/1003",NA,88443,3114,"15-19 years","female",21,10897,"Leisure",424.069610595703,424.069610595703,"car",0.5,11.05,"weekday",2,"15 to 19",">10km","car",11.05,0.5,3.5,3.5
"88443/1003",NA,88443,3114,"15-19 years","female",21,10898,"Leisure",424.069610595703,424.069610595703,"car",0.166666666666667,4.13,"weekday",3,"15 to 19","3-5km","bicycle",4.13,0.375454545454545,1.16666666666667,2.62818181818182
"88445/1000",NA,88445,3115,"50-54 years","male",21,10899,"Other",294.340179443359,294.340179443359,"car",0.25,5.3,"weekday",1,"40 to 64","6-10km","car",5.3,0.25,1.75,1.75
"88445/1000",NA,88445,3115,"50-54 years","male",21,10900,"Shopping",294.340179443359,294.340179443359,"car",0.0833333333333333,1.31,"weekday",2,"40 to 64","1-2km","bicycle",1.31,0.119090909090909,0.583333333333333,0.833636363636364
"88445/1000",NA,88445,3115,"50-54 years","male",21,10901,"Shopping",294.340179443359,294.340179443359,"car",0.216666666666667,4.58,"weekday",3,"40 to 64","3-5km","bicycle",4.58,0.416363636363636,1.51666666666667,2.91454545454545
"88445/1000",NA,88445,3115,"50-54 years","male",21,10902,"Other",294.340179443359,294.340179443359,"car",0.333333333333333,5.3,"weekday",4,"40 to 64","6-10km","car",5.3,0.333333333333333,2.33333333333333,2.33333333333333
"88445/1000",NA,88445,3115,"50-54 years","male",21,10903,"Other",294.340179443359,294.340179443359,"car",0.366666666666667,4.86,"weekday",5,"40 to 64","3-5km","bicycle",4.86,0.441818181818182,2.56666666666667,3.09272727272727
"88445/1001",NA,88445,3116,"45-49 years","female",21,10905,"Work",294.0693359375,294.0693359375,"car",0.25,10.48,"weekday",1,"40 to 64",">10km","car",10.48,0.25,1.75,1.75
"88445/1001",NA,88445,3116,"45-49 years","female",21,10906,"Work",294.0693359375,294.0693359375,"walking",0.133333333333333,0.62,"weekday",2,"40 to 64","<1km","walking",0.62,0.133333333333333,0.933333333333333,0.933333333333333
"88445/1001",NA,88445,3116,"45-49 years","female",21,10907,"Work",294.0693359375,294.0693359375,"public.transport",0.916666666666667,37.21,"weekday",2,"40 to 64",">10km","public.transport",37.21,0.916666666666667,6.41666666666667,6.41666666666667
"88445/1001",NA,88445,3116,"45-49 years","female",21,10908,"Work",294.0693359375,294.0693359375,"walking",0.166666666666667,0.35,"weekday",2,"40 to 64","<1km","walking",0.35,0.166666666666667,1.16666666666667,1.16666666666667
"88445/1001",NA,88445,3116,"45-49 years","female",21,10909,"Work",294.0693359375,294.0693359375,"walking",0.166666666666667,0.35,"weekday",3,"40 to 64","<1km","walking",0.35,0.166666666666667,1.16666666666667,1.16666666666667
"88445/1001",NA,88445,3116,"45-49 years","female",21,10910,"Work",294.0693359375,294.0693359375,"public.transport",0.833333333333333,37.21,"weekday",3,"40 to 64",">10km","public.transport",37.21,0.833333333333333,5.83333333333333,5.83333333333333
"88445/1001",NA,88445,3116,"45-49 years","female",21,10911,"Work",294.0693359375,294.0693359375,"walking",0.133333333333333,0.62,"weekday",3,"40 to 64","<1km","walking",0.62,0.133333333333333,0.933333333333333,0.933333333333333
"88445/1001",NA,88445,3116,"45-49 years","female",21,10912,"Work",294.0693359375,294.0693359375,"car",0.25,10.59,"weekday",3,"40 to 64",">10km","car",10.59,0.25,1.75,1.75
"88448/1000",NA,88448,3117,"65-69 years","male",21,10913,"Work",193.443954467773,193.443954467773,"car",0.366666666666667,14.46,"weekday",1,"65 plus",">10km","car",14.46,0.366666666666667,2.56666666666667,2.56666666666667
"88448/1000",NA,88448,3117,"65-69 years","male",21,10914,"Work",193.443954467773,193.443954467773,"car",0.466666666666667,14.57,"weekday",2,"65 plus",">10km","car",14.57,0.466666666666667,3.26666666666667,3.26666666666667
"88449/1000",NA,88449,3118,"55-59 years","female",21,10915,"Leisure",179.280990600586,179.280990600586,"car",0.0833333333333333,2.64,"weekday",1,"40 to 64","3-5km","bicycle",2.64,0.24,0.583333333333333,1.68
"88449/1000",NA,88449,3118,"55-59 years","female",21,10916,"Leisure",179.280990600586,179.280990600586,"car",0.0833333333333333,2.65,"weekday",2,"40 to 64","3-5km","bicycle",2.65,0.240909090909091,0.583333333333333,1.68636363636364
"88449/1001",NA,88449,3119,"35-39 years","male",21,10917,"Leisure",159.366409301758,159.366409301758,"car",0.0833333333333333,2.64,"weekday",1,"20 to 39","3-5km","bicycle",2.64,0.24,0.583333333333333,1.68
"88449/1001",NA,88449,3119,"35-39 years","male",21,10918,"Leisure",159.366409301758,159.366409301758,"car",0.0833333333333333,2.65,"weekday",2,"20 to 39","3-5km","bicycle",2.65,0.240909090909091,0.583333333333333,1.68636363636364
"88450/1000",NA,88450,3120,"70-74 years","female",21,10919,"Leisure",444.963592529297,444.963592529297,"walking",0.0333333333333333,0.45,"weekday",1,"65 plus","<1km","walking",0.45,0.0333333333333333,0.233333333333333,0.233333333333333
"88450/1000",NA,88450,3120,"70-74 years","female",21,10920,"Leisure",444.963592529297,444.963592529297,"walking",0.0333333333333333,0.45,"weekday",2,"65 plus","<1km","walking",0.45,0.0333333333333333,0.233333333333333,0.233333333333333
"88455/1001",NA,88455,3121,"25-29 years","male",21,10921,"Other",1189.41027832031,1189.41027832031,"car",0.166666666666667,1.77,"weekday",1,"20 to 39","1-2km","bicycle",1.77,0.160909090909091,1.16666666666667,1.12636363636364
"88455/1001",NA,88455,3121,"25-29 years","male",21,10922,"Shopping",1189.41027832031,1189.41027832031,"car",0.166666666666667,2.66,"weekday",2,"20 to 39","3-5km","bicycle",2.66,0.241818181818182,1.16666666666667,1.69272727272727
"88455/1001",NA,88455,3121,"25-29 years","male",21,10923,"Shopping",1189.41027832031,1189.41027832031,"car",0.166666666666667,1.54,"weekday",3,"20 to 39","1-2km","bicycle",1.54,0.14,1.16666666666667,0.98
"88455/1001",NA,88455,3121,"25-29 years","male",21,10924,"Other",1189.41027832031,1189.41027832031,"car",0.166666666666667,1.77,"weekday",4,"20 to 39","1-2km","bicycle",1.77,0.160909090909091,1.16666666666667,1.12636363636364
"88455/1001",NA,88455,3121,"25-29 years","male",21,10925,"Other",1189.41027832031,1189.41027832031,"car",0.166666666666667,1.77,"weekday",5,"20 to 39","1-2km","bicycle",1.77,0.160909090909091,1.16666666666667,1.12636363636364
"88456/1000",NA,88456,3122,"65-69 years","male",21,10926,"Work",351.451293945312,351.451293945312,"car",0.25,4.91,"weekday",1,"65 plus","3-5km","bicycle",4.91,0.446363636363636,1.75,3.12454545454545
"88456/1000",NA,88456,3122,"65-69 years","male",21,10927,"Work",351.451293945312,351.451293945312,"car",0.25,5.18,"weekday",2,"65 plus","6-10km","car",5.18,0.25,1.75,1.75
"88457/1000",NA,88457,3123,"75-79 years","male",21,10928,"Shopping",319.961029052734,319.961029052734,"walking",0.0833333333333333,0.7,"weekday",1,"65 plus","<1km","walking",0.7,0.0833333333333333,0.583333333333333,0.583333333333333
"88457/1000",NA,88457,3123,"75-79 years","male",21,10929,"Shopping",319.961029052734,319.961029052734,"public.transport",0.166666666666667,2.29,"weekday",1,"65 plus","3-5km","public.transport",2.29,0.166666666666667,1.16666666666667,1.16666666666667
"88457/1000",NA,88457,3123,"75-79 years","male",21,10930,"Shopping",319.961029052734,319.961029052734,"walking",0.05,0.18,"weekday",1,"65 plus","<1km","walking",0.18,0.05,0.35,0.35
"88457/1000",NA,88457,3123,"75-79 years","male",21,10931,"Shopping",319.961029052734,319.961029052734,"walking",0.05,0.18,"weekday",2,"65 plus","<1km","walking",0.18,0.05,0.35,0.35
"88457/1000",NA,88457,3123,"75-79 years","male",21,10932,"Shopping",319.961029052734,319.961029052734,"public.transport",0.166666666666667,2.29,"weekday",2,"65 plus","3-5km","public.transport",2.29,0.166666666666667,1.16666666666667,1.16666666666667
"88457/1000",NA,88457,3123,"75-79 years","male",21,10933,"Shopping",319.961029052734,319.961029052734,"walking",0.0833333333333333,0.68,"weekday",2,"65 plus","<1km","walking",0.68,0.0833333333333333,0.583333333333333,0.583333333333333
"88458/1000",NA,88458,3124,"30-34 years","male",21,10934,"Shopping",825.542541503906,825.542541503906,"car",0.166666666666667,1.65,"weekday",1,"20 to 39","1-2km","bicycle",1.65,0.15,1.16666666666667,1.05
"88458/1000",NA,88458,3124,"30-34 years","male",21,10935,"Shopping",825.542541503906,825.542541503906,"car",0.166666666666667,1.68,"weekday",2,"20 to 39","1-2km","bicycle",1.68,0.152727272727273,1.16666666666667,1.06909090909091
"88459/1000",NA,88459,3125,"40-44 years","male",21,10936,"Work",513.975341796875,513.975341796875,"car",0.25,6.01,"weekday",1,"40 to 64","6-10km","car",6.01,0.25,1.75,1.75
"88459/1000",NA,88459,3125,"40-44 years","male",21,10937,"Work",513.975341796875,513.975341796875,"car",0.25,6.06,"weekday",2,"40 to 64","6-10km","car",6.06,0.25,1.75,1.75
"88459/1001",NA,88459,3126,"35-39 years","female",21,10938,"Work",522.818908691406,522.818908691406,"car",0.416666666666667,7.59,"weekday",1,"20 to 39","6-10km","car",7.59,0.416666666666667,2.91666666666667,2.91666666666667
"88459/1001",NA,88459,3126,"35-39 years","female",21,10939,"Work",522.818908691406,522.818908691406,"car",0.5,7.53,"weekday",2,"20 to 39","6-10km","car",7.53,0.5,3.5,3.5
"88460/1000",NA,88460,3127,"25-29 years","male",21,10940,"Work",980.261657714844,980.261657714844,"car",0.25,6.75,"weekday",1,"20 to 39","6-10km","car",6.75,0.25,1.75,1.75
"88460/1000",NA,88460,3127,"25-29 years","male",21,10941,"Leisure",980.261657714844,980.261657714844,"car",0.25,7.87,"weekday",2,"20 to 39","6-10km","car",7.87,0.25,1.75,1.75
"88460/1000",NA,88460,3127,"25-29 years","male",21,10942,"Leisure",980.261657714844,980.261657714844,"car",0.166666666666667,1.7,"weekday",3,"20 to 39","1-2km","bicycle",1.7,0.154545454545455,1.16666666666667,1.08181818181818
"88460/1001",NA,88460,3128,"30-34 years","male",21,10943,"Work",825.542541503906,825.542541503906,"car",0.333333333333333,4.9,"weekday",1,"20 to 39","3-5km","bicycle",4.9,0.445454545454545,2.33333333333333,3.11818181818182
"88460/1001",NA,88460,3128,"30-34 years","male",21,10944,"Work",825.542541503906,825.542541503906,"car",0.333333333333333,5.18,"weekday",2,"20 to 39","6-10km","car",5.18,0.333333333333333,2.33333333333333,2.33333333333333
"88461/1001",NA,88461,3129,"20-24 years","male",21,10945,"Shopping",897.091674804688,897.091674804688,"car",0.166666666666667,1.55,"weekday",1,"20 to 39","1-2km","bicycle",1.55,0.140909090909091,1.16666666666667,0.986363636363636
"88461/1001",NA,88461,3129,"20-24 years","male",21,10946,"Shopping",897.091674804688,897.091674804688,"car",0.166666666666667,1.58,"weekday",2,"20 to 39","1-2km","bicycle",1.58,0.143636363636364,1.16666666666667,1.00545454545455
"88471/1000",NA,88471,3130,"70-74 years","female",21,10947,"Other",443.023803710938,443.023803710938,"car",0.0166666666666667,0.35,"weekday",1,"65 plus","<1km","bicycle",0.35,0.0318181818181818,0.116666666666667,0.222727272727273
"88471/1000",NA,88471,3130,"70-74 years","female",21,10948,"Other",443.023803710938,443.023803710938,"car",0.0166666666666667,0.35,"weekday",2,"65 plus","<1km","bicycle",0.35,0.0318181818181818,0.116666666666667,0.222727272727273
"88471/1000",NA,88471,3130,"70-74 years","female",21,10949,"Other",443.023803710938,443.023803710938,"car",0.0166666666666667,0.35,"weekday",3,"65 plus","<1km","bicycle",0.35,0.0318181818181818,0.116666666666667,0.222727272727273
"88471/1000",NA,88471,3130,"70-74 years","female",21,10950,"Other",443.023803710938,443.023803710938,"car",0.0166666666666667,0.35,"weekday",4,"65 plus","<1km","bicycle",0.35,0.0318181818181818,0.116666666666667,0.222727272727273
"88471/1002",NA,88471,3131,"40-44 years","male",21,10951,"Work",554.12841796875,554.12841796875,"car",0.166666666666667,1.48,"weekday",1,"40 to 64","1-2km","bicycle",1.48,0.134545454545455,1.16666666666667,0.941818181818182
"88471/1002",NA,88471,3131,"40-44 years","male",21,10952,"Work",554.12841796875,554.12841796875,"car",0.166666666666667,1.51,"weekday",2,"40 to 64","1-2km","bicycle",1.51,0.137272727272727,1.16666666666667,0.960909090909091
"88472/1001",NA,88472,3132,"65-69 years","male",21,10953,"Work",426.436920166016,426.436920166016,"car",0.583333333333333,16.91,"weekday",1,"65 plus",">10km","car",16.91,0.583333333333333,4.08333333333333,4.08333333333333
"88472/1001",NA,88472,3132,"65-69 years","male",21,10954,"Work",426.436920166016,426.436920166016,"car",0.5,14.53,"weekday",2,"65 plus",">10km","car",14.53,0.5,3.5,3.5
"88472/1001",NA,88472,3132,"65-69 years","male",21,10955,"Work",426.436920166016,426.436920166016,"car",0.333333333333333,10.59,"weekday",3,"65 plus",">10km","car",10.59,0.333333333333333,2.33333333333333,2.33333333333333
"88473/1000",NA,88473,3133,"50-54 years","male",21,10956,"Work",549.466125488281,549.466125488281,"car",0.333333333333333,9.38,"weekday",1,"40 to 64","6-10km","car",9.38,0.333333333333333,2.33333333333333,2.33333333333333
"88473/1000",NA,88473,3133,"50-54 years","male",21,10957,"Work",549.466125488281,549.466125488281,"car",0.333333333333333,9.34,"weekday",2,"40 to 64","6-10km","car",9.34,0.333333333333333,2.33333333333333,2.33333333333333
"88473/1001",NA,88473,3134,"25-29 years","male",21,10958,"Work",1189.41027832031,1189.41027832031,"car",0.666666666666667,16.5,"weekday",1,"20 to 39",">10km","car",16.5,0.666666666666667,4.66666666666667,4.66666666666667
"88473/1001",NA,88473,3134,"25-29 years","male",21,10959,"Work",1189.41027832031,1189.41027832031,"car",0.666666666666667,16.49,"weekday",2,"20 to 39",">10km","car",16.49,0.666666666666667,4.66666666666667,4.66666666666667
"88473/1002",NA,88473,3135,"25-29 years","male",21,10960,"Work",1189.41027832031,1189.41027832031,"car",0.333333333333333,7.88,"weekday",1,"20 to 39","6-10km","car",7.88,0.333333333333333,2.33333333333333,2.33333333333333
"88473/1002",NA,88473,3135,"25-29 years","male",21,10961,"Shopping",1189.41027832031,1189.41027832031,"car",0.333333333333333,8.36,"weekday",2,"20 to 39","6-10km","car",8.36,0.333333333333333,2.33333333333333,2.33333333333333
"88473/1002",NA,88473,3135,"25-29 years","male",21,10962,"Shopping",1189.41027832031,1189.41027832031,"car",0.166666666666667,1.66,"weekday",3,"20 to 39","1-2km","bicycle",1.66,0.150909090909091,1.16666666666667,1.05636363636364
"88474/1001",NA,88474,3136,"60-64 years","male",21,10963,"Shopping",495.007934570312,495.007934570312,"car",0.166666666666667,1.47,"weekday",1,"40 to 64","1-2km","bicycle",1.47,0.133636363636364,1.16666666666667,0.935454545454545
"88474/1001",NA,88474,3136,"60-64 years","male",21,10964,"Shopping",495.007934570312,495.007934570312,"car",0.166666666666667,1.49,"weekday",2,"40 to 64","1-2km","bicycle",1.49,0.135454545454545,1.16666666666667,0.948181818181818
"88475/1000",NA,88475,3137,"60-64 years","female",21,10965,"Shopping",474.000030517578,474.000030517578,"car",0.333333333333333,12.15,"weekday",1,"40 to 64",">10km","car",12.15,0.333333333333333,2.33333333333333,2.33333333333333
"88475/1000",NA,88475,3137,"60-64 years","female",21,10966,"Shopping",474.000030517578,474.000030517578,"car",0.333333333333333,12.54,"weekday",2,"40 to 64",">10km","car",12.54,0.333333333333333,2.33333333333333,2.33333333333333
"88478/1000",NA,88478,3138,"30-34 years","female",21,10967,"Other",666.033386230469,666.033386230469,"car",0.0833333333333333,1.86,"weekday",1,"20 to 39","1-2km","bicycle",1.86,0.169090909090909,0.583333333333333,1.18363636363636
"88478/1000",NA,88478,3138,"30-34 years","female",21,10968,"Shopping",666.033386230469,666.033386230469,"car",0.333333333333333,13.09,"weekday",2,"20 to 39",">10km","car",13.09,0.333333333333333,2.33333333333333,2.33333333333333
"88478/1000",NA,88478,3138,"30-34 years","female",21,10969,"Shopping",666.033386230469,666.033386230469,"car",0.5,19.92,"weekday",3,"20 to 39",">10km","car",19.92,0.5,3.5,3.5
"88478/1000",NA,88478,3138,"30-34 years","female",21,10970,"Shopping",666.033386230469,666.033386230469,"car",0.333333333333333,10.56,"weekday",4,"20 to 39",">10km","car",10.56,0.333333333333333,2.33333333333333,2.33333333333333
"88478/1000",NA,88478,3138,"30-34 years","female",21,10971,"Other",666.033386230469,666.033386230469,"car",0.0833333333333333,1.86,"weekday",5,"20 to 39","1-2km","bicycle",1.86,0.169090909090909,0.583333333333333,1.18363636363636
"88478/1000",NA,88478,3138,"30-34 years","female",21,10972,"Other",666.033386230469,666.033386230469,"car",0.0833333333333333,1.29,"weekday",6,"20 to 39","1-2km","bicycle",1.29,0.117272727272727,0.583333333333333,0.820909090909091
"88484/1000",NA,88484,3139,"50-54 years","male",21,10973,"Work",184.723663330078,184.723663330078,"car",0.166666666666667,3.15,"weekday",1,"40 to 64","3-5km","bicycle",3.15,0.286363636363636,1.16666666666667,2.00454545454545
"88484/1000",NA,88484,3139,"50-54 years","male",21,10974,"Shopping",184.723663330078,184.723663330078,"car",0.25,5.81,"weekday",2,"40 to 64","6-10km","car",5.81,0.25,1.75,1.75
"88484/1000",NA,88484,3139,"50-54 years","male",21,10975,"Shopping",184.723663330078,184.723663330078,"car",0.25,8.49,"weekday",3,"40 to 64","6-10km","car",8.49,0.25,1.75,1.75
"88484/1001",NA,88484,3140,"50-54 years","female",21,10976,"Work",146.526428222656,146.526428222656,"car",0.5,21.17,"weekday",1,"40 to 64",">10km","car",21.17,0.5,3.5,3.5
"88484/1001",NA,88484,3140,"50-54 years","female",21,10977,"Other",146.526428222656,146.526428222656,"car",0.5,17.63,"weekday",2,"40 to 64",">10km","car",17.63,0.5,3.5,3.5
"88484/1001",NA,88484,3140,"50-54 years","female",21,10978,"Other",146.526428222656,146.526428222656,"car",0.166666666666667,3.31,"weekday",3,"40 to 64","3-5km","bicycle",3.31,0.300909090909091,1.16666666666667,2.10636363636364
"88488/1000",NA,88488,3141,"75-79 years","female",21,10979,"Shopping",87.5259704589844,87.5259704589844,"car",0.116666666666667,3,"weekday",1,"65 plus","3-5km","bicycle",3,0.272727272727273,0.816666666666667,1.90909090909091
"88488/1000",NA,88488,3141,"75-79 years","female",21,10980,"Shopping",87.5259704589844,87.5259704589844,"car",0.283333333333333,2.98,"weekday",2,"65 plus","3-5km","bicycle",2.98,0.270909090909091,1.98333333333333,1.89636363636364
"88490/1000",NA,88490,3142,"40-44 years","female",21,10981,"Other",141.607559204102,141.607559204102,"car",0.166666666666667,2.75,"weekday",1,"40 to 64","3-5km","bicycle",2.75,0.25,1.16666666666667,1.75
"88490/1000",NA,88490,3142,"40-44 years","female",21,10982,"Work",141.607559204102,141.607559204102,"car",0.183333333333333,6.18,"weekday",2,"40 to 64","6-10km","car",6.18,0.183333333333333,1.28333333333333,1.28333333333333
"88490/1000",NA,88490,3142,"40-44 years","female",21,10983,"Work",141.607559204102,141.607559204102,"car",0.25,5.35,"weekday",3,"40 to 64","6-10km","car",5.35,0.25,1.75,1.75
"88490/1000",NA,88490,3142,"40-44 years","female",21,10984,"Shopping",141.607559204102,141.607559204102,"car",0.166666666666667,2.7,"weekday",4,"40 to 64","3-5km","bicycle",2.7,0.245454545454545,1.16666666666667,1.71818181818182
"88490/1000",NA,88490,3142,"40-44 years","female",21,10985,"Shopping",141.607559204102,141.607559204102,"car",0.166666666666667,2.68,"weekday",5,"40 to 64","3-5km","bicycle",2.68,0.243636363636364,1.16666666666667,1.70545454545455
"88491/1000",NA,88491,3143,"50-54 years","female",21,10986,"Other",170.989166259766,170.989166259766,"car",0.333333333333333,5.66,"weekday",1,"40 to 64","6-10km","car",5.66,0.333333333333333,2.33333333333333,2.33333333333333
"88491/1000",NA,88491,3143,"50-54 years","female",21,10987,"Other",170.989166259766,170.989166259766,"car",0.333333333333333,11.71,"weekday",2,"40 to 64",">10km","car",11.71,0.333333333333333,2.33333333333333,2.33333333333333
"88491/1000",NA,88491,3143,"50-54 years","female",21,10988,"Other",170.989166259766,170.989166259766,"car",0.416666666666667,14.87,"weekday",3,"40 to 64",">10km","car",14.87,0.416666666666667,2.91666666666667,2.91666666666667
"88491/1000",NA,88491,3143,"50-54 years","female",21,10989,"Other",170.989166259766,170.989166259766,"car",0.25,5.66,"weekday",4,"40 to 64","6-10km","car",5.66,0.25,1.75,1.75
"88491/1000",NA,88491,3143,"50-54 years","female",21,10990,"Other",170.989166259766,170.989166259766,"car",0.25,5.35,"weekday",5,"40 to 64","6-10km","car",5.35,0.25,1.75,1.75
"88491/1002",NA,88491,3144,"20-24 years","male",21,10991,"Work",233.046676635742,233.046676635742,"car",0.5,20.39,"weekday",1,"20 to 39",">10km","car",20.39,0.5,3.5,3.5
"88491/1002",NA,88491,3144,"20-24 years","male",21,10992,"Work",233.046676635742,233.046676635742,"car",0.5,20.29,"weekday",2,"20 to 39",">10km","car",20.29,0.5,3.5,3.5
"88494/1000",NA,88494,3145,"35-39 years","female",21,10993,"Work",126.796051025391,126.796051025391,"car",0.166666666666667,4.24,"weekday",1,"20 to 39","3-5km","bicycle",4.24,0.385454545454545,1.16666666666667,2.69818181818182
"88494/1000",NA,88494,3145,"35-39 years","female",21,10994,"Work",126.796051025391,126.796051025391,"car",0.166666666666667,4.21,"weekday",2,"20 to 39","3-5km","bicycle",4.21,0.382727272727273,1.16666666666667,2.67909090909091
"88495/1000",NA,88495,3146,"35-39 years","female",21,10995,"Work",134.685974121094,134.685974121094,"car",0.166666666666667,2.85,"weekday",1,"20 to 39","3-5km","bicycle",2.85,0.259090909090909,1.16666666666667,1.81363636363636
"88495/1000",NA,88495,3146,"35-39 years","female",21,10996,"Work",134.685974121094,134.685974121094,"car",0.166666666666667,2.88,"weekday",2,"20 to 39","3-5km","bicycle",2.88,0.261818181818182,1.16666666666667,1.83272727272727
"88500/1000",NA,88500,3147,"25-29 years","male",21,10997,"Work",382.1396484375,382.1396484375,"car",0.5,11.12,"weekday",1,"20 to 39",">10km","car",11.12,0.5,3.5,3.5
"88500/1000",NA,88500,3147,"25-29 years","male",21,10998,"Work",382.1396484375,382.1396484375,"car",0.5,10.6,"weekday",2,"20 to 39",">10km","car",10.6,0.5,3.5,3.5
"88500/1001",NA,88500,3148,"55-59 years","male",21,10999,"Other",311.130126953125,311.130126953125,"car",0.25,4,"weekday",1,"40 to 64","3-5km","bicycle",4,0.363636363636364,1.75,2.54545454545455
"88500/1001",NA,88500,3148,"55-59 years","male",21,11000,"Other",311.130126953125,311.130126953125,"car",0.233333333333333,3.96,"weekday",2,"40 to 64","3-5km","bicycle",3.96,0.36,1.63333333333333,2.52
"88500/1002",NA,88500,3149,"45-49 years","female",21,11001,"Other",310.929290771484,310.929290771484,"car",0.416666666666667,14.94,"weekday",1,"40 to 64",">10km","car",14.94,0.416666666666667,2.91666666666667,2.91666666666667
"88500/1002",NA,88500,3149,"45-49 years","female",21,11002,"Other",310.929290771484,310.929290771484,"car",0.333333333333333,3.23,"weekday",2,"40 to 64","3-5km","bicycle",3.23,0.293636363636364,2.33333333333333,2.05545454545455
"88500/1002",NA,88500,3149,"45-49 years","female",21,11003,"Other",310.929290771484,310.929290771484,"car",0.383333333333333,3.96,"weekday",3,"40 to 64","3-5km","bicycle",3.96,0.36,2.68333333333333,2.52
"88500/1003",NA,88500,3150,"15-19 years","female",21,11004,"Other",340.53564453125,340.53564453125,"car",0.333333333333333,3.23,"weekday",1,"15 to 19","3-5km","bicycle",3.23,0.293636363636364,2.33333333333333,2.05545454545455
"88500/1003",NA,88500,3150,"15-19 years","female",21,11005,"Other",340.53564453125,340.53564453125,"car",0.383333333333333,3.96,"weekday",2,"15 to 19","3-5km","bicycle",3.96,0.36,2.68333333333333,2.52
"88500/1004",NA,88500,3151,"15-19 years","female",21,11006,"Other",340.53564453125,340.53564453125,"car",0.333333333333333,3.23,"weekday",1,"15 to 19","3-5km","bicycle",3.23,0.293636363636364,2.33333333333333,2.05545454545455
"88500/1004",NA,88500,3151,"15-19 years","female",21,11007,"Other",340.53564453125,340.53564453125,"car",0.383333333333333,3.96,"weekday",2,"15 to 19","3-5km","bicycle",3.96,0.36,2.68333333333333,2.52
"88500/1005",NA,88500,3152,"15-19 years","male",21,11008,"Education",321.347106933594,321.347106933594,"car",0.25,4,"weekday",1,"15 to 19","3-5km","bicycle",4,0.363636363636364,1.75,2.54545454545455
"88500/1005",NA,88500,3152,"15-19 years","male",21,11009,"Education",321.347106933594,321.347106933594,"car",0.383333333333333,3.96,"weekday",2,"15 to 19","3-5km","bicycle",3.96,0.36,2.68333333333333,2.52
"88502/1000",NA,88502,3153,"30-34 years","female",21,11010,"Other",263.370697021484,263.370697021484,"car",0.0833333333333333,0.76,"weekday",1,"20 to 39","<1km","bicycle",0.76,0.0690909090909091,0.583333333333333,0.483636363636364
"88502/1000",NA,88502,3153,"30-34 years","female",21,11011,"Other",263.370697021484,263.370697021484,"car",0.0833333333333333,0.82,"weekday",2,"20 to 39","<1km","bicycle",0.82,0.0745454545454545,0.583333333333333,0.521818181818182
"88502/1000",NA,88502,3153,"30-34 years","female",21,11012,"Other",263.370697021484,263.370697021484,"car",0.0833333333333333,0.76,"weekday",3,"20 to 39","<1km","bicycle",0.76,0.0690909090909091,0.583333333333333,0.483636363636364
"88502/1000",NA,88502,3153,"30-34 years","female",21,11013,"Other",263.370697021484,263.370697021484,"car",0.0833333333333333,0.82,"weekday",4,"20 to 39","<1km","bicycle",0.82,0.0745454545454545,0.583333333333333,0.521818181818182
"88502/1001",NA,88502,3154,"40-44 years","male",21,11014,"Work",204.532974243164,204.532974243164,"car",1,44.37,"weekday",1,"40 to 64",">10km","car",44.37,1,7,7
"88502/1001",NA,88502,3154,"40-44 years","male",21,11015,"Work",204.532974243164,204.532974243164,"car",0.583333333333333,44,"weekday",2,"40 to 64",">10km","car",44,0.583333333333333,4.08333333333333,4.08333333333333
"88502/1001",NA,88502,3154,"40-44 years","male",21,11016,"Shopping",204.532974243164,204.532974243164,"car",0.166666666666667,2.89,"weekday",3,"40 to 64","3-5km","bicycle",2.89,0.262727272727273,1.16666666666667,1.83909090909091
"88502/1001",NA,88502,3154,"40-44 years","male",21,11017,"Shopping",204.532974243164,204.532974243164,"car",0.166666666666667,2.81,"weekday",4,"40 to 64","3-5km","bicycle",2.81,0.255454545454545,1.16666666666667,1.78818181818182
"88503/1000",NA,88503,3155,"60-64 years","female",21,11018,"Other",332.374053955078,332.374053955078,"car",0.25,11.54,"weekday",1,"40 to 64",">10km","car",11.54,0.25,1.75,1.75
"88503/1000",NA,88503,3155,"60-64 years","female",21,11019,"Other",332.374053955078,332.374053955078,"car",0.25,11.28,"weekday",2,"40 to 64",">10km","car",11.28,0.25,1.75,1.75
"88503/1000",NA,88503,3155,"60-64 years","female",21,11020,"Other",332.374053955078,332.374053955078,"car",0.0833333333333333,0.81,"weekday",3,"40 to 64","<1km","bicycle",0.81,0.0736363636363636,0.583333333333333,0.515454545454545
"88503/1000",NA,88503,3155,"60-64 years","female",21,11021,"Other",332.374053955078,332.374053955078,"car",0.0833333333333333,0.96,"weekday",4,"40 to 64","<1km","bicycle",0.96,0.0872727272727273,0.583333333333333,0.610909090909091
"88503/1000",NA,88503,3155,"60-64 years","female",21,11022,"Other",332.374053955078,332.374053955078,"car",0.0833333333333333,0.81,"weekday",5,"40 to 64","<1km","bicycle",0.81,0.0736363636363636,0.583333333333333,0.515454545454545
"88503/1000",NA,88503,3155,"60-64 years","female",21,11023,"Other",332.374053955078,332.374053955078,"car",0.0833333333333333,0.96,"weekday",6,"40 to 64","<1km","bicycle",0.96,0.0872727272727273,0.583333333333333,0.610909090909091
"88503/1000",NA,88503,3155,"60-64 years","female",21,11024,"Other",332.374053955078,332.374053955078,"car",0.25,11.54,"weekday",7,"40 to 64",">10km","car",11.54,0.25,1.75,1.75
"88503/1000",NA,88503,3155,"60-64 years","female",21,11025,"Other",332.374053955078,332.374053955078,"car",0.333333333333333,11.28,"weekday",8,"40 to 64",">10km","car",11.28,0.333333333333333,2.33333333333333,2.33333333333333
"88503/1002",NA,88503,3156,"15-19 years","female",21,11026,"Work",340.53564453125,340.53564453125,"car",0.25,11.54,"weekday",1,"15 to 19",">10km","car",11.54,0.25,1.75,1.75
"88503/1002",NA,88503,3156,"15-19 years","female",21,11027,"Work",340.53564453125,340.53564453125,"car",0.333333333333333,11.28,"weekday",2,"15 to 19",">10km","car",11.28,0.333333333333333,2.33333333333333,2.33333333333333
"88504/1000",NA,88504,3157,"30-34 years","male",21,11028,"Work",187.17204284668,187.17204284668,"car",1,71,"weekday",1,"20 to 39",">10km","car",71,1,7,7
"88504/1000",NA,88504,3157,"30-34 years","male",21,11029,"Work",187.17204284668,187.17204284668,"car",1,70.93,"weekday",2,"20 to 39",">10km","car",70.93,1,7,7
"88504/1001",NA,88504,3158,"30-34 years","female",21,11030,"Work",157.198715209961,157.198715209961,"car",0.75,26.55,"weekday",1,"20 to 39",">10km","car",26.55,0.75,5.25,5.25
"88504/1001",NA,88504,3158,"30-34 years","female",21,11031,"Work",157.198715209961,157.198715209961,"car",1,26.61,"weekday",2,"20 to 39",">10km","car",26.61,1,7,7
"88506/1000",NA,88506,3159,"20-24 years","male",21,11032,"Education",233.046676635742,233.046676635742,"car",0.25,3.8,"weekday",1,"20 to 39","3-5km","bicycle",3.8,0.345454545454545,1.75,2.41818181818182
"88506/1000",NA,88506,3159,"20-24 years","male",21,11033,"Education",233.046676635742,233.046676635742,"public.transport",0.433333333333333,26.08,"weekday",1,"20 to 39",">10km","public.transport",26.08,0.433333333333333,3.03333333333333,3.03333333333333
"88506/1000",NA,88506,3159,"20-24 years","male",21,11034,"Education",233.046676635742,233.046676635742,"walking",0.483333333333333,1.79,"weekday",1,"20 to 39","1-2km","walking",1.79,0.483333333333333,3.38333333333333,3.38333333333333
"88506/1000",NA,88506,3159,"20-24 years","male",21,11035,"Education",233.046676635742,233.046676635742,"walking",0.5,1.79,"weekday",2,"20 to 39","1-2km","walking",1.79,0.5,3.5,3.5
"88506/1000",NA,88506,3159,"20-24 years","male",21,11036,"Education",233.046676635742,233.046676635742,"public.transport",0.4,26.08,"weekday",2,"20 to 39",">10km","public.transport",26.08,0.4,2.8,2.8
"88506/1000",NA,88506,3159,"20-24 years","male",21,11037,"Education",233.046676635742,233.046676635742,"car",0.25,4.03,"weekday",2,"20 to 39","3-5km","bicycle",4.03,0.366363636363636,1.75,2.56454545454545
"88506/1000",NA,88506,3159,"20-24 years","male",21,11038,"Leisure",233.046676635742,233.046676635742,"car",0.166666666666667,2.74,"weekday",3,"20 to 39","3-5km","bicycle",2.74,0.249090909090909,1.16666666666667,1.74363636363636
"88506/1000",NA,88506,3159,"20-24 years","male",21,11039,"Leisure",233.046676635742,233.046676635742,"car",0.166666666666667,2.71,"weekday",4,"20 to 39","3-5km","bicycle",2.71,0.246363636363636,1.16666666666667,1.72454545454545
"88506/1001",NA,88506,3160,"55-59 years","male",21,11040,"Work",185.705001831055,185.705001831055,"car",0.25,3.8,"weekday",1,"40 to 64","3-5km","bicycle",3.8,0.345454545454545,1.75,2.41818181818182
"88506/1001",NA,88506,3160,"55-59 years","male",21,11041,"Work",185.705001831055,185.705001831055,"public.transport",0.5,26.77,"weekday",1,"40 to 64",">10km","public.transport",26.77,0.5,3.5,3.5
"88506/1001",NA,88506,3160,"55-59 years","male",21,11042,"Work",185.705001831055,185.705001831055,"walking",0.25,0.78,"weekday",1,"40 to 64","<1km","walking",0.78,0.25,1.75,1.75
"88506/1001",NA,88506,3160,"55-59 years","male",21,11043,"Work",185.705001831055,185.705001831055,"walking",0.25,0.78,"weekday",2,"40 to 64","<1km","walking",0.78,0.25,1.75,1.75
"88506/1001",NA,88506,3160,"55-59 years","male",21,11044,"Work",185.705001831055,185.705001831055,"public.transport",0.433333333333333,26.77,"weekday",2,"40 to 64",">10km","public.transport",26.77,0.433333333333333,3.03333333333333,3.03333333333333
"88506/1001",NA,88506,3160,"55-59 years","male",21,11045,"Work",185.705001831055,185.705001831055,"car",0.25,4.03,"weekday",2,"40 to 64","3-5km","bicycle",4.03,0.366363636363636,1.75,2.56454545454545
"88506/1001",NA,88506,3160,"55-59 years","male",21,11046,"Leisure",185.705001831055,185.705001831055,"walking",0.5,2.7,"weekday",3,"40 to 64","3-5km","walking",2.7,0.5,3.5,3.5
"88506/1001",NA,88506,3160,"55-59 years","male",21,11047,"Leisure",185.705001831055,185.705001831055,"walking",0.5,2.7,"weekday",4,"40 to 64","3-5km","walking",2.7,0.5,3.5,3.5
"88506/1002",NA,88506,3161,"55-59 years","female",21,11048,"Leisure",176.243804931641,176.243804931641,"walking",0.5,2.7,"weekday",1,"40 to 64","3-5km","walking",2.7,0.5,3.5,3.5
"88506/1002",NA,88506,3161,"55-59 years","female",21,11049,"Leisure",176.243804931641,176.243804931641,"walking",0.5,2.7,"weekday",2,"40 to 64","3-5km","walking",2.7,0.5,3.5,3.5
"88508/1000",NA,88508,3162,"70-74 years","male",21,11050,"Other",120.948905944824,120.948905944824,"car",0.166666666666667,3.3,"weekday",1,"65 plus","3-5km","bicycle",3.3,0.3,1.16666666666667,2.1
"88508/1000",NA,88508,3162,"70-74 years","male",21,11051,"Other",120.948905944824,120.948905944824,"car",0.25,3.24,"weekday",2,"65 plus","3-5km","bicycle",3.24,0.294545454545455,1.75,2.06181818181818
"88508/1001",NA,88508,3163,"65-69 years","female",21,11052,"Shopping",118.323799133301,118.323799133301,"car",0.166666666666667,3.3,"weekday",1,"65 plus","3-5km","bicycle",3.3,0.3,1.16666666666667,2.1
"88508/1001",NA,88508,3163,"65-69 years","female",21,11053,"Shopping",118.323799133301,118.323799133301,"car",0.25,3.24,"weekday",2,"65 plus","3-5km","bicycle",3.24,0.294545454545455,1.75,2.06181818181818
"88508/1002",NA,88508,3164,"40-44 years","male",21,11054,"Work",122.080093383789,122.080093383789,"car",0.666666666666667,55.92,"weekday",1,"40 to 64",">10km","car",55.92,0.666666666666667,4.66666666666667,4.66666666666667
"88508/1002",NA,88508,3164,"40-44 years","male",21,11055,"Work",122.080093383789,122.080093383789,"car",1.5,56.05,"weekday",2,"40 to 64",">10km","car",56.05,1.5,10.5,10.5
"88512/1000",NA,88512,3165,"30-34 years","female",21,11056,"Work",235.261520385742,235.261520385742,"car",0.5,22.89,"weekday",1,"20 to 39",">10km","car",22.89,0.5,3.5,3.5
"88512/1000",NA,88512,3165,"30-34 years","female",21,11057,"Work",235.261520385742,235.261520385742,"car",0.5,22.58,"weekday",2,"20 to 39",">10km","car",22.58,0.5,3.5,3.5
"88515/1000",NA,88515,3166,"55-59 years","male",21,11058,"Shopping",167.802215576172,167.802215576172,"car",0.05,0.78,"weekday",1,"40 to 64","<1km","bicycle",0.78,0.0709090909090909,0.35,0.496363636363636
"88515/1000",NA,88515,3166,"55-59 years","male",21,11059,"Shopping",167.802215576172,167.802215576172,"car",0.05,0.78,"weekday",2,"40 to 64","<1km","bicycle",0.78,0.0709090909090909,0.35,0.496363636363636
"88522/1000",NA,88522,3167,"65-69 years","male",21,11060,"Other",168.542846679688,168.542846679688,"car",0.166666666666667,1.98,"weekday",1,"65 plus","1-2km","bicycle",1.98,0.18,1.16666666666667,1.26
"88522/1000",NA,88522,3167,"65-69 years","male",21,11061,"Other",168.542846679688,168.542846679688,"car",0.25,1.98,"weekday",2,"65 plus","1-2km","bicycle",1.98,0.18,1.75,1.26
"88524/1000",NA,88524,3168,"65-69 years","male",21,11062,"Other",136.799423217773,136.799423217773,"car",0.166666666666667,4.82,"weekday",1,"65 plus","3-5km","bicycle",4.82,0.438181818181818,1.16666666666667,3.06727272727273
"88524/1000",NA,88524,3168,"65-69 years","male",21,11063,"Other",136.799423217773,136.799423217773,"car",0.166666666666667,4.82,"weekday",2,"65 plus","3-5km","bicycle",4.82,0.438181818181818,1.16666666666667,3.06727272727273
"88524/1001",NA,88524,3169,"60-64 years","female",21,11064,"Leisure",166.379119873047,166.379119873047,"car",0.166666666666667,4.82,"weekday",1,"40 to 64","3-5km","bicycle",4.82,0.438181818181818,1.16666666666667,3.06727272727273
"88524/1001",NA,88524,3169,"60-64 years","female",21,11065,"Leisure",166.379119873047,166.379119873047,"car",0.166666666666667,4.82,"weekday",2,"40 to 64","3-5km","bicycle",4.82,0.438181818181818,1.16666666666667,3.06727272727273
"88525/1000",NA,88525,3170,"65-69 years","male",21,11066,"Shopping",168.542846679688,168.542846679688,"car",0.333333333333333,13.97,"weekday",1,"65 plus",">10km","car",13.97,0.333333333333333,2.33333333333333,2.33333333333333
"88525/1000",NA,88525,3170,"65-69 years","male",21,11067,"Shopping",168.542846679688,168.542846679688,"car",0.416666666666667,13.76,"weekday",2,"65 plus",">10km","car",13.76,0.416666666666667,2.91666666666667,2.91666666666667
"88527/1000",NA,88527,3171,"65-69 years","female",21,11068,"Other",159.702407836914,159.702407836914,"car",0.333333333333333,3.41,"weekday",1,"65 plus","3-5km","bicycle",3.41,0.31,2.33333333333333,2.17
"88527/1000",NA,88527,3171,"65-69 years","female",21,11069,"Other",159.702407836914,159.702407836914,"car",0.416666666666667,3.48,"weekday",2,"65 plus","3-5km","bicycle",3.48,0.316363636363636,2.91666666666667,2.21454545454545
"88535/1000",NA,88535,3172,"60-64 years","male",21,11070,"Shopping",177.813385009766,177.813385009766,"car",0.25,4.31,"weekday",1,"40 to 64","3-5km","bicycle",4.31,0.391818181818182,1.75,2.74272727272727
"88535/1000",NA,88535,3172,"60-64 years","male",21,11071,"Shopping",177.813385009766,177.813385009766,"car",0.333333333333333,4.31,"weekday",2,"40 to 64","3-5km","bicycle",4.31,0.391818181818182,2.33333333333333,2.74272727272727
"88537/1000",NA,88537,3173,"35-39 years","female",21,11072,"Shopping",205.37922668457,205.37922668457,"car",0.25,7.77,"weekday",1,"20 to 39","6-10km","car",7.77,0.25,1.75,1.75
"88537/1000",NA,88537,3173,"35-39 years","female",21,11073,"Shopping",205.37922668457,205.37922668457,"car",0.25,7.74,"weekday",2,"20 to 39","6-10km","car",7.74,0.25,1.75,1.75
"88537/1000",NA,88537,3173,"35-39 years","female",21,11074,"Other",205.37922668457,205.37922668457,"car",0.0833333333333333,1.67,"weekday",3,"20 to 39","1-2km","bicycle",1.67,0.151818181818182,0.583333333333333,1.06272727272727
"88537/1000",NA,88537,3173,"35-39 years","female",21,11075,"Other",205.37922668457,205.37922668457,"car",0.05,1.66,"weekday",4,"20 to 39","1-2km","bicycle",1.66,0.150909090909091,0.35,1.05636363636364
"88538/1000",NA,88538,3174,"60-64 years","male",21,11076,"Other",144.323944091797,144.323944091797,"car",0.25,2.79,"weekday",1,"40 to 64","3-5km","bicycle",2.79,0.253636363636364,1.75,1.77545454545455
"88538/1000",NA,88538,3174,"60-64 years","male",21,11077,"Other",144.323944091797,144.323944091797,"car",0.0833333333333333,2.8,"weekday",2,"40 to 64","3-5km","bicycle",2.8,0.254545454545455,0.583333333333333,1.78181818181818
"88538/1000",NA,88538,3174,"60-64 years","male",21,11078,"Other",144.323944091797,144.323944091797,"car",0.166666666666667,2.79,"weekday",3,"40 to 64","3-5km","bicycle",2.79,0.253636363636364,1.16666666666667,1.77545454545455
"88538/1000",NA,88538,3174,"60-64 years","male",21,11079,"Other",144.323944091797,144.323944091797,"car",0.166666666666667,2.8,"weekday",4,"40 to 64","3-5km","bicycle",2.8,0.254545454545455,1.16666666666667,1.78181818181818
"88538/1001",NA,88538,3175,"60-64 years","female",21,11080,"Work",166.379119873047,166.379119873047,"car",0.25,2.79,"weekday",1,"40 to 64","3-5km","bicycle",2.79,0.253636363636364,1.75,1.77545454545455
"88538/1001",NA,88538,3175,"60-64 years","female",21,11081,"Work",166.379119873047,166.379119873047,"public.transport",0.583333333333333,29.62,"weekday",1,"40 to 64",">10km","public.transport",29.62,0.583333333333333,4.08333333333333,4.08333333333333
"88538/1001",NA,88538,3175,"60-64 years","female",21,11082,"Work",166.379119873047,166.379119873047,"walking",0.166666666666667,0.75,"weekday",1,"40 to 64","<1km","walking",0.75,0.166666666666667,1.16666666666667,1.16666666666667
"88538/1001",NA,88538,3175,"60-64 years","female",21,11083,"Work",166.379119873047,166.379119873047,"walking",0.166666666666667,0.75,"weekday",2,"40 to 64","<1km","walking",0.75,0.166666666666667,1.16666666666667,1.16666666666667
"88538/1001",NA,88538,3175,"60-64 years","female",21,11084,"Work",166.379119873047,166.379119873047,"public.transport",0.5,29.62,"weekday",2,"40 to 64",">10km","public.transport",29.62,0.5,3.5,3.5
"88538/1001",NA,88538,3175,"60-64 years","female",21,11085,"Work",166.379119873047,166.379119873047,"car",0.166666666666667,2.8,"weekday",2,"40 to 64","3-5km","bicycle",2.8,0.254545454545455,1.16666666666667,1.78181818181818
"88542/1000",NA,88542,3176,"80-84 years","male",21,11086,"Other",111.738418579102,111.738418579102,"car",0.166666666666667,3.32,"weekday",1,"65 plus","3-5km","bicycle",3.32,0.301818181818182,1.16666666666667,2.11272727272727
"88542/1000",NA,88542,3176,"80-84 years","male",21,11087,"Other",111.738418579102,111.738418579102,"car",0.25,3.79,"weekday",2,"65 plus","3-5km","bicycle",3.79,0.344545454545455,1.75,2.41181818181818
"88542/1001",NA,88542,3177,"75-79 years","female",21,11088,"Other",81.3612976074219,81.3612976074219,"car",0.166666666666667,3.32,"weekday",1,"65 plus","3-5km","bicycle",3.32,0.301818181818182,1.16666666666667,2.11272727272727
"88542/1001",NA,88542,3177,"75-79 years","female",21,11089,"Other",81.3612976074219,81.3612976074219,"car",0.25,3.79,"weekday",2,"65 plus","3-5km","bicycle",3.79,0.344545454545455,1.75,2.41181818181818
"88543/1001",NA,88543,3178,"60-64 years","male",21,11090,"Work",93.5367965698242,93.5367965698242,"car",0.25,9.81,"weekday",1,"40 to 64","6-10km","car",9.81,0.25,1.75,1.75
"88543/1001",NA,88543,3178,"60-64 years","male",21,11091,"Shopping",93.5367965698242,93.5367965698242,"car",0.333333333333333,7.57,"weekday",2,"40 to 64","6-10km","car",7.57,0.333333333333333,2.33333333333333,2.33333333333333
"88543/1001",NA,88543,3178,"60-64 years","male",21,11092,"Shopping",93.5367965698242,93.5367965698242,"car",0.25,3.72,"weekday",3,"40 to 64","3-5km","bicycle",3.72,0.338181818181818,1.75,2.36727272727273
"88544/1000",NA,88544,3179,"50-54 years","male",21,11093,"Work",76.2739486694336,76.2739486694336,"car",0.5,12.18,"weekday",1,"40 to 64",">10km","car",12.18,0.5,3.5,3.5
"88544/1000",NA,88544,3179,"50-54 years","male",21,11094,"Work",76.2739486694336,76.2739486694336,"car",0.333333333333333,12.83,"weekday",2,"40 to 64",">10km","car",12.83,0.333333333333333,2.33333333333333,2.33333333333333
"88544/1001",NA,88544,3180,"50-54 years","female",21,11095,"Work",69.2914581298828,69.2914581298828,"car",0.166666666666667,2.92,"weekday",1,"40 to 64","3-5km","bicycle",2.92,0.265454545454545,1.16666666666667,1.85818181818182
"88544/1001",NA,88544,3180,"50-54 years","female",21,11096,"Work",69.2914581298828,69.2914581298828,"car",0.25,2.94,"weekday",2,"40 to 64","3-5km","bicycle",2.94,0.267272727272727,1.75,1.87090909090909
"88545/1000",NA,88545,3181,"65-69 years","male",21,11097,"Other",91.5599975585938,91.5599975585938,"car",0.0833333333333333,1.86,"weekday",1,"65 plus","1-2km","bicycle",1.86,0.169090909090909,0.583333333333333,1.18363636363636
"88545/1000",NA,88545,3181,"65-69 years","male",21,11098,"Other",91.5599975585938,91.5599975585938,"car",0.0833333333333333,1.75,"weekday",2,"65 plus","1-2km","bicycle",1.75,0.159090909090909,0.583333333333333,1.11363636363636
"88545/1000",NA,88545,3181,"65-69 years","male",21,11099,"Other",91.5599975585938,91.5599975585938,"car",0.0833333333333333,2.68,"weekday",3,"65 plus","3-5km","bicycle",2.68,0.243636363636364,0.583333333333333,1.70545454545455
"88545/1001",NA,88545,3182,"70-74 years","female",21,11100,"Work",74.8938827514648,74.8938827514648,"car",0.333333333333333,9.84,"weekday",1,"65 plus","6-10km","car",9.84,0.333333333333333,2.33333333333333,2.33333333333333
"88545/1001",NA,88545,3182,"70-74 years","female",21,11101,"Other",74.8938827514648,74.8938827514648,"car",0.0833333333333333,2.04,"weekday",2,"65 plus","3-5km","bicycle",2.04,0.185454545454545,0.583333333333333,1.29818181818182
"88545/1001",NA,88545,3182,"70-74 years","female",21,11102,"Work",74.8938827514648,74.8938827514648,"car",0.25,2.02,"weekday",3,"65 plus","3-5km","bicycle",2.02,0.183636363636364,1.75,1.28545454545455
"88545/1001",NA,88545,3182,"70-74 years","female",21,11103,"Work",74.8938827514648,74.8938827514648,"car",0.416666666666667,15.01,"weekday",4,"65 plus",">10km","car",15.01,0.416666666666667,2.91666666666667,2.91666666666667
"88545/1001",NA,88545,3182,"70-74 years","female",21,11104,"Work",74.8938827514648,74.8938827514648,"car",0.333333333333333,15.17,"weekday",5,"65 plus",">10km","car",15.17,0.333333333333333,2.33333333333333,2.33333333333333
"88545/1001",NA,88545,3182,"70-74 years","female",21,11105,"Work",74.8938827514648,74.8938827514648,"car",0.166666666666667,3.84,"weekday",6,"65 plus","3-5km","bicycle",3.84,0.349090909090909,1.16666666666667,2.44363636363636
"88545/1001",NA,88545,3182,"70-74 years","female",21,11106,"Work",74.8938827514648,74.8938827514648,"car",0.2,2.44,"weekday",7,"65 plus","3-5km","bicycle",2.44,0.221818181818182,1.4,1.55272727272727
"88545/1001",NA,88545,3182,"70-74 years","female",21,11107,"Work",74.8938827514648,74.8938827514648,"car",0.166666666666667,2.44,"weekday",8,"65 plus","3-5km","bicycle",2.44,0.221818181818182,1.16666666666667,1.55272727272727
"88545/1001",NA,88545,3182,"70-74 years","female",21,11108,"Work",74.8938827514648,74.8938827514648,"car",0.416666666666667,9.88,"weekday",9,"65 plus","6-10km","car",9.88,0.416666666666667,2.91666666666667,2.91666666666667
"88547/1000",NA,88547,3183,"30-34 years","female",21,11109,"Other",142.02326965332,142.02326965332,"car",0.25,5.25,"weekday",1,"20 to 39","6-10km","car",5.25,0.25,1.75,1.75
"88547/1000",NA,88547,3183,"30-34 years","female",21,11110,"Other",142.02326965332,142.02326965332,"car",0.25,5.27,"weekday",2,"20 to 39","6-10km","car",5.27,0.25,1.75,1.75
"88547/1000",NA,88547,3183,"30-34 years","female",21,11111,"Other",142.02326965332,142.02326965332,"car",0.25,5.25,"weekday",3,"20 to 39","6-10km","car",5.25,0.25,1.75,1.75
"88547/1000",NA,88547,3183,"30-34 years","female",21,11112,"Other",142.02326965332,142.02326965332,"car",0.333333333333333,5.27,"weekday",4,"20 to 39","6-10km","car",5.27,0.333333333333333,2.33333333333333,2.33333333333333
"88547/1006",NA,88547,3184,"25-29 years","female",21,11113,"Work",176.233428955078,176.233428955078,"walking",0.05,0.21,"weekday",1,"20 to 39","<1km","walking",0.21,0.05,0.35,0.35
"88547/1006",NA,88547,3184,"25-29 years","female",21,11114,"Work",176.233428955078,176.233428955078,"public.transport",0.816666666666667,21.99,"weekday",1,"20 to 39",">10km","public.transport",21.99,0.816666666666667,5.71666666666667,5.71666666666667
"88547/1006",NA,88547,3184,"25-29 years","female",21,11115,"Work",176.233428955078,176.233428955078,"walking",0.0666666666666667,0.08,"weekday",1,"20 to 39","<1km","walking",0.08,0.0666666666666667,0.466666666666667,0.466666666666667
"88547/1006",NA,88547,3184,"25-29 years","female",21,11116,"Work",176.233428955078,176.233428955078,"walking",0.0833333333333333,0.08,"weekday",2,"20 to 39","<1km","walking",0.08,0.0833333333333333,0.583333333333333,0.583333333333333
"88547/1006",NA,88547,3184,"25-29 years","female",21,11117,"Work",176.233428955078,176.233428955078,"public.transport",0.816666666666667,22.31,"weekday",2,"20 to 39",">10km","public.transport",22.31,0.816666666666667,5.71666666666667,5.71666666666667
"88547/1006",NA,88547,3184,"25-29 years","female",21,11118,"Work",176.233428955078,176.233428955078,"walking",0.0666666666666667,0.21,"weekday",2,"20 to 39","<1km","walking",0.21,0.0666666666666667,0.466666666666667,0.466666666666667
"88548/1000",NA,88548,3185,"75-79 years","female",21,11119,"Leisure",103.06583404541,103.06583404541,"car",0.25,9.31,"weekday",1,"65 plus","6-10km","car",9.31,0.25,1.75,1.75
"88548/1000",NA,88548,3185,"75-79 years","female",21,11120,"Leisure",103.06583404541,103.06583404541,"car",0.25,9.4,"weekday",2,"65 plus","6-10km","car",9.4,0.25,1.75,1.75
"88548/1000",NA,88548,3185,"75-79 years","female",21,11121,"Shopping",103.06583404541,103.06583404541,"car",0.333333333333333,12.38,"weekday",3,"65 plus",">10km","car",12.38,0.333333333333333,2.33333333333333,2.33333333333333
"88548/1000",NA,88548,3185,"75-79 years","female",21,11122,"Shopping",103.06583404541,103.06583404541,"car",0.416666666666667,12.87,"weekday",4,"65 plus",">10km","car",12.87,0.416666666666667,2.91666666666667,2.91666666666667
"88550/1000",NA,88550,3186,"70-74 years","male",21,11123,"Shopping",68.7407379150391,68.7407379150391,"car",0.216666666666667,3.31,"weekday",1,"65 plus","3-5km","bicycle",3.31,0.300909090909091,1.51666666666667,2.10636363636364
"88550/1000",NA,88550,3186,"70-74 years","male",21,11124,"Shopping",68.7407379150391,68.7407379150391,"car",0.166666666666667,3.57,"weekday",2,"65 plus","3-5km","bicycle",3.57,0.324545454545455,1.16666666666667,2.27181818181818
"88550/1001",NA,88550,3187,"70-74 years","female",21,11125,"Shopping",74.8938827514648,74.8938827514648,"car",0.216666666666667,3.31,"weekday",1,"65 plus","3-5km","bicycle",3.31,0.300909090909091,1.51666666666667,2.10636363636364
"88550/1001",NA,88550,3187,"70-74 years","female",21,11126,"Shopping",74.8938827514648,74.8938827514648,"car",0.166666666666667,3.57,"weekday",2,"65 plus","3-5km","bicycle",3.57,0.324545454545455,1.16666666666667,2.27181818181818
"88551/1000",NA,88551,3188,"45-49 years","male",21,11127,"Work",108.944473266602,108.944473266602,"car",0.25,7.9,"weekday",1,"40 to 64","6-10km","car",7.9,0.25,1.75,1.75
"88551/1000",NA,88551,3188,"45-49 years","male",21,11128,"Shopping",108.944473266602,108.944473266602,"car",0.0833333333333333,1.21,"weekday",2,"40 to 64","1-2km","bicycle",1.21,0.11,0.583333333333333,0.77
"88551/1000",NA,88551,3188,"45-49 years","male",21,11129,"Shopping",108.944473266602,108.944473266602,"car",0.3,7.56,"weekday",3,"40 to 64","6-10km","car",7.56,0.3,2.1,2.1
"88552/1001",NA,88552,3189,"40-44 years","female",21,11130,"Other",113.294410705566,113.294410705566,"car",0.116666666666667,1.38,"weekday",1,"40 to 64","1-2km","bicycle",1.38,0.125454545454545,0.816666666666667,0.878181818181818
"88552/1001",NA,88552,3189,"40-44 years","female",21,11131,"Work",113.294410705566,113.294410705566,"car",0.383333333333333,14.17,"weekday",2,"40 to 64",">10km","car",14.17,0.383333333333333,2.68333333333333,2.68333333333333
"88552/1001",NA,88552,3189,"40-44 years","female",21,11132,"Other",113.294410705566,113.294410705566,"car",0.333333333333333,14.12,"weekday",3,"40 to 64",">10km","car",14.12,0.333333333333333,2.33333333333333,2.33333333333333
"88552/1001",NA,88552,3189,"40-44 years","female",21,11133,"Other",113.294410705566,113.294410705566,"car",0.133333333333333,1.57,"weekday",4,"40 to 64","1-2km","bicycle",1.57,0.142727272727273,0.933333333333333,0.999090909090909
"88553/1000",NA,88553,3190,"80-84 years","female",21,11134,"Leisure",79.6506423950195,79.6506423950195,"car",0.333333333333333,13.69,"weekday",1,"65 plus",">10km","car",13.69,0.333333333333333,2.33333333333333,2.33333333333333
"88553/1000",NA,88553,3190,"80-84 years","female",21,11135,"Shopping",79.6506423950195,79.6506423950195,"car",0.416666666666667,10.27,"weekday",2,"65 plus",">10km","car",10.27,0.416666666666667,2.91666666666667,2.91666666666667
"88553/1000",NA,88553,3190,"80-84 years","female",21,11136,"Shopping",79.6506423950195,79.6506423950195,"car",0.166666666666667,3.98,"weekday",3,"65 plus","3-5km","bicycle",3.98,0.361818181818182,1.16666666666667,2.53272727272727
"88553/1001",NA,88553,3191,"80-84 years","male",21,11137,"Other",111.738418579102,111.738418579102,"car",0.25,10.87,"weekday",1,"65 plus",">10km","car",10.87,0.25,1.75,1.75
"88553/1001",NA,88553,3191,"80-84 years","male",21,11138,"Leisure",111.738418579102,111.738418579102,"car",0.25,9.28,"weekday",2,"65 plus","6-10km","car",9.28,0.25,1.75,1.75
"88553/1001",NA,88553,3191,"80-84 years","male",21,11139,"Leisure",111.738418579102,111.738418579102,"car",0.333333333333333,9.63,"weekday",3,"65 plus","6-10km","car",9.63,0.333333333333333,2.33333333333333,2.33333333333333
"88556/1000",NA,88556,3192,"25-29 years","male",21,11140,"Shopping",80.8674468994141,80.8674468994141,"walking",0.5,2.59,"weekday",1,"20 to 39","3-5km","walking",2.59,0.5,3.5,3.5
"88556/1000",NA,88556,3192,"25-29 years","male",21,11141,"Shopping",80.8674468994141,80.8674468994141,"walking",0.583333333333333,2.59,"weekday",2,"20 to 39","3-5km","walking",2.59,0.583333333333333,4.08333333333333,4.08333333333333
"88556/1001",NA,88556,3193,"55-59 years","female",21,11142,"Shopping",94.9781875610352,94.9781875610352,"walking",0.116666666666667,0.45,"weekday",1,"40 to 64","<1km","walking",0.45,0.116666666666667,0.816666666666667,0.816666666666667
"88556/1001",NA,88556,3193,"55-59 years","female",21,11143,"Shopping",94.9781875610352,94.9781875610352,"public.transport",0.166666666666667,2.48,"weekday",1,"40 to 64","3-5km","public.transport",2.48,0.166666666666667,1.16666666666667,1.16666666666667
"88556/1001",NA,88556,3193,"55-59 years","female",21,11144,"Shopping",94.9781875610352,94.9781875610352,"walking",0.183333333333333,0.6,"weekday",1,"40 to 64","<1km","walking",0.6,0.183333333333333,1.28333333333333,1.28333333333333
"88556/1001",NA,88556,3193,"55-59 years","female",21,11145,"Shopping",94.9781875610352,94.9781875610352,"walking",0.166666666666667,0.6,"weekday",2,"40 to 64","<1km","walking",0.6,0.166666666666667,1.16666666666667,1.16666666666667
"88556/1001",NA,88556,3193,"55-59 years","female",21,11146,"Shopping",94.9781875610352,94.9781875610352,"public.transport",0.166666666666667,1.36,"weekday",2,"40 to 64","1-2km","public.transport",1.36,0.166666666666667,1.16666666666667,1.16666666666667
"88556/1001",NA,88556,3193,"55-59 years","female",21,11147,"Shopping",94.9781875610352,94.9781875610352,"walking",0.1,1.35,"weekday",2,"40 to 64","1-2km","walking",1.35,0.1,0.7,0.7
"88556/1001",NA,88556,3193,"55-59 years","female",21,11148,"Shopping",94.9781875610352,94.9781875610352,"walking",0.116666666666667,1.35,"weekday",3,"40 to 64","1-2km","walking",1.35,0.116666666666667,0.816666666666667,0.816666666666667
"88556/1001",NA,88556,3193,"55-59 years","female",21,11149,"Shopping",94.9781875610352,94.9781875610352,"public.transport",0.233333333333333,1.32,"weekday",3,"40 to 64","1-2km","public.transport",1.32,0.233333333333333,1.63333333333333,1.63333333333333
"88556/1001",NA,88556,3193,"55-59 years","female",21,11150,"Shopping",94.9781875610352,94.9781875610352,"walking",0.183333333333333,0.6,"weekday",3,"40 to 64","<1km","walking",0.6,0.183333333333333,1.28333333333333,1.28333333333333
"88556/1001",NA,88556,3193,"55-59 years","female",21,11151,"Shopping",94.9781875610352,94.9781875610352,"walking",0.166666666666667,0.6,"weekday",4,"40 to 64","<1km","walking",0.6,0.166666666666667,1.16666666666667,1.16666666666667
"88556/1001",NA,88556,3193,"55-59 years","female",21,11152,"Shopping",94.9781875610352,94.9781875610352,"public.transport",0.166666666666667,1.36,"weekday",4,"40 to 64","1-2km","public.transport",1.36,0.166666666666667,1.16666666666667,1.16666666666667
"88556/1001",NA,88556,3193,"55-59 years","female",21,11153,"Shopping",94.9781875610352,94.9781875610352,"walking",0.1,1.35,"weekday",4,"40 to 64","1-2km","walking",1.35,0.1,0.7,0.7
"88557/1000",NA,88557,3194,"90-94 years","female",21,11154,"Leisure",58.805492401123,58.805492401123,"public.transport",0.0833333333333333,0.8,"weekday",1,"65 plus","<1km","public.transport",0.8,0.0833333333333333,0.583333333333333,0.583333333333333
"88557/1000",NA,88557,3194,"90-94 years","female",21,11155,"Leisure",58.805492401123,58.805492401123,"public.transport",0.0833333333333333,0.8,"weekday",2,"65 plus","<1km","public.transport",0.8,0.0833333333333333,0.583333333333333,0.583333333333333
"88558/1000",NA,88558,3195,"45-49 years","male",21,11156,"Work",125.319877624512,125.319877624512,"car",0.25,11.74,"weekday",1,"40 to 64",">10km","car",11.74,0.25,1.75,1.75
"88558/1000",NA,88558,3195,"45-49 years","male",21,11157,"Work",125.319877624512,125.319877624512,"car",0.333333333333333,11.8,"weekday",2,"40 to 64",">10km","car",11.8,0.333333333333333,2.33333333333333,2.33333333333333
"88558/1000",NA,88558,3195,"45-49 years","male",21,11158,"Shopping",125.319877624512,125.319877624512,"car",0.25,2.66,"weekday",3,"40 to 64","3-5km","bicycle",2.66,0.241818181818182,1.75,1.69272727272727
"88558/1000",NA,88558,3195,"45-49 years","male",21,11159,"Shopping",125.319877624512,125.319877624512,"car",0.25,2.93,"weekday",4,"40 to 64","3-5km","bicycle",2.93,0.266363636363636,1.75,1.86454545454545
"88558/1001",NA,88558,3196,"30-34 years","female",21,11160,"Other",106.075881958008,106.075881958008,"car",0.133333333333333,1.69,"weekday",1,"20 to 39","1-2km","bicycle",1.69,0.153636363636364,0.933333333333333,1.07545454545455
"88558/1001",NA,88558,3196,"30-34 years","female",21,11161,"Work",106.075881958008,106.075881958008,"car",0.183333333333333,4.92,"weekday",2,"20 to 39","3-5km","bicycle",4.92,0.447272727272727,1.28333333333333,3.13090909090909
"88558/1001",NA,88558,3196,"30-34 years","female",21,11162,"Other",106.075881958008,106.075881958008,"car",0.166666666666667,4.83,"weekday",3,"20 to 39","3-5km","bicycle",4.83,0.439090909090909,1.16666666666667,3.07363636363636
"88558/1001",NA,88558,3196,"30-34 years","female",21,11163,"Other",106.075881958008,106.075881958008,"car",0.166666666666667,1.69,"weekday",4,"20 to 39","1-2km","bicycle",1.69,0.153636363636364,1.16666666666667,1.07545454545455
"88558/1001",NA,88558,3196,"30-34 years","female",21,11164,"Shopping",106.075881958008,106.075881958008,"car",0.133333333333333,3.03,"weekday",5,"20 to 39","3-5km","bicycle",3.03,0.275454545454545,0.933333333333333,1.92818181818182
"88558/1001",NA,88558,3196,"30-34 years","female",21,11165,"Shopping",106.075881958008,106.075881958008,"car",0.133333333333333,3.06,"weekday",6,"20 to 39","3-5km","bicycle",3.06,0.278181818181818,0.933333333333333,1.94727272727273
"88559/1000",NA,88559,3197,"40-44 years","male",21,11166,"Other",121.04647064209,121.04647064209,"walking",0.116666666666667,0.38,"weekday",1,"40 to 64","<1km","walking",0.38,0.116666666666667,0.816666666666667,0.816666666666667
"88559/1000",NA,88559,3197,"40-44 years","male",21,11167,"Other",121.04647064209,121.04647064209,"public.transport",0.3,16.32,"weekday",1,"40 to 64",">10km","public.transport",16.32,0.3,2.1,2.1
"88559/1000",NA,88559,3197,"40-44 years","male",21,11168,"Other",121.04647064209,121.04647064209,"walking",0.166666666666667,0.5,"weekday",1,"40 to 64","<1km","walking",0.5,0.166666666666667,1.16666666666667,1.16666666666667
"88559/1000",NA,88559,3197,"40-44 years","male",21,11169,"Other",121.04647064209,121.04647064209,"walking",0.166666666666667,0.55,"weekday",2,"40 to 64","<1km","walking",0.55,0.166666666666667,1.16666666666667,1.16666666666667
"88559/1000",NA,88559,3197,"40-44 years","male",21,11170,"Other",121.04647064209,121.04647064209,"public.transport",0.333333333333333,15.39,"weekday",2,"40 to 64",">10km","public.transport",15.39,0.333333333333333,2.33333333333333,2.33333333333333
"88559/1000",NA,88559,3197,"40-44 years","male",21,11171,"Other",121.04647064209,121.04647064209,"walking",0.116666666666667,0.38,"weekday",2,"40 to 64","<1km","walking",0.38,0.116666666666667,0.816666666666667,0.816666666666667
"88559/1001",NA,88559,3198,"55-59 years","male",21,11172,"Work",125.77254486084,125.77254486084,"car",0.416666666666667,23.65,"weekday",1,"40 to 64",">10km","car",23.65,0.416666666666667,2.91666666666667,2.91666666666667
"88559/1001",NA,88559,3198,"55-59 years","male",21,11173,"Work",125.77254486084,125.77254486084,"car",0.666666666666667,23.58,"weekday",2,"40 to 64",">10km","car",23.58,0.666666666666667,4.66666666666667,4.66666666666667
"88559/1002",NA,88559,3199,"55-59 years","female",21,11174,"Leisure",138.399810791016,138.399810791016,"car",0.333333333333333,10.9,"weekday",1,"40 to 64",">10km","car",10.9,0.333333333333333,2.33333333333333,2.33333333333333
"88559/1002",NA,88559,3199,"55-59 years","female",21,11175,"Leisure",138.399810791016,138.399810791016,"car",0.333333333333333,10.88,"weekday",2,"40 to 64",">10km","car",10.88,0.333333333333333,2.33333333333333,2.33333333333333
"88560/1000",NA,88560,3200,"50-54 years","female",21,11176,"Shopping",106.351432800293,106.351432800293,"car",0.2,2.62,"weekday",1,"40 to 64","3-5km","bicycle",2.62,0.238181818181818,1.4,1.66727272727273
"88560/1000",NA,88560,3200,"50-54 years","female",21,11177,"Shopping",106.351432800293,106.351432800293,"car",0.166666666666667,2.89,"weekday",2,"40 to 64","3-5km","bicycle",2.89,0.262727272727273,1.16666666666667,1.83909090909091
"88560/1000",NA,88560,3200,"50-54 years","female",21,11178,"Shopping",106.351432800293,106.351432800293,"car",0.35,18.23,"weekday",3,"40 to 64",">10km","car",18.23,0.35,2.45,2.45
"88560/1000",NA,88560,3200,"50-54 years","female",21,11179,"Shopping",106.351432800293,106.351432800293,"car",0.5,18.23,"weekday",4,"40 to 64",">10km","car",18.23,0.5,3.5,3.5
"88560/1001",NA,88560,3201,"20-24 years","female",21,11180,"Shopping",140.641052246094,140.641052246094,"car",0.2,2.62,"weekday",1,"20 to 39","3-5km","bicycle",2.62,0.238181818181818,1.4,1.66727272727273
"88560/1001",NA,88560,3201,"20-24 years","female",21,11181,"Shopping",140.641052246094,140.641052246094,"car",0.166666666666667,2.89,"weekday",2,"20 to 39","3-5km","bicycle",2.89,0.262727272727273,1.16666666666667,1.83909090909091
"88561/1001",NA,88561,3202,"50-54 years","male",21,11182,"Work",76.2739486694336,76.2739486694336,"car",0.5,21.92,"weekday",1,"40 to 64",">10km","car",21.92,0.5,3.5,3.5
"88561/1001",NA,88561,3202,"50-54 years","male",21,11183,"Work",76.2739486694336,76.2739486694336,"car",0.583333333333333,22.86,"weekday",2,"40 to 64",">10km","car",22.86,0.583333333333333,4.08333333333333,4.08333333333333
"88562/1000",NA,88562,3203,"40-44 years","male",21,11184,"Work",127.498237609863,127.498237609863,"car",0.5,16.22,"weekday",1,"40 to 64",">10km","car",16.22,0.5,3.5,3.5
"88562/1000",NA,88562,3203,"40-44 years","male",21,11185,"Work",127.498237609863,127.498237609863,"car",0.5,16.14,"weekday",2,"40 to 64",">10km","car",16.14,0.5,3.5,3.5
"88562/1001",NA,88562,3204,"40-44 years","female",21,11186,"Work",119.332992553711,119.332992553711,"car",0.583333333333333,19.32,"weekday",1,"40 to 64",">10km","car",19.32,0.583333333333333,4.08333333333333,4.08333333333333
"88562/1001",NA,88562,3204,"40-44 years","female",21,11187,"Work",119.332992553711,119.332992553711,"car",0.583333333333333,19.2,"weekday",2,"40 to 64",">10km","car",19.2,0.583333333333333,4.08333333333333,4.08333333333333
"88563/1000",NA,88563,3205,"65-69 years","female",21,11188,"Other",108.942321777344,108.942321777344,"car",0.25,10.75,"weekday",1,"65 plus",">10km","car",10.75,0.25,1.75,1.75
"88563/1000",NA,88563,3205,"65-69 years","female",21,11189,"Shopping",108.942321777344,108.942321777344,"car",0.333333333333333,8.93,"weekday",2,"65 plus","6-10km","car",8.93,0.333333333333333,2.33333333333333,2.33333333333333
"88563/1000",NA,88563,3205,"65-69 years","female",21,11190,"Shopping",108.942321777344,108.942321777344,"car",0.25,3.93,"weekday",3,"65 plus","3-5km","bicycle",3.93,0.357272727272727,1.75,2.50090909090909
"88565/1000",NA,88565,3206,"35-39 years","male",21,11191,"Other",129.938522338867,129.938522338867,"car",0.25,10.5,"weekday",1,"20 to 39",">10km","car",10.5,0.25,1.75,1.75
"88565/1000",NA,88565,3206,"35-39 years","male",21,11192,"Other",129.938522338867,129.938522338867,"car",0.25,10.46,"weekday",2,"20 to 39",">10km","car",10.46,0.25,1.75,1.75
"88565/1001",NA,88565,3207,"30-34 years","female",21,11193,"Other",142.02326965332,142.02326965332,"car",0.25,4.21,"weekday",1,"20 to 39","3-5km","bicycle",4.21,0.382727272727273,1.75,2.67909090909091
"88565/1001",NA,88565,3207,"30-34 years","female",21,11194,"Other",142.02326965332,142.02326965332,"car",0.166666666666667,4.79,"weekday",2,"20 to 39","3-5km","bicycle",4.79,0.435454545454545,1.16666666666667,3.04818181818182
"88565/1001",NA,88565,3207,"30-34 years","female",21,11195,"Other",142.02326965332,142.02326965332,"car",0.216666666666667,7.67,"weekday",3,"20 to 39","6-10km","car",7.67,0.216666666666667,1.51666666666667,1.51666666666667
"88565/1001",NA,88565,3207,"30-34 years","female",21,11196,"Other",142.02326965332,142.02326965332,"car",0.25,10.5,"weekday",4,"20 to 39",">10km","car",10.5,0.25,1.75,1.75
"88565/1001",NA,88565,3207,"30-34 years","female",21,11197,"Other",142.02326965332,142.02326965332,"car",0.25,10.46,"weekday",5,"20 to 39",">10km","car",10.46,0.25,1.75,1.75
"88565/1001",NA,88565,3207,"30-34 years","female",21,11198,"Other",142.02326965332,142.02326965332,"car",0.216666666666667,7.59,"weekday",6,"20 to 39","6-10km","car",7.59,0.216666666666667,1.51666666666667,1.51666666666667
"88565/1001",NA,88565,3207,"30-34 years","female",21,11199,"Other",142.02326965332,142.02326965332,"car",0.05,0.46,"weekday",7,"20 to 39","<1km","bicycle",0.46,0.0418181818181818,0.35,0.292727272727273
"88565/1001",NA,88565,3207,"30-34 years","female",21,11200,"Other",142.02326965332,142.02326965332,"car",0.25,7.75,"weekday",8,"20 to 39","6-10km","car",7.75,0.25,1.75,1.75
"88566/1000",NA,88566,3208,"40-44 years","female",21,11201,"Other",151.688049316406,151.688049316406,"car",0.1,2.48,"weekday",1,"40 to 64","3-5km","bicycle",2.48,0.225454545454545,0.7,1.57818181818182
"88566/1000",NA,88566,3208,"40-44 years","female",21,11202,"Work",151.688049316406,151.688049316406,"car",0.25,9.69,"weekday",2,"40 to 64","6-10km","car",9.69,0.25,1.75,1.75
"88566/1000",NA,88566,3208,"40-44 years","female",21,11203,"Other",151.688049316406,151.688049316406,"car",0.25,9.65,"weekday",3,"40 to 64","6-10km","car",9.65,0.25,1.75,1.75
"88566/1000",NA,88566,3208,"40-44 years","female",21,11204,"Other",151.688049316406,151.688049316406,"car",0.166666666666667,2.52,"weekday",4,"40 to 64","3-5km","bicycle",2.52,0.229090909090909,1.16666666666667,1.60363636363636
"88566/1001",NA,88566,3209,"40-44 years","male",21,11205,"Work",162.067153930664,162.067153930664,"car",0.75,20.52,"weekday",1,"40 to 64",">10km","car",20.52,0.75,5.25,5.25
"88566/1001",NA,88566,3209,"40-44 years","male",21,11206,"Work",162.067153930664,162.067153930664,"car",0.75,20.42,"weekday",2,"40 to 64",">10km","car",20.42,0.75,5.25,5.25
"88566/1002",NA,88566,3210,"15-19 years","female",21,11207,"Education",134.606628417969,134.606628417969,"walking",0.166666666666667,0.31,"weekday",1,"15 to 19","<1km","walking",0.31,0.166666666666667,1.16666666666667,1.16666666666667
"88566/1002",NA,88566,3210,"15-19 years","female",21,11208,"Education",134.606628417969,134.606628417969,"public.transport",0.2,2.85,"weekday",1,"15 to 19","3-5km","public.transport",2.85,0.2,1.4,1.4
"88566/1002",NA,88566,3210,"15-19 years","female",21,11209,"Education",134.606628417969,134.606628417969,"public.transport",0.666666666666667,14.34,"weekday",1,"15 to 19",">10km","public.transport",14.34,0.666666666666667,4.66666666666667,4.66666666666667
"88566/1002",NA,88566,3210,"15-19 years","female",21,11210,"Education",134.606628417969,134.606628417969,"public.transport",0.55,11.78,"weekday",1,"15 to 19",">10km","public.transport",11.78,0.55,3.85,3.85
"88566/1002",NA,88566,3210,"15-19 years","female",21,11211,"Education",134.606628417969,134.606628417969,"walking",0.0333333333333333,0.29,"weekday",1,"15 to 19","<1km","walking",0.29,0.0333333333333333,0.233333333333333,0.233333333333333
"88566/1002",NA,88566,3210,"15-19 years","female",21,11212,"Education",134.606628417969,134.606628417969,"walking",0.0333333333333333,0.26,"weekday",2,"15 to 19","<1km","walking",0.26,0.0333333333333333,0.233333333333333,0.233333333333333
"88566/1002",NA,88566,3210,"15-19 years","female",21,11213,"Education",134.606628417969,134.606628417969,"public.transport",0.2,9.18,"weekday",2,"15 to 19","6-10km","public.transport",9.18,0.2,1.4,1.4
"88566/1002",NA,88566,3210,"15-19 years","female",21,11214,"Education",134.606628417969,134.606628417969,"public.transport",0.133333333333333,2.55,"weekday",2,"15 to 19","3-5km","public.transport",2.55,0.133333333333333,0.933333333333333,0.933333333333333
"88566/1002",NA,88566,3210,"15-19 years","female",21,11215,"Education",134.606628417969,134.606628417969,"public.transport",0.2,15.44,"weekday",2,"15 to 19",">10km","public.transport",15.44,0.2,1.4,1.4
"88566/1002",NA,88566,3210,"15-19 years","female",21,11216,"Education",134.606628417969,134.606628417969,"walking",0.0833333333333333,0.31,"weekday",2,"15 to 19","<1km","walking",0.31,0.0833333333333333,0.583333333333333,0.583333333333333
"88568/1000",NA,88568,3211,"25-29 years","female",21,11217,"Work",90.3303756713867,90.3303756713867,"car",0.666666666666667,26.75,"weekday",1,"20 to 39",">10km","car",26.75,0.666666666666667,4.66666666666667,4.66666666666667
"88568/1000",NA,88568,3211,"25-29 years","female",21,11218,"Work",90.3303756713867,90.3303756713867,"car",0.75,26.77,"weekday",2,"20 to 39",">10km","car",26.77,0.75,5.25,5.25
"88568/1001",NA,88568,3212,"40-44 years","male",21,11219,"Work",83.0692977905273,83.0692977905273,"car",0.666666666666667,22.67,"weekday",1,"40 to 64",">10km","car",22.67,0.666666666666667,4.66666666666667,4.66666666666667
"88568/1001",NA,88568,3212,"40-44 years","male",21,11220,"Work",83.0692977905273,83.0692977905273,"car",0.75,22.46,"weekday",2,"40 to 64",">10km","car",22.46,0.75,5.25,5.25
"88569/1000",NA,88569,3213,"65-69 years","male",21,11221,"Shopping",91.5599975585938,91.5599975585938,"car",0.25,2.74,"weekday",1,"65 plus","3-5km","bicycle",2.74,0.249090909090909,1.75,1.74363636363636
"88569/1000",NA,88569,3213,"65-69 years","male",21,11222,"Shopping",91.5599975585938,91.5599975585938,"car",0.25,4.02,"weekday",2,"65 plus","3-5km","bicycle",4.02,0.365454545454545,1.75,2.55818181818182
"88569/1000",NA,88569,3213,"65-69 years","male",21,11223,"Leisure",91.5599975585938,91.5599975585938,"car",0.5,13.8,"weekday",3,"65 plus",">10km","car",13.8,0.5,3.5,3.5
"88569/1000",NA,88569,3213,"65-69 years","male",21,11224,"Leisure",91.5599975585938,91.5599975585938,"car",0.5,13.97,"weekday",4,"65 plus",">10km","car",13.97,0.5,3.5,3.5
"88569/1001",NA,88569,3214,"70-74 years","female",21,11225,"Shopping",74.8938827514648,74.8938827514648,"car",0.25,2.74,"weekday",1,"65 plus","3-5km","bicycle",2.74,0.249090909090909,1.75,1.74363636363636
"88569/1001",NA,88569,3214,"70-74 years","female",21,11226,"Shopping",74.8938827514648,74.8938827514648,"car",0.25,4.02,"weekday",2,"65 plus","3-5km","bicycle",4.02,0.365454545454545,1.75,2.55818181818182
"88569/1001",NA,88569,3214,"70-74 years","female",21,11227,"Shopping",74.8938827514648,74.8938827514648,"car",0.5,13.8,"weekday",3,"65 plus",">10km","car",13.8,0.5,3.5,3.5
"88569/1001",NA,88569,3214,"70-74 years","female",21,11228,"Shopping",74.8938827514648,74.8938827514648,"car",0.5,13.97,"weekday",4,"65 plus",">10km","car",13.97,0.5,3.5,3.5
"88660/1000",NA,88660,3215,"60-64 years","male",21,11229,"Work",143.074340820312,143.074340820312,"car",0.2,6.81,"weekday",1,"40 to 64","6-10km","car",6.81,0.2,1.4,1.4
"88660/1000",NA,88660,3215,"60-64 years","male",21,11230,"Work",143.074340820312,143.074340820312,"car",0.266666666666667,6.84,"weekday",2,"40 to 64","6-10km","car",6.84,0.266666666666667,1.86666666666667,1.86666666666667
"88660/1001",NA,88660,3216,"60-64 years","female",21,11232,"Shopping",156.893493652344,156.893493652344,"car",0.0833333333333333,1.03,"weekday",2,"40 to 64","1-2km","bicycle",1.03,0.0936363636363636,0.583333333333333,0.655454545454546
"88660/1001",NA,88660,3216,"60-64 years","female",21,11233,"Shopping",156.893493652344,156.893493652344,"car",0.0833333333333333,1.03,"weekday",3,"40 to 64","1-2km","bicycle",1.03,0.0936363636363636,0.583333333333333,0.655454545454546
"88662/1000",NA,88662,3217,"70-74 years","male",21,11234,"Shopping",152.162673950195,152.162673950195,"car",0.75,38.51,"weekday",1,"65 plus",">10km","car",38.51,0.75,5.25,5.25
"88662/1000",NA,88662,3217,"70-74 years","male",21,11235,"Shopping",152.162673950195,152.162673950195,"car",0.916666666666667,37.93,"weekday",2,"65 plus",">10km","car",37.93,0.916666666666667,6.41666666666667,6.41666666666667
"88662/1001",NA,88662,3218,"75-79 years","female",21,11236,"Shopping",181.604446411133,181.604446411133,"car",0.75,38.51,"weekday",1,"65 plus",">10km","car",38.51,0.75,5.25,5.25
"88662/1001",NA,88662,3218,"75-79 years","female",21,11237,"Shopping",181.604446411133,181.604446411133,"car",0.916666666666667,37.93,"weekday",2,"65 plus",">10km","car",37.93,0.916666666666667,6.41666666666667,6.41666666666667
"88663/1000",NA,88663,3219,"65-69 years","female",21,11238,"Work",158.535507202148,158.535507202148,"car",0.333333333333333,15.83,"weekday",1,"65 plus",">10km","car",15.83,0.333333333333333,2.33333333333333,2.33333333333333
"88663/1000",NA,88663,3219,"65-69 years","female",21,11239,"Work",158.535507202148,158.535507202148,"car",0.416666666666667,15.82,"weekday",2,"65 plus",">10km","car",15.82,0.416666666666667,2.91666666666667,2.91666666666667
"88663/1001",NA,88663,3220,"65-69 years","male",21,11240,"Shopping",151.590209960938,151.590209960938,"car",0.0833333333333333,1.93,"weekday",1,"65 plus","1-2km","bicycle",1.93,0.175454545454545,0.583333333333333,1.22818181818182
"88663/1001",NA,88663,3220,"65-69 years","male",21,11241,"Shopping",151.590209960938,151.590209960938,"car",0.0833333333333333,2.45,"weekday",2,"65 plus","3-5km","bicycle",2.45,0.222727272727273,0.583333333333333,1.55909090909091
"88665/1000",NA,88665,3221,"35-39 years","male",21,11242,"Other",347.083160400391,347.083160400391,"car",0.0833333333333333,0.94,"weekday",1,"20 to 39","<1km","bicycle",0.94,0.0854545454545454,0.583333333333333,0.598181818181818
"88665/1000",NA,88665,3221,"35-39 years","male",21,11243,"Other",347.083160400391,347.083160400391,"car",0.0833333333333333,0.94,"weekday",2,"20 to 39","<1km","bicycle",0.94,0.0854545454545454,0.583333333333333,0.598181818181818
"88665/1000",NA,88665,3221,"35-39 years","male",21,11244,"Other",347.083160400391,347.083160400391,"car",0.0833333333333333,0.94,"weekday",3,"20 to 39","<1km","bicycle",0.94,0.0854545454545454,0.583333333333333,0.598181818181818
"88665/1000",NA,88665,3221,"35-39 years","male",21,11245,"Other",347.083160400391,347.083160400391,"car",0.0833333333333333,0.94,"weekday",4,"20 to 39","<1km","bicycle",0.94,0.0854545454545454,0.583333333333333,0.598181818181818
"88667/1000",NA,88667,3222,"70-74 years","male",21,11246,"Other",194.17448425293,194.17448425293,"car",0.25,10.23,"weekday",1,"65 plus",">10km","car",10.23,0.25,1.75,1.75
"88667/1000",NA,88667,3222,"70-74 years","male",21,11247,"Other",194.17448425293,194.17448425293,"car",0.25,10.26,"weekday",2,"65 plus",">10km","car",10.26,0.25,1.75,1.75
"88669/1000",NA,88669,3223,"35-39 years","female",21,11248,"Work",320.457489013672,320.457489013672,"car",0.0333333333333333,1.03,"weekday",1,"20 to 39","1-2km","bicycle",1.03,0.0936363636363636,0.233333333333333,0.655454545454546
"88669/1000",NA,88669,3223,"35-39 years","female",21,11249,"Work",320.457489013672,320.457489013672,"public.transport",0.633333333333333,25.93,"weekday",1,"20 to 39",">10km","public.transport",25.93,0.633333333333333,4.43333333333333,4.43333333333333
"88669/1000",NA,88669,3223,"35-39 years","female",21,11250,"Work",320.457489013672,320.457489013672,"walking",0.166666666666667,0.4,"weekday",1,"20 to 39","<1km","walking",0.4,0.166666666666667,1.16666666666667,1.16666666666667
"88669/1000",NA,88669,3223,"35-39 years","female",21,11251,"Work",320.457489013672,320.457489013672,"walking",0.166666666666667,0.4,"weekday",2,"20 to 39","<1km","walking",0.4,0.166666666666667,1.16666666666667,1.16666666666667
"88669/1000",NA,88669,3223,"35-39 years","female",21,11252,"Work",320.457489013672,320.457489013672,"public.transport",0.666666666666667,25.93,"weekday",2,"20 to 39",">10km","public.transport",25.93,0.666666666666667,4.66666666666667,4.66666666666667
"88669/1000",NA,88669,3223,"35-39 years","female",21,11253,"Work",320.457489013672,320.457489013672,"car",0.05,1.03,"weekday",2,"20 to 39","1-2km","bicycle",1.03,0.0936363636363636,0.35,0.655454545454546
"88669/1001",NA,88669,3224,"40-44 years","male",21,11254,"Work",387.342620849609,387.342620849609,"car",0.166666666666667,6.67,"weekday",1,"40 to 64","6-10km","car",6.67,0.166666666666667,1.16666666666667,1.16666666666667
"88669/1001",NA,88669,3224,"40-44 years","male",21,11255,"Work",387.342620849609,387.342620849609,"car",0.266666666666667,6.7,"weekday",2,"40 to 64","6-10km","car",6.7,0.266666666666667,1.86666666666667,1.86666666666667
"88671/1000",NA,88671,3225,"80-84 years","male",21,11256,"Shopping",272.403411865234,272.403411865234,"walking",0.0833333333333333,0.22,"weekday",1,"65 plus","<1km","walking",0.22,0.0833333333333333,0.583333333333333,0.583333333333333
"88671/1000",NA,88671,3225,"80-84 years","male",21,11257,"Shopping",272.403411865234,272.403411865234,"public.transport",0.25,4.37,"weekday",1,"65 plus","3-5km","public.transport",4.37,0.25,1.75,1.75
"88671/1000",NA,88671,3225,"80-84 years","male",21,11258,"Shopping",272.403411865234,272.403411865234,"walking",0.05,0.61,"weekday",1,"65 plus","<1km","walking",0.61,0.05,0.35,0.35
"88671/1000",NA,88671,3225,"80-84 years","male",21,11259,"Shopping",272.403411865234,272.403411865234,"walking",0.05,0.61,"weekday",2,"65 plus","<1km","walking",0.61,0.05,0.35,0.35
"88671/1000",NA,88671,3225,"80-84 years","male",21,11260,"Shopping",272.403411865234,272.403411865234,"public.transport",0.25,4.41,"weekday",2,"65 plus","3-5km","public.transport",4.41,0.25,1.75,1.75
"88671/1000",NA,88671,3225,"80-84 years","male",21,11261,"Shopping",272.403411865234,272.403411865234,"walking",0.0833333333333333,0.22,"weekday",2,"65 plus","<1km","walking",0.22,0.0833333333333333,0.583333333333333,0.583333333333333
"88675/1001",NA,88675,3226,"65-69 years","female",21,11262,"Shopping",158.535507202148,158.535507202148,"car",0.5,13.45,"weekday",1,"65 plus",">10km","car",13.45,0.5,3.5,3.5
"88675/1001",NA,88675,3226,"65-69 years","female",21,11264,"Shopping",158.535507202148,158.535507202148,"car",0.333333333333333,13.49,"weekday",3,"65 plus",">10km","car",13.49,0.333333333333333,2.33333333333333,2.33333333333333
"88677/1000",NA,88677,3227,"70-74 years","female",21,11265,"Leisure",171.396911621094,171.396911621094,"car",0.433333333333333,24.23,"weekday",1,"65 plus",">10km","car",24.23,0.433333333333333,3.03333333333333,3.03333333333333
"88677/1000",NA,88677,3227,"70-74 years","female",21,11266,"Leisure",171.396911621094,171.396911621094,"car",0.483333333333333,24.85,"weekday",2,"65 plus",">10km","car",24.85,0.483333333333333,3.38333333333333,3.38333333333333
"88677/1000",NA,88677,3227,"70-74 years","female",21,11267,"Shopping",171.396911621094,171.396911621094,"car",0.5,21.55,"weekday",3,"65 plus",">10km","car",21.55,0.5,3.5,3.5
"88677/1000",NA,88677,3227,"70-74 years","female",21,11268,"Shopping",171.396911621094,171.396911621094,"car",0.666666666666667,21.55,"weekday",4,"65 plus",">10km","car",21.55,0.666666666666667,4.66666666666667,4.66666666666667
"88677/1001",NA,88677,3228,"75-79 years","male",21,11269,"Leisure",146.185394287109,146.185394287109,"car",0.433333333333333,24.23,"weekday",1,"65 plus",">10km","car",24.23,0.433333333333333,3.03333333333333,3.03333333333333
"88677/1001",NA,88677,3228,"75-79 years","male",21,11270,"Leisure",146.185394287109,146.185394287109,"car",0.483333333333333,24.85,"weekday",2,"65 plus",">10km","car",24.85,0.483333333333333,3.38333333333333,3.38333333333333
"88677/1001",NA,88677,3228,"75-79 years","male",21,11271,"Shopping",146.185394287109,146.185394287109,"car",0.5,21.55,"weekday",3,"65 plus",">10km","car",21.55,0.5,3.5,3.5
"88677/1001",NA,88677,3228,"75-79 years","male",21,11272,"Shopping",146.185394287109,146.185394287109,"car",0.666666666666667,21.55,"weekday",4,"65 plus",">10km","car",21.55,0.666666666666667,4.66666666666667,4.66666666666667
"88678/1000",NA,88678,3229,"65-69 years","male",21,11273,"Shopping",193.443954467773,193.443954467773,"car",0.166666666666667,4.86,"weekday",1,"65 plus","3-5km","bicycle",4.86,0.441818181818182,1.16666666666667,3.09272727272727
"88678/1000",NA,88678,3229,"65-69 years","male",21,11274,"Shopping",193.443954467773,193.443954467773,"car",0.166666666666667,4.83,"weekday",2,"65 plus","3-5km","bicycle",4.83,0.439090909090909,1.16666666666667,3.07363636363636
"88679/1001",NA,88679,3231,"30-34 years","female",21,11276,"Other",395.394561767578,395.394561767578,"car",0.0833333333333333,2.09,"weekday",1,"20 to 39","3-5km","bicycle",2.09,0.19,0.583333333333333,1.33
"88679/1001",NA,88679,3231,"30-34 years","female",21,11277,"Shopping",395.394561767578,395.394561767578,"car",0.333333333333333,6.92,"weekday",2,"20 to 39","6-10km","car",6.92,0.333333333333333,2.33333333333333,2.33333333333333
"88679/1001",NA,88679,3231,"30-34 years","female",21,11278,"Other",395.394561767578,395.394561767578,"car",0.333333333333333,9.16,"weekday",3,"20 to 39","6-10km","car",9.16,0.333333333333333,2.33333333333333,2.33333333333333
"88679/1001",NA,88679,3231,"30-34 years","female",21,11279,"Other",395.394561767578,395.394561767578,"car",0.0833333333333333,0.93,"weekday",4,"20 to 39","<1km","bicycle",0.93,0.0845454545454545,0.583333333333333,0.591818181818182
"88679/1001",NA,88679,3231,"30-34 years","female",21,11280,"Other",395.394561767578,395.394561767578,"car",0.2,4.09,"weekday",5,"20 to 39","3-5km","bicycle",4.09,0.371818181818182,1.4,2.60272727272727
"88679/1001",NA,88679,3231,"30-34 years","female",21,11281,"Other",395.394561767578,395.394561767578,"car",0.0833333333333333,2.14,"weekday",6,"20 to 39","3-5km","bicycle",2.14,0.194545454545455,0.583333333333333,1.36181818181818
"88681/1000",NA,88681,3232,"45-49 years","female",21,11282,"Work",519.730773925781,519.730773925781,"car",0.0333333333333333,1.04,"weekday",1,"40 to 64","1-2km","bicycle",1.04,0.0945454545454545,0.233333333333333,0.661818181818182
"88681/1000",NA,88681,3232,"45-49 years","female",21,11283,"Work",519.730773925781,519.730773925781,"public.transport",0.5,25.93,"weekday",1,"40 to 64",">10km","public.transport",25.93,0.5,3.5,3.5
"88681/1000",NA,88681,3232,"45-49 years","female",21,11284,"Work",519.730773925781,519.730773925781,"walking",0.25,0.87,"weekday",1,"40 to 64","<1km","walking",0.87,0.25,1.75,1.75
"88681/1000",NA,88681,3232,"45-49 years","female",21,11285,"Work",519.730773925781,519.730773925781,"walking",0.25,0.87,"weekday",2,"40 to 64","<1km","walking",0.87,0.25,1.75,1.75
"88681/1000",NA,88681,3232,"45-49 years","female",21,11286,"Work",519.730773925781,519.730773925781,"public.transport",0.416666666666667,25.93,"weekday",2,"40 to 64",">10km","public.transport",25.93,0.416666666666667,2.91666666666667,2.91666666666667
"88681/1000",NA,88681,3232,"45-49 years","female",21,11287,"Work",519.730773925781,519.730773925781,"car",0.0333333333333333,1.04,"weekday",2,"40 to 64","1-2km","bicycle",1.04,0.0945454545454545,0.233333333333333,0.661818181818182
"88681/1001",NA,88681,3233,"45-49 years","male",21,11288,"Work",533.046752929688,533.046752929688,"car",0.666666666666667,26.88,"weekday",1,"40 to 64",">10km","car",26.88,0.666666666666667,4.66666666666667,4.66666666666667
"88681/1001",NA,88681,3233,"45-49 years","male",21,11289,"Work",533.046752929688,533.046752929688,"car",1,26.38,"weekday",2,"40 to 64",">10km","car",26.38,1,7,7
"88681/1002",NA,88681,3234,"20-24 years","male",21,11290,"Education",1041.95043945312,1041.95043945312,"bicycle",0.416666666666667,3.78,"weekday",1,"20 to 39","3-5km","bicycle",3.78,0.416666666666667,2.91666666666667,2.91666666666667
"88681/1002",NA,88681,3234,"20-24 years","male",21,11291,"Education",1041.95043945312,1041.95043945312,"bicycle",0.416666666666667,3.78,"weekday",2,"20 to 39","3-5km","bicycle",3.78,0.416666666666667,2.91666666666667,2.91666666666667
"88681/1003",NA,88681,3235,"15-19 years","female",21,11292,"Education",547.904968261719,547.904968261719,"bicycle",0.416666666666667,3.78,"weekday",1,"15 to 19","3-5km","bicycle",3.78,0.416666666666667,2.91666666666667,2.91666666666667
"88681/1003",NA,88681,3235,"15-19 years","female",21,11293,"Education",547.904968261719,547.904968261719,"bicycle",0.416666666666667,3.78,"weekday",2,"15 to 19","3-5km","bicycle",3.78,0.416666666666667,2.91666666666667,2.91666666666667
"88681/1004",NA,88681,3236,"15-19 years","male",21,11294,"Education",431.189636230469,431.189636230469,"bicycle",0.416666666666667,3.78,"weekday",1,"15 to 19","3-5km","bicycle",3.78,0.416666666666667,2.91666666666667,2.91666666666667
"88681/1004",NA,88681,3236,"15-19 years","male",21,11295,"Education",431.189636230469,431.189636230469,"bicycle",0.416666666666667,3.78,"weekday",2,"15 to 19","3-5km","bicycle",3.78,0.416666666666667,2.91666666666667,2.91666666666667
"88682/1000",NA,88682,3237,"35-39 years","male",21,11296,"Shopping",203.367141723633,203.367141723633,"car",0.25,3.47,"weekday",1,"20 to 39","3-5km","bicycle",3.47,0.315454545454545,1.75,2.20818181818182
"88682/1000",NA,88682,3237,"35-39 years","male",21,11297,"Shopping",203.367141723633,203.367141723633,"car",0.25,3.39,"weekday",2,"20 to 39","3-5km","bicycle",3.39,0.308181818181818,1.75,2.15727272727273
"88687/1000",NA,88687,3238,"40-44 years","male",21,11298,"Work",283.161804199219,283.161804199219,"car",0.15,6.32,"weekday",1,"40 to 64","6-10km","car",6.32,0.15,1.05,1.05
"88687/1000",NA,88687,3238,"40-44 years","male",21,11299,"Work",283.161804199219,283.161804199219,"car",0.0833333333333333,6.35,"weekday",2,"40 to 64","6-10km","car",6.35,0.0833333333333333,0.583333333333333,0.583333333333333
"88687/1001",NA,88687,3239,"35-39 years","female",21,11301,"Leisure",234.266296386719,234.266296386719,"car",0.05,0.55,"weekday",2,"20 to 39","<1km","bicycle",0.55,0.05,0.35,0.35
"88687/1001",NA,88687,3239,"35-39 years","female",21,11302,"Leisure",234.266296386719,234.266296386719,"car",0.05,0.55,"weekday",3,"20 to 39","<1km","bicycle",0.55,0.05,0.35,0.35
"88688/1000",NA,88688,3240,"70-74 years","female",21,11303,"Shopping",218.71923828125,218.71923828125,"car",0.0833333333333333,3.2,"weekday",1,"65 plus","3-5km","bicycle",3.2,0.290909090909091,0.583333333333333,2.03636363636364
"88688/1000",NA,88688,3240,"70-74 years","female",21,11304,"Shopping",218.71923828125,218.71923828125,"car",0.05,1.87,"weekday",2,"65 plus","1-2km","bicycle",1.87,0.17,0.35,1.19
"88688/1000",NA,88688,3240,"70-74 years","female",21,11305,"Shopping",218.71923828125,218.71923828125,"car",0.0833333333333333,4.36,"weekday",3,"65 plus","3-5km","bicycle",4.36,0.396363636363636,0.583333333333333,2.77454545454545
"88688/1000",NA,88688,3240,"70-74 years","female",21,11306,"Other",218.71923828125,218.71923828125,"car",0.0833333333333333,4.21,"weekday",4,"65 plus","3-5km","bicycle",4.21,0.382727272727273,0.583333333333333,2.67909090909091
"88688/1000",NA,88688,3240,"70-74 years","female",21,11307,"Other",218.71923828125,218.71923828125,"car",0.15,4.19,"weekday",5,"65 plus","3-5km","bicycle",4.19,0.380909090909091,1.05,2.66636363636364
"88689/1000",NA,88689,3241,"35-39 years","female",21,11308,"Shopping",234.266296386719,234.266296386719,"car",0.0833333333333333,2.89,"weekday",1,"20 to 39","3-5km","bicycle",2.89,0.262727272727273,0.583333333333333,1.83909090909091
"88689/1000",NA,88689,3241,"35-39 years","female",21,11309,"Leisure",234.266296386719,234.266296386719,"car",0.25,3.59,"weekday",2,"20 to 39","3-5km","bicycle",3.59,0.326363636363636,1.75,2.28454545454545
"88689/1000",NA,88689,3241,"35-39 years","female",21,11310,"Leisure",234.266296386719,234.266296386719,"car",0.333333333333333,5.48,"weekday",3,"20 to 39","6-10km","car",5.48,0.333333333333333,2.33333333333333,2.33333333333333
"88689/1001",NA,88689,3242,"40-44 years","male",21,11311,"Work",283.161804199219,283.161804199219,"car",0.333333333333333,7.62,"weekday",1,"40 to 64","6-10km","car",7.62,0.333333333333333,2.33333333333333,2.33333333333333
"88689/1001",NA,88689,3242,"40-44 years","male",21,11312,"Other",283.161804199219,283.161804199219,"car",0.333333333333333,7.72,"weekday",2,"40 to 64","6-10km","car",7.72,0.333333333333333,2.33333333333333,2.33333333333333
"88689/1001",NA,88689,3242,"40-44 years","male",21,11314,"Shopping",283.161804199219,283.161804199219,"car",0.333333333333333,7.03,"weekday",4,"40 to 64","6-10km","car",7.03,0.333333333333333,2.33333333333333,2.33333333333333
"88689/1001",NA,88689,3242,"40-44 years","male",21,11315,"Other",283.161804199219,283.161804199219,"car",0.166666666666667,1.11,"weekday",5,"40 to 64","1-2km","bicycle",1.11,0.100909090909091,1.16666666666667,0.706363636363636
"88689/1001",NA,88689,3242,"40-44 years","male",21,11316,"Other",283.161804199219,283.161804199219,"car",0.333333333333333,7.62,"weekday",6,"40 to 64","6-10km","car",7.62,0.333333333333333,2.33333333333333,2.33333333333333
"88709/1000",NA,88709,3243,"30-34 years","female",21,11317,"Other",718.065612792969,718.065612792969,"car",0.0833333333333333,2.42,"weekday",1,"20 to 39","3-5km","bicycle",2.42,0.22,0.583333333333333,1.54
"88709/1000",NA,88709,3243,"30-34 years","female",21,11318,"Shopping",718.065612792969,718.065612792969,"car",0.25,6.03,"weekday",2,"20 to 39","6-10km","car",6.03,0.25,1.75,1.75
"88709/1000",NA,88709,3243,"30-34 years","female",21,11319,"Shopping",718.065612792969,718.065612792969,"car",0.25,6,"weekday",3,"20 to 39","6-10km","car",6,0.25,1.75,1.75
"88709/1000",NA,88709,3243,"30-34 years","female",21,11320,"Shopping",718.065612792969,718.065612792969,"walking",0.116666666666667,0.26,"weekday",4,"20 to 39","<1km","walking",0.26,0.116666666666667,0.816666666666667,0.816666666666667
"88709/1000",NA,88709,3243,"30-34 years","female",21,11321,"Shopping",718.065612792969,718.065612792969,"walking",0.166666666666667,0.26,"weekday",5,"20 to 39","<1km","walking",0.26,0.166666666666667,1.16666666666667,1.16666666666667
"88709/1001",NA,88709,3244,"30-34 years","male",21,11322,"Work",890.036010742188,890.036010742188,"car",0.166666666666667,8.73,"weekday",1,"20 to 39","6-10km","car",8.73,0.166666666666667,1.16666666666667,1.16666666666667
"88709/1001",NA,88709,3244,"30-34 years","male",21,11323,"Work",890.036010742188,890.036010742188,"walking",0.166666666666667,0.64,"weekday",1,"20 to 39","<1km","walking",0.64,0.166666666666667,1.16666666666667,1.16666666666667
"88709/1001",NA,88709,3244,"30-34 years","male",21,11324,"Work",890.036010742188,890.036010742188,"walking",0.166666666666667,0.64,"weekday",2,"20 to 39","<1km","walking",0.64,0.166666666666667,1.16666666666667,1.16666666666667
"88709/1001",NA,88709,3244,"30-34 years","male",21,11325,"Work",890.036010742188,890.036010742188,"car",0.25,5.83,"weekday",2,"20 to 39","6-10km","car",5.83,0.25,1.75,1.75
"88709/1001",NA,88709,3244,"30-34 years","male",21,11326,"Shopping",890.036010742188,890.036010742188,"walking",0.0833333333333333,0.26,"weekday",3,"20 to 39","<1km","walking",0.26,0.0833333333333333,0.583333333333333,0.583333333333333
"88709/1001",NA,88709,3244,"30-34 years","male",21,11327,"Shopping",890.036010742188,890.036010742188,"walking",0.0833333333333333,0.26,"weekday",4,"20 to 39","<1km","walking",0.26,0.0833333333333333,0.583333333333333,0.583333333333333
"88721/1000",NA,88721,3245,"35-39 years","male",21,11328,"Work",163.832672119141,163.832672119141,"car",0.416666666666667,20.68,"weekday",1,"20 to 39",">10km","car",20.68,0.416666666666667,2.91666666666667,2.91666666666667
"88721/1000",NA,88721,3245,"35-39 years","male",21,11329,"Work",163.832672119141,163.832672119141,"car",0.5,20.64,"weekday",2,"20 to 39",">10km","car",20.64,0.5,3.5,3.5
"88721/1001",NA,88721,3246,"30-34 years","female",21,11330,"Other",157.198715209961,157.198715209961,"car",0.0666666666666667,1.64,"weekday",1,"20 to 39","1-2km","bicycle",1.64,0.149090909090909,0.466666666666667,1.04363636363636
"88721/1001",NA,88721,3246,"30-34 years","female",21,11331,"Other",157.198715209961,157.198715209961,"car",0.0833333333333333,1.66,"weekday",2,"20 to 39","1-2km","bicycle",1.66,0.150909090909091,0.583333333333333,1.05636363636364
"88721/1001",NA,88721,3246,"30-34 years","female",21,11332,"Other",157.198715209961,157.198715209961,"car",0.0833333333333333,1.64,"weekday",3,"20 to 39","1-2km","bicycle",1.64,0.149090909090909,0.583333333333333,1.04363636363636
"88721/1001",NA,88721,3246,"30-34 years","female",21,11333,"Other",157.198715209961,157.198715209961,"car",0.0666666666666667,1.66,"weekday",4,"20 to 39","1-2km","bicycle",1.66,0.150909090909091,0.466666666666667,1.05636363636364
"88722/1000",NA,88722,3247,"45-49 years","female",21,11334,"Work",141.117370605469,141.117370605469,"car",1,46.63,"weekday",1,"40 to 64",">10km","car",46.63,1,7,7
"88723/1000",NA,88723,3248,"65-69 years","male",21,11335,"Leisure",125.863647460938,125.863647460938,"car",0.116666666666667,5.68,"weekday",1,"65 plus","6-10km","car",5.68,0.116666666666667,0.816666666666667,0.816666666666667
"88723/1000",NA,88723,3248,"65-69 years","male",21,11336,"Shopping",125.863647460938,125.863647460938,"car",0.166666666666667,2.14,"weekday",2,"65 plus","3-5km","bicycle",2.14,0.194545454545455,1.16666666666667,1.36181818181818
"88723/1000",NA,88723,3248,"65-69 years","male",21,11337,"Shopping",125.863647460938,125.863647460938,"car",0.0833333333333333,3.99,"weekday",3,"65 plus","3-5km","bicycle",3.99,0.362727272727273,0.583333333333333,2.53909090909091
"88725/1000",NA,88725,3249,"40-44 years","female",21,11338,"Work",175.531768798828,175.531768798828,"car",0.5,28.44,"weekday",1,"40 to 64",">10km","car",28.44,0.5,3.5,3.5
"88725/1000",NA,88725,3249,"40-44 years","female",21,11339,"Work",175.531768798828,175.531768798828,"car",0.583333333333333,29.33,"weekday",2,"40 to 64",">10km","car",29.33,0.583333333333333,4.08333333333333,4.08333333333333
"88725/1001",NA,88725,3250,"40-44 years","male",21,11340,"Other",129.676559448242,129.676559448242,"car",0.0833333333333333,3.53,"weekday",1,"40 to 64","3-5km","bicycle",3.53,0.320909090909091,0.583333333333333,2.24636363636364
"88725/1001",NA,88725,3250,"40-44 years","male",21,11341,"Work",129.676559448242,129.676559448242,"car",0.0833333333333333,2.83,"weekday",2,"40 to 64","3-5km","bicycle",2.83,0.257272727272727,0.583333333333333,1.80090909090909
"88725/1001",NA,88725,3250,"40-44 years","male",21,11342,"Work",129.676559448242,129.676559448242,"car",0.0833333333333333,2.29,"weekday",3,"40 to 64","3-5km","bicycle",2.29,0.208181818181818,0.583333333333333,1.45727272727273
"88728/1000",NA,88728,3251,"45-49 years","female",21,11343,"Work",141.117370605469,141.117370605469,"car",0.0833333333333333,3.47,"weekday",1,"40 to 64","3-5km","bicycle",3.47,0.315454545454545,0.583333333333333,2.20818181818182
"88728/1000",NA,88728,3251,"45-49 years","female",21,11344,"Work",141.117370605469,141.117370605469,"car",0.116666666666667,3.8,"weekday",2,"40 to 64","3-5km","bicycle",3.8,0.345454545454545,0.816666666666667,2.41818181818182
"88731/1000",NA,88731,3252,"20-24 years","male",21,11345,"Work",177.206741333008,177.206741333008,"car",0.45,18.17,"weekday",1,"20 to 39",">10km","car",18.17,0.45,3.15,3.15
"88731/1000",NA,88731,3252,"20-24 years","male",21,11346,"Work",177.206741333008,177.206741333008,"car",0.5,18.73,"weekday",2,"20 to 39",">10km","car",18.73,0.5,3.5,3.5
"88731/1000",NA,88731,3252,"20-24 years","male",21,11347,"Leisure",177.206741333008,177.206741333008,"car",0.0833333333333333,5.5,"weekday",3,"20 to 39","6-10km","car",5.5,0.0833333333333333,0.583333333333333,0.583333333333333
"88731/1000",NA,88731,3252,"20-24 years","male",21,11348,"Leisure",177.206741333008,177.206741333008,"car",0.0833333333333333,5.04,"weekday",4,"20 to 39","6-10km","car",5.04,0.0833333333333333,0.583333333333333,0.583333333333333
"88734/1000",NA,88734,3253,"25-29 years","male",21,11349,"Work",242.281494140625,242.281494140625,"car",0.416666666666667,22.29,"weekday",1,"20 to 39",">10km","car",22.29,0.416666666666667,2.91666666666667,2.91666666666667
"88734/1000",NA,88734,3253,"25-29 years","male",21,11350,"Work",242.281494140625,242.281494140625,"car",0.5,22.16,"weekday",2,"20 to 39",">10km","car",22.16,0.5,3.5,3.5
"88734/1001",NA,88734,3254,"30-34 years","female",21,11351,"Other",166.980453491211,166.980453491211,"car",0.116666666666667,3.53,"weekday",1,"20 to 39","3-5km","bicycle",3.53,0.320909090909091,0.816666666666667,2.24636363636364
"88734/1001",NA,88734,3254,"30-34 years","female",21,11352,"Other",166.980453491211,166.980453491211,"car",0.0833333333333333,3.34,"weekday",2,"20 to 39","3-5km","bicycle",3.34,0.303636363636364,0.583333333333333,2.12545454545455
"88734/1001",NA,88734,3254,"30-34 years","female",21,11353,"Other",166.980453491211,166.980453491211,"car",0.0833333333333333,3.53,"weekday",3,"20 to 39","3-5km","bicycle",3.53,0.320909090909091,0.583333333333333,2.24636363636364
"88734/1001",NA,88734,3254,"30-34 years","female",21,11354,"Other",166.980453491211,166.980453491211,"car",0.0833333333333333,3.34,"weekday",4,"20 to 39","3-5km","bicycle",3.34,0.303636363636364,0.583333333333333,2.12545454545455
"88735/1000",NA,88735,3255,"35-39 years","male",21,11355,"Work",124.57698059082,124.57698059082,"car",0.666666666666667,25.84,"weekday",1,"20 to 39",">10km","car",25.84,0.666666666666667,4.66666666666667,4.66666666666667
"88735/1000",NA,88735,3255,"35-39 years","male",21,11356,"Work",124.57698059082,124.57698059082,"car",0.5,25.73,"weekday",2,"20 to 39",">10km","car",25.73,0.5,3.5,3.5
"88736/1000",NA,88736,3256,"40-44 years","male",21,11357,"Work",129.676559448242,129.676559448242,"car",0.5,20.48,"weekday",1,"40 to 64",">10km","car",20.48,0.5,3.5,3.5
"88736/1000",NA,88736,3256,"40-44 years","male",21,11358,"Work",129.676559448242,129.676559448242,"car",0.583333333333333,20.87,"weekday",2,"40 to 64",">10km","car",20.87,0.583333333333333,4.08333333333333,4.08333333333333
"88736/1001",NA,88736,3257,"35-39 years","female",21,11359,"Leisure",134.685974121094,134.685974121094,"car",0.0833333333333333,2.96,"weekday",1,"20 to 39","3-5km","bicycle",2.96,0.269090909090909,0.583333333333333,1.88363636363636
"88736/1001",NA,88736,3257,"35-39 years","female",21,11360,"Leisure",134.685974121094,134.685974121094,"car",0.0833333333333333,3.29,"weekday",2,"20 to 39","3-5km","bicycle",3.29,0.299090909090909,0.583333333333333,2.09363636363636
"88736/1002",NA,88736,3258,"15-19 years","male",21,11361,"Education",203.738250732422,203.738250732422,"walking",0.25,1.05,"weekday",1,"15 to 19","1-2km","walking",1.05,0.25,1.75,1.75
"88736/1002",NA,88736,3258,"15-19 years","male",21,11362,"Other",203.738250732422,203.738250732422,"walking",0.166666666666667,1.03,"weekday",2,"15 to 19","1-2km","walking",1.03,0.166666666666667,1.16666666666667,1.16666666666667
"88736/1002",NA,88736,3258,"15-19 years","male",21,11363,"Other",203.738250732422,203.738250732422,"walking",0.0833333333333333,0.18,"weekday",3,"15 to 19","<1km","walking",0.18,0.0833333333333333,0.583333333333333,0.583333333333333
"88737/1000",NA,88737,3259,"65-69 years","female",21,11364,"Leisure",118.323799133301,118.323799133301,"walking",0.25,3.04,"weekday",1,"65 plus","3-5km","walking",3.04,0.25,1.75,1.75
"88737/1000",NA,88737,3259,"65-69 years","female",21,11365,"Leisure",118.323799133301,118.323799133301,"walking",0.25,3.04,"weekday",2,"65 plus","3-5km","walking",3.04,0.25,1.75,1.75
"88737/1001",NA,88737,3260,"65-69 years","male",21,11366,"Leisure",165.524780273438,165.524780273438,"walking",0.25,3.04,"weekday",1,"65 plus","3-5km","walking",3.04,0.25,1.75,1.75
"88737/1001",NA,88737,3260,"65-69 years","male",21,11367,"Leisure",165.524780273438,165.524780273438,"walking",0.25,3.04,"weekday",2,"65 plus","3-5km","walking",3.04,0.25,1.75,1.75
"88738/1000",NA,88738,3261,"30-34 years","female",21,11368,"Other",263.370697021484,263.370697021484,"car",0.0833333333333333,1.29,"weekday",1,"20 to 39","1-2km","bicycle",1.29,0.117272727272727,0.583333333333333,0.820909090909091
"88738/1000",NA,88738,3261,"30-34 years","female",21,11369,"Shopping",263.370697021484,263.370697021484,"car",0.0833333333333333,2.93,"weekday",2,"20 to 39","3-5km","bicycle",2.93,0.266363636363636,0.583333333333333,1.86454545454545
"88738/1000",NA,88738,3261,"30-34 years","female",21,11370,"Shopping",263.370697021484,263.370697021484,"car",0.166666666666667,3.99,"weekday",3,"20 to 39","3-5km","bicycle",3.99,0.362727272727273,1.16666666666667,2.53909090909091
"88738/1000",NA,88738,3261,"30-34 years","female",21,11371,"Other",263.370697021484,263.370697021484,"car",0.0833333333333333,1.29,"weekday",4,"20 to 39","1-2km","bicycle",1.29,0.117272727272727,0.583333333333333,0.820909090909091
"88738/1000",NA,88738,3261,"30-34 years","female",21,11372,"Other",263.370697021484,263.370697021484,"car",0.0833333333333333,1.01,"weekday",5,"20 to 39","1-2km","bicycle",1.01,0.0918181818181818,0.583333333333333,0.642727272727273
"88738/1001",NA,88738,3262,"30-34 years","male",21,11373,"Work",313.588012695312,313.588012695312,"car",0.0833333333333333,1.79,"weekday",1,"20 to 39","1-2km","bicycle",1.79,0.162727272727273,0.583333333333333,1.13909090909091
"88738/1001",NA,88738,3262,"30-34 years","male",21,11374,"Work",313.588012695312,313.588012695312,"car",0.0833333333333333,2.22,"weekday",2,"20 to 39","3-5km","bicycle",2.22,0.201818181818182,0.583333333333333,1.41272727272727
"88740/1001",NA,88740,3264,"50-54 years","male",21,11376,"Work",184.723663330078,184.723663330078,"car",0.5,14.5,"weekday",1,"40 to 64",">10km","car",14.5,0.5,3.5,3.5
"88740/1001",NA,88740,3264,"50-54 years","male",21,11377,"Work",184.723663330078,184.723663330078,"car",0.5,13.55,"weekday",2,"40 to 64",">10km","car",13.55,0.5,3.5,3.5
"88743/1000",NA,88743,3265,"25-29 years","male",21,11378,"Work",195.456893920898,195.456893920898,"car",0.0833333333333333,1.8,"weekday",1,"20 to 39","1-2km","bicycle",1.8,0.163636363636364,0.583333333333333,1.14545454545455
"88743/1000",NA,88743,3265,"25-29 years","male",21,11379,"Work",195.456893920898,195.456893920898,"car",0.0833333333333333,1.59,"weekday",2,"20 to 39","1-2km","bicycle",1.59,0.144545454545455,0.583333333333333,1.01181818181818
"88743/1001",NA,88743,3266,"25-29 years","male",21,11380,"Work",195.456893920898,195.456893920898,"car",0.0833333333333333,1.8,"weekday",1,"20 to 39","1-2km","bicycle",1.8,0.163636363636364,0.583333333333333,1.14545454545455
"88743/1001",NA,88743,3266,"25-29 years","male",21,11381,"Work",195.456893920898,195.456893920898,"car",0.0833333333333333,1.59,"weekday",2,"20 to 39","1-2km","bicycle",1.59,0.144545454545455,0.583333333333333,1.01181818181818
"88744/1000",NA,88744,3267,"25-29 years","male",21,11382,"Work",195.456893920898,195.456893920898,"car",0.25,5.64,"weekday",1,"20 to 39","6-10km","car",5.64,0.25,1.75,1.75
"88744/1000",NA,88744,3267,"25-29 years","male",21,11383,"Work",195.456893920898,195.456893920898,"car",0.166666666666667,5.74,"weekday",2,"20 to 39","6-10km","car",5.74,0.166666666666667,1.16666666666667,1.16666666666667
"88744/1001",NA,88744,3268,"25-29 years","female",21,11384,"Leisure",242.946258544922,242.946258544922,"walking",0.333333333333333,1.48,"weekday",1,"20 to 39","1-2km","walking",1.48,0.333333333333333,2.33333333333333,2.33333333333333
"88744/1001",NA,88744,3268,"25-29 years","female",21,11385,"Leisure",242.946258544922,242.946258544922,"walking",0.333333333333333,1.48,"weekday",2,"20 to 39","1-2km","walking",1.48,0.333333333333333,2.33333333333333,2.33333333333333
"88751/1000",NA,88751,3269,"25-29 years","male",21,11386,"Work",213.285980224609,213.285980224609,"car",0.75,43.59,"weekday",1,"20 to 39",">10km","car",43.59,0.75,5.25,5.25
"88751/1000",NA,88751,3269,"25-29 years","male",21,11387,"Work",213.285980224609,213.285980224609,"car",0.75,43.44,"weekday",2,"20 to 39",">10km","car",43.44,0.75,5.25,5.25
"88751/1001",NA,88751,3270,"25-29 years","male",21,11388,"Work",213.285980224609,213.285980224609,"car",0.5,18.57,"weekday",1,"20 to 39",">10km","car",18.57,0.5,3.5,3.5
"88751/1001",NA,88751,3270,"25-29 years","male",21,11389,"Work",213.285980224609,213.285980224609,"car",0.5,18.65,"weekday",2,"20 to 39",">10km","car",18.65,0.5,3.5,3.5
"88752/1000",NA,88752,3271,"80-84 years","male",21,11390,"Other",85.9947814941406,85.9947814941406,"car",1,32.4,"weekday",1,"65 plus",">10km","car",32.4,1,7,7
"88752/1000",NA,88752,3271,"80-84 years","male",21,11391,"Other",85.9947814941406,85.9947814941406,"car",1,32.48,"weekday",2,"65 plus",">10km","car",32.48,1,7,7
"88752/1001",NA,88752,3272,"80-84 years","female",21,11392,"Other",194.481582641602,194.481582641602,"car",1,32.4,"weekday",1,"65 plus",">10km","car",32.4,1,7,7
"88752/1001",NA,88752,3272,"80-84 years","female",21,11393,"Other",194.481582641602,194.481582641602,"car",1,32.48,"weekday",2,"65 plus",">10km","car",32.48,1,7,7
"88753/1000",NA,88753,3273,"80-84 years","male",21,11394,"Shopping",85.9947814941406,85.9947814941406,"car",0.333333333333333,7.57,"weekday",1,"65 plus","6-10km","car",7.57,0.333333333333333,2.33333333333333,2.33333333333333
"88753/1000",NA,88753,3273,"80-84 years","male",21,11395,"Shopping",85.9947814941406,85.9947814941406,"car",0.416666666666667,7.2,"weekday",2,"65 plus","6-10km","car",7.2,0.416666666666667,2.91666666666667,2.91666666666667
"88753/1000",NA,88753,3273,"80-84 years","male",21,11396,"Shopping",85.9947814941406,85.9947814941406,"car",0.25,5.9,"weekday",3,"65 plus","6-10km","car",5.9,0.25,1.75,1.75
"88753/1000",NA,88753,3273,"80-84 years","male",21,11397,"Shopping",85.9947814941406,85.9947814941406,"car",0.25,5.89,"weekday",4,"65 plus","6-10km","car",5.89,0.25,1.75,1.75
"88753/1001",NA,88753,3274,"80-84 years","female",21,11398,"Shopping",194.481582641602,194.481582641602,"car",0.25,5.9,"weekday",1,"65 plus","6-10km","car",5.9,0.25,1.75,1.75
"88753/1001",NA,88753,3274,"80-84 years","female",21,11399,"Shopping",194.481582641602,194.481582641602,"car",0.25,5.89,"weekday",2,"65 plus","6-10km","car",5.89,0.25,1.75,1.75
"88755/1000",NA,88755,3275,"55-59 years","female",21,11400,"Other",153.390121459961,153.390121459961,"car",0.5,36.59,"weekday",1,"40 to 64",">10km","car",36.59,0.5,3.5,3.5
"88755/1000",NA,88755,3275,"55-59 years","female",21,11401,"Other",153.390121459961,153.390121459961,"car",0.5,36.77,"weekday",2,"40 to 64",">10km","car",36.77,0.5,3.5,3.5
"88757/1000",NA,88757,3276,"60-64 years","male",21,11402,"Other",252.12272644043,252.12272644043,"walking",0.25,1.4,"weekday",1,"40 to 64","1-2km","walking",1.4,0.25,1.75,1.75
"88757/1000",NA,88757,3276,"60-64 years","male",21,11403,"Other",252.12272644043,252.12272644043,"walking",0.25,1.4,"weekday",2,"40 to 64","1-2km","walking",1.4,0.25,1.75,1.75
"88757/1001",NA,88757,3277,"65-69 years","female",21,11404,"Work",226.443054199219,226.443054199219,"car",0.75,29.53,"weekday",1,"65 plus",">10km","car",29.53,0.75,5.25,5.25
"88757/1001",NA,88757,3277,"65-69 years","female",21,11405,"Work",226.443054199219,226.443054199219,"car",0.75,29.41,"weekday",2,"65 plus",">10km","car",29.41,0.75,5.25,5.25
"88757/1002",NA,88757,3278,"30-34 years","female",21,11406,"Work",333.578796386719,333.578796386719,"car",0.333333333333333,7.15,"weekday",1,"20 to 39","6-10km","car",7.15,0.333333333333333,2.33333333333333,2.33333333333333
"88757/1002",NA,88757,3278,"30-34 years","female",21,11407,"Work",333.578796386719,333.578796386719,"car",0.333333333333333,7.22,"weekday",2,"20 to 39","6-10km","car",7.22,0.333333333333333,2.33333333333333,2.33333333333333
"88757/1003",NA,88757,3279,"30-34 years","male",21,11408,"Work",243.462539672852,243.462539672852,"car",0.75,43.93,"weekday",1,"20 to 39",">10km","car",43.93,0.75,5.25,5.25
"88757/1003",NA,88757,3279,"30-34 years","male",21,11409,"Work",243.462539672852,243.462539672852,"car",0.75,43.96,"weekday",2,"20 to 39",">10km","car",43.96,0.75,5.25,5.25
"88762/1000",NA,88762,3280,"45-49 years","male",21,11410,"Other",185.775009155273,185.775009155273,"car",0.5,12.33,"weekday",1,"40 to 64",">10km","car",12.33,0.5,3.5,3.5
"88762/1000",NA,88762,3280,"45-49 years","male",21,11411,"Other",185.775009155273,185.775009155273,"car",0.25,12.52,"weekday",2,"40 to 64",">10km","car",12.52,0.25,1.75,1.75
"88762/1000",NA,88762,3280,"45-49 years","male",21,11412,"Shopping",185.775009155273,185.775009155273,"car",0.166666666666667,5.33,"weekday",3,"40 to 64","6-10km","car",5.33,0.166666666666667,1.16666666666667,1.16666666666667
"88762/1000",NA,88762,3280,"45-49 years","male",21,11413,"Other",185.775009155273,185.775009155273,"car",0.25,7.36,"weekday",4,"40 to 64","6-10km","car",7.36,0.25,1.75,1.75
"88762/1000",NA,88762,3280,"45-49 years","male",21,11414,"Other",185.775009155273,185.775009155273,"car",0.333333333333333,7.39,"weekday",5,"40 to 64","6-10km","car",7.39,0.333333333333333,2.33333333333333,2.33333333333333
"88762/1000",NA,88762,3280,"45-49 years","male",21,11415,"Other",185.775009155273,185.775009155273,"car",0.25,12.33,"weekday",6,"40 to 64",">10km","car",12.33,0.25,1.75,1.75
"88762/1000",NA,88762,3280,"45-49 years","male",21,11416,"Other",185.775009155273,185.775009155273,"car",0.333333333333333,12.52,"weekday",7,"40 to 64",">10km","car",12.52,0.333333333333333,2.33333333333333,2.33333333333333
"88762/1001",NA,88762,3281,"45-49 years","female",21,11417,"Shopping",253.594482421875,253.594482421875,"car",0.166666666666667,5.33,"weekday",1,"40 to 64","6-10km","car",5.33,0.166666666666667,1.16666666666667,1.16666666666667
"88762/1001",NA,88762,3281,"45-49 years","female",21,11418,"Other",253.594482421875,253.594482421875,"car",0.25,7.36,"weekday",2,"40 to 64","6-10km","car",7.36,0.25,1.75,1.75
"88762/1001",NA,88762,3281,"45-49 years","female",21,11419,"Other",253.594482421875,253.594482421875,"car",0.333333333333333,7.39,"weekday",3,"40 to 64","6-10km","car",7.39,0.333333333333333,2.33333333333333,2.33333333333333
"88762/1001",NA,88762,3281,"45-49 years","female",21,11420,"Other",253.594482421875,253.594482421875,"car",0.25,12.33,"weekday",4,"40 to 64",">10km","car",12.33,0.25,1.75,1.75
"88762/1001",NA,88762,3281,"45-49 years","female",21,11421,"Other",253.594482421875,253.594482421875,"car",0.333333333333333,12.52,"weekday",5,"40 to 64",">10km","car",12.52,0.333333333333333,2.33333333333333,2.33333333333333
"88765/1000",NA,88765,3282,"20-24 years","female",21,11422,"Other",251.227233886719,251.227233886719,"car",0.166666666666667,7.01,"weekday",1,"20 to 39","6-10km","car",7.01,0.166666666666667,1.16666666666667,1.16666666666667
"88765/1000",NA,88765,3282,"20-24 years","female",21,11423,"Other",251.227233886719,251.227233886719,"car",0.166666666666667,7.2,"weekday",2,"20 to 39","6-10km","car",7.2,0.166666666666667,1.16666666666667,1.16666666666667
"88765/1000",NA,88765,3282,"20-24 years","female",21,11424,"Other",251.227233886719,251.227233886719,"car",0.3,15.18,"weekday",3,"20 to 39",">10km","car",15.18,0.3,2.1,2.1
"88765/1000",NA,88765,3282,"20-24 years","female",21,11425,"Other",251.227233886719,251.227233886719,"car",0.383333333333333,18.03,"weekday",4,"20 to 39",">10km","car",18.03,0.383333333333333,2.68333333333333,2.68333333333333
"88765/1000",NA,88765,3282,"20-24 years","female",21,11426,"Other",251.227233886719,251.227233886719,"car",0.366666666666667,7.2,"weekday",5,"20 to 39","6-10km","car",7.2,0.366666666666667,2.56666666666667,2.56666666666667
"88765/1001",NA,88765,3283,"20-24 years","male",21,11427,"Work",237.361145019531,237.361145019531,"car",0.166666666666667,7.01,"weekday",1,"20 to 39","6-10km","car",7.01,0.166666666666667,1.16666666666667,1.16666666666667
"88765/1001",NA,88765,3283,"20-24 years","male",21,11428,"Work",237.361145019531,237.361145019531,"car",0.366666666666667,7.2,"weekday",2,"20 to 39","6-10km","car",7.2,0.366666666666667,2.56666666666667,2.56666666666667
"88766/1000",NA,88766,3284,"75-79 years","male",21,11429,"Shopping",121.247848510742,121.247848510742,"car",0.166666666666667,10.67,"weekday",1,"65 plus",">10km","car",10.67,0.166666666666667,1.16666666666667,1.16666666666667
"88766/1000",NA,88766,3284,"75-79 years","male",21,11430,"Shopping",121.247848510742,121.247848510742,"car",0.166666666666667,10.75,"weekday",2,"65 plus",">10km","car",10.75,0.166666666666667,1.16666666666667,1.16666666666667
"88766/1001",NA,88766,3285,"70-74 years","female",21,11431,"Shopping",148.091735839844,148.091735839844,"car",0.166666666666667,10.67,"weekday",1,"65 plus",">10km","car",10.67,0.166666666666667,1.16666666666667,1.16666666666667
"88766/1001",NA,88766,3285,"70-74 years","female",21,11432,"Shopping",148.091735839844,148.091735839844,"car",0.166666666666667,10.75,"weekday",2,"65 plus",">10km","car",10.75,0.166666666666667,1.16666666666667,1.16666666666667
"88767/1001",NA,88767,3286,"45-49 years","female",21,11433,"Other",368.072875976562,368.072875976562,"car",0.5,9.67,"weekday",1,"40 to 64","6-10km","car",9.67,0.5,3.5,3.5
"88767/1001",NA,88767,3286,"45-49 years","female",21,11434,"Other",368.072875976562,368.072875976562,"car",0.416666666666667,7.9,"weekday",2,"40 to 64","6-10km","car",7.9,0.416666666666667,2.91666666666667,2.91666666666667
"88767/1001",NA,88767,3286,"45-49 years","female",21,11435,"Leisure",368.072875976562,368.072875976562,"car",0.166666666666667,3.85,"weekday",3,"40 to 64","3-5km","bicycle",3.85,0.35,1.16666666666667,2.45
"88767/1001",NA,88767,3286,"45-49 years","female",21,11436,"Other",368.072875976562,368.072875976562,"car",0.75,31.38,"weekday",4,"40 to 64",">10km","car",31.38,0.75,5.25,5.25
"88767/1001",NA,88767,3286,"45-49 years","female",21,11437,"Other",368.072875976562,368.072875976562,"car",0.833333333333333,31.42,"weekday",5,"40 to 64",">10km","car",31.42,0.833333333333333,5.83333333333333,5.83333333333333
"88767/1001",NA,88767,3286,"45-49 years","female",21,11438,"Other",368.072875976562,368.072875976562,"car",0.5,17.05,"weekday",6,"40 to 64",">10km","car",17.05,0.5,3.5,3.5
"88767/1001",NA,88767,3286,"45-49 years","female",21,11439,"Other",368.072875976562,368.072875976562,"car",0.3,9.67,"weekday",7,"40 to 64","6-10km","car",9.67,0.3,2.1,2.1
"88767/1001",NA,88767,3286,"45-49 years","female",21,11440,"Other",368.072875976562,368.072875976562,"car",0.366666666666667,9.9,"weekday",8,"40 to 64","6-10km","car",9.9,0.366666666666667,2.56666666666667,2.56666666666667
"88767/1002",NA,88767,3287,"15-19 years","male",21,11441,"Education",317.808868408203,317.808868408203,"car",0.5,9.67,"weekday",1,"15 to 19","6-10km","car",9.67,0.5,3.5,3.5
"88767/1002",NA,88767,3287,"15-19 years","male",21,11442,"Education",317.808868408203,317.808868408203,"car",0.366666666666667,9.9,"weekday",2,"15 to 19","6-10km","car",9.9,0.366666666666667,2.56666666666667,2.56666666666667
"88768/1000",NA,88768,3288,"25-29 years","female",21,11443,"Other",178.791854858398,178.791854858398,"car",0.166666666666667,3.82,"weekday",1,"20 to 39","3-5km","bicycle",3.82,0.347272727272727,1.16666666666667,2.43090909090909
"88768/1000",NA,88768,3288,"25-29 years","female",21,11444,"Work",178.791854858398,178.791854858398,"car",0.166666666666667,7.84,"weekday",2,"20 to 39","6-10km","car",7.84,0.166666666666667,1.16666666666667,1.16666666666667
"88768/1000",NA,88768,3288,"25-29 years","female",21,11445,"Other",178.791854858398,178.791854858398,"car",0.25,7.79,"weekday",3,"20 to 39","6-10km","car",7.79,0.25,1.75,1.75
"88768/1000",NA,88768,3288,"25-29 years","female",21,11446,"Other",178.791854858398,178.791854858398,"car",0.25,3.67,"weekday",4,"20 to 39","3-5km","bicycle",3.67,0.333636363636364,1.75,2.33545454545455
"88768/1001",NA,88768,3289,"30-34 years","male",21,11447,"Work",139.366546630859,139.366546630859,"car",0.166666666666667,7.79,"weekday",1,"20 to 39","6-10km","car",7.79,0.166666666666667,1.16666666666667,1.16666666666667
"88768/1001",NA,88768,3289,"30-34 years","male",21,11448,"Work",139.366546630859,139.366546630859,"car",0.333333333333333,7.69,"weekday",2,"20 to 39","6-10km","car",7.69,0.333333333333333,2.33333333333333,2.33333333333333
"88770/1000",NA,88770,3290,"25-29 years","male",21,11449,"Work",213.285980224609,213.285980224609,"car",1,37.48,"weekday",1,"20 to 39",">10km","car",37.48,1,7,7
"88770/1000",NA,88770,3290,"25-29 years","male",21,11450,"Work",213.285980224609,213.285980224609,"car",1,37.45,"weekday",2,"20 to 39",">10km","car",37.45,1,7,7
"88770/1000",NA,88770,3290,"25-29 years","male",21,11451,"Shopping",213.285980224609,213.285980224609,"car",0.166666666666667,1.96,"weekday",3,"20 to 39","1-2km","bicycle",1.96,0.178181818181818,1.16666666666667,1.24727272727273
"88770/1000",NA,88770,3290,"25-29 years","male",21,11452,"Shopping",213.285980224609,213.285980224609,"car",0.166666666666667,2.01,"weekday",4,"20 to 39","3-5km","bicycle",2.01,0.182727272727273,1.16666666666667,1.27909090909091
"88770/1001",NA,88770,3291,"20-24 years","female",21,11453,"Shopping",143.811325073242,143.811325073242,"car",0.166666666666667,1.96,"weekday",1,"20 to 39","1-2km","bicycle",1.96,0.178181818181818,1.16666666666667,1.24727272727273
"88770/1001",NA,88770,3291,"20-24 years","female",21,11454,"Shopping",143.811325073242,143.811325073242,"car",0.166666666666667,2.01,"weekday",2,"20 to 39","3-5km","bicycle",2.01,0.182727272727273,1.16666666666667,1.27909090909091
"88772/1000",NA,88772,3292,"40-44 years","female",21,11455,"Other",259.748474121094,259.748474121094,"car",0.75,19.7,"weekday",1,"40 to 64",">10km","car",19.7,0.75,5.25,5.25
"88772/1000",NA,88772,3292,"40-44 years","female",21,11456,"Work",259.748474121094,259.748474121094,"car",0.0333333333333333,0.27,"weekday",2,"40 to 64","<1km","bicycle",0.27,0.0245454545454545,0.233333333333333,0.171818181818182
"88772/1000",NA,88772,3292,"40-44 years","female",21,11457,"Other",259.748474121094,259.748474121094,"car",0.0333333333333333,1.14,"weekday",3,"40 to 64","1-2km","bicycle",1.14,0.103636363636364,0.233333333333333,0.725454545454545
"88772/1000",NA,88772,3292,"40-44 years","female",21,11458,"Other",259.748474121094,259.748474121094,"car",0.8,18.95,"weekday",4,"40 to 64",">10km","car",18.95,0.8,5.6,5.6
"88772/1000",NA,88772,3292,"40-44 years","female",21,11459,"Other",259.748474121094,259.748474121094,"car",0.25,2.1,"weekday",5,"40 to 64","3-5km","bicycle",2.1,0.190909090909091,1.75,1.33636363636364
"88772/1001",NA,88772,3293,"40-44 years","male",21,11460,"Other",369.611175537109,369.611175537109,"car",0.166666666666667,2.1,"weekday",1,"40 to 64","3-5km","bicycle",2.1,0.190909090909091,1.16666666666667,1.33636363636364
"88772/1001",NA,88772,3293,"40-44 years","male",21,11461,"Work",369.611175537109,369.611175537109,"car",0.766666666666667,17.82,"weekday",2,"40 to 64",">10km","car",17.82,0.766666666666667,5.36666666666667,5.36666666666667
"88772/1001",NA,88772,3293,"40-44 years","male",21,11462,"Work",369.611175537109,369.611175537109,"car",0.666666666666667,17.58,"weekday",3,"40 to 64",">10km","car",17.58,0.666666666666667,4.66666666666667,4.66666666666667
"88776/1000",NA,88776,3294,"30-34 years","female",21,11463,"Work",190.952270507812,190.952270507812,"car",1,30.45,"weekday",1,"20 to 39",">10km","car",30.45,1,7,7
"88776/1000",NA,88776,3294,"30-34 years","female",21,11464,"Work",190.952270507812,190.952270507812,"car",1,30.42,"weekday",2,"20 to 39",">10km","car",30.42,1,7,7
"88776/1001",NA,88776,3295,"30-34 years","male",21,11465,"Work",139.366546630859,139.366546630859,"car",0.75,27.17,"weekday",1,"20 to 39",">10km","car",27.17,0.75,5.25,5.25
"88776/1001",NA,88776,3295,"30-34 years","male",21,11466,"Work",139.366546630859,139.366546630859,"car",0.416666666666667,27.19,"weekday",2,"20 to 39",">10km","car",27.19,0.416666666666667,2.91666666666667,2.91666666666667
"88777/1000",NA,88777,3296,"60-64 years","female",21,11467,"Work",166.379119873047,166.379119873047,"car",0.416666666666667,23.11,"weekday",1,"40 to 64",">10km","car",23.11,0.416666666666667,2.91666666666667,2.91666666666667
"88777/1000",NA,88777,3296,"60-64 years","female",21,11468,"Work",166.379119873047,166.379119873047,"car",0.5,23.71,"weekday",2,"40 to 64",">10km","car",23.71,0.5,3.5,3.5
"88777/1001",NA,88777,3297,"60-64 years","male",21,11469,"Work",144.323944091797,144.323944091797,"car",0.416666666666667,21.83,"weekday",1,"40 to 64",">10km","car",21.83,0.416666666666667,2.91666666666667,2.91666666666667
"88777/1001",NA,88777,3297,"60-64 years","male",21,11470,"Work",144.323944091797,144.323944091797,"car",0.833333333333333,21.44,"weekday",2,"40 to 64",">10km","car",21.44,0.833333333333333,5.83333333333333,5.83333333333333
"88786/1000",NA,88786,3298,"60-64 years","female",21,11471,"Work",109.600570678711,109.600570678711,"car",0.0833333333333333,1.71,"weekday",1,"40 to 64","1-2km","bicycle",1.71,0.155454545454545,0.583333333333333,1.08818181818182
"88786/1000",NA,88786,3298,"60-64 years","female",21,11472,"Work",109.600570678711,109.600570678711,"public.transport",0.916666666666667,30.47,"weekday",1,"40 to 64",">10km","public.transport",30.47,0.916666666666667,6.41666666666667,6.41666666666667
"88786/1000",NA,88786,3298,"60-64 years","female",21,11473,"Work",109.600570678711,109.600570678711,"walking",0.333333333333333,1.46,"weekday",1,"40 to 64","1-2km","walking",1.46,0.333333333333333,2.33333333333333,2.33333333333333
"88786/1000",NA,88786,3298,"60-64 years","female",21,11474,"Shopping",109.600570678711,109.600570678711,"walking",0.333333333333333,1.46,"weekday",2,"40 to 64","1-2km","walking",1.46,0.333333333333333,2.33333333333333,2.33333333333333
"88786/1000",NA,88786,3298,"60-64 years","female",21,11475,"Shopping",109.600570678711,109.600570678711,"public.transport",1.08333333333333,30.47,"weekday",2,"40 to 64",">10km","public.transport",30.47,1.08333333333333,7.58333333333333,7.58333333333333
"88786/1000",NA,88786,3298,"60-64 years","female",21,11476,"Shopping",109.600570678711,109.600570678711,"car",0.25,2.49,"weekday",2,"40 to 64","3-5km","bicycle",2.49,0.226363636363636,1.75,1.58454545454545
"88786/1000",NA,88786,3298,"60-64 years","female",21,11477,"Shopping",109.600570678711,109.600570678711,"car",0.166666666666667,1.88,"weekday",3,"40 to 64","1-2km","bicycle",1.88,0.170909090909091,1.16666666666667,1.19636363636364
"88790/1000",NA,88790,3299,"50-54 years","male",21,11478,"Other",111.144454956055,111.144454956055,"car",0.25,6.24,"weekday",1,"40 to 64","6-10km","car",6.24,0.25,1.75,1.75
"88790/1000",NA,88790,3299,"50-54 years","male",21,11479,"Other",111.144454956055,111.144454956055,"car",0.333333333333333,6.29,"weekday",2,"40 to 64","6-10km","car",6.29,0.333333333333333,2.33333333333333,2.33333333333333
"88790/1000",NA,88790,3299,"50-54 years","male",21,11480,"Other",111.144454956055,111.144454956055,"car",0.0166666666666667,0.46,"weekday",3,"40 to 64","<1km","bicycle",0.46,0.0418181818181818,0.116666666666667,0.292727272727273
"88790/1000",NA,88790,3299,"50-54 years","male",21,11481,"Other",111.144454956055,111.144454956055,"car",0.0333333333333333,0.46,"weekday",4,"40 to 64","<1km","bicycle",0.46,0.0418181818181818,0.233333333333333,0.292727272727273
"88790/1000",NA,88790,3299,"50-54 years","male",21,11482,"Other",111.144454956055,111.144454956055,"car",0.25,6.39,"weekday",5,"40 to 64","6-10km","car",6.39,0.25,1.75,1.75
"88790/1000",NA,88790,3299,"50-54 years","male",21,11483,"Other",111.144454956055,111.144454956055,"car",0.25,6.31,"weekday",6,"40 to 64","6-10km","car",6.31,0.25,1.75,1.75
"88791/1000",NA,88791,3300,"60-64 years","female",21,11484,"Work",86.5198974609375,86.5198974609375,"car",0.5,19.4,"weekday",1,"40 to 64",">10km","car",19.4,0.5,3.5,3.5
"88791/1000",NA,88791,3300,"60-64 years","female",21,11485,"Work",86.5198974609375,86.5198974609375,"car",0.5,19.16,"weekday",2,"40 to 64",">10km","car",19.16,0.5,3.5,3.5
"88791/1002",NA,88791,3301,"55-59 years","male",21,11486,"Work",86.312614440918,86.312614440918,"car",0.75,46.58,"weekday",1,"40 to 64",">10km","car",46.58,0.75,5.25,5.25
"88791/1002",NA,88791,3301,"55-59 years","male",21,11487,"Work",86.312614440918,86.312614440918,"car",0.75,46.59,"weekday",2,"40 to 64",">10km","car",46.59,0.75,5.25,5.25
"88792/1000",NA,88792,3302,"60-64 years","female",21,11489,"Leisure",132.794357299805,132.794357299805,"car",0.333333333333333,9.39,"weekday",2,"40 to 64","6-10km","car",9.39,0.333333333333333,2.33333333333333,2.33333333333333
"88792/1000",NA,88792,3302,"60-64 years","female",21,11490,"Leisure",132.794357299805,132.794357299805,"car",0.333333333333333,9.37,"weekday",3,"40 to 64","6-10km","car",9.37,0.333333333333333,2.33333333333333,2.33333333333333
"88792/1000",NA,88792,3302,"60-64 years","female",21,11491,"Other",132.794357299805,132.794357299805,"car",0.166666666666667,6.32,"weekday",4,"40 to 64","6-10km","car",6.32,0.166666666666667,1.16666666666667,1.16666666666667
"88792/1000",NA,88792,3302,"60-64 years","female",21,11492,"Other",132.794357299805,132.794357299805,"car",0.166666666666667,6.38,"weekday",5,"40 to 64","6-10km","car",6.38,0.166666666666667,1.16666666666667,1.16666666666667
"88792/1001",NA,88792,3303,"60-64 years","male",21,11493,"Leisure",143.564193725586,143.564193725586,"car",0.333333333333333,9.39,"weekday",1,"40 to 64","6-10km","car",9.39,0.333333333333333,2.33333333333333,2.33333333333333
"88792/1001",NA,88792,3303,"60-64 years","male",21,11494,"Leisure",143.564193725586,143.564193725586,"car",0.333333333333333,9.37,"weekday",2,"40 to 64","6-10km","car",9.37,0.333333333333333,2.33333333333333,2.33333333333333
"88792/1002",NA,88792,3304,"30-34 years","female",21,11495,"Leisure",111.729713439941,111.729713439941,"car",0.166666666666667,5.14,"weekday",1,"20 to 39","6-10km","car",5.14,0.166666666666667,1.16666666666667,1.16666666666667
"88792/1002",NA,88792,3304,"30-34 years","female",21,11496,"Leisure",111.729713439941,111.729713439941,"car",0.166666666666667,5.87,"weekday",2,"20 to 39","6-10km","car",5.87,0.166666666666667,1.16666666666667,1.16666666666667
"88792/1002",NA,88792,3304,"30-34 years","female",21,11497,"Other",111.729713439941,111.729713439941,"car",0.166666666666667,6.32,"weekday",3,"20 to 39","6-10km","car",6.32,0.166666666666667,1.16666666666667,1.16666666666667
"88792/1002",NA,88792,3304,"30-34 years","female",21,11498,"Other",111.729713439941,111.729713439941,"car",0.166666666666667,6.38,"weekday",4,"20 to 39","6-10km","car",6.38,0.166666666666667,1.16666666666667,1.16666666666667
"88794/1000",NA,88794,3305,"55-59 years","male",21,11499,"Work",168.394836425781,168.394836425781,"car",0.5,15.38,"weekday",1,"40 to 64",">10km","car",15.38,0.5,3.5,3.5
"88794/1000",NA,88794,3305,"55-59 years","male",21,11500,"Work",168.394836425781,168.394836425781,"car",0.5,15.27,"weekday",2,"40 to 64",">10km","car",15.27,0.5,3.5,3.5
"88794/1000",NA,88794,3305,"55-59 years","male",21,11501,"Leisure",168.394836425781,168.394836425781,"bicycle",1,10.72,"weekday",3,"40 to 64",">10km","bicycle",10.72,1,7,7
"88794/1000",NA,88794,3305,"55-59 years","male",21,11502,"Leisure",168.394836425781,168.394836425781,"bicycle",1,10.72,"weekday",4,"40 to 64",">10km","bicycle",10.72,1,7,7
"88794/1000",NA,88794,3305,"55-59 years","male",21,11503,"Leisure",168.394836425781,168.394836425781,"car",0.166666666666667,4.92,"weekday",5,"40 to 64","3-5km","bicycle",4.92,0.447272727272727,1.16666666666667,3.13090909090909
"88794/1000",NA,88794,3305,"55-59 years","male",21,11504,"Leisure",168.394836425781,168.394836425781,"car",0.133333333333333,4.92,"weekday",6,"40 to 64","3-5km","bicycle",4.92,0.447272727272727,0.933333333333333,3.13090909090909
"88794/1001",NA,88794,3306,"45-49 years","female",21,11505,"Work",163.545227050781,163.545227050781,"car",0.466666666666667,15.38,"weekday",1,"40 to 64",">10km","car",15.38,0.466666666666667,3.26666666666667,3.26666666666667
"88794/1001",NA,88794,3306,"45-49 years","female",21,11506,"Work",163.545227050781,163.545227050781,"car",0.5,15.27,"weekday",2,"40 to 64",">10km","car",15.27,0.5,3.5,3.5
"88794/1002",NA,88794,3307,"15-19 years","male",21,11507,"Education",217.791061401367,217.791061401367,"bicycle",0.133333333333333,1.87,"weekday",1,"15 to 19","1-2km","bicycle",1.87,0.133333333333333,0.933333333333333,0.933333333333333
"88794/1002",NA,88794,3307,"15-19 years","male",21,11508,"Education",217.791061401367,217.791061401367,"public.transport",0.8,8.64,"weekday",1,"15 to 19","6-10km","public.transport",8.64,0.8,5.6,5.6
"88794/1002",NA,88794,3307,"15-19 years","male",21,11509,"Education",217.791061401367,217.791061401367,"walking",0.166666666666667,0.77,"weekday",1,"15 to 19","<1km","walking",0.77,0.166666666666667,1.16666666666667,1.16666666666667
"88794/1002",NA,88794,3307,"15-19 years","male",21,11510,"Education",217.791061401367,217.791061401367,"walking",0.0833333333333333,0.77,"weekday",2,"15 to 19","<1km","walking",0.77,0.0833333333333333,0.583333333333333,0.583333333333333
"88794/1002",NA,88794,3307,"15-19 years","male",21,11511,"Education",217.791061401367,217.791061401367,"public.transport",0.333333333333333,8.64,"weekday",2,"15 to 19","6-10km","public.transport",8.64,0.333333333333333,2.33333333333333,2.33333333333333
"88794/1002",NA,88794,3307,"15-19 years","male",21,11512,"Education",217.791061401367,217.791061401367,"bicycle",0.15,1.87,"weekday",2,"15 to 19","1-2km","bicycle",1.87,0.15,1.05,1.05
"88794/1002",NA,88794,3307,"15-19 years","male",21,11513,"Leisure",217.791061401367,217.791061401367,"car",0.166666666666667,4.92,"weekday",3,"15 to 19","3-5km","bicycle",4.92,0.447272727272727,1.16666666666667,3.13090909090909
"88794/1002",NA,88794,3307,"15-19 years","male",21,11514,"Leisure",217.791061401367,217.791061401367,"car",0.133333333333333,4.92,"weekday",4,"15 to 19","3-5km","bicycle",4.92,0.447272727272727,0.933333333333333,3.13090909090909
"88797/1000",NA,88797,3308,"75-79 years","male",21,11515,"Shopping",96.7556304931641,96.7556304931641,"car",0.166666666666667,1.14,"weekday",1,"65 plus","1-2km","bicycle",1.14,0.103636363636364,1.16666666666667,0.725454545454545
"88797/1000",NA,88797,3308,"75-79 years","male",21,11516,"Shopping",96.7556304931641,96.7556304931641,"car",0.166666666666667,1.32,"weekday",2,"65 plus","1-2km","bicycle",1.32,0.12,1.16666666666667,0.84
"88797/1000",NA,88797,3308,"75-79 years","male",21,11517,"Other",96.7556304931641,96.7556304931641,"car",0.333333333333333,9.15,"weekday",3,"65 plus","6-10km","car",9.15,0.333333333333333,2.33333333333333,2.33333333333333
"88797/1000",NA,88797,3308,"75-79 years","male",21,11518,"Other",96.7556304931641,96.7556304931641,"car",0.333333333333333,9.1,"weekday",4,"65 plus","6-10km","car",9.1,0.333333333333333,2.33333333333333,2.33333333333333
"88799/1000",NA,88799,3309,"70-74 years","male",21,11519,"Other",68.7407379150391,68.7407379150391,"car",0.0833333333333333,1.65,"weekday",1,"65 plus","1-2km","bicycle",1.65,0.15,0.583333333333333,1.05
"88799/1000",NA,88799,3309,"70-74 years","male",21,11520,"Other",68.7407379150391,68.7407379150391,"car",0.0833333333333333,1.66,"weekday",2,"65 plus","1-2km","bicycle",1.66,0.150909090909091,0.583333333333333,1.05636363636364
"88799/1000",NA,88799,3309,"70-74 years","male",21,11521,"Other",68.7407379150391,68.7407379150391,"car",0.0833333333333333,1.65,"weekday",3,"65 plus","1-2km","bicycle",1.65,0.15,0.583333333333333,1.05
"88799/1000",NA,88799,3309,"70-74 years","male",21,11522,"Other",68.7407379150391,68.7407379150391,"car",0.133333333333333,1.66,"weekday",4,"65 plus","1-2km","bicycle",1.66,0.150909090909091,0.933333333333333,1.05636363636364
"88799/1000",NA,88799,3309,"70-74 years","male",21,11523,"Other",68.7407379150391,68.7407379150391,"car",0.25,6.38,"weekday",5,"65 plus","6-10km","car",6.38,0.25,1.75,1.75
"88799/1000",NA,88799,3309,"70-74 years","male",21,11524,"Other",68.7407379150391,68.7407379150391,"car",0.333333333333333,6.28,"weekday",6,"65 plus","6-10km","car",6.28,0.333333333333333,2.33333333333333,2.33333333333333
"88799/1000",NA,88799,3309,"70-74 years","male",21,11525,"Other",68.7407379150391,68.7407379150391,"car",0.25,6.38,"weekday",7,"65 plus","6-10km","car",6.38,0.25,1.75,1.75
"88799/1000",NA,88799,3309,"70-74 years","male",21,11526,"Other",68.7407379150391,68.7407379150391,"car",0.25,6.28,"weekday",8,"65 plus","6-10km","car",6.28,0.25,1.75,1.75
"88799/1001",NA,88799,3310,"70-74 years","female",21,11527,"Other",74.8938827514648,74.8938827514648,"car",0.0833333333333333,1.65,"weekday",1,"65 plus","1-2km","bicycle",1.65,0.15,0.583333333333333,1.05
"88799/1001",NA,88799,3310,"70-74 years","female",21,11528,"Other",74.8938827514648,74.8938827514648,"public.transport",0.816666666666667,27.79,"weekday",1,"65 plus",">10km","public.transport",27.79,0.816666666666667,5.71666666666667,5.71666666666667
"88799/1001",NA,88799,3310,"70-74 years","female",21,11529,"Other",74.8938827514648,74.8938827514648,"walking",0.0833333333333333,0.46,"weekday",1,"65 plus","<1km","walking",0.46,0.0833333333333333,0.583333333333333,0.583333333333333
"88799/1001",NA,88799,3310,"70-74 years","female",21,11530,"Other",74.8938827514648,74.8938827514648,"walking",0.0833333333333333,0.46,"weekday",2,"65 plus","<1km","walking",0.46,0.0833333333333333,0.583333333333333,0.583333333333333
"88799/1001",NA,88799,3310,"70-74 years","female",21,11531,"Other",74.8938827514648,74.8938827514648,"public.transport",0.833333333333333,27.79,"weekday",2,"65 plus",">10km","public.transport",27.79,0.833333333333333,5.83333333333333,5.83333333333333
"88799/1001",NA,88799,3310,"70-74 years","female",21,11532,"Other",74.8938827514648,74.8938827514648,"car",0.133333333333333,1.66,"weekday",2,"65 plus","1-2km","bicycle",1.66,0.150909090909091,0.933333333333333,1.05636363636364
"88799/1001",NA,88799,3310,"70-74 years","female",21,11533,"Work",74.8938827514648,74.8938827514648,"car",0.25,6.38,"weekday",3,"65 plus","6-10km","car",6.38,0.25,1.75,1.75
"88799/1001",NA,88799,3310,"70-74 years","female",21,11534,"Work",74.8938827514648,74.8938827514648,"car",0.25,6.28,"weekday",4,"65 plus","6-10km","car",6.28,0.25,1.75,1.75
"88802/1000",NA,88802,3311,"60-64 years","male",21,11535,"Other",182.489120483398,182.489120483398,"car",0.5,16.45,"weekday",1,"40 to 64",">10km","car",16.45,0.5,3.5,3.5
"88802/1000",NA,88802,3311,"60-64 years","male",21,11536,"Other",182.489120483398,182.489120483398,"car",0.583333333333333,16.23,"weekday",2,"40 to 64",">10km","car",16.23,0.583333333333333,4.08333333333333,4.08333333333333
"88802/1000",NA,88802,3311,"60-64 years","male",21,11537,"Other",182.489120483398,182.489120483398,"car",0.366666666666667,8.96,"weekday",3,"40 to 64","6-10km","car",8.96,0.366666666666667,2.56666666666667,2.56666666666667
"88802/1000",NA,88802,3311,"60-64 years","male",21,11538,"Other",182.489120483398,182.489120483398,"car",0.4,8.94,"weekday",4,"40 to 64","6-10km","car",8.94,0.4,2.8,2.8
"88802/1000",NA,88802,3311,"60-64 years","male",21,11539,"Leisure",182.489120483398,182.489120483398,"car",0.0833333333333333,1.53,"weekday",5,"40 to 64","1-2km","bicycle",1.53,0.139090909090909,0.583333333333333,0.973636363636364
"88802/1000",NA,88802,3311,"60-64 years","male",21,11540,"Leisure",182.489120483398,182.489120483398,"car",0.166666666666667,1.53,"weekday",6,"40 to 64","1-2km","bicycle",1.53,0.139090909090909,1.16666666666667,0.973636363636364
"88802/1001",NA,88802,3312,"60-64 years","female",21,11541,"Other",168.799240112305,168.799240112305,"car",0.0833333333333333,1.96,"weekday",1,"40 to 64","1-2km","bicycle",1.96,0.178181818181818,0.583333333333333,1.24727272727273
"88802/1001",NA,88802,3312,"60-64 years","female",21,11542,"Other",168.799240112305,168.799240112305,"car",0.0833333333333333,1.91,"weekday",2,"40 to 64","1-2km","bicycle",1.91,0.173636363636364,0.583333333333333,1.21545454545455
"88802/1001",NA,88802,3312,"60-64 years","female",21,11543,"Other",168.799240112305,168.799240112305,"car",0.0833333333333333,1.96,"weekday",3,"40 to 64","1-2km","bicycle",1.96,0.178181818181818,0.583333333333333,1.24727272727273
"88802/1001",NA,88802,3312,"60-64 years","female",21,11544,"Shopping",168.799240112305,168.799240112305,"car",0.0166666666666667,0.38,"weekday",4,"40 to 64","<1km","bicycle",0.38,0.0345454545454545,0.116666666666667,0.241818181818182
"88802/1001",NA,88802,3312,"60-64 years","female",21,11545,"Shopping",168.799240112305,168.799240112305,"car",0.0833333333333333,2.08,"weekday",5,"40 to 64","3-5km","bicycle",2.08,0.189090909090909,0.583333333333333,1.32363636363636
"88802/1002",NA,88802,3313,"35-39 years","female",21,11546,"Work",136.559432983398,136.559432983398,"car",0.666666666666667,19.88,"weekday",1,"20 to 39",">10km","car",19.88,0.666666666666667,4.66666666666667,4.66666666666667
"88802/1002",NA,88802,3313,"35-39 years","female",21,11547,"Work",136.559432983398,136.559432983398,"car",0.583333333333333,19.74,"weekday",2,"20 to 39",">10km","car",19.74,0.583333333333333,4.08333333333333,4.08333333333333
"88805/1000",NA,88805,3314,"30-34 years","male",21,11548,"Work",94.9313201904297,94.9313201904297,"car",0.333333333333333,11.64,"weekday",1,"20 to 39",">10km","car",11.64,0.333333333333333,2.33333333333333,2.33333333333333
"88805/1000",NA,88805,3314,"30-34 years","male",21,11549,"Work",94.9313201904297,94.9313201904297,"car",0.333333333333333,11.57,"weekday",2,"20 to 39",">10km","car",11.57,0.333333333333333,2.33333333333333,2.33333333333333
"88805/1001",NA,88805,3315,"25-29 years","female",21,11550,"Shopping",90.3303756713867,90.3303756713867,"car",0.25,6.24,"weekday",1,"20 to 39","6-10km","car",6.24,0.25,1.75,1.75
"88805/1001",NA,88805,3315,"25-29 years","female",21,11551,"Shopping",90.3303756713867,90.3303756713867,"car",0.25,5.75,"weekday",2,"20 to 39","6-10km","car",5.75,0.25,1.75,1.75
"88806/1000",NA,88806,3316,"40-44 years","male",21,11553,"Work",105.229461669922,105.229461669922,"car",0.25,8.14,"weekday",1,"40 to 64","6-10km","car",8.14,0.25,1.75,1.75
"88806/1000",NA,88806,3316,"40-44 years","male",21,11554,"Shopping",105.229461669922,105.229461669922,"car",0.333333333333333,9.22,"weekday",2,"40 to 64","6-10km","car",9.22,0.333333333333333,2.33333333333333,2.33333333333333
"88806/1000",NA,88806,3316,"40-44 years","male",21,11555,"Shopping",105.229461669922,105.229461669922,"car",0.0833333333333333,1.45,"weekday",3,"40 to 64","1-2km","bicycle",1.45,0.131818181818182,0.583333333333333,0.922727272727273
"88808/1000",NA,88808,3317,"55-59 years","female",21,11556,"Work",145.776504516602,145.776504516602,"car",0.666666666666667,34.47,"weekday",1,"40 to 64",">10km","car",34.47,0.666666666666667,4.66666666666667,4.66666666666667
"88808/1000",NA,88808,3317,"55-59 years","female",21,11557,"Work",145.776504516602,145.776504516602,"car",0.8,30.96,"weekday",2,"40 to 64",">10km","car",30.96,0.8,5.6,5.6
"88808/1001",NA,88808,3318,"55-59 years","male",21,11558,"Work",132.476211547852,132.476211547852,"car",0.333333333333333,13.76,"weekday",1,"40 to 64",">10km","car",13.76,0.333333333333333,2.33333333333333,2.33333333333333
"88808/1001",NA,88808,3318,"55-59 years","male",21,11559,"Work",132.476211547852,132.476211547852,"car",0.333333333333333,13.67,"weekday",2,"40 to 64",">10km","car",13.67,0.333333333333333,2.33333333333333,2.33333333333333
"88808/1002",NA,88808,3319,"20-24 years","female",21,11560,"Work",140.641052246094,140.641052246094,"car",0.25,5.85,"weekday",1,"20 to 39","6-10km","car",5.85,0.25,1.75,1.75
"88808/1002",NA,88808,3319,"20-24 years","female",21,11561,"Work",140.641052246094,140.641052246094,"car",0.25,5.77,"weekday",2,"20 to 39","6-10km","car",5.77,0.25,1.75,1.75
"88900/1000",NA,88900,3320,"65-69 years","male",21,11562,"Other",151.590209960938,151.590209960938,"car",0.166666666666667,2.42,"weekday",1,"65 plus","3-5km","bicycle",2.42,0.22,1.16666666666667,1.54
"88900/1000",NA,88900,3320,"65-69 years","male",21,11563,"Shopping",151.590209960938,151.590209960938,"car",0.133333333333333,1.29,"weekday",2,"65 plus","1-2km","bicycle",1.29,0.117272727272727,0.933333333333333,0.820909090909091
"88900/1000",NA,88900,3320,"65-69 years","male",21,11564,"Other",151.590209960938,151.590209960938,"car",0.0833333333333333,4.23,"weekday",3,"65 plus","3-5km","bicycle",4.23,0.384545454545455,0.583333333333333,2.69181818181818
"88900/1000",NA,88900,3320,"65-69 years","male",21,11565,"Other",151.590209960938,151.590209960938,"car",0.25,2.54,"weekday",4,"65 plus","3-5km","bicycle",2.54,0.230909090909091,1.75,1.61636363636364
"88900/1000",NA,88900,3320,"65-69 years","male",21,11567,"Shopping",151.590209960938,151.590209960938,"car",0.166666666666667,3.64,"weekday",6,"65 plus","3-5km","bicycle",3.64,0.330909090909091,1.16666666666667,2.31636363636364
"88903/1000",NA,88903,3321,"65-69 years","female",21,11568,"Other",158.535507202148,158.535507202148,"car",0.166666666666667,3.68,"weekday",1,"65 plus","3-5km","bicycle",3.68,0.334545454545455,1.16666666666667,2.34181818181818
"88903/1000",NA,88903,3321,"65-69 years","female",21,11569,"Other",158.535507202148,158.535507202148,"car",0.166666666666667,3.67,"weekday",2,"65 plus","3-5km","bicycle",3.67,0.333636363636364,1.16666666666667,2.33545454545455
"88903/1001",NA,88903,3322,"65-69 years","male",21,11570,"Other",151.590209960938,151.590209960938,"car",0.166666666666667,3.68,"weekday",1,"65 plus","3-5km","bicycle",3.68,0.334545454545455,1.16666666666667,2.34181818181818
"88903/1001",NA,88903,3322,"65-69 years","male",21,11571,"Other",151.590209960938,151.590209960938,"car",0.166666666666667,3.67,"weekday",2,"65 plus","3-5km","bicycle",3.67,0.333636363636364,1.16666666666667,2.33545454545455
"88906/1000",NA,88906,3323,"60-64 years","male",21,11572,"Work",143.074340820312,143.074340820312,"car",0.133333333333333,3.59,"weekday",1,"40 to 64","3-5km","bicycle",3.59,0.326363636363636,0.933333333333333,2.28454545454545
"88906/1000",NA,88906,3323,"60-64 years","male",21,11573,"Work",143.074340820312,143.074340820312,"car",0.25,3.58,"weekday",2,"40 to 64","3-5km","bicycle",3.58,0.325454545454545,1.75,2.27818181818182
"88906/1001",NA,88906,3324,"60-64 years","female",21,11574,"Work",156.893493652344,156.893493652344,"car",0.166666666666667,3.32,"weekday",1,"40 to 64","3-5km","bicycle",3.32,0.301818181818182,1.16666666666667,2.11272727272727
"88906/1001",NA,88906,3324,"60-64 years","female",21,11575,"Work",156.893493652344,156.893493652344,"car",0.333333333333333,3.3,"weekday",2,"40 to 64","3-5km","bicycle",3.3,0.3,2.33333333333333,2.1
"88908/1000",NA,88908,3325,"85-89 years","female",21,11576,"Shopping",409.778869628906,409.778869628906,"car",0.0666666666666667,2.69,"weekday",1,"65 plus","3-5km","bicycle",2.69,0.244545454545455,0.466666666666667,1.71181818181818
"88908/1000",NA,88908,3325,"85-89 years","female",21,11577,"Shopping",409.778869628906,409.778869628906,"car",0.05,2.76,"weekday",2,"65 plus","3-5km","bicycle",2.76,0.250909090909091,0.35,1.75636363636364
"88908/1000",NA,88908,3325,"85-89 years","female",21,11578,"Leisure",409.778869628906,409.778869628906,"car",0.166666666666667,3.68,"weekday",3,"65 plus","3-5km","bicycle",3.68,0.334545454545455,1.16666666666667,2.34181818181818
"88908/1000",NA,88908,3325,"85-89 years","female",21,11579,"Leisure",409.778869628906,409.778869628906,"car",0.333333333333333,3.67,"weekday",4,"65 plus","3-5km","bicycle",3.67,0.333636363636364,2.33333333333333,2.33545454545455
"88909/1000",NA,88909,3326,"45-49 years","female",21,11580,"Work",294.0693359375,294.0693359375,"car",0.116666666666667,5.6,"weekday",1,"40 to 64","6-10km","car",5.6,0.116666666666667,0.816666666666667,0.816666666666667
"88909/1000",NA,88909,3326,"45-49 years","female",21,11581,"Work",294.0693359375,294.0693359375,"car",0.166666666666667,5.69,"weekday",2,"40 to 64","6-10km","car",5.69,0.166666666666667,1.16666666666667,1.16666666666667
"88909/1001",NA,88909,3327,"50-54 years","male",21,11582,"Other",294.340179443359,294.340179443359,"car",0.916666666666667,71.65,"weekday",1,"40 to 64",">10km","car",71.65,0.916666666666667,6.41666666666667,6.41666666666667
"88912/1000",NA,88912,3328,"45-49 years","female",21,11583,"Work",235.698928833008,235.698928833008,"car",0.166666666666667,5,"weekday",1,"40 to 64","3-5km","bicycle",5,0.454545454545455,1.16666666666667,3.18181818181818
"88912/1000",NA,88912,3328,"45-49 years","female",21,11584,"Work",235.698928833008,235.698928833008,"car",0.166666666666667,3.44,"weekday",2,"40 to 64","3-5km","bicycle",3.44,0.312727272727273,1.16666666666667,2.18909090909091
"88912/1000",NA,88912,3328,"45-49 years","female",21,11585,"Work",235.698928833008,235.698928833008,"car",0.583333333333333,28.29,"weekday",3,"40 to 64",">10km","car",28.29,0.583333333333333,4.08333333333333,4.08333333333333
"88912/1000",NA,88912,3328,"45-49 years","female",21,11586,"Work",235.698928833008,235.698928833008,"car",0.583333333333333,30.48,"weekday",4,"40 to 64",">10km","car",30.48,0.583333333333333,4.08333333333333,4.08333333333333
"88913/1000",NA,88913,3329,"60-64 years","male",21,11587,"Work",143.074340820312,143.074340820312,"car",0.666666666666667,30.64,"weekday",1,"40 to 64",">10km","car",30.64,0.666666666666667,4.66666666666667,4.66666666666667
"88913/1000",NA,88913,3329,"60-64 years","male",21,11588,"Work",143.074340820312,143.074340820312,"car",1,30.87,"weekday",2,"40 to 64",">10km","car",30.87,1,7,7
"88913/1001",NA,88913,3330,"60-64 years","female",21,11589,"Work",156.893493652344,156.893493652344,"car",0.666666666666667,30.64,"weekday",1,"40 to 64",">10km","car",30.64,0.666666666666667,4.66666666666667,4.66666666666667
"88913/1001",NA,88913,3330,"60-64 years","female",21,11590,"Work",156.893493652344,156.893493652344,"car",1,30.87,"weekday",2,"40 to 64",">10km","car",30.87,1,7,7
"88914/1000",NA,88914,3331,"70-74 years","male",21,11591,"Leisure",152.162673950195,152.162673950195,"car",0.833333333333333,39.16,"weekday",1,"65 plus",">10km","car",39.16,0.833333333333333,5.83333333333333,5.83333333333333
"88914/1000",NA,88914,3331,"70-74 years","male",21,11592,"Shopping",152.162673950195,152.162673950195,"car",0.333333333333333,9.38,"weekday",2,"65 plus","6-10km","car",9.38,0.333333333333333,2.33333333333333,2.33333333333333
"88914/1000",NA,88914,3331,"70-74 years","male",21,11593,"Shopping",152.162673950195,152.162673950195,"car",0.75,45.62,"weekday",3,"65 plus",">10km","car",45.62,0.75,5.25,5.25
"88914/1000",NA,88914,3331,"70-74 years","male",21,11594,"Leisure",152.162673950195,152.162673950195,"car",0.25,4.78,"weekday",4,"65 plus","3-5km","bicycle",4.78,0.434545454545455,1.75,3.04181818181818
"88914/1000",NA,88914,3331,"70-74 years","male",21,11595,"Leisure",152.162673950195,152.162673950195,"car",0.25,4.82,"weekday",5,"65 plus","3-5km","bicycle",4.82,0.438181818181818,1.75,3.06727272727273
"88914/1001",NA,88914,3332,"55-59 years","female",21,11596,"Work",179.280990600586,179.280990600586,"car",0.75,25.49,"weekday",1,"40 to 64",">10km","car",25.49,0.75,5.25,5.25
"88914/1001",NA,88914,3332,"55-59 years","female",21,11597,"Work",179.280990600586,179.280990600586,"car",1,25.3,"weekday",2,"40 to 64",">10km","car",25.3,1,7,7
"88919/1000",NA,88919,3333,"40-44 years","female",21,11598,"Leisure",269.827972412109,269.827972412109,"walking",0.25,1.18,"weekday",1,"40 to 64","1-2km","walking",1.18,0.25,1.75,1.75
"88919/1000",NA,88919,3333,"40-44 years","female",21,11599,"Leisure",269.827972412109,269.827972412109,"walking",0.333333333333333,1.18,"weekday",2,"40 to 64","1-2km","walking",1.18,0.333333333333333,2.33333333333333,2.33333333333333
"88919/1000",NA,88919,3333,"40-44 years","female",21,11600,"Leisure",269.827972412109,269.827972412109,"walking",0.183333333333333,1.11,"weekday",3,"40 to 64","1-2km","walking",1.11,0.183333333333333,1.28333333333333,1.28333333333333
"88919/1000",NA,88919,3333,"40-44 years","female",21,11601,"Leisure",269.827972412109,269.827972412109,"walking",0.166666666666667,1.11,"weekday",4,"40 to 64","1-2km","walking",1.11,0.166666666666667,1.16666666666667,1.16666666666667
"88920/1000",NA,88920,3334,"70-74 years","female",21,11602,"Other",171.396911621094,171.396911621094,"car",0.333333333333333,10.77,"weekday",1,"65 plus",">10km","car",10.77,0.333333333333333,2.33333333333333,2.33333333333333
"88920/1000",NA,88920,3334,"70-74 years","female",21,11603,"Shopping",171.396911621094,171.396911621094,"walking",0.0833333333333333,0.33,"weekday",2,"65 plus","<1km","walking",0.33,0.0833333333333333,0.583333333333333,0.583333333333333
"88920/1000",NA,88920,3334,"70-74 years","female",21,11604,"Shopping",171.396911621094,171.396911621094,"walking",0.0833333333333333,0.33,"weekday",3,"65 plus","<1km","walking",0.33,0.0833333333333333,0.583333333333333,0.583333333333333
"88920/1000",NA,88920,3334,"70-74 years","female",21,11605,"Shopping",171.396911621094,171.396911621094,"car",0.416666666666667,10.61,"weekday",3,"65 plus",">10km","car",10.61,0.416666666666667,2.91666666666667,2.91666666666667
"88920/1001",NA,88920,3335,"75-79 years","male",21,11607,"Other",146.185394287109,146.185394287109,"car",0.333333333333333,10.77,"weekday",1,"65 plus",">10km","car",10.77,0.333333333333333,2.33333333333333,2.33333333333333
"88920/1001",NA,88920,3335,"75-79 years","male",21,11608,"Shopping",146.185394287109,146.185394287109,"walking",0.0833333333333333,0.33,"weekday",2,"65 plus","<1km","walking",0.33,0.0833333333333333,0.583333333333333,0.583333333333333
"88920/1001",NA,88920,3335,"75-79 years","male",21,11609,"Shopping",146.185394287109,146.185394287109,"walking",0.0833333333333333,0.33,"weekday",3,"65 plus","<1km","walking",0.33,0.0833333333333333,0.583333333333333,0.583333333333333
"88920/1001",NA,88920,3335,"75-79 years","male",21,11610,"Shopping",146.185394287109,146.185394287109,"car",0.416666666666667,10.61,"weekday",3,"65 plus",">10km","car",10.61,0.416666666666667,2.91666666666667,2.91666666666667
"88921/1000",NA,88921,3336,"65-69 years","male",21,11612,"Other",193.443954467773,193.443954467773,"car",0.0833333333333333,5.9,"weekday",1,"65 plus","6-10km","car",5.9,0.0833333333333333,0.583333333333333,0.583333333333333
"88921/1000",NA,88921,3336,"65-69 years","male",21,11613,"Leisure",193.443954467773,193.443954467773,"car",0.5,20.4,"weekday",2,"65 plus",">10km","car",20.4,0.5,3.5,3.5
"88921/1000",NA,88921,3336,"65-69 years","male",21,11614,"Leisure",193.443954467773,193.443954467773,"car",0.5,25.62,"weekday",3,"65 plus",">10km","car",25.62,0.5,3.5,3.5
"88922/1000",NA,88922,3337,"65-69 years","male",21,11616,"Shopping",151.590209960938,151.590209960938,"car",0.166666666666667,3.22,"weekday",2,"65 plus","3-5km","bicycle",3.22,0.292727272727273,1.16666666666667,2.04909090909091
"88922/1000",NA,88922,3337,"65-69 years","male",21,11617,"Shopping",151.590209960938,151.590209960938,"car",0.166666666666667,3.17,"weekday",3,"65 plus","3-5km","bicycle",3.17,0.288181818181818,1.16666666666667,2.01727272727273
"88922/1001",NA,88922,3338,"65-69 years","female",21,11619,"Shopping",158.535507202148,158.535507202148,"car",0.166666666666667,3.22,"weekday",2,"65 plus","3-5km","bicycle",3.22,0.292727272727273,1.16666666666667,2.04909090909091
"88922/1001",NA,88922,3338,"65-69 years","female",21,11620,"Shopping",158.535507202148,158.535507202148,"car",0.166666666666667,3.17,"weekday",3,"65 plus","3-5km","bicycle",3.17,0.288181818181818,1.16666666666667,2.01727272727273
"88925/1000",NA,88925,3339,"65-69 years","male",21,11621,"Other",151.590209960938,151.590209960938,"car",1,36.19,"weekday",1,"65 plus",">10km","car",36.19,1,7,7
"88925/1000",NA,88925,3339,"65-69 years","male",21,11622,"Other",151.590209960938,151.590209960938,"car",1,36.12,"weekday",2,"65 plus",">10km","car",36.12,1,7,7
"88925/1001",NA,88925,3340,"60-64 years","female",21,11623,"Shopping",156.893493652344,156.893493652344,"car",0.05,3.09,"weekday",1,"40 to 64","3-5km","bicycle",3.09,0.280909090909091,0.35,1.96636363636364
"88925/1001",NA,88925,3340,"60-64 years","female",21,11624,"Shopping",156.893493652344,156.893493652344,"car",0.05,3.17,"weekday",2,"40 to 64","3-5km","bicycle",3.17,0.288181818181818,0.35,2.01727272727273
"88925/1001",NA,88925,3340,"60-64 years","female",21,11625,"Other",156.893493652344,156.893493652344,"car",1,36.19,"weekday",3,"40 to 64",">10km","car",36.19,1,7,7
"88925/1001",NA,88925,3340,"60-64 years","female",21,11626,"Other",156.893493652344,156.893493652344,"car",1,36.12,"weekday",4,"40 to 64",">10km","car",36.12,1,7,7
"88926/1000",NA,88926,3341,"75-79 years","female",21,11627,"Leisure",231.745056152344,231.745056152344,"car",0.25,4.05,"weekday",1,"65 plus","3-5km","bicycle",4.05,0.368181818181818,1.75,2.57727272727273
"88926/1000",NA,88926,3341,"75-79 years","female",21,11628,"Leisure",231.745056152344,231.745056152344,"car",0.25,3.81,"weekday",2,"65 plus","3-5km","bicycle",3.81,0.346363636363636,1.75,2.42454545454545
"88926/1000",NA,88926,3341,"75-79 years","female",21,11629,"Other",231.745056152344,231.745056152344,"car",0.166666666666667,1.75,"weekday",3,"65 plus","1-2km","bicycle",1.75,0.159090909090909,1.16666666666667,1.11363636363636
"88926/1000",NA,88926,3341,"75-79 years","female",21,11630,"Other",231.745056152344,231.745056152344,"car",0.333333333333333,1.76,"weekday",4,"65 plus","1-2km","bicycle",1.76,0.16,2.33333333333333,1.12
"88929/1000",NA,88929,3342,"70-74 years","female",21,11631,"Shopping",171.396911621094,171.396911621094,"car",0.166666666666667,4.63,"weekday",1,"65 plus","3-5km","bicycle",4.63,0.420909090909091,1.16666666666667,2.94636363636364
"88929/1000",NA,88929,3342,"70-74 years","female",21,11632,"Shopping",171.396911621094,171.396911621094,"car",0.166666666666667,4.63,"weekday",2,"65 plus","3-5km","bicycle",4.63,0.420909090909091,1.16666666666667,2.94636363636364
"88929/1001",NA,88929,3343,"80-84 years","male",21,11633,"Shopping",213.465911865234,213.465911865234,"car",0.166666666666667,4.63,"weekday",1,"65 plus","3-5km","bicycle",4.63,0.420909090909091,1.16666666666667,2.94636363636364
"88929/1001",NA,88929,3343,"80-84 years","male",21,11634,"Shopping",213.465911865234,213.465911865234,"car",0.166666666666667,4.63,"weekday",2,"65 plus","3-5km","bicycle",4.63,0.420909090909091,1.16666666666667,2.94636363636364
"88930/1001",NA,88930,3344,"50-54 years","female",21,11635,"Other",484.974609375,484.974609375,"car",0.166666666666667,1.72,"weekday",1,"40 to 64","1-2km","bicycle",1.72,0.156363636363636,1.16666666666667,1.09454545454545
"88930/1001",NA,88930,3344,"50-54 years","female",21,11636,"Other",484.974609375,484.974609375,"car",0.133333333333333,2.34,"weekday",2,"40 to 64","3-5km","bicycle",2.34,0.212727272727273,0.933333333333333,1.48909090909091
"88930/1001",NA,88930,3344,"50-54 years","female",21,11637,"Other",484.974609375,484.974609375,"car",0.166666666666667,1.72,"weekday",3,"40 to 64","1-2km","bicycle",1.72,0.156363636363636,1.16666666666667,1.09454545454545
"88930/1001",NA,88930,3344,"50-54 years","female",21,11638,"Other",484.974609375,484.974609375,"car",0.166666666666667,2.34,"weekday",4,"40 to 64","3-5km","bicycle",2.34,0.212727272727273,1.16666666666667,1.48909090909091
"88930/1002",NA,88930,3345,"15-19 years","male",21,11639,"Education",541.848937988281,541.848937988281,"car",0.166666666666667,1.72,"weekday",1,"15 to 19","1-2km","bicycle",1.72,0.156363636363636,1.16666666666667,1.09454545454545
"88930/1002",NA,88930,3345,"15-19 years","male",21,11640,"Education",541.848937988281,541.848937988281,"car",0.166666666666667,2.34,"weekday",2,"15 to 19","3-5km","bicycle",2.34,0.212727272727273,1.16666666666667,1.48909090909091
"88930/1003",NA,88930,3346,"15-19 years","female",21,11641,"Education",456.759735107422,456.759735107422,"car",0.166666666666667,1.72,"weekday",1,"15 to 19","1-2km","bicycle",1.72,0.156363636363636,1.16666666666667,1.09454545454545
"88930/1003",NA,88930,3346,"15-19 years","female",21,11642,"Education",456.759735107422,456.759735107422,"car",0.166666666666667,2.34,"weekday",2,"15 to 19","3-5km","bicycle",2.34,0.212727272727273,1.16666666666667,1.48909090909091
"88931/1000",NA,88931,3347,"55-59 years","male",21,11643,"Work",598.893310546875,598.893310546875,"car",0.416666666666667,11.95,"weekday",1,"40 to 64",">10km","car",11.95,0.416666666666667,2.91666666666667,2.91666666666667
"88931/1000",NA,88931,3347,"55-59 years","male",21,11644,"Work",598.893310546875,598.893310546875,"car",0.5,17.33,"weekday",2,"40 to 64",">10km","car",17.33,0.5,3.5,3.5
"88931/1000",NA,88931,3347,"55-59 years","male",21,11645,"Work",598.893310546875,598.893310546875,"car",0.416666666666667,13.58,"weekday",3,"40 to 64",">10km","car",13.58,0.416666666666667,2.91666666666667,2.91666666666667
"88931/1001",NA,88931,3348,"55-59 years","female",21,11646,"Other",568.320922851562,568.320922851562,"car",0.0833333333333333,1.52,"weekday",1,"40 to 64","1-2km","bicycle",1.52,0.138181818181818,0.583333333333333,0.967272727272727
"88931/1001",NA,88931,3348,"55-59 years","female",21,11647,"Other",568.320922851562,568.320922851562,"car",0.333333333333333,8.46,"weekday",2,"40 to 64","6-10km","car",8.46,0.333333333333333,2.33333333333333,2.33333333333333
"88931/1001",NA,88931,3348,"55-59 years","female",21,11648,"Other",568.320922851562,568.320922851562,"car",0.25,8.25,"weekday",3,"40 to 64","6-10km","car",8.25,0.25,1.75,1.75
"88931/1001",NA,88931,3348,"55-59 years","female",21,11649,"Other",568.320922851562,568.320922851562,"car",0.333333333333333,8.23,"weekday",4,"40 to 64","6-10km","car",8.23,0.333333333333333,2.33333333333333,2.33333333333333
"88931/1001",NA,88931,3348,"55-59 years","female",21,11650,"Other",568.320922851562,568.320922851562,"car",0.233333333333333,8.83,"weekday",5,"40 to 64","6-10km","car",8.83,0.233333333333333,1.63333333333333,1.63333333333333
"88931/1001",NA,88931,3348,"55-59 years","female",21,11651,"Other",568.320922851562,568.320922851562,"car",0.0833333333333333,1.37,"weekday",6,"40 to 64","1-2km","bicycle",1.37,0.124545454545455,0.583333333333333,0.871818181818182
"88932/1000",NA,88932,3349,"40-44 years","female",21,11652,"Other",533.81396484375,533.81396484375,"car",0.233333333333333,3.35,"weekday",1,"40 to 64","3-5km","bicycle",3.35,0.304545454545455,1.63333333333333,2.13181818181818
"88932/1000",NA,88932,3349,"40-44 years","female",21,11653,"Other",533.81396484375,533.81396484375,"car",0.133333333333333,2.66,"weekday",2,"40 to 64","3-5km","bicycle",2.66,0.241818181818182,0.933333333333333,1.69272727272727
"88932/1000",NA,88932,3349,"40-44 years","female",21,11654,"Leisure",533.81396484375,533.81396484375,"car",0.25,5.29,"weekday",3,"40 to 64","6-10km","car",5.29,0.25,1.75,1.75
"88932/1000",NA,88932,3349,"40-44 years","female",21,11655,"Work",533.81396484375,533.81396484375,"car",0.266666666666667,10.04,"weekday",4,"40 to 64",">10km","car",10.04,0.266666666666667,1.86666666666667,1.86666666666667
"88932/1000",NA,88932,3349,"40-44 years","female",21,11656,"Work",533.81396484375,533.81396484375,"car",0.416666666666667,10.82,"weekday",5,"40 to 64",">10km","car",10.82,0.416666666666667,2.91666666666667,2.91666666666667
"88932/1001",NA,88932,3350,"45-49 years","male",21,11657,"Work",455.289733886719,455.289733886719,"car",0.166666666666667,3.35,"weekday",1,"40 to 64","3-5km","bicycle",3.35,0.304545454545455,1.16666666666667,2.13181818181818
"88932/1001",NA,88932,3350,"45-49 years","male",21,11658,"Work",455.289733886719,455.289733886719,"bicycle",0.583333333333333,12.53,"weekday",1,"40 to 64",">10km","bicycle",12.53,0.583333333333333,4.08333333333333,4.08333333333333
"88932/1001",NA,88932,3350,"45-49 years","male",21,11659,"Other",455.289733886719,455.289733886719,"bicycle",0.583333333333333,12.53,"weekday",2,"40 to 64",">10km","bicycle",12.53,0.583333333333333,4.08333333333333,4.08333333333333
"88932/1001",NA,88932,3350,"45-49 years","male",21,11660,"Other",455.289733886719,455.289733886719,"car",0.166666666666667,2.66,"weekday",3,"40 to 64","3-5km","bicycle",2.66,0.241818181818182,1.16666666666667,1.69272727272727
"88932/1001",NA,88932,3350,"45-49 years","male",21,11661,"Other",455.289733886719,455.289733886719,"car",0.0833333333333333,2.18,"weekday",4,"40 to 64","3-5km","bicycle",2.18,0.198181818181818,0.583333333333333,1.38727272727273
"88935/1000",NA,88935,3351,"35-39 years","male",21,11662,"Work",670.438781738281,670.438781738281,"car",0.5,12.18,"weekday",1,"20 to 39",">10km","car",12.18,0.5,3.5,3.5
"88935/1000",NA,88935,3351,"35-39 years","male",21,11663,"Work",670.438781738281,670.438781738281,"car",0.5,12.32,"weekday",2,"20 to 39",">10km","car",12.32,0.5,3.5,3.5
"88935/1001",NA,88935,3352,"40-44 years","female",21,11664,"Other",575.516906738281,575.516906738281,"car",0.166666666666667,1.7,"weekday",1,"40 to 64","1-2km","bicycle",1.7,0.154545454545455,1.16666666666667,1.08181818181818
"88935/1001",NA,88935,3352,"40-44 years","female",21,11665,"Other",575.516906738281,575.516906738281,"car",0.25,2.32,"weekday",2,"40 to 64","3-5km","bicycle",2.32,0.210909090909091,1.75,1.47636363636364
"88935/1001",NA,88935,3352,"40-44 years","female",21,11666,"Other",575.516906738281,575.516906738281,"car",0.166666666666667,1.7,"weekday",3,"40 to 64","1-2km","bicycle",1.7,0.154545454545455,1.16666666666667,1.08181818181818
"88935/1001",NA,88935,3352,"40-44 years","female",21,11667,"Other",575.516906738281,575.516906738281,"car",0.25,2.32,"weekday",4,"40 to 64","3-5km","bicycle",2.32,0.210909090909091,1.75,1.47636363636364
"88936/1000",NA,88936,3353,"75-79 years","female",21,11669,"Other",410.973388671875,410.973388671875,"car",0.416666666666667,8.05,"weekday",2,"65 plus","6-10km","car",8.05,0.416666666666667,2.91666666666667,2.91666666666667
"88936/1000",NA,88936,3353,"75-79 years","female",21,11670,"Other",410.973388671875,410.973388671875,"car",0.166666666666667,2.17,"weekday",3,"65 plus","3-5km","bicycle",2.17,0.197272727272727,1.16666666666667,1.38090909090909
"88936/1000",NA,88936,3353,"75-79 years","female",21,11671,"Leisure",410.973388671875,410.973388671875,"car",0.25,1.92,"weekday",4,"65 plus","1-2km","bicycle",1.92,0.174545454545455,1.75,1.22181818181818
"88936/1000",NA,88936,3353,"75-79 years","female",21,11672,"Other",410.973388671875,410.973388671875,"car",0.166666666666667,1.93,"weekday",5,"65 plus","1-2km","bicycle",1.93,0.175454545454545,1.16666666666667,1.22818181818182
"88936/1000",NA,88936,3353,"75-79 years","female",21,11673,"Other",410.973388671875,410.973388671875,"car",0.25,2.21,"weekday",6,"65 plus","3-5km","bicycle",2.21,0.200909090909091,1.75,1.40636363636364
"88936/1000",NA,88936,3353,"75-79 years","female",21,11674,"Other",410.973388671875,410.973388671875,"car",0.333333333333333,8.03,"weekday",7,"65 plus","6-10km","car",8.03,0.333333333333333,2.33333333333333,2.33333333333333
"88936/1000",NA,88936,3353,"75-79 years","female",21,11675,"Other",410.973388671875,410.973388671875,"car",0.333333333333333,8.05,"weekday",8,"65 plus","6-10km","car",8.05,0.333333333333333,2.33333333333333,2.33333333333333
"88936/1000",NA,88936,3353,"75-79 years","female",21,11676,"Other",410.973388671875,410.973388671875,"car",0.166666666666667,1.53,"weekday",9,"65 plus","1-2km","bicycle",1.53,0.139090909090909,1.16666666666667,0.973636363636364
"88936/1000",NA,88936,3353,"75-79 years","female",21,11677,"Other",410.973388671875,410.973388671875,"car",0.333333333333333,6.97,"weekday",10,"65 plus","6-10km","car",6.97,0.333333333333333,2.33333333333333,2.33333333333333
"88936/1000",NA,88936,3353,"75-79 years","female",21,11678,"Leisure",410.973388671875,410.973388671875,"car",0.25,7.92,"weekday",11,"65 plus","6-10km","car",7.92,0.25,1.75,1.75
"88936/1000",NA,88936,3353,"75-79 years","female",21,11679,"Other",410.973388671875,410.973388671875,"car",0.333333333333333,4.66,"weekday",12,"65 plus","3-5km","bicycle",4.66,0.423636363636364,2.33333333333333,2.96545454545455
"88936/1000",NA,88936,3353,"75-79 years","female",21,11680,"Other",410.973388671875,410.973388671875,"car",0.333333333333333,6.97,"weekday",13,"65 plus","6-10km","car",6.97,0.333333333333333,2.33333333333333,2.33333333333333
"88936/1001",NA,88936,3354,"70-74 years","male",21,11681,"Other",368.036743164062,368.036743164062,"car",0.416666666666667,8.05,"weekday",1,"65 plus","6-10km","car",8.05,0.416666666666667,2.91666666666667,2.91666666666667
"88936/1001",NA,88936,3354,"70-74 years","male",21,11682,"Other",368.036743164062,368.036743164062,"car",0.166666666666667,2.17,"weekday",2,"65 plus","3-5km","bicycle",2.17,0.197272727272727,1.16666666666667,1.38090909090909
"88936/1001",NA,88936,3354,"70-74 years","male",21,11683,"Leisure",368.036743164062,368.036743164062,"car",0.25,1.92,"weekday",3,"65 plus","1-2km","bicycle",1.92,0.174545454545455,1.75,1.22181818181818
"88936/1001",NA,88936,3354,"70-74 years","male",21,11684,"Other",368.036743164062,368.036743164062,"car",0.166666666666667,1.93,"weekday",4,"65 plus","1-2km","bicycle",1.93,0.175454545454545,1.16666666666667,1.22818181818182
"88936/1001",NA,88936,3354,"70-74 years","male",21,11685,"Other",368.036743164062,368.036743164062,"car",0.25,2.21,"weekday",5,"65 plus","3-5km","bicycle",2.21,0.200909090909091,1.75,1.40636363636364
"88936/1001",NA,88936,3354,"70-74 years","male",21,11686,"Other",368.036743164062,368.036743164062,"car",0.333333333333333,8.03,"weekday",6,"65 plus","6-10km","car",8.03,0.333333333333333,2.33333333333333,2.33333333333333
"88936/1001",NA,88936,3354,"70-74 years","male",21,11687,"Other",368.036743164062,368.036743164062,"car",0.333333333333333,8.05,"weekday",7,"65 plus","6-10km","car",8.05,0.333333333333333,2.33333333333333,2.33333333333333
"88936/1001",NA,88936,3354,"70-74 years","male",21,11688,"Other",368.036743164062,368.036743164062,"car",0.166666666666667,1.53,"weekday",8,"65 plus","1-2km","bicycle",1.53,0.139090909090909,1.16666666666667,0.973636363636364
"88936/1001",NA,88936,3354,"70-74 years","male",21,11689,"Other",368.036743164062,368.036743164062,"car",0.333333333333333,6.97,"weekday",9,"65 plus","6-10km","car",6.97,0.333333333333333,2.33333333333333,2.33333333333333
"88936/1001",NA,88936,3354,"70-74 years","male",21,11690,"Leisure",368.036743164062,368.036743164062,"car",0.25,7.92,"weekday",10,"65 plus","6-10km","car",7.92,0.25,1.75,1.75
"88936/1001",NA,88936,3354,"70-74 years","male",21,11691,"Other",368.036743164062,368.036743164062,"car",0.333333333333333,4.66,"weekday",11,"65 plus","3-5km","bicycle",4.66,0.423636363636364,2.33333333333333,2.96545454545455
"88936/1001",NA,88936,3354,"70-74 years","male",21,11692,"Other",368.036743164062,368.036743164062,"car",0.333333333333333,6.97,"weekday",12,"65 plus","6-10km","car",6.97,0.333333333333333,2.33333333333333,2.33333333333333
"88938/1000",NA,88938,3355,"60-64 years","male",21,11693,"Leisure",407.964630126953,407.964630126953,"car",0.333333333333333,7.07,"weekday",1,"40 to 64","6-10km","car",7.07,0.333333333333333,2.33333333333333,2.33333333333333
"88938/1000",NA,88938,3355,"60-64 years","male",21,11694,"Leisure",407.964630126953,407.964630126953,"car",0.25,7.14,"weekday",2,"40 to 64","6-10km","car",7.14,0.25,1.75,1.75
"88938/1000",NA,88938,3355,"60-64 years","male",21,11695,"Work",407.964630126953,407.964630126953,"car",0.5,11.19,"weekday",3,"40 to 64",">10km","car",11.19,0.5,3.5,3.5
"88938/1000",NA,88938,3355,"60-64 years","male",21,11696,"Work",407.964630126953,407.964630126953,"car",0.5,11.14,"weekday",4,"40 to 64",">10km","car",11.14,0.5,3.5,3.5
"88938/1001",NA,88938,3356,"60-64 years","female",21,11697,"Work",437.736572265625,437.736572265625,"car",0.25,6.6,"weekday",1,"40 to 64","6-10km","car",6.6,0.25,1.75,1.75
"88938/1001",NA,88938,3356,"60-64 years","female",21,11698,"Work",437.736572265625,437.736572265625,"car",0.25,6.66,"weekday",2,"40 to 64","6-10km","car",6.66,0.25,1.75,1.75
"88940/1000",NA,88940,3357,"25-29 years","female",21,11699,"Work",1022.24871826172,1022.24871826172,"car",0.416666666666667,9.5,"weekday",1,"20 to 39","6-10km","car",9.5,0.416666666666667,2.91666666666667,2.91666666666667
"88940/1000",NA,88940,3357,"25-29 years","female",21,11700,"Work",1022.24871826172,1022.24871826172,"car",0.5,9.07,"weekday",2,"20 to 39","6-10km","car",9.07,0.5,3.5,3.5
"88940/1001",NA,88940,3358,"30-34 years","female",21,11701,"Work",666.033386230469,666.033386230469,"car",0.166666666666667,1.65,"weekday",1,"20 to 39","1-2km","bicycle",1.65,0.15,1.16666666666667,1.05
"88940/1001",NA,88940,3358,"30-34 years","female",21,11702,"Work",666.033386230469,666.033386230469,"car",0.166666666666667,2.26,"weekday",2,"20 to 39","3-5km","bicycle",2.26,0.205454545454545,1.16666666666667,1.43818181818182
"88942/1000",NA,88942,3359,"70-74 years","male",21,11703,"Other",396.788726806641,396.788726806641,"car",0.416666666666667,6.48,"weekday",1,"65 plus","6-10km","car",6.48,0.416666666666667,2.91666666666667,2.91666666666667
"88942/1000",NA,88942,3359,"70-74 years","male",21,11704,"Other",396.788726806641,396.788726806641,"car",0.416666666666667,6.56,"weekday",2,"65 plus","6-10km","car",6.56,0.416666666666667,2.91666666666667,2.91666666666667
"88942/1001",NA,88942,3360,"70-74 years","female",21,11705,"Other",443.023803710938,443.023803710938,"car",0.333333333333333,6.6,"weekday",1,"65 plus","6-10km","car",6.6,0.333333333333333,2.33333333333333,2.33333333333333
"88942/1001",NA,88942,3360,"70-74 years","female",21,11706,"Other",443.023803710938,443.023803710938,"car",0.5,6.59,"weekday",2,"65 plus","6-10km","car",6.59,0.5,3.5,3.5
"88942/1001",NA,88942,3360,"70-74 years","female",21,11707,"Shopping",443.023803710938,443.023803710938,"car",0.0833333333333333,2.02,"weekday",3,"65 plus","3-5km","bicycle",2.02,0.183636363636364,0.583333333333333,1.28545454545455
"88942/1001",NA,88942,3360,"70-74 years","female",21,11708,"Shopping",443.023803710938,443.023803710938,"car",0.0833333333333333,2.12,"weekday",4,"65 plus","3-5km","bicycle",2.12,0.192727272727273,0.583333333333333,1.34909090909091
"88942/1002",NA,88942,3361,"40-44 years","male",21,11709,"Work",554.12841796875,554.12841796875,"car",0.666666666666667,13.9,"weekday",1,"40 to 64",">10km","car",13.9,0.666666666666667,4.66666666666667,4.66666666666667
"88942/1002",NA,88942,3361,"40-44 years","male",21,11710,"Work",554.12841796875,554.12841796875,"car",0.5,13.92,"weekday",2,"40 to 64",">10km","car",13.92,0.5,3.5,3.5
"88942/1003",NA,88942,3362,"40-44 years","female",21,11711,"Work",575.516906738281,575.516906738281,"car",0.5,9.35,"weekday",1,"40 to 64","6-10km","car",9.35,0.5,3.5,3.5
"88942/1003",NA,88942,3362,"40-44 years","female",21,11712,"Work",575.516906738281,575.516906738281,"car",0.5,9.73,"weekday",2,"40 to 64","6-10km","car",9.73,0.5,3.5,3.5
"88943/1000",NA,88943,3363,"45-49 years","female",21,11713,"Other",587.36279296875,587.36279296875,"car",0.05,1.34,"weekday",1,"40 to 64","1-2km","bicycle",1.34,0.121818181818182,0.35,0.852727272727273
"88943/1000",NA,88943,3363,"45-49 years","female",21,11714,"Other",587.36279296875,587.36279296875,"car",0.0833333333333333,1.54,"weekday",2,"40 to 64","1-2km","bicycle",1.54,0.14,0.583333333333333,0.98
"88943/1000",NA,88943,3363,"45-49 years","female",21,11715,"Shopping",587.36279296875,587.36279296875,"car",0.0666666666666667,1.23,"weekday",3,"40 to 64","1-2km","bicycle",1.23,0.111818181818182,0.466666666666667,0.782727272727273
"88943/1000",NA,88943,3363,"45-49 years","female",21,11716,"Shopping",587.36279296875,587.36279296875,"car",0.416666666666667,8.26,"weekday",4,"40 to 64","6-10km","car",8.26,0.416666666666667,2.91666666666667,2.91666666666667
"88943/1000",NA,88943,3363,"45-49 years","female",21,11717,"Shopping",587.36279296875,587.36279296875,"car",0.316666666666667,8.85,"weekday",5,"40 to 64","6-10km","car",8.85,0.316666666666667,2.21666666666667,2.21666666666667
"88943/1000",NA,88943,3363,"45-49 years","female",21,11718,"Other",587.36279296875,587.36279296875,"car",0.0333333333333333,1.34,"weekday",6,"40 to 64","1-2km","bicycle",1.34,0.121818181818182,0.233333333333333,0.852727272727273
"88943/1000",NA,88943,3363,"45-49 years","female",21,11719,"Leisure",587.36279296875,587.36279296875,"car",0.25,5.53,"weekday",7,"40 to 64","6-10km","car",5.53,0.25,1.75,1.75
"88943/1000",NA,88943,3363,"45-49 years","female",21,11720,"Leisure",587.36279296875,587.36279296875,"car",0.25,3.14,"weekday",8,"40 to 64","3-5km","bicycle",3.14,0.285454545454545,1.75,1.99818181818182
"88943/1000",NA,88943,3363,"45-49 years","female",21,11721,"Leisure",587.36279296875,587.36279296875,"car",0.366666666666667,7.85,"weekday",9,"40 to 64","6-10km","car",7.85,0.366666666666667,2.56666666666667,2.56666666666667
"88943/1001",NA,88943,3364,"40-44 years","male",21,11722,"Work",554.12841796875,554.12841796875,"car",1.03333333333333,62.11,"weekday",1,"40 to 64",">10km","car",62.11,1.03333333333333,7.23333333333333,7.23333333333333
"88943/1001",NA,88943,3364,"40-44 years","male",21,11723,"Work",554.12841796875,554.12841796875,"car",1.11666666666667,62.21,"weekday",2,"40 to 64",">10km","car",62.21,1.11666666666667,7.81666666666667,7.81666666666667
"88944/1000",NA,88944,3365,"50-54 years","female",21,11724,"Work",545.808776855469,545.808776855469,"car",0.25,5.98,"weekday",1,"40 to 64","6-10km","car",5.98,0.25,1.75,1.75
"88944/1000",NA,88944,3365,"50-54 years","female",21,11725,"Work",545.808776855469,545.808776855469,"car",0.25,6.02,"weekday",2,"40 to 64","6-10km","car",6.02,0.25,1.75,1.75
"88944/1000",NA,88944,3365,"50-54 years","female",21,11726,"Shopping",545.808776855469,545.808776855469,"car",0.0833333333333333,2.05,"weekday",3,"40 to 64","3-5km","bicycle",2.05,0.186363636363636,0.583333333333333,1.30454545454545
"88944/1000",NA,88944,3365,"50-54 years","female",21,11727,"Shopping",545.808776855469,545.808776855469,"car",0.0833333333333333,2.09,"weekday",4,"40 to 64","3-5km","bicycle",2.09,0.19,0.583333333333333,1.33
"88944/1000",NA,88944,3365,"50-54 years","female",21,11728,"Leisure",545.808776855469,545.808776855469,"walking",0.333333333333333,2.78,"weekday",5,"40 to 64","3-5km","walking",2.78,0.333333333333333,2.33333333333333,2.33333333333333
"88944/1000",NA,88944,3365,"50-54 years","female",21,11729,"Leisure",545.808776855469,545.808776855469,"walking",0.333333333333333,2.78,"weekday",6,"40 to 64","3-5km","walking",2.78,0.333333333333333,2.33333333333333,2.33333333333333
"88944/1001",NA,88944,3366,"55-59 years","male",21,11730,"Work",598.893310546875,598.893310546875,"car",0.416666666666667,12.55,"weekday",1,"40 to 64",">10km","car",12.55,0.416666666666667,2.91666666666667,2.91666666666667
"88944/1001",NA,88944,3366,"55-59 years","male",21,11731,"Work",598.893310546875,598.893310546875,"car",0.666666666666667,12.97,"weekday",2,"40 to 64",">10km","car",12.97,0.666666666666667,4.66666666666667,4.66666666666667
"88944/1002",NA,88944,3367,"20-24 years","female",21,11732,"Work",964.146118164062,964.146118164062,"car",0.333333333333333,11.47,"weekday",1,"20 to 39",">10km","car",11.47,0.333333333333333,2.33333333333333,2.33333333333333
"88944/1002",NA,88944,3367,"20-24 years","female",21,11733,"Work",964.146118164062,964.146118164062,"public.transport",0.166666666666667,0.39,"weekday",1,"20 to 39","<1km","public.transport",0.39,0.166666666666667,1.16666666666667,1.16666666666667
"88944/1002",NA,88944,3367,"20-24 years","female",21,11734,"Work",964.146118164062,964.146118164062,"walking",0.0833333333333333,0.47,"weekday",1,"20 to 39","<1km","walking",0.47,0.0833333333333333,0.583333333333333,0.583333333333333
"88944/1002",NA,88944,3367,"20-24 years","female",21,11735,"Leisure",964.146118164062,964.146118164062,"walking",0.0833333333333333,0.47,"weekday",2,"20 to 39","<1km","walking",0.47,0.0833333333333333,0.583333333333333,0.583333333333333
"88944/1002",NA,88944,3367,"20-24 years","female",21,11736,"Leisure",964.146118164062,964.146118164062,"public.transport",0.166666666666667,0.39,"weekday",2,"20 to 39","<1km","public.transport",0.39,0.166666666666667,1.16666666666667,1.16666666666667
"88944/1002",NA,88944,3367,"20-24 years","female",21,11737,"Leisure",964.146118164062,964.146118164062,"car",0.333333333333333,15.96,"weekday",2,"20 to 39",">10km","car",15.96,0.333333333333333,2.33333333333333,2.33333333333333
"88945/1000",NA,88945,3368,"75-79 years","female",21,11738,"Shopping",410.973388671875,410.973388671875,"car",0.25,4.92,"weekday",1,"65 plus","3-5km","bicycle",4.92,0.447272727272727,1.75,3.13090909090909
"88945/1000",NA,88945,3368,"75-79 years","female",21,11739,"Shopping",410.973388671875,410.973388671875,"car",0.0833333333333333,2.07,"weekday",2,"65 plus","3-5km","bicycle",2.07,0.188181818181818,0.583333333333333,1.31727272727273
"88945/1000",NA,88945,3368,"75-79 years","female",21,11740,"Shopping",410.973388671875,410.973388671875,"car",0.166666666666667,6.03,"weekday",3,"65 plus","6-10km","car",6.03,0.166666666666667,1.16666666666667,1.16666666666667
"88945/1001",NA,88945,3369,"75-79 years","male",21,11741,"Shopping",319.961029052734,319.961029052734,"car",0.25,4.92,"weekday",1,"65 plus","3-5km","bicycle",4.92,0.447272727272727,1.75,3.13090909090909
"88945/1001",NA,88945,3369,"75-79 years","male",21,11742,"Shopping",319.961029052734,319.961029052734,"car",0.0833333333333333,2.07,"weekday",2,"65 plus","3-5km","bicycle",2.07,0.188181818181818,0.583333333333333,1.31727272727273
"88945/1001",NA,88945,3369,"75-79 years","male",21,11743,"Shopping",319.961029052734,319.961029052734,"car",0.166666666666667,6.03,"weekday",3,"65 plus","6-10km","car",6.03,0.166666666666667,1.16666666666667,1.16666666666667
"88945/1001",NA,88945,3369,"75-79 years","male",21,11744,"Other",319.961029052734,319.961029052734,"car",0.25,6.63,"weekday",4,"65 plus","6-10km","car",6.63,0.25,1.75,1.75
"88945/1001",NA,88945,3369,"75-79 years","male",21,11745,"Other",319.961029052734,319.961029052734,"car",0.25,6.63,"weekday",5,"65 plus","6-10km","car",6.63,0.25,1.75,1.75
"88946/1000",NA,88946,3370,"45-49 years","female",21,11746,"Leisure",587.36279296875,587.36279296875,"walking",0.25,2.23,"weekday",1,"40 to 64","3-5km","walking",2.23,0.25,1.75,1.75
"88946/1000",NA,88946,3370,"45-49 years","female",21,11747,"Leisure",587.36279296875,587.36279296875,"walking",0.25,2.23,"weekday",2,"40 to 64","3-5km","walking",2.23,0.25,1.75,1.75
"88946/1000",NA,88946,3370,"45-49 years","female",21,11748,"Other",587.36279296875,587.36279296875,"car",0.166666666666667,3.03,"weekday",3,"40 to 64","3-5km","bicycle",3.03,0.275454545454545,1.16666666666667,1.92818181818182
"88946/1000",NA,88946,3370,"45-49 years","female",21,11749,"Work",587.36279296875,587.36279296875,"car",0.333333333333333,6.36,"weekday",4,"40 to 64","6-10km","car",6.36,0.333333333333333,2.33333333333333,2.33333333333333
"88946/1000",NA,88946,3370,"45-49 years","female",21,11750,"Work",587.36279296875,587.36279296875,"car",0.333333333333333,8.62,"weekday",5,"40 to 64","6-10km","car",8.62,0.333333333333333,2.33333333333333,2.33333333333333
"88946/1000",NA,88946,3370,"45-49 years","female",21,11751,"Other",587.36279296875,587.36279296875,"car",0.166666666666667,3.03,"weekday",6,"40 to 64","3-5km","bicycle",3.03,0.275454545454545,1.16666666666667,1.92818181818182
"88946/1000",NA,88946,3370,"45-49 years","female",21,11752,"Education",587.36279296875,587.36279296875,"car",0.45,15.33,"weekday",7,"40 to 64",">10km","car",15.33,0.45,3.15,3.15
"88946/1000",NA,88946,3370,"45-49 years","female",21,11753,"Education",587.36279296875,587.36279296875,"car",0.416666666666667,13.88,"weekday",8,"40 to 64",">10km","car",13.88,0.416666666666667,2.91666666666667,2.91666666666667
"88946/1001",NA,88946,3371,"50-54 years","male",21,11754,"Work",488.224273681641,488.224273681641,"bicycle",0.5,12.77,"weekday",1,"40 to 64",">10km","bicycle",12.77,0.5,3.5,3.5
"88946/1001",NA,88946,3371,"50-54 years","male",21,11755,"Work",488.224273681641,488.224273681641,"bicycle",0.833333333333333,12.77,"weekday",2,"40 to 64",">10km","bicycle",12.77,0.833333333333333,5.83333333333333,5.83333333333333
"88947/1000",NA,88947,3372,"85-89 years","female",21,11756,"Shopping",537.454650878906,537.454650878906,"car",0.333333333333333,11.82,"weekday",1,"65 plus",">10km","car",11.82,0.333333333333333,2.33333333333333,2.33333333333333
"88947/1000",NA,88947,3372,"85-89 years","female",21,11757,"Shopping",537.454650878906,537.454650878906,"car",0.5,11.88,"weekday",2,"65 plus",">10km","car",11.88,0.5,3.5,3.5
"88948/1000",NA,88948,3373,"50-54 years","male",21,11758,"Work",488.224273681641,488.224273681641,"car",0.5,9.39,"weekday",1,"40 to 64","6-10km","car",9.39,0.5,3.5,3.5
"88948/1000",NA,88948,3373,"50-54 years","male",21,11759,"Work",488.224273681641,488.224273681641,"car",0.5,9.41,"weekday",2,"40 to 64","6-10km","car",9.41,0.5,3.5,3.5
"88948/1001",NA,88948,3374,"55-59 years","female",21,11760,"Work",504.977630615234,504.977630615234,"car",0.5,21.25,"weekday",1,"40 to 64",">10km","car",21.25,0.5,3.5,3.5
"88948/1001",NA,88948,3374,"55-59 years","female",21,11761,"Work",504.977630615234,504.977630615234,"car",0.5,21.62,"weekday",2,"40 to 64",">10km","car",21.62,0.5,3.5,3.5
"88948/1003",NA,88948,3375,"15-19 years","female",21,11762,"Work",456.759735107422,456.759735107422,"car",0.5,8.4,"weekday",1,"15 to 19","6-10km","car",8.4,0.5,3.5,3.5
"88948/1003",NA,88948,3375,"15-19 years","female",21,11763,"Work",456.759735107422,456.759735107422,"public.transport",0.333333333333333,8.44,"weekday",2,"15 to 19","6-10km","public.transport",8.44,0.333333333333333,2.33333333333333,2.33333333333333
"88949/1000",NA,88949,3376,"55-59 years","female",21,11764,"Shopping",568.320922851562,568.320922851562,"car",0.0833333333333333,1.01,"weekday",1,"40 to 64","1-2km","bicycle",1.01,0.0918181818181818,0.583333333333333,0.642727272727273
"88949/1000",NA,88949,3376,"55-59 years","female",21,11765,"Shopping",568.320922851562,568.320922851562,"car",0.0833333333333333,1.1,"weekday",2,"40 to 64","1-2km","bicycle",1.1,0.1,0.583333333333333,0.7
"88949/1001",NA,88949,3377,"65-69 years","male",21,11766,"Work",426.436920166016,426.436920166016,"car",0.25,7.43,"weekday",1,"65 plus","6-10km","car",7.43,0.25,1.75,1.75
"88949/1001",NA,88949,3377,"65-69 years","male",21,11767,"Work",426.436920166016,426.436920166016,"car",0.25,7.47,"weekday",2,"65 plus","6-10km","car",7.47,0.25,1.75,1.75
"88949/1002",NA,88949,3378,"25-29 years","female",21,11768,"Work",1240.35559082031,1240.35559082031,"walking",0.0166666666666667,0.17,"weekday",1,"20 to 39","<1km","walking",0.17,0.0166666666666667,0.116666666666667,0.116666666666667
"88949/1002",NA,88949,3378,"25-29 years","female",21,11769,"Work",1240.35559082031,1240.35559082031,"public.transport",0.583333333333333,11.53,"weekday",1,"20 to 39",">10km","public.transport",11.53,0.583333333333333,4.08333333333333,4.08333333333333
"88949/1002",NA,88949,3378,"25-29 years","female",21,11770,"Work",1240.35559082031,1240.35559082031,"walking",0.05,0.17,"weekday",1,"20 to 39","<1km","walking",0.17,0.05,0.35,0.35
"88949/1002",NA,88949,3378,"25-29 years","female",21,11771,"Work",1240.35559082031,1240.35559082031,"walking",0.05,0.17,"weekday",2,"20 to 39","<1km","walking",0.17,0.05,0.35,0.35
"88949/1002",NA,88949,3378,"25-29 years","female",21,11772,"Work",1240.35559082031,1240.35559082031,"public.transport",0.5,11.73,"weekday",2,"20 to 39",">10km","public.transport",11.73,0.5,3.5,3.5
"88949/1002",NA,88949,3378,"25-29 years","female",21,11773,"Work",1240.35559082031,1240.35559082031,"walking",0.05,0.17,"weekday",2,"20 to 39","<1km","walking",0.17,0.05,0.35,0.35
"88949/1002",NA,88949,3378,"25-29 years","female",21,11774,"Other",1240.35559082031,1240.35559082031,"car",0.166666666666667,4.44,"weekday",3,"20 to 39","3-5km","bicycle",4.44,0.403636363636364,1.16666666666667,2.82545454545455
"88949/1002",NA,88949,3378,"25-29 years","female",21,11775,"Other",1240.35559082031,1240.35559082031,"car",0.166666666666667,4.63,"weekday",4,"20 to 39","3-5km","bicycle",4.63,0.420909090909091,1.16666666666667,2.94636363636364
"88950/1000",NA,88950,3379,"75-79 years","male",21,11776,"Other",319.961029052734,319.961029052734,"car",0.25,7.64,"weekday",1,"65 plus","6-10km","car",7.64,0.25,1.75,1.75
"88950/1000",NA,88950,3379,"75-79 years","male",21,11777,"Other",319.961029052734,319.961029052734,"car",0.25,7.6,"weekday",2,"65 plus","6-10km","car",7.6,0.25,1.75,1.75
"88950/1001",NA,88950,3380,"75-79 years","female",21,11778,"Other",410.973388671875,410.973388671875,"car",0.25,7.64,"weekday",1,"65 plus","6-10km","car",7.64,0.25,1.75,1.75
"88950/1001",NA,88950,3380,"75-79 years","female",21,11779,"Other",410.973388671875,410.973388671875,"car",0.25,7.6,"weekday",2,"65 plus","6-10km","car",7.6,0.25,1.75,1.75
"88950/1001",NA,88950,3380,"75-79 years","female",21,11780,"Shopping",410.973388671875,410.973388671875,"car",0.0833333333333333,1.18,"weekday",3,"65 plus","1-2km","bicycle",1.18,0.107272727272727,0.583333333333333,0.750909090909091
"88950/1001",NA,88950,3380,"75-79 years","female",21,11781,"Shopping",410.973388671875,410.973388671875,"car",0.0833333333333333,1.23,"weekday",4,"65 plus","1-2km","bicycle",1.23,0.111818181818182,0.583333333333333,0.782727272727273
"88951/1000",NA,88951,3381,"50-54 years","male",21,11782,"Other",704.881958007812,704.881958007812,"car",0.166666666666667,4.38,"weekday",1,"40 to 64","3-5km","bicycle",4.38,0.398181818181818,1.16666666666667,2.78727272727273
"88951/1000",NA,88951,3381,"50-54 years","male",21,11783,"Other",704.881958007812,704.881958007812,"car",0.166666666666667,4.32,"weekday",2,"40 to 64","3-5km","bicycle",4.32,0.392727272727273,1.16666666666667,2.74909090909091
"88951/1000",NA,88951,3381,"50-54 years","male",21,11784,"Other",704.881958007812,704.881958007812,"car",0.166666666666667,3.3,"weekday",3,"40 to 64","3-5km","bicycle",3.3,0.3,1.16666666666667,2.1
"88951/1000",NA,88951,3381,"50-54 years","male",21,11785,"Other",704.881958007812,704.881958007812,"car",0.166666666666667,3.22,"weekday",4,"40 to 64","3-5km","bicycle",3.22,0.292727272727273,1.16666666666667,2.04909090909091
"88951/1000",NA,88951,3381,"50-54 years","male",21,11786,"Other",704.881958007812,704.881958007812,"car",0.166666666666667,3.3,"weekday",5,"40 to 64","3-5km","bicycle",3.3,0.3,1.16666666666667,2.1
"88951/1000",NA,88951,3381,"50-54 years","male",21,11787,"Other",704.881958007812,704.881958007812,"car",0.25,3.22,"weekday",6,"40 to 64","3-5km","bicycle",3.22,0.292727272727273,1.75,2.04909090909091
"88951/1000",NA,88951,3381,"50-54 years","male",21,11788,"Leisure",704.881958007812,704.881958007812,"car",0.416666666666667,7.35,"weekday",7,"40 to 64","6-10km","car",7.35,0.416666666666667,2.91666666666667,2.91666666666667
"88951/1000",NA,88951,3381,"50-54 years","male",21,11789,"Leisure",704.881958007812,704.881958007812,"car",0.5,7.44,"weekday",8,"40 to 64","6-10km","car",7.44,0.5,3.5,3.5
"88951/1001",NA,88951,3382,"40-44 years","female",21,11790,"Work",830.912109375,830.912109375,"car",0.333333333333333,10.07,"weekday",1,"40 to 64",">10km","car",10.07,0.333333333333333,2.33333333333333,2.33333333333333
"88951/1001",NA,88951,3382,"40-44 years","female",21,11791,"Work",830.912109375,830.912109375,"car",0.5,10.06,"weekday",2,"40 to 64",">10km","car",10.06,0.5,3.5,3.5
"88951/1002",NA,88951,3383,"15-19 years","male",21,11792,"Education",782.303466796875,782.303466796875,"car",0.166666666666667,4.38,"weekday",1,"15 to 19","3-5km","bicycle",4.38,0.398181818181818,1.16666666666667,2.78727272727273
"88951/1002",NA,88951,3383,"15-19 years","male",21,11793,"Education",782.303466796875,782.303466796875,"walking",0.166666666666667,0.66,"weekday",2,"15 to 19","<1km","walking",0.66,0.166666666666667,1.16666666666667,1.16666666666667
"88951/1002",NA,88951,3383,"15-19 years","male",21,11794,"Education",782.303466796875,782.303466796875,"public.transport",0.333333333333333,3.75,"weekday",2,"15 to 19","3-5km","public.transport",3.75,0.333333333333333,2.33333333333333,2.33333333333333
"88951/1002",NA,88951,3383,"15-19 years","male",21,11795,"Education",782.303466796875,782.303466796875,"walking",0.166666666666667,0.74,"weekday",2,"15 to 19","<1km","walking",0.74,0.166666666666667,1.16666666666667,1.16666666666667
"88951/1002",NA,88951,3383,"15-19 years","male",21,11796,"Leisure",782.303466796875,782.303466796875,"car",0.416666666666667,7.35,"weekday",3,"15 to 19","6-10km","car",7.35,0.416666666666667,2.91666666666667,2.91666666666667
"88951/1002",NA,88951,3383,"15-19 years","male",21,11797,"Leisure",782.303466796875,782.303466796875,"car",0.5,7.44,"weekday",4,"15 to 19","6-10km","car",7.44,0.5,3.5,3.5
"88952/1000",NA,88952,3384,"25-29 years","male",21,11798,"Work",980.261657714844,980.261657714844,"car",0.25,6.64,"weekday",1,"20 to 39","6-10km","car",6.64,0.25,1.75,1.75
"88952/1000",NA,88952,3384,"25-29 years","male",21,11799,"Work",980.261657714844,980.261657714844,"car",0.25,6.72,"weekday",2,"20 to 39","6-10km","car",6.72,0.25,1.75,1.75
"88952/1001",NA,88952,3385,"60-64 years","female",21,11800,"Work",437.736572265625,437.736572265625,"car",0.416666666666667,9.35,"weekday",1,"40 to 64","6-10km","car",9.35,0.416666666666667,2.91666666666667,2.91666666666667
"88952/1001",NA,88952,3385,"60-64 years","female",21,11801,"Work",437.736572265625,437.736572265625,"car",0.416666666666667,9.73,"weekday",2,"40 to 64","6-10km","car",9.73,0.416666666666667,2.91666666666667,2.91666666666667
"88954/1000",NA,88954,3386,"60-64 years","female",21,11802,"Shopping",437.736572265625,437.736572265625,"car",0.2,3.65,"weekday",1,"40 to 64","3-5km","bicycle",3.65,0.331818181818182,1.4,2.32272727272727
"88954/1000",NA,88954,3386,"60-64 years","female",21,11803,"Other",437.736572265625,437.736572265625,"car",0.0833333333333333,1.65,"weekday",2,"40 to 64","1-2km","bicycle",1.65,0.15,0.583333333333333,1.05
"88954/1000",NA,88954,3386,"60-64 years","female",21,11804,"Other",437.736572265625,437.736572265625,"car",0.266666666666667,3.96,"weekday",3,"40 to 64","3-5km","bicycle",3.96,0.36,1.86666666666667,2.52
"88954/1001",NA,88954,3387,"65-69 years","male",21,11805,"Shopping",351.451293945312,351.451293945312,"car",0.1,1.81,"weekday",1,"65 plus","1-2km","bicycle",1.81,0.164545454545455,0.7,1.15181818181818
"88954/1001",NA,88954,3387,"65-69 years","male",21,11806,"Shopping",351.451293945312,351.451293945312,"car",0.1,1.91,"weekday",2,"65 plus","1-2km","bicycle",1.91,0.173636363636364,0.7,1.21545454545455
"88955/1000",NA,88955,3388,"65-69 years","male",21,11807,"Other",378.907562255859,378.907562255859,"car",0.166666666666667,3.99,"weekday",1,"65 plus","3-5km","bicycle",3.99,0.362727272727273,1.16666666666667,2.53909090909091
"88955/1000",NA,88955,3388,"65-69 years","male",21,11808,"Other",378.907562255859,378.907562255859,"car",0.216666666666667,7.76,"weekday",2,"65 plus","6-10km","car",7.76,0.216666666666667,1.51666666666667,1.51666666666667
"88955/1000",NA,88955,3388,"65-69 years","male",21,11809,"Leisure",378.907562255859,378.907562255859,"car",0.166666666666667,5.95,"weekday",3,"65 plus","6-10km","car",5.95,0.166666666666667,1.16666666666667,1.16666666666667
"88955/1000",NA,88955,3388,"65-69 years","male",21,11810,"Leisure",378.907562255859,378.907562255859,"car",0.0833333333333333,1.54,"weekday",4,"65 plus","1-2km","bicycle",1.54,0.14,0.583333333333333,0.98
"88955/1000",NA,88955,3388,"65-69 years","male",21,11811,"Other",378.907562255859,378.907562255859,"car",0.2,6.71,"weekday",5,"65 plus","6-10km","car",6.71,0.2,1.4,1.4
"88955/1000",NA,88955,3388,"65-69 years","male",21,11812,"Leisure",378.907562255859,378.907562255859,"car",0.3,7.07,"weekday",6,"65 plus","6-10km","car",7.07,0.3,2.1,2.1
"88955/1000",NA,88955,3388,"65-69 years","male",21,11813,"Other",378.907562255859,378.907562255859,"car",0.0833333333333333,1.29,"weekday",7,"65 plus","1-2km","bicycle",1.29,0.117272727272727,0.583333333333333,0.820909090909091
"88955/1000",NA,88955,3388,"65-69 years","male",21,11814,"Other",378.907562255859,378.907562255859,"car",0.0833333333333333,1.29,"weekday",8,"65 plus","1-2km","bicycle",1.29,0.117272727272727,0.583333333333333,0.820909090909091
"88955/1000",NA,88955,3388,"65-69 years","male",21,11815,"Other",378.907562255859,378.907562255859,"car",0.25,3.18,"weekday",9,"65 plus","3-5km","bicycle",3.18,0.289090909090909,1.75,2.02363636363636
"88955/1000",NA,88955,3388,"65-69 years","male",21,11816,"Leisure",378.907562255859,378.907562255859,"car",0.166666666666667,4.47,"weekday",10,"65 plus","3-5km","bicycle",4.47,0.406363636363636,1.16666666666667,2.84454545454545
"88955/1000",NA,88955,3388,"65-69 years","male",21,11817,"Leisure",378.907562255859,378.907562255859,"car",0.166666666666667,4.45,"weekday",11,"65 plus","3-5km","bicycle",4.45,0.404545454545455,1.16666666666667,2.83181818181818
"88955/1001",NA,88955,3389,"45-49 years","female",21,11818,"Work",587.36279296875,587.36279296875,"car",0.0833333333333333,1.25,"weekday",1,"40 to 64","1-2km","bicycle",1.25,0.113636363636364,0.583333333333333,0.795454545454545
"88955/1001",NA,88955,3389,"45-49 years","female",21,11819,"Work",587.36279296875,587.36279296875,"car",0.0833333333333333,1.25,"weekday",2,"40 to 64","1-2km","bicycle",1.25,0.113636363636364,0.583333333333333,0.795454545454545
"88955/1001",NA,88955,3389,"45-49 years","female",21,11820,"Other",587.36279296875,587.36279296875,"car",0.05,3.17,"weekday",3,"40 to 64","3-5km","bicycle",3.17,0.288181818181818,0.35,2.01727272727273
"88955/1001",NA,88955,3389,"45-49 years","female",21,11821,"Other",587.36279296875,587.36279296875,"car",0.166666666666667,3.18,"weekday",4,"40 to 64","3-5km","bicycle",3.18,0.289090909090909,1.16666666666667,2.02363636363636
"88955/1002",NA,88955,3390,"15-19 years","female",21,11822,"Education",456.759735107422,456.759735107422,"car",0.166666666666667,3.99,"weekday",1,"15 to 19","3-5km","bicycle",3.99,0.362727272727273,1.16666666666667,2.53909090909091
"88955/1002",NA,88955,3390,"15-19 years","female",21,11823,"Leisure",456.759735107422,456.759735107422,"car",0.0833333333333333,1.29,"weekday",2,"15 to 19","1-2km","bicycle",1.29,0.117272727272727,0.583333333333333,0.820909090909091
"88955/1002",NA,88955,3390,"15-19 years","female",21,11824,"Leisure",456.759735107422,456.759735107422,"car",0.166666666666667,3.18,"weekday",3,"15 to 19","3-5km","bicycle",3.18,0.289090909090909,1.16666666666667,2.02363636363636
"88956/1000",NA,88956,3391,"55-59 years","male",21,11825,"Work",532.142456054688,532.142456054688,"car",0.25,5.22,"weekday",1,"40 to 64","6-10km","car",5.22,0.25,1.75,1.75
"88956/1000",NA,88956,3391,"55-59 years","male",21,11826,"Work",532.142456054688,532.142456054688,"car",0.5,13.07,"weekday",2,"40 to 64",">10km","car",13.07,0.5,3.5,3.5
"88956/1000",NA,88956,3391,"55-59 years","male",21,11827,"Work",532.142456054688,532.142456054688,"car",0.666666666666667,13.03,"weekday",3,"40 to 64",">10km","car",13.03,0.666666666666667,4.66666666666667,4.66666666666667
"88956/1000",NA,88956,3391,"55-59 years","male",21,11828,"Work",532.142456054688,532.142456054688,"car",1.08333333333333,77.88,"weekday",4,"40 to 64",">10km","car",77.88,1.08333333333333,7.58333333333333,7.58333333333333
"88956/1000",NA,88956,3391,"55-59 years","male",21,11829,"Work",532.142456054688,532.142456054688,"car",0.5,16.07,"weekday",5,"40 to 64",">10km","car",16.07,0.5,3.5,3.5
"88956/1000",NA,88956,3391,"55-59 years","male",21,11830,"Work",532.142456054688,532.142456054688,"car",0.333333333333333,23.49,"weekday",6,"40 to 64",">10km","car",23.49,0.333333333333333,2.33333333333333,2.33333333333333
"88956/1000",NA,88956,3391,"55-59 years","male",21,11831,"Work",532.142456054688,532.142456054688,"car",0.833333333333333,48.07,"weekday",7,"40 to 64",">10km","car",48.07,0.833333333333333,5.83333333333333,5.83333333333333
"88956/1000",NA,88956,3391,"55-59 years","male",21,11832,"Work",532.142456054688,532.142456054688,"car",0.166666666666667,5.28,"weekday",8,"40 to 64","6-10km","car",5.28,0.166666666666667,1.16666666666667,1.16666666666667
"88956/1001",NA,88956,3392,"50-54 years","female",21,11834,"Other",484.974609375,484.974609375,"car",0.166666666666667,2.01,"weekday",1,"40 to 64","3-5km","bicycle",2.01,0.182727272727273,1.16666666666667,1.27909090909091
"88956/1001",NA,88956,3392,"50-54 years","female",21,11835,"Other",484.974609375,484.974609375,"car",0.166666666666667,1.99,"weekday",2,"40 to 64","1-2km","bicycle",1.99,0.180909090909091,1.16666666666667,1.26636363636364
"88956/1001",NA,88956,3392,"50-54 years","female",21,11836,"Work",484.974609375,484.974609375,"car",0.666666666666667,16.65,"weekday",3,"40 to 64",">10km","car",16.65,0.666666666666667,4.66666666666667,4.66666666666667
"88956/1001",NA,88956,3392,"50-54 years","female",21,11837,"Work",484.974609375,484.974609375,"car",0.666666666666667,16.15,"weekday",4,"40 to 64",">10km","car",16.15,0.666666666666667,4.66666666666667,4.66666666666667
"88956/1001",NA,88956,3392,"50-54 years","female",21,11838,"Other",484.974609375,484.974609375,"car",0.0833333333333333,2.07,"weekday",5,"40 to 64","3-5km","bicycle",2.07,0.188181818181818,0.583333333333333,1.31727272727273
"88956/1001",NA,88956,3392,"50-54 years","female",21,11839,"Other",484.974609375,484.974609375,"car",0.0833333333333333,2.08,"weekday",6,"40 to 64","3-5km","bicycle",2.08,0.189090909090909,0.583333333333333,1.32363636363636
"88956/1002",NA,88956,3393,"20-24 years","female",21,11840,"Work",856.685302734375,856.685302734375,"car",1.91666666666667,128.75,"weekday",1,"20 to 39",">10km","car",128.75,1.91666666666667,13.4166666666667,13.4166666666667
"88956/1002",NA,88956,3393,"20-24 years","female",21,11842,"Work",856.685302734375,856.685302734375,"car",1.66666666666667,128.25,"weekday",3,"20 to 39",">10km","car",128.25,1.66666666666667,11.6666666666667,11.6666666666667
"88956/1003",NA,88956,3394,"20-24 years","female",21,11843,"Education",856.685302734375,856.685302734375,"car",0.166666666666667,2.01,"weekday",1,"20 to 39","3-5km","bicycle",2.01,0.182727272727273,1.16666666666667,1.27909090909091
"88956/1003",NA,88956,3394,"20-24 years","female",21,11844,"Education",856.685302734375,856.685302734375,"public.transport",0.5,9.58,"weekday",1,"20 to 39","6-10km","public.transport",9.58,0.5,3.5,3.5
"88956/1003",NA,88956,3394,"20-24 years","female",21,11845,"Education",856.685302734375,856.685302734375,"walking",0.166666666666667,0.56,"weekday",1,"20 to 39","<1km","walking",0.56,0.166666666666667,1.16666666666667,1.16666666666667
"88956/1003",NA,88956,3394,"20-24 years","female",21,11846,"Work",856.685302734375,856.685302734375,"walking",0.166666666666667,0.56,"weekday",2,"20 to 39","<1km","walking",0.56,0.166666666666667,1.16666666666667,1.16666666666667
"88956/1003",NA,88956,3394,"20-24 years","female",21,11847,"Work",856.685302734375,856.685302734375,"public.transport",0.45,9.27,"weekday",2,"20 to 39","6-10km","public.transport",9.27,0.45,3.15,3.15
"88956/1003",NA,88956,3394,"20-24 years","female",21,11848,"Work",856.685302734375,856.685302734375,"walking",0.0833333333333333,0.82,"weekday",2,"20 to 39","<1km","walking",0.82,0.0833333333333333,0.583333333333333,0.583333333333333
"88956/1003",NA,88956,3394,"20-24 years","female",21,11849,"Work",856.685302734375,856.685302734375,"car",0.0833333333333333,2.1,"weekday",3,"20 to 39","3-5km","bicycle",2.1,0.190909090909091,0.583333333333333,1.33636363636364
"88957/1001",NA,88957,3395,"65-69 years","female",21,11850,"Shopping",304.822784423828,304.822784423828,"car",0.133333333333333,1.69,"weekday",1,"65 plus","1-2km","bicycle",1.69,0.153636363636364,0.933333333333333,1.07545454545455
"88957/1001",NA,88957,3395,"65-69 years","female",21,11851,"Shopping",304.822784423828,304.822784423828,"car",0.15,1.73,"weekday",2,"65 plus","1-2km","bicycle",1.73,0.157272727272727,1.05,1.10090909090909
"88958/1000",NA,88958,3396,"45-49 years","female",21,11852,"Other",848.014831542969,848.014831542969,"car",0.0833333333333333,1.71,"weekday",1,"40 to 64","1-2km","bicycle",1.71,0.155454545454545,0.583333333333333,1.08818181818182
"88958/1000",NA,88958,3396,"45-49 years","female",21,11853,"Work",848.014831542969,848.014831542969,"car",0.5,12.18,"weekday",2,"40 to 64",">10km","car",12.18,0.5,3.5,3.5
"88958/1000",NA,88958,3396,"45-49 years","female",21,11854,"Work",848.014831542969,848.014831542969,"car",0.333333333333333,11.49,"weekday",3,"40 to 64",">10km","car",11.49,0.333333333333333,2.33333333333333,2.33333333333333
"88958/1001",NA,88958,3397,"45-49 years","male",21,11855,"Work",708.6845703125,708.6845703125,"car",0.333333333333333,8.12,"weekday",1,"40 to 64","6-10km","car",8.12,0.333333333333333,2.33333333333333,2.33333333333333
"88958/1001",NA,88958,3397,"45-49 years","male",21,11856,"Work",708.6845703125,708.6845703125,"car",0.25,8.13,"weekday",2,"40 to 64","6-10km","car",8.13,0.25,1.75,1.75
"88961/1000",NA,88961,3398,"25-29 years","female",21,11857,"Work",242.946258544922,242.946258544922,"car",0.166666666666667,6.66,"weekday",1,"20 to 39","6-10km","car",6.66,0.166666666666667,1.16666666666667,1.16666666666667
"88961/1000",NA,88961,3398,"25-29 years","female",21,11858,"Work",242.946258544922,242.946258544922,"car",0.333333333333333,6.64,"weekday",2,"20 to 39","6-10km","car",6.64,0.333333333333333,2.33333333333333,2.33333333333333
"88962/1000",NA,88962,3399,"65-69 years","male",21,11859,"Other",141.843811035156,141.843811035156,"car",0.0833333333333333,2.27,"weekday",1,"65 plus","3-5km","bicycle",2.27,0.206363636363636,0.583333333333333,1.44454545454545
"88962/1000",NA,88962,3399,"65-69 years","male",21,11860,"Other",141.843811035156,141.843811035156,"public.transport",0.65,23.59,"weekday",1,"65 plus",">10km","public.transport",23.59,0.65,4.55,4.55
"88962/1000",NA,88962,3399,"65-69 years","male",21,11861,"Other",141.843811035156,141.843811035156,"walking",0.15,0.75,"weekday",1,"65 plus","<1km","walking",0.75,0.15,1.05,1.05
"88962/1000",NA,88962,3399,"65-69 years","male",21,11862,"Other",141.843811035156,141.843811035156,"walking",0.166666666666667,0.75,"weekday",2,"65 plus","<1km","walking",0.75,0.166666666666667,1.16666666666667,1.16666666666667
"88962/1000",NA,88962,3399,"65-69 years","male",21,11863,"Other",141.843811035156,141.843811035156,"public.transport",0.616666666666667,23.59,"weekday",2,"65 plus",">10km","public.transport",23.59,0.616666666666667,4.31666666666667,4.31666666666667
"88962/1000",NA,88962,3399,"65-69 years","male",21,11864,"Other",141.843811035156,141.843811035156,"car",0.0833333333333333,2.29,"weekday",2,"65 plus","3-5km","bicycle",2.29,0.208181818181818,0.583333333333333,1.45727272727273
"88963/1000",NA,88963,3400,"30-34 years","male",21,11865,"Work",187.17204284668,187.17204284668,"car",0.75,34.85,"weekday",1,"20 to 39",">10km","car",34.85,0.75,5.25,5.25
"88963/1000",NA,88963,3400,"30-34 years","male",21,11866,"Work",187.17204284668,187.17204284668,"car",0.5,9.51,"weekday",2,"20 to 39","6-10km","car",9.51,0.5,3.5,3.5
"88963/1000",NA,88963,3400,"30-34 years","male",21,11867,"Shopping",187.17204284668,187.17204284668,"walking",0.0833333333333333,0.47,"weekday",3,"20 to 39","<1km","walking",0.47,0.0833333333333333,0.583333333333333,0.583333333333333
"88963/1000",NA,88963,3400,"30-34 years","male",21,11868,"Work",187.17204284668,187.17204284668,"walking",0.0833333333333333,0.47,"weekday",4,"20 to 39","<1km","walking",0.47,0.0833333333333333,0.583333333333333,0.583333333333333
"88963/1000",NA,88963,3400,"30-34 years","male",21,11869,"Shopping",187.17204284668,187.17204284668,"car",0.5,8.11,"weekday",5,"20 to 39","6-10km","car",8.11,0.5,3.5,3.5
"88963/1000",NA,88963,3400,"30-34 years","male",21,11870,"Shopping",187.17204284668,187.17204284668,"car",0.833333333333333,19.4,"weekday",6,"20 to 39",">10km","car",19.4,0.833333333333333,5.83333333333333,5.83333333333333
"88963/1000",NA,88963,3400,"30-34 years","male",21,11871,"Leisure",187.17204284668,187.17204284668,"car",0.5,15.9,"weekday",7,"20 to 39",">10km","car",15.9,0.5,3.5,3.5
"88963/1000",NA,88963,3400,"30-34 years","male",21,11872,"Leisure",187.17204284668,187.17204284668,"car",0.5,16.4,"weekday",8,"20 to 39",">10km","car",16.4,0.5,3.5,3.5
"88963/1001",NA,88963,3401,"65-69 years","female",21,11873,"Work",118.323799133301,118.323799133301,"car",0.5,11.54,"weekday",1,"65 plus",">10km","car",11.54,0.5,3.5,3.5
"88963/1001",NA,88963,3401,"65-69 years","female",21,11874,"Shopping",118.323799133301,118.323799133301,"car",0.583333333333333,16.3,"weekday",2,"65 plus",">10km","car",16.3,0.583333333333333,4.08333333333333,4.08333333333333
"88963/1001",NA,88963,3401,"65-69 years","female",21,11875,"Shopping",118.323799133301,118.323799133301,"car",0.333333333333333,6.55,"weekday",3,"65 plus","6-10km","car",6.55,0.333333333333333,2.33333333333333,2.33333333333333
"88963/1002",NA,88963,3402,"65-69 years","male",21,11876,"Work",165.524780273438,165.524780273438,"car",0.666666666666667,19.87,"weekday",1,"65 plus",">10km","car",19.87,0.666666666666667,4.66666666666667,4.66666666666667
"88963/1002",NA,88963,3402,"65-69 years","male",21,11877,"Leisure",165.524780273438,165.524780273438,"car",0.25,4.82,"weekday",2,"65 plus","3-5km","bicycle",4.82,0.438181818181818,1.75,3.06727272727273
"88963/1002",NA,88963,3402,"65-69 years","male",21,11878,"Work",165.524780273438,165.524780273438,"car",0.25,4.81,"weekday",3,"65 plus","3-5km","bicycle",4.81,0.437272727272727,1.75,3.06090909090909
"88963/1002",NA,88963,3402,"65-69 years","male",21,11879,"Work",165.524780273438,165.524780273438,"car",0.833333333333333,19.32,"weekday",4,"65 plus",">10km","car",19.32,0.833333333333333,5.83333333333333,5.83333333333333
"88964/1000",NA,88964,3403,"50-54 years","male",21,11880,"Work",228.976974487305,228.976974487305,"other",0.25,5.2,"weekday",1,"40 to 64","6-10km","other",5.2,0.25,1.75,1.75
"88964/1000",NA,88964,3403,"50-54 years","male",21,11881,"Work",228.976974487305,228.976974487305,"other",0.25,5.1,"weekday",2,"40 to 64","6-10km","other",5.1,0.25,1.75,1.75
"88964/1001",NA,88964,3404,"40-44 years","female",21,11882,"Other",175.531768798828,175.531768798828,"car",0.0833333333333333,3.04,"weekday",1,"40 to 64","3-5km","bicycle",3.04,0.276363636363636,0.583333333333333,1.93454545454545
"88964/1001",NA,88964,3404,"40-44 years","female",21,11883,"Other",175.531768798828,175.531768798828,"car",0.166666666666667,3.05,"weekday",2,"40 to 64","3-5km","bicycle",3.05,0.277272727272727,1.16666666666667,1.94090909090909
"88964/1001",NA,88964,3404,"40-44 years","female",21,11884,"Other",175.531768798828,175.531768798828,"car",0.0833333333333333,3.04,"weekday",3,"40 to 64","3-5km","bicycle",3.04,0.276363636363636,0.583333333333333,1.93454545454545
"88964/1001",NA,88964,3404,"40-44 years","female",21,11885,"Other",175.531768798828,175.531768798828,"car",0.166666666666667,3.05,"weekday",4,"40 to 64","3-5km","bicycle",3.05,0.277272727272727,1.16666666666667,1.94090909090909
"88966/1000",NA,88966,3405,"65-69 years","female",21,11886,"Shopping",101.395683288574,101.395683288574,"car",0.166666666666667,6.57,"weekday",1,"65 plus","6-10km","car",6.57,0.166666666666667,1.16666666666667,1.16666666666667
"88966/1000",NA,88966,3405,"65-69 years","female",21,11887,"Shopping",101.395683288574,101.395683288574,"car",0.166666666666667,6.55,"weekday",2,"65 plus","6-10km","car",6.55,0.166666666666667,1.16666666666667,1.16666666666667
"88966/1001",NA,88966,3406,"70-74 years","male",21,11888,"Shopping",103.645225524902,103.645225524902,"car",0.166666666666667,6.57,"weekday",1,"65 plus","6-10km","car",6.57,0.166666666666667,1.16666666666667,1.16666666666667
"88966/1001",NA,88966,3406,"70-74 years","male",21,11889,"Shopping",103.645225524902,103.645225524902,"car",0.166666666666667,6.55,"weekday",2,"65 plus","6-10km","car",6.55,0.166666666666667,1.16666666666667,1.16666666666667
"88968/1000",NA,88968,3407,"35-39 years","female",21,11890,"Other",126.796051025391,126.796051025391,"car",0.0833333333333333,2.34,"weekday",1,"20 to 39","3-5km","bicycle",2.34,0.212727272727273,0.583333333333333,1.48909090909091
"88968/1000",NA,88968,3407,"35-39 years","female",21,11891,"Other",126.796051025391,126.796051025391,"car",0.0833333333333333,2.34,"weekday",2,"20 to 39","3-5km","bicycle",2.34,0.212727272727273,0.583333333333333,1.48909090909091
"88968/1000",NA,88968,3407,"35-39 years","female",21,11892,"Other",126.796051025391,126.796051025391,"car",0.0833333333333333,2.34,"weekday",3,"20 to 39","3-5km","bicycle",2.34,0.212727272727273,0.583333333333333,1.48909090909091
"88968/1000",NA,88968,3407,"35-39 years","female",21,11893,"Other",126.796051025391,126.796051025391,"car",0.0833333333333333,2.34,"weekday",4,"20 to 39","3-5km","bicycle",2.34,0.212727272727273,0.583333333333333,1.48909090909091
"88969/1000",NA,88969,3408,"40-44 years","female",21,11894,"Other",141.607559204102,141.607559204102,"car",0.166666666666667,3.46,"weekday",1,"40 to 64","3-5km","bicycle",3.46,0.314545454545455,1.16666666666667,2.20181818181818
"88969/1000",NA,88969,3408,"40-44 years","female",21,11895,"Other",141.607559204102,141.607559204102,"car",0.166666666666667,3.54,"weekday",2,"40 to 64","3-5km","bicycle",3.54,0.321818181818182,1.16666666666667,2.25272727272727
"88969/1000",NA,88969,3408,"40-44 years","female",21,11896,"Other",141.607559204102,141.607559204102,"car",0.166666666666667,3.46,"weekday",3,"40 to 64","3-5km","bicycle",3.46,0.314545454545455,1.16666666666667,2.20181818181818
"88969/1000",NA,88969,3408,"40-44 years","female",21,11897,"Other",141.607559204102,141.607559204102,"car",0.0833333333333333,3.54,"weekday",4,"40 to 64","3-5km","bicycle",3.54,0.321818181818182,0.583333333333333,2.25272727272727
"88975/1000",NA,88975,3409,"60-64 years","female",21,11898,"Other",198.384918212891,198.384918212891,"car",0.166666666666667,4.25,"weekday",1,"40 to 64","3-5km","bicycle",4.25,0.386363636363636,1.16666666666667,2.70454545454545
"88975/1000",NA,88975,3409,"60-64 years","female",21,11899,"Other",198.384918212891,198.384918212891,"car",0.333333333333333,14.79,"weekday",2,"40 to 64",">10km","car",14.79,0.333333333333333,2.33333333333333,2.33333333333333
"88975/1000",NA,88975,3409,"60-64 years","female",21,11900,"Other",198.384918212891,198.384918212891,"car",0.25,12.02,"weekday",3,"40 to 64",">10km","car",12.02,0.25,1.75,1.75
"88975/1000",NA,88975,3409,"60-64 years","female",21,11901,"Other",198.384918212891,198.384918212891,"car",0.283333333333333,11.96,"weekday",4,"40 to 64",">10km","car",11.96,0.283333333333333,1.98333333333333,1.98333333333333
"88975/1000",NA,88975,3409,"60-64 years","female",21,11902,"Other",198.384918212891,198.384918212891,"car",0.233333333333333,12.02,"weekday",5,"40 to 64",">10km","car",12.02,0.233333333333333,1.63333333333333,1.63333333333333
"88975/1001",NA,88975,3410,"65-69 years","male",21,11903,"Leisure",165.524780273438,165.524780273438,"car",1.25,36.33,"weekday",1,"65 plus",">10km","car",36.33,1.25,8.75,8.75
"88975/1001",NA,88975,3410,"65-69 years","male",21,11904,"Leisure",165.524780273438,165.524780273438,"car",1.06666666666667,36.04,"weekday",2,"65 plus",">10km","car",36.04,1.06666666666667,7.46666666666667,7.46666666666667
"88975/1003",NA,88975,3411,"45-49 years","female",21,11905,"Other",185.58512878418,185.58512878418,"car",0.166666666666667,4.25,"weekday",1,"40 to 64","3-5km","bicycle",4.25,0.386363636363636,1.16666666666667,2.70454545454545
"88975/1003",NA,88975,3411,"45-49 years","female",21,11906,"Leisure",185.58512878418,185.58512878418,"car",0.333333333333333,14.79,"weekday",2,"40 to 64",">10km","car",14.79,0.333333333333333,2.33333333333333,2.33333333333333
"88975/1003",NA,88975,3411,"45-49 years","female",21,11907,"Leisure",185.58512878418,185.58512878418,"car",0.233333333333333,12.02,"weekday",3,"40 to 64",">10km","car",12.02,0.233333333333333,1.63333333333333,1.63333333333333
"88976/1001",NA,88976,3412,"75-79 years","male",21,11908,"Shopping",94.0405426025391,94.0405426025391,"car",0.0833333333333333,4.04,"weekday",1,"65 plus","3-5km","bicycle",4.04,0.367272727272727,0.583333333333333,2.57090909090909
"88976/1001",NA,88976,3412,"75-79 years","male",21,11909,"Shopping",94.0405426025391,94.0405426025391,"car",0.1,3.99,"weekday",2,"65 plus","3-5km","bicycle",3.99,0.362727272727273,0.7,2.53909090909091
"88984/1000",NA,88984,3413,"75-79 years","female",21,11910,"Leisure",98.6386184692383,98.6386184692383,"car",0.5,19.17,"weekday",1,"65 plus",">10km","car",19.17,0.5,3.5,3.5
"88984/1000",NA,88984,3413,"75-79 years","female",21,11911,"Other",98.6386184692383,98.6386184692383,"car",0.166666666666667,4.46,"weekday",2,"65 plus","3-5km","bicycle",4.46,0.405454545454545,1.16666666666667,2.83818181818182
"88984/1000",NA,88984,3413,"75-79 years","female",21,11912,"Shopping",98.6386184692383,98.6386184692383,"car",0.166666666666667,12.83,"weekday",3,"65 plus",">10km","car",12.83,0.166666666666667,1.16666666666667,1.16666666666667
"88984/1000",NA,88984,3413,"75-79 years","female",21,11913,"Shopping",98.6386184692383,98.6386184692383,"car",0.166666666666667,5.49,"weekday",4,"65 plus","6-10km","car",5.49,0.166666666666667,1.16666666666667,1.16666666666667
"88986/1000",NA,88986,3414,"55-59 years","male",21,11914,"Leisure",141.208511352539,141.208511352539,"walking",0.333333333333333,3.4,"weekday",1,"40 to 64","3-5km","walking",3.4,0.333333333333333,2.33333333333333,2.33333333333333
"88986/1000",NA,88986,3414,"55-59 years","male",21,11915,"Leisure",141.208511352539,141.208511352539,"walking",0.333333333333333,3.4,"weekday",2,"40 to 64","3-5km","walking",3.4,0.333333333333333,2.33333333333333,2.33333333333333
"88986/1000",NA,88986,3414,"55-59 years","male",21,11916,"Work",141.208511352539,141.208511352539,"car",0.416666666666667,25.2,"weekday",3,"40 to 64",">10km","car",25.2,0.416666666666667,2.91666666666667,2.91666666666667
"88986/1000",NA,88986,3414,"55-59 years","male",21,11917,"Work",141.208511352539,141.208511352539,"car",0.5,24.38,"weekday",4,"40 to 64",">10km","car",24.38,0.5,3.5,3.5
"88988/1000",NA,88988,3415,"80-84 years","male",21,11918,"Other",196.927795410156,196.927795410156,"car",0.0833333333333333,2.4,"weekday",1,"65 plus","3-5km","bicycle",2.4,0.218181818181818,0.583333333333333,1.52727272727273
"88988/1000",NA,88988,3415,"80-84 years","male",21,11919,"Other",196.927795410156,196.927795410156,"car",0.25,2.3,"weekday",2,"65 plus","3-5km","bicycle",2.3,0.209090909090909,1.75,1.46363636363636
"88988/1000",NA,88988,3415,"80-84 years","male",21,11920,"Other",196.927795410156,196.927795410156,"car",0.333333333333333,3.1,"weekday",3,"65 plus","3-5km","bicycle",3.1,0.281818181818182,2.33333333333333,1.97272727272727
"88988/1000",NA,88988,3415,"80-84 years","male",21,11921,"Shopping",196.927795410156,196.927795410156,"car",0.5,8.09,"weekday",4,"65 plus","6-10km","car",8.09,0.5,3.5,3.5
"88988/1000",NA,88988,3415,"80-84 years","male",21,11922,"Shopping",196.927795410156,196.927795410156,"car",0.5,10.69,"weekday",5,"65 plus",">10km","car",10.69,0.5,3.5,3.5
"88988/1000",NA,88988,3415,"80-84 years","male",21,11923,"Shopping",196.927795410156,196.927795410156,"car",0.25,5.34,"weekday",6,"65 plus","6-10km","car",5.34,0.25,1.75,1.75
"88988/1000",NA,88988,3415,"80-84 years","male",21,11924,"Other",196.927795410156,196.927795410156,"car",0.25,3.8,"weekday",7,"65 plus","3-5km","bicycle",3.8,0.345454545454545,1.75,2.41818181818182
"88988/1000",NA,88988,3415,"80-84 years","male",21,11925,"Other",196.927795410156,196.927795410156,"car",0.333333333333333,3.85,"weekday",8,"65 plus","3-5km","bicycle",3.85,0.35,2.33333333333333,2.45
"88988/1001",NA,88988,3416,"80-84 years","female",21,11926,"Other",129.762084960938,129.762084960938,"car",0.0833333333333333,2.4,"weekday",1,"65 plus","3-5km","bicycle",2.4,0.218181818181818,0.583333333333333,1.52727272727273
"88988/1001",NA,88988,3416,"80-84 years","female",21,11927,"Other",129.762084960938,129.762084960938,"car",0.25,2.3,"weekday",2,"65 plus","3-5km","bicycle",2.3,0.209090909090909,1.75,1.46363636363636
"88988/1001",NA,88988,3416,"80-84 years","female",21,11928,"Other",129.762084960938,129.762084960938,"car",0.333333333333333,3.1,"weekday",3,"65 plus","3-5km","bicycle",3.1,0.281818181818182,2.33333333333333,1.97272727272727
"88988/1001",NA,88988,3416,"80-84 years","female",21,11929,"Shopping",129.762084960938,129.762084960938,"car",0.5,8.09,"weekday",4,"65 plus","6-10km","car",8.09,0.5,3.5,3.5
"88988/1001",NA,88988,3416,"80-84 years","female",21,11930,"Shopping",129.762084960938,129.762084960938,"car",0.5,10.69,"weekday",5,"65 plus",">10km","car",10.69,0.5,3.5,3.5
"88988/1001",NA,88988,3416,"80-84 years","female",21,11931,"Shopping",129.762084960938,129.762084960938,"car",0.25,5.34,"weekday",6,"65 plus","6-10km","car",5.34,0.25,1.75,1.75
"88991/1000",NA,88991,3417,"35-39 years","male",21,11932,"Other",259.737060546875,259.737060546875,"car",0.166666666666667,1.57,"weekday",1,"20 to 39","1-2km","bicycle",1.57,0.142727272727273,1.16666666666667,0.999090909090909
"88991/1000",NA,88991,3417,"35-39 years","male",21,11933,"Other",259.737060546875,259.737060546875,"car",0.166666666666667,1.57,"weekday",2,"20 to 39","1-2km","bicycle",1.57,0.142727272727273,1.16666666666667,0.999090909090909
"88991/1000",NA,88991,3417,"35-39 years","male",21,11934,"Shopping",259.737060546875,259.737060546875,"car",0.25,3.27,"weekday",3,"20 to 39","3-5km","bicycle",3.27,0.297272727272727,1.75,2.08090909090909
"88991/1000",NA,88991,3417,"35-39 years","male",21,11935,"Shopping",259.737060546875,259.737060546875,"car",0.25,3.23,"weekday",4,"20 to 39","3-5km","bicycle",3.23,0.293636363636364,1.75,2.05545454545455
"88991/1000",NA,88991,3417,"35-39 years","male",21,11936,"Other",259.737060546875,259.737060546875,"car",0.166666666666667,1.57,"weekday",5,"20 to 39","1-2km","bicycle",1.57,0.142727272727273,1.16666666666667,0.999090909090909
"88991/1000",NA,88991,3417,"35-39 years","male",21,11937,"Other",259.737060546875,259.737060546875,"car",0.166666666666667,1.57,"weekday",6,"20 to 39","1-2km","bicycle",1.57,0.142727272727273,1.16666666666667,0.999090909090909
"88991/1001",NA,88991,3418,"35-39 years","female",21,11938,"Work",245.514633178711,245.514633178711,"car",0.25,3.06,"weekday",1,"20 to 39","3-5km","bicycle",3.06,0.278181818181818,1.75,1.94727272727273
"88991/1001",NA,88991,3418,"35-39 years","female",21,11939,"Work",245.514633178711,245.514633178711,"public.transport",0.666666666666667,24.59,"weekday",1,"20 to 39",">10km","public.transport",24.59,0.666666666666667,4.66666666666667,4.66666666666667
"88991/1001",NA,88991,3418,"35-39 years","female",21,11940,"Work",245.514633178711,245.514633178711,"walking",0.25,0.4,"weekday",1,"20 to 39","<1km","walking",0.4,0.25,1.75,1.75
"88991/1001",NA,88991,3418,"35-39 years","female",21,11941,"Work",245.514633178711,245.514633178711,"walking",0.0833333333333333,0.26,"weekday",2,"20 to 39","<1km","walking",0.26,0.0833333333333333,0.583333333333333,0.583333333333333
"88991/1001",NA,88991,3418,"35-39 years","female",21,11942,"Work",245.514633178711,245.514633178711,"public.transport",0.666666666666667,24.65,"weekday",2,"20 to 39",">10km","public.transport",24.65,0.666666666666667,4.66666666666667,4.66666666666667
"88991/1001",NA,88991,3418,"35-39 years","female",21,11943,"Work",245.514633178711,245.514633178711,"car",0.25,3.09,"weekday",2,"20 to 39","3-5km","bicycle",3.09,0.280909090909091,1.75,1.96636363636364
"89004/1000",NA,89004,3419,"30-34 years","male",21,11944,"Work",243.462539672852,243.462539672852,"car",0.5,17.98,"weekday",1,"20 to 39",">10km","car",17.98,0.5,3.5,3.5
"89004/1000",NA,89004,3419,"30-34 years","male",21,11945,"Work",243.462539672852,243.462539672852,"car",0.5,18.11,"weekday",2,"20 to 39",">10km","car",18.11,0.5,3.5,3.5
"89004/1001",NA,89004,3420,"30-34 years","female",21,11946,"Other",333.578796386719,333.578796386719,"car",0.166666666666667,3.84,"weekday",1,"20 to 39","3-5km","bicycle",3.84,0.349090909090909,1.16666666666667,2.44363636363636
"89004/1001",NA,89004,3420,"30-34 years","female",21,11947,"Work",333.578796386719,333.578796386719,"car",0.583333333333333,25.51,"weekday",2,"20 to 39",">10km","car",25.51,0.583333333333333,4.08333333333333,4.08333333333333
"89004/1001",NA,89004,3420,"30-34 years","female",21,11948,"Other",333.578796386719,333.578796386719,"car",0.5,25.36,"weekday",3,"20 to 39",">10km","car",25.36,0.5,3.5,3.5
"89004/1001",NA,89004,3420,"30-34 years","female",21,11949,"Other",333.578796386719,333.578796386719,"car",0.166666666666667,3.64,"weekday",4,"20 to 39","3-5km","bicycle",3.64,0.330909090909091,1.16666666666667,2.31636363636364
"89005/1000",NA,89005,3421,"40-44 years","female",21,11950,"Work",183.191558837891,183.191558837891,"car",0.416666666666667,14.13,"weekday",1,"40 to 64",">10km","car",14.13,0.416666666666667,2.91666666666667,2.91666666666667
"89005/1000",NA,89005,3421,"40-44 years","female",21,11951,"Work",183.191558837891,183.191558837891,"car",0.416666666666667,14.68,"weekday",2,"40 to 64",">10km","car",14.68,0.416666666666667,2.91666666666667,2.91666666666667
"89005/1000",NA,89005,3421,"40-44 years","female",21,11952,"Work",183.191558837891,183.191558837891,"car",0.25,14.84,"weekday",3,"40 to 64",">10km","car",14.84,0.25,1.75,1.75
"89005/1000",NA,89005,3421,"40-44 years","female",21,11953,"Work",183.191558837891,183.191558837891,"car",0.666666666666667,14.3,"weekday",4,"40 to 64",">10km","car",14.3,0.666666666666667,4.66666666666667,4.66666666666667
"89005/1000",NA,89005,3421,"40-44 years","female",21,11954,"Work",183.191558837891,183.191558837891,"car",0.5,14.13,"weekday",5,"40 to 64",">10km","car",14.13,0.5,3.5,3.5
"89005/1000",NA,89005,3421,"40-44 years","female",21,11955,"Other",183.191558837891,183.191558837891,"car",0.5,16.93,"weekday",6,"40 to 64",">10km","car",16.93,0.5,3.5,3.5
"89005/1000",NA,89005,3421,"40-44 years","female",21,11956,"Other",183.191558837891,183.191558837891,"car",0.333333333333333,10.07,"weekday",7,"40 to 64",">10km","car",10.07,0.333333333333333,2.33333333333333,2.33333333333333
"89005/1000",NA,89005,3421,"40-44 years","female",21,11957,"Other",183.191558837891,183.191558837891,"car",0.5,13.8,"weekday",8,"40 to 64",">10km","car",13.8,0.5,3.5,3.5
"89005/1000",NA,89005,3421,"40-44 years","female",21,11958,"Other",183.191558837891,183.191558837891,"car",0.5,12.18,"weekday",9,"40 to 64",">10km","car",12.18,0.5,3.5,3.5
"89006/1000",NA,89006,3422,"25-29 years","female",21,11959,"Other",379.222839355469,379.222839355469,"car",0.166666666666667,3.92,"weekday",1,"20 to 39","3-5km","bicycle",3.92,0.356363636363636,1.16666666666667,2.49454545454545
"89006/1000",NA,89006,3422,"25-29 years","female",21,11960,"Other",379.222839355469,379.222839355469,"car",0.166666666666667,4,"weekday",2,"20 to 39","3-5km","bicycle",4,0.363636363636364,1.16666666666667,2.54545454545455
"89006/1000",NA,89006,3422,"25-29 years","female",21,11961,"Other",379.222839355469,379.222839355469,"car",0.416666666666667,3.92,"weekday",3,"20 to 39","3-5km","bicycle",3.92,0.356363636363636,2.91666666666667,2.49454545454545
"89006/1000",NA,89006,3422,"25-29 years","female",21,11962,"Other",379.222839355469,379.222839355469,"car",0.116666666666667,4,"weekday",4,"20 to 39","3-5km","bicycle",4,0.363636363636364,0.816666666666667,2.54545454545455
"89008/1000",NA,89008,3423,"55-59 years","female",21,11963,"Shopping",181.938278198242,181.938278198242,"car",0.0833333333333333,3.13,"weekday",1,"40 to 64","3-5km","bicycle",3.13,0.284545454545455,0.583333333333333,1.99181818181818
"89008/1000",NA,89008,3423,"55-59 years","female",21,11964,"Shopping",181.938278198242,181.938278198242,"car",0.166666666666667,3.06,"weekday",2,"40 to 64","3-5km","bicycle",3.06,0.278181818181818,1.16666666666667,1.94727272727273
"89008/1001",NA,89008,3424,"55-59 years","male",21,11965,"Shopping",199.032653808594,199.032653808594,"car",0.0833333333333333,3.13,"weekday",1,"40 to 64","3-5km","bicycle",3.13,0.284545454545455,0.583333333333333,1.99181818181818
"89008/1001",NA,89008,3424,"55-59 years","male",21,11966,"Shopping",199.032653808594,199.032653808594,"car",0.166666666666667,3.06,"weekday",2,"40 to 64","3-5km","bicycle",3.06,0.278181818181818,1.16666666666667,1.94727272727273
"89008/1002",NA,89008,3425,"20-24 years","male",21,11967,"Work",198.558609008789,198.558609008789,"car",0.5,14.62,"weekday",1,"20 to 39",">10km","car",14.62,0.5,3.5,3.5
"89008/1002",NA,89008,3425,"20-24 years","male",21,11968,"Work",198.558609008789,198.558609008789,"car",0.5,14.79,"weekday",2,"20 to 39",">10km","car",14.79,0.5,3.5,3.5
"89010/1000",NA,89010,3426,"75-79 years","female",21,11969,"Other",102.54719543457,102.54719543457,"car",0.416666666666667,26.28,"weekday",1,"65 plus",">10km","car",26.28,0.416666666666667,2.91666666666667,2.91666666666667
"89010/1000",NA,89010,3426,"75-79 years","female",21,11970,"Other",102.54719543457,102.54719543457,"car",0.5,26.44,"weekday",2,"65 plus",">10km","car",26.44,0.5,3.5,3.5
"89010/1000",NA,89010,3426,"75-79 years","female",21,11971,"Shopping",102.54719543457,102.54719543457,"car",0.166666666666667,2.11,"weekday",3,"65 plus","3-5km","bicycle",2.11,0.191818181818182,1.16666666666667,1.34272727272727
"89010/1000",NA,89010,3426,"75-79 years","female",21,11973,"Leisure",102.54719543457,102.54719543457,"car",0.25,2.12,"weekday",5,"65 plus","3-5km","bicycle",2.12,0.192727272727273,1.75,1.34909090909091
"89010/1001",NA,89010,3427,"75-79 years","male",21,11974,"Other",121.247848510742,121.247848510742,"car",0.416666666666667,26.28,"weekday",1,"65 plus",">10km","car",26.28,0.416666666666667,2.91666666666667,2.91666666666667
"89010/1001",NA,89010,3427,"75-79 years","male",21,11975,"Other",121.247848510742,121.247848510742,"car",0.5,26.44,"weekday",2,"65 plus",">10km","car",26.44,0.5,3.5,3.5
"89010/1001",NA,89010,3427,"75-79 years","male",21,11976,"Shopping",121.247848510742,121.247848510742,"car",0.166666666666667,2.11,"weekday",3,"65 plus","3-5km","bicycle",2.11,0.191818181818182,1.16666666666667,1.34272727272727
"89010/1001",NA,89010,3427,"75-79 years","male",21,11978,"Leisure",121.247848510742,121.247848510742,"car",0.25,2.12,"weekday",5,"65 plus","3-5km","bicycle",2.12,0.192727272727273,1.75,1.34909090909091
"89015/1000",NA,89015,3428,"70-74 years","female",21,11979,"Shopping",148.091735839844,148.091735839844,"car",0.0833333333333333,2.6,"weekday",1,"65 plus","3-5km","bicycle",2.6,0.236363636363636,0.583333333333333,1.65454545454545
"89015/1000",NA,89015,3428,"70-74 years","female",21,11980,"Shopping",148.091735839844,148.091735839844,"car",0.0833333333333333,2.59,"weekday",2,"65 plus","3-5km","bicycle",2.59,0.235454545454545,0.583333333333333,1.64818181818182
"89015/1001",NA,89015,3429,"75-79 years","male",21,11981,"Shopping",121.247848510742,121.247848510742,"car",0.0833333333333333,2.6,"weekday",1,"65 plus","3-5km","bicycle",2.6,0.236363636363636,0.583333333333333,1.65454545454545
"89015/1001",NA,89015,3429,"75-79 years","male",21,11982,"Shopping",121.247848510742,121.247848510742,"car",0.0833333333333333,2.59,"weekday",2,"65 plus","3-5km","bicycle",2.59,0.235454545454545,0.583333333333333,1.64818181818182
"89017/1001",NA,89017,3430,"50-54 years","female",21,11983,"Work",120.97093963623,120.97093963623,"car",0.333333333333333,10.02,"weekday",1,"40 to 64",">10km","car",10.02,0.333333333333333,2.33333333333333,2.33333333333333
"89017/1001",NA,89017,3430,"50-54 years","female",21,11984,"Work",120.97093963623,120.97093963623,"car",0.583333333333333,16.82,"weekday",2,"40 to 64",">10km","car",16.82,0.583333333333333,4.08333333333333,4.08333333333333
"89017/1001",NA,89017,3430,"50-54 years","female",21,11985,"Work",120.97093963623,120.97093963623,"car",0.416666666666667,15.52,"weekday",3,"40 to 64",">10km","car",15.52,0.416666666666667,2.91666666666667,2.91666666666667
"89017/1001",NA,89017,3430,"50-54 years","female",21,11986,"Work",120.97093963623,120.97093963623,"car",0.166666666666667,6.91,"weekday",4,"40 to 64","6-10km","car",6.91,0.166666666666667,1.16666666666667,1.16666666666667
"89017/1001",NA,89017,3430,"50-54 years","female",21,11987,"Work",120.97093963623,120.97093963623,"car",0.166666666666667,6.92,"weekday",5,"40 to 64","6-10km","car",6.92,0.166666666666667,1.16666666666667,1.16666666666667
"89018/1003",NA,89018,3431,"70-74 years","male",21,11988,"Other",123.979629516602,123.979629516602,"car",0.166666666666667,2.21,"weekday",1,"65 plus","3-5km","bicycle",2.21,0.200909090909091,1.16666666666667,1.40636363636364
"89018/1003",NA,89018,3431,"70-74 years","male",21,11989,"Other",123.979629516602,123.979629516602,"car",0.166666666666667,2.23,"weekday",2,"65 plus","3-5km","bicycle",2.23,0.202727272727273,1.16666666666667,1.41909090909091
"89145/1000",NA,89145,3432,"75-79 years","female",21,11990,"Other",231.745056152344,231.745056152344,"car",0.5,15.41,"weekday",1,"65 plus",">10km","car",15.41,0.5,3.5,3.5
"89145/1000",NA,89145,3432,"75-79 years","female",21,11991,"Other",231.745056152344,231.745056152344,"car",0.0833333333333333,0.76,"weekday",2,"65 plus","<1km","bicycle",0.76,0.0690909090909091,0.583333333333333,0.483636363636364
"89145/1000",NA,89145,3432,"75-79 years","female",21,11992,"Shopping",231.745056152344,231.745056152344,"car",0.25,5.87,"weekday",3,"65 plus","6-10km","car",5.87,0.25,1.75,1.75
"89145/1000",NA,89145,3432,"75-79 years","female",21,11993,"Other",231.745056152344,231.745056152344,"car",0.333333333333333,6.19,"weekday",4,"65 plus","6-10km","car",6.19,0.333333333333333,2.33333333333333,2.33333333333333
"89145/1000",NA,89145,3432,"75-79 years","female",21,11994,"Other",231.745056152344,231.745056152344,"car",0.666666666666667,15.46,"weekday",5,"65 plus",">10km","car",15.46,0.666666666666667,4.66666666666667,4.66666666666667
"89146/1001",NA,89146,3433,"25-29 years","female",21,11995,"Work",358.802307128906,358.802307128906,"car",0.833333333333333,23.54,"weekday",1,"20 to 39",">10km","car",23.54,0.833333333333333,5.83333333333333,5.83333333333333
"89146/1001",NA,89146,3433,"25-29 years","female",21,11996,"Work",358.802307128906,358.802307128906,"car",0.75,23.26,"weekday",2,"20 to 39",">10km","car",23.26,0.75,5.25,5.25
"89147/1000",NA,89147,3434,"30-34 years","male",21,11998,"Work",455.562774658203,455.562774658203,"car",0.333333333333333,7.42,"weekday",2,"20 to 39","6-10km","car",7.42,0.333333333333333,2.33333333333333,2.33333333333333
"89147/1000",NA,89147,3434,"30-34 years","male",21,11999,"Work",455.562774658203,455.562774658203,"car",0.166666666666667,6.6,"weekday",3,"20 to 39","6-10km","car",6.6,0.166666666666667,1.16666666666667,1.16666666666667
"89148/1000",NA,89148,3436,"60-64 years","male",21,12001,"Work",143.074340820312,143.074340820312,"car",0.5,10.07,"weekday",1,"40 to 64",">10km","car",10.07,0.5,3.5,3.5
"89148/1000",NA,89148,3436,"60-64 years","male",21,12002,"Work",143.074340820312,143.074340820312,"car",0.5,10.13,"weekday",2,"40 to 64",">10km","car",10.13,0.5,3.5,3.5
"89148/1001",NA,89148,3437,"55-59 years","female",21,12003,"Leisure",179.280990600586,179.280990600586,"car",0.25,6.64,"weekday",1,"40 to 64","6-10km","car",6.64,0.25,1.75,1.75
"89148/1001",NA,89148,3437,"55-59 years","female",21,12004,"Shopping",179.280990600586,179.280990600586,"car",0.0833333333333333,3.28,"weekday",2,"40 to 64","3-5km","bicycle",3.28,0.298181818181818,0.583333333333333,2.08727272727273
"89148/1001",NA,89148,3437,"55-59 years","female",21,12005,"Shopping",179.280990600586,179.280990600586,"car",0.25,3.17,"weekday",3,"40 to 64","3-5km","bicycle",3.17,0.288181818181818,1.75,2.01727272727273
"89149/1000",NA,89149,3438,"65-69 years","male",21,12006,"Shopping",151.590209960938,151.590209960938,"car",0.25,3.6,"weekday",1,"65 plus","3-5km","bicycle",3.6,0.327272727272727,1.75,2.29090909090909
"89149/1000",NA,89149,3438,"65-69 years","male",21,12007,"Shopping",151.590209960938,151.590209960938,"car",0.25,2.77,"weekday",2,"65 plus","3-5km","bicycle",2.77,0.251818181818182,1.75,1.76272727272727
"89149/1001",NA,89149,3439,"65-69 years","female",21,12008,"Other",158.535507202148,158.535507202148,"car",0.5,16.79,"weekday",1,"65 plus",">10km","car",16.79,0.5,3.5,3.5
"89149/1001",NA,89149,3439,"65-69 years","female",21,12009,"Leisure",158.535507202148,158.535507202148,"car",0.0833333333333333,0.88,"weekday",2,"65 plus","<1km","bicycle",0.88,0.08,0.583333333333333,0.56
"89149/1001",NA,89149,3439,"65-69 years","female",21,12010,"Leisure",158.535507202148,158.535507202148,"car",0.25,7.64,"weekday",3,"65 plus","6-10km","car",7.64,0.25,1.75,1.75
"89149/1001",NA,89149,3439,"65-69 years","female",21,12011,"Leisure",158.535507202148,158.535507202148,"car",0.5,10.73,"weekday",4,"65 plus",">10km","car",10.73,0.5,3.5,3.5
"89150/1000",NA,89150,3440,"45-49 years","female",21,12012,"Other",402.263244628906,402.263244628906,"car",0.333333333333333,14.9,"weekday",1,"40 to 64",">10km","car",14.9,0.333333333333333,2.33333333333333,2.33333333333333
"89150/1000",NA,89150,3440,"45-49 years","female",21,12013,"Other",402.263244628906,402.263244628906,"car",0.7,13.27,"weekday",2,"40 to 64",">10km","car",13.27,0.7,4.9,4.9
"89150/1000",NA,89150,3440,"45-49 years","female",21,12014,"Work",402.263244628906,402.263244628906,"car",0.55,28.09,"weekday",3,"40 to 64",">10km","car",28.09,0.55,3.85,3.85
"89150/1000",NA,89150,3440,"45-49 years","female",21,12015,"Other",402.263244628906,402.263244628906,"car",0.0833333333333333,3.22,"weekday",4,"40 to 64","3-5km","bicycle",3.22,0.292727272727273,0.583333333333333,2.04909090909091
"89150/1000",NA,89150,3440,"45-49 years","female",21,12016,"Other",402.263244628906,402.263244628906,"car",0.15,2.17,"weekday",5,"40 to 64","3-5km","bicycle",2.17,0.197272727272727,1.05,1.38090909090909
"89150/1000",NA,89150,3440,"45-49 years","female",21,12017,"Leisure",402.263244628906,402.263244628906,"car",0.25,6.46,"weekday",6,"40 to 64","6-10km","car",6.46,0.25,1.75,1.75
"89150/1000",NA,89150,3440,"45-49 years","female",21,12018,"Leisure",402.263244628906,402.263244628906,"car",0.25,5.66,"weekday",7,"40 to 64","6-10km","car",5.66,0.25,1.75,1.75
"89150/1000",NA,89150,3440,"45-49 years","female",21,12019,"Leisure",402.263244628906,402.263244628906,"walking",0.333333333333333,0.45,"weekday",8,"40 to 64","<1km","walking",0.45,0.333333333333333,2.33333333333333,2.33333333333333
"89150/1000",NA,89150,3440,"45-49 years","female",21,12020,"Leisure",402.263244628906,402.263244628906,"walking",0.316666666666667,0.45,"weekday",9,"40 to 64","<1km","walking",0.45,0.316666666666667,2.21666666666667,2.21666666666667
"89150/1000",NA,89150,3440,"45-49 years","female",21,12021,"Other",402.263244628906,402.263244628906,"car",0.25,6.46,"weekday",10,"40 to 64","6-10km","car",6.46,0.25,1.75,1.75
"89150/1000",NA,89150,3440,"45-49 years","female",21,12022,"Other",402.263244628906,402.263244628906,"car",0.25,5.68,"weekday",11,"40 to 64","6-10km","car",5.68,0.25,1.75,1.75
"89150/1001",NA,89150,3441,"50-54 years","male",21,12023,"Work",402.633728027344,402.633728027344,"car",0.5,15.62,"weekday",1,"40 to 64",">10km","car",15.62,0.5,3.5,3.5
"89150/1001",NA,89150,3441,"50-54 years","male",21,12024,"Work",402.633728027344,402.633728027344,"car",0.5,15.13,"weekday",2,"40 to 64",">10km","car",15.13,0.5,3.5,3.5
"89150/1001",NA,89150,3441,"50-54 years","male",21,12025,"Leisure",402.633728027344,402.633728027344,"walking",0.333333333333333,0.45,"weekday",3,"40 to 64","<1km","walking",0.45,0.333333333333333,2.33333333333333,2.33333333333333
"89150/1001",NA,89150,3441,"50-54 years","male",21,12026,"Leisure",402.633728027344,402.633728027344,"walking",0.316666666666667,0.45,"weekday",4,"40 to 64","<1km","walking",0.45,0.316666666666667,2.21666666666667,2.21666666666667
"89150/1003",NA,89150,3442,"15-19 years","male",21,12027,"Education",333.733825683594,333.733825683594,"car",0.333333333333333,14.9,"weekday",1,"15 to 19",">10km","car",14.9,0.333333333333333,2.33333333333333,2.33333333333333
"89150/1003",NA,89150,3442,"15-19 years","male",21,12028,"Education",333.733825683594,333.733825683594,"public.transport",0.516666666666667,15.51,"weekday",2,"15 to 19",">10km","public.transport",15.51,0.516666666666667,3.61666666666667,3.61666666666667
"89150/1003",NA,89150,3442,"15-19 years","male",21,12029,"Education",333.733825683594,333.733825683594,"walking",0.4,1.22,"weekday",2,"15 to 19","1-2km","walking",1.22,0.4,2.8,2.8
"89150/1003",NA,89150,3442,"15-19 years","male",21,12030,"Leisure",333.733825683594,333.733825683594,"bicycle",0.666666666666667,10.17,"weekday",3,"15 to 19",">10km","bicycle",10.17,0.666666666666667,4.66666666666667,4.66666666666667
"89150/1003",NA,89150,3442,"15-19 years","male",21,12031,"Leisure",333.733825683594,333.733825683594,"bicycle",0.766666666666667,10.17,"weekday",4,"15 to 19",">10km","bicycle",10.17,0.766666666666667,5.36666666666667,5.36666666666667
"89152/1000",NA,89152,3443,"30-34 years","male",21,12032,"Work",455.562774658203,455.562774658203,"car",0.333333333333333,20.68,"weekday",1,"20 to 39",">10km","car",20.68,0.333333333333333,2.33333333333333,2.33333333333333
"89152/1000",NA,89152,3443,"30-34 years","male",21,12033,"Work",455.562774658203,455.562774658203,"car",0.333333333333333,20.6,"weekday",2,"20 to 39",">10km","car",20.6,0.333333333333333,2.33333333333333,2.33333333333333
"89154/1000",NA,89154,3444,"60-64 years","male",21,12034,"Other",143.074340820312,143.074340820312,"car",0.25,9.14,"weekday",1,"40 to 64","6-10km","car",9.14,0.25,1.75,1.75
"89154/1000",NA,89154,3444,"60-64 years","male",21,12035,"Leisure",143.074340820312,143.074340820312,"car",0.25,6.46,"weekday",2,"40 to 64","6-10km","car",6.46,0.25,1.75,1.75
"89154/1000",NA,89154,3444,"60-64 years","male",21,12036,"Leisure",143.074340820312,143.074340820312,"car",0.25,3.6,"weekday",3,"40 to 64","3-5km","bicycle",3.6,0.327272727272727,1.75,2.29090909090909
"89154/1001",NA,89154,3445,"60-64 years","female",21,12037,"Leisure",156.893493652344,156.893493652344,"car",1.25,67.92,"weekday",1,"40 to 64",">10km","car",67.92,1.25,8.75,8.75
"89154/1001",NA,89154,3445,"60-64 years","female",21,12038,"Shopping",156.893493652344,156.893493652344,"car",0.25,7.45,"weekday",2,"40 to 64","6-10km","car",7.45,0.25,1.75,1.75
"89154/1001",NA,89154,3445,"60-64 years","female",21,12039,"Shopping",156.893493652344,156.893493652344,"car",0.166666666666667,8.73,"weekday",3,"40 to 64","6-10km","car",8.73,0.166666666666667,1.16666666666667,1.16666666666667
"89154/1001",NA,89154,3445,"60-64 years","female",21,12040,"Leisure",156.893493652344,156.893493652344,"car",0.25,2.83,"weekday",4,"40 to 64","3-5km","bicycle",2.83,0.257272727272727,1.75,1.80090909090909
"89154/1001",NA,89154,3445,"60-64 years","female",21,12041,"Leisure",156.893493652344,156.893493652344,"car",1.5,66.4,"weekday",5,"40 to 64",">10km","car",66.4,1.5,10.5,10.5
"89155/1000",NA,89155,3446,"30-34 years","female",21,12042,"Work",248.344512939453,248.344512939453,"car",0.416666666666667,16.05,"weekday",1,"20 to 39",">10km","car",16.05,0.416666666666667,2.91666666666667,2.91666666666667
"89155/1000",NA,89155,3446,"30-34 years","female",21,12043,"Work",248.344512939453,248.344512939453,"car",0.75,16,"weekday",2,"20 to 39",">10km","car",16,0.75,5.25,5.25
"89155/1001",NA,89155,3447,"35-39 years","male",21,12044,"Other",159.366409301758,159.366409301758,"car",0.133333333333333,3.45,"weekday",1,"20 to 39","3-5km","bicycle",3.45,0.313636363636364,0.933333333333333,2.19545454545455
"89155/1001",NA,89155,3447,"35-39 years","male",21,12045,"Other",159.366409301758,159.366409301758,"car",0.133333333333333,2.64,"weekday",2,"20 to 39","3-5km","bicycle",2.64,0.24,0.933333333333333,1.68
"89157/1000",NA,89157,3448,"65-69 years","male",21,12046,"Other",151.590209960938,151.590209960938,"car",4.66666666666667,268.65,"weekday",1,"65 plus",">10km","car",268.65,4.66666666666667,32.6666666666667,32.6666666666667
"89157/1001",NA,89157,3449,"60-64 years","female",21,12047,"Other",156.893493652344,156.893493652344,"car",4.66666666666667,268.65,"weekday",1,"40 to 64",">10km","car",268.65,4.66666666666667,32.6666666666667,32.6666666666667
"89159/1000",NA,89159,3450,"30-34 years","male",21,12048,"Work",455.562774658203,455.562774658203,"car",0.0833333333333333,4.02,"weekday",1,"20 to 39","3-5km","bicycle",4.02,0.365454545454545,0.583333333333333,2.55818181818182
"89159/1000",NA,89159,3450,"30-34 years","male",21,12049,"Work",455.562774658203,455.562774658203,"car",0.166666666666667,3.72,"weekday",2,"20 to 39","3-5km","bicycle",3.72,0.338181818181818,1.16666666666667,2.36727272727273
"89162/1000",NA,89162,3452,"55-59 years","female",21,12051,"Work",179.280990600586,179.280990600586,"car",0.25,3.77,"weekday",1,"40 to 64","3-5km","bicycle",3.77,0.342727272727273,1.75,2.39909090909091
"89162/1000",NA,89162,3452,"55-59 years","female",21,12052,"Work",179.280990600586,179.280990600586,"car",0.25,2.96,"weekday",2,"40 to 64","3-5km","bicycle",2.96,0.269090909090909,1.75,1.88363636363636
"89162/1001",NA,89162,3453,"55-59 years","male",21,12053,"Work",261.203918457031,261.203918457031,"car",0.333333333333333,14.24,"weekday",1,"40 to 64",">10km","car",14.24,0.333333333333333,2.33333333333333,2.33333333333333
"89162/1001",NA,89162,3453,"55-59 years","male",21,12054,"Work",261.203918457031,261.203918457031,"car",0.416666666666667,14.14,"weekday",2,"40 to 64",">10km","car",14.14,0.416666666666667,2.91666666666667,2.91666666666667
"89163/1000",NA,89163,3454,"50-54 years","male",21,12055,"Work",294.340179443359,294.340179443359,"car",0.666666666666667,28.16,"weekday",1,"40 to 64",">10km","car",28.16,0.666666666666667,4.66666666666667,4.66666666666667
"89163/1000",NA,89163,3454,"50-54 years","male",21,12056,"Other",294.340179443359,294.340179443359,"walking",0.166666666666667,0.71,"weekday",2,"40 to 64","<1km","walking",0.71,0.166666666666667,1.16666666666667,1.16666666666667
"89163/1000",NA,89163,3454,"50-54 years","male",21,12057,"Other",294.340179443359,294.340179443359,"walking",0.166666666666667,0.71,"weekday",3,"40 to 64","<1km","walking",0.71,0.166666666666667,1.16666666666667,1.16666666666667
"89163/1000",NA,89163,3454,"50-54 years","male",21,12058,"Work",294.340179443359,294.340179443359,"car",1.13333333333333,27.98,"weekday",4,"40 to 64",">10km","car",27.98,1.13333333333333,7.93333333333333,7.93333333333333
"89163/1002",NA,89163,3455,"45-49 years","female",21,12059,"Work",294.0693359375,294.0693359375,"car",0.666666666666667,24.68,"weekday",1,"40 to 64",">10km","car",24.68,0.666666666666667,4.66666666666667,4.66666666666667
"89163/1002",NA,89163,3455,"45-49 years","female",21,12060,"Leisure",294.0693359375,294.0693359375,"car",0.916666666666667,33.71,"weekday",2,"40 to 64",">10km","car",33.71,0.916666666666667,6.41666666666667,6.41666666666667
"89163/1002",NA,89163,3455,"45-49 years","female",21,12061,"Leisure",294.0693359375,294.0693359375,"car",0.416666666666667,9.72,"weekday",3,"40 to 64","6-10km","car",9.72,0.416666666666667,2.91666666666667,2.91666666666667
"89167/1000",NA,89167,3456,"30-34 years","female",21,12062,"Other",540.867980957031,540.867980957031,"car",0.166666666666667,3.86,"weekday",1,"20 to 39","3-5km","bicycle",3.86,0.350909090909091,1.16666666666667,2.45636363636364
"89167/1000",NA,89167,3456,"30-34 years","female",21,12063,"Other",540.867980957031,540.867980957031,"car",0.1,3.59,"weekday",2,"20 to 39","3-5km","bicycle",3.59,0.326363636363636,0.7,2.28454545454545
"89167/1000",NA,89167,3456,"30-34 years","female",21,12064,"Other",540.867980957031,540.867980957031,"car",0.166666666666667,3.86,"weekday",3,"20 to 39","3-5km","bicycle",3.86,0.350909090909091,1.16666666666667,2.45636363636364
"89167/1000",NA,89167,3456,"30-34 years","female",21,12065,"Other",540.867980957031,540.867980957031,"car",0.25,3.59,"weekday",4,"20 to 39","3-5km","bicycle",3.59,0.326363636363636,1.75,2.28454545454545
"89168/1000",NA,89168,3457,"50-54 years","male",21,12066,"Work",184.872970581055,184.872970581055,"car",0.25,11.69,"weekday",1,"40 to 64",">10km","car",11.69,0.25,1.75,1.75
"89168/1000",NA,89168,3457,"50-54 years","male",21,12067,"Work",184.872970581055,184.872970581055,"car",0.25,11.51,"weekday",2,"40 to 64",">10km","car",11.51,0.25,1.75,1.75
"89168/1001",NA,89168,3458,"50-54 years","female",21,12068,"Work",193.905059814453,193.905059814453,"car",0.416666666666667,14.19,"weekday",1,"40 to 64",">10km","car",14.19,0.416666666666667,2.91666666666667,2.91666666666667
"89168/1001",NA,89168,3458,"50-54 years","female",21,12069,"Leisure",193.905059814453,193.905059814453,"car",0.0833333333333333,1.02,"weekday",2,"40 to 64","1-2km","bicycle",1.02,0.0927272727272727,0.583333333333333,0.649090909090909
"89168/1001",NA,89168,3458,"50-54 years","female",21,12070,"Leisure",193.905059814453,193.905059814453,"car",0.616666666666667,13.84,"weekday",3,"40 to 64",">10km","car",13.84,0.616666666666667,4.31666666666667,4.31666666666667
"89169/1000",NA,89169,3459,"65-69 years","male",21,12071,"Leisure",151.590209960938,151.590209960938,"car",0.416666666666667,14.61,"weekday",1,"65 plus",">10km","car",14.61,0.416666666666667,2.91666666666667,2.91666666666667
"89169/1000",NA,89169,3459,"65-69 years","male",21,12072,"Shopping",151.590209960938,151.590209960938,"car",0.15,0.98,"weekday",2,"65 plus","<1km","bicycle",0.98,0.0890909090909091,1.05,0.623636363636364
"89169/1000",NA,89169,3459,"65-69 years","male",21,12073,"Other",151.590209960938,151.590209960938,"car",0.133333333333333,0.97,"weekday",3,"65 plus","<1km","bicycle",0.97,0.0881818181818182,0.933333333333333,0.617272727272727
"89169/1000",NA,89169,3459,"65-69 years","male",21,12074,"Other",151.590209960938,151.590209960938,"car",0.55,13.83,"weekday",4,"65 plus",">10km","car",13.83,0.55,3.85,3.85
"89169/1001",NA,89169,3460,"65-69 years","female",21,12076,"Leisure",158.535507202148,158.535507202148,"car",0.416666666666667,14.61,"weekday",1,"65 plus",">10km","car",14.61,0.416666666666667,2.91666666666667,2.91666666666667
"89169/1001",NA,89169,3460,"65-69 years","female",21,12077,"Shopping",158.535507202148,158.535507202148,"car",0.15,0.98,"weekday",2,"65 plus","<1km","bicycle",0.98,0.0890909090909091,1.05,0.623636363636364
"89169/1001",NA,89169,3460,"65-69 years","female",21,12078,"Leisure",158.535507202148,158.535507202148,"car",0.133333333333333,0.97,"weekday",3,"65 plus","<1km","bicycle",0.97,0.0881818181818182,0.933333333333333,0.617272727272727
"89169/1001",NA,89169,3460,"65-69 years","female",21,12079,"Leisure",158.535507202148,158.535507202148,"car",0.55,13.83,"weekday",4,"65 plus",">10km","car",13.83,0.55,3.85,3.85
"89170/1000",NA,89170,3461,"60-64 years","male",21,12081,"Work",407.964630126953,407.964630126953,"car",0.416666666666667,5.06,"weekday",1,"40 to 64","6-10km","car",5.06,0.416666666666667,2.91666666666667,2.91666666666667
"89170/1000",NA,89170,3461,"60-64 years","male",21,12082,"Work",407.964630126953,407.964630126953,"car",0.25,5.04,"weekday",2,"40 to 64","6-10km","car",5.04,0.25,1.75,1.75
"89170/1001",NA,89170,3462,"55-59 years","female",21,12083,"Work",468.386108398438,468.386108398438,"car",0.166666666666667,2.34,"weekday",1,"40 to 64","3-5km","bicycle",2.34,0.212727272727273,1.16666666666667,1.48909090909091
"89170/1001",NA,89170,3462,"55-59 years","female",21,12084,"Work",468.386108398438,468.386108398438,"car",0.166666666666667,2.34,"weekday",2,"40 to 64","3-5km","bicycle",2.34,0.212727272727273,1.16666666666667,1.48909090909091
"89171/1000",NA,89171,3463,"65-69 years","male",21,12085,"Other",380.566589355469,380.566589355469,"walking",0.133333333333333,0.46,"weekday",1,"65 plus","<1km","walking",0.46,0.133333333333333,0.933333333333333,0.933333333333333
"89171/1000",NA,89171,3463,"65-69 years","male",21,12086,"Other",380.566589355469,380.566589355469,"public.transport",0.416666666666667,6.73,"weekday",1,"65 plus","6-10km","public.transport",6.73,0.416666666666667,2.91666666666667,2.91666666666667
"89171/1000",NA,89171,3463,"65-69 years","male",21,12087,"Other",380.566589355469,380.566589355469,"walking",0.166666666666667,0.3,"weekday",1,"65 plus","<1km","walking",0.3,0.166666666666667,1.16666666666667,1.16666666666667
"89171/1000",NA,89171,3463,"65-69 years","male",21,12088,"Other",380.566589355469,380.566589355469,"walking",0.0833333333333333,0.3,"weekday",2,"65 plus","<1km","walking",0.3,0.0833333333333333,0.583333333333333,0.583333333333333
"89171/1000",NA,89171,3463,"65-69 years","male",21,12089,"Other",380.566589355469,380.566589355469,"public.transport",0.416666666666667,6.74,"weekday",2,"65 plus","6-10km","public.transport",6.74,0.416666666666667,2.91666666666667,2.91666666666667
"89171/1000",NA,89171,3463,"65-69 years","male",21,12090,"Other",380.566589355469,380.566589355469,"walking",0.166666666666667,0.46,"weekday",2,"65 plus","<1km","walking",0.46,0.166666666666667,1.16666666666667,1.16666666666667
"89173/1000",NA,89173,3464,"70-74 years","male",21,12091,"Work",398.526031494141,398.526031494141,"car",0.333333333333333,5.9,"weekday",1,"65 plus","6-10km","car",5.9,0.333333333333333,2.33333333333333,2.33333333333333
"89173/1000",NA,89173,3464,"70-74 years","male",21,12092,"Work",398.526031494141,398.526031494141,"car",0.333333333333333,5.86,"weekday",2,"65 plus","6-10km","car",5.86,0.333333333333333,2.33333333333333,2.33333333333333
"89173/1000",NA,89173,3464,"70-74 years","male",21,12093,"Shopping",398.526031494141,398.526031494141,"car",0.333333333333333,5.46,"weekday",3,"65 plus","6-10km","car",5.46,0.333333333333333,2.33333333333333,2.33333333333333
"89173/1000",NA,89173,3464,"70-74 years","male",21,12094,"Shopping",398.526031494141,398.526031494141,"car",0.333333333333333,5.47,"weekday",4,"65 plus","6-10km","car",5.47,0.333333333333333,2.33333333333333,2.33333333333333
"89174/1000",NA,89174,3465,"55-59 years","male",21,12095,"Shopping",493.582550048828,493.582550048828,"car",0.166666666666667,1.37,"weekday",1,"40 to 64","1-2km","bicycle",1.37,0.124545454545455,1.16666666666667,0.871818181818182
"89174/1000",NA,89174,3465,"55-59 years","male",21,12096,"Shopping",493.582550048828,493.582550048828,"car",0.166666666666667,1.75,"weekday",2,"40 to 64","1-2km","bicycle",1.75,0.159090909090909,1.16666666666667,1.11363636363636
"89174/1001",NA,89174,3466,"55-59 years","female",21,12097,"Work",468.386108398438,468.386108398438,"car",0.666666666666667,17.95,"weekday",1,"40 to 64",">10km","car",17.95,0.666666666666667,4.66666666666667,4.66666666666667
"89174/1001",NA,89174,3466,"55-59 years","female",21,12098,"Other",468.386108398438,468.386108398438,"car",0.583333333333333,16.67,"weekday",2,"40 to 64",">10km","car",16.67,0.583333333333333,4.08333333333333,4.08333333333333
"89174/1001",NA,89174,3466,"55-59 years","female",21,12099,"Other",468.386108398438,468.386108398438,"car",0.166666666666667,1.47,"weekday",3,"40 to 64","1-2km","bicycle",1.47,0.133636363636364,1.16666666666667,0.935454545454545
"89179/1001",NA,89179,3467,"75-79 years","female",21,12100,"Other",410.973388671875,410.973388671875,"car",0.25,2.12,"weekday",1,"65 plus","3-5km","bicycle",2.12,0.192727272727273,1.75,1.34909090909091
"89179/1001",NA,89179,3467,"75-79 years","female",21,12101,"Shopping",410.973388671875,410.973388671875,"car",0.25,7.99,"weekday",2,"65 plus","6-10km","car",7.99,0.25,1.75,1.75
"89179/1001",NA,89179,3467,"75-79 years","female",21,12102,"Shopping",410.973388671875,410.973388671875,"car",0.25,9.48,"weekday",3,"65 plus","6-10km","car",9.48,0.25,1.75,1.75
"89183/1000",NA,89183,3468,"70-74 years","male",21,12103,"Shopping",368.036743164062,368.036743164062,"car",0.333333333333333,1.67,"weekday",1,"65 plus","1-2km","bicycle",1.67,0.151818181818182,2.33333333333333,1.06272727272727
"89183/1000",NA,89183,3468,"70-74 years","male",21,12104,"Shopping",368.036743164062,368.036743164062,"car",0.25,1.79,"weekday",2,"65 plus","1-2km","bicycle",1.79,0.162727272727273,1.75,1.13909090909091
"89183/1000",NA,89183,3468,"70-74 years","male",21,12105,"Other",368.036743164062,368.036743164062,"car",0.166666666666667,1.52,"weekday",3,"65 plus","1-2km","bicycle",1.52,0.138181818181818,1.16666666666667,0.967272727272727
"89183/1000",NA,89183,3468,"70-74 years","male",21,12106,"Other",368.036743164062,368.036743164062,"car",0.5,13.5,"weekday",4,"65 plus",">10km","car",13.5,0.5,3.5,3.5
"89183/1000",NA,89183,3468,"70-74 years","male",21,12107,"Leisure",368.036743164062,368.036743164062,"car",0.55,11.4,"weekday",5,"65 plus",">10km","car",11.4,0.55,3.85,3.85
"89183/1000",NA,89183,3468,"70-74 years","male",21,12108,"Leisure",368.036743164062,368.036743164062,"car",0.166666666666667,4.35,"weekday",6,"65 plus","3-5km","bicycle",4.35,0.395454545454545,1.16666666666667,2.76818181818182
"89183/1000",NA,89183,3468,"70-74 years","male",21,12109,"Leisure",368.036743164062,368.036743164062,"car",0.1,1.59,"weekday",7,"65 plus","1-2km","bicycle",1.59,0.144545454545455,0.7,1.01181818181818
"89183/1001",NA,89183,3469,"65-69 years","female",21,12110,"Shopping",304.822784423828,304.822784423828,"car",0.333333333333333,1.67,"weekday",1,"65 plus","1-2km","bicycle",1.67,0.151818181818182,2.33333333333333,1.06272727272727
"89183/1001",NA,89183,3469,"65-69 years","female",21,12111,"Shopping",304.822784423828,304.822784423828,"car",0.25,1.79,"weekday",2,"65 plus","1-2km","bicycle",1.79,0.162727272727273,1.75,1.13909090909091
"89183/1001",NA,89183,3469,"65-69 years","female",21,12112,"Leisure",304.822784423828,304.822784423828,"car",0.166666666666667,1.52,"weekday",3,"65 plus","1-2km","bicycle",1.52,0.138181818181818,1.16666666666667,0.967272727272727
"89183/1001",NA,89183,3469,"65-69 years","female",21,12113,"Other",304.822784423828,304.822784423828,"car",0.5,13.5,"weekday",4,"65 plus",">10km","car",13.5,0.5,3.5,3.5
"89183/1001",NA,89183,3469,"65-69 years","female",21,12114,"Leisure",304.822784423828,304.822784423828,"car",0.55,11.4,"weekday",5,"65 plus",">10km","car",11.4,0.55,3.85,3.85
"89183/1001",NA,89183,3469,"65-69 years","female",21,12115,"Other",304.822784423828,304.822784423828,"car",0.166666666666667,4.35,"weekday",6,"65 plus","3-5km","bicycle",4.35,0.395454545454545,1.16666666666667,2.76818181818182
"89183/1001",NA,89183,3469,"65-69 years","female",21,12116,"Other",304.822784423828,304.822784423828,"car",0.1,1.59,"weekday",7,"65 plus","1-2km","bicycle",1.59,0.144545454545455,0.7,1.01181818181818
"89185/1000",NA,89185,3470,"50-54 years","male",21,12117,"Work",490.361968994141,490.361968994141,"car",0.25,6.15,"weekday",1,"40 to 64","6-10km","car",6.15,0.25,1.75,1.75
"89185/1000",NA,89185,3470,"50-54 years","male",21,12118,"Work",490.361968994141,490.361968994141,"car",0.333333333333333,6.11,"weekday",2,"40 to 64","6-10km","car",6.11,0.333333333333333,2.33333333333333,2.33333333333333
"89187/1000",NA,89187,3471,"20-24 years","male",21,12119,"Education",1088.4951171875,1088.4951171875,"walking",0.166666666666667,0.45,"weekday",1,"20 to 39","<1km","walking",0.45,0.166666666666667,1.16666666666667,1.16666666666667
"89187/1000",NA,89187,3471,"20-24 years","male",21,12120,"Education",1088.4951171875,1088.4951171875,"public.transport",0.333333333333333,4.48,"weekday",1,"20 to 39","3-5km","public.transport",4.48,0.333333333333333,2.33333333333333,2.33333333333333
"89187/1000",NA,89187,3471,"20-24 years","male",21,12121,"Education",1088.4951171875,1088.4951171875,"walking",0.166666666666667,0.36,"weekday",1,"20 to 39","<1km","walking",0.36,0.166666666666667,1.16666666666667,1.16666666666667
"89187/1000",NA,89187,3471,"20-24 years","male",21,12122,"Education",1088.4951171875,1088.4951171875,"car",0.333333333333333,6.02,"weekday",2,"20 to 39","6-10km","car",6.02,0.333333333333333,2.33333333333333,2.33333333333333
"89187/1001",NA,89187,3472,"20-24 years","male",21,12123,"Work",1088.4951171875,1088.4951171875,"walking",0.166666666666667,0.45,"weekday",1,"20 to 39","<1km","walking",0.45,0.166666666666667,1.16666666666667,1.16666666666667
"89187/1001",NA,89187,3472,"20-24 years","male",21,12124,"Work",1088.4951171875,1088.4951171875,"public.transport",0.416666666666667,7.06,"weekday",1,"20 to 39","6-10km","public.transport",7.06,0.416666666666667,2.91666666666667,2.91666666666667
"89187/1001",NA,89187,3472,"20-24 years","male",21,12125,"Work",1088.4951171875,1088.4951171875,"walking",0.0833333333333333,0.35,"weekday",1,"20 to 39","<1km","walking",0.35,0.0833333333333333,0.583333333333333,0.583333333333333
"89187/1001",NA,89187,3472,"20-24 years","male",21,12126,"Shopping",1088.4951171875,1088.4951171875,"walking",0.0833333333333333,0.2,"weekday",2,"20 to 39","<1km","walking",0.2,0.0833333333333333,0.583333333333333,0.583333333333333
"89187/1001",NA,89187,3472,"20-24 years","male",21,12127,"Work",1088.4951171875,1088.4951171875,"walking",0.0833333333333333,0.2,"weekday",3,"20 to 39","<1km","walking",0.2,0.0833333333333333,0.583333333333333,0.583333333333333
"89187/1001",NA,89187,3472,"20-24 years","male",21,12128,"Work",1088.4951171875,1088.4951171875,"walking",0.0833333333333333,0.35,"weekday",4,"20 to 39","<1km","walking",0.35,0.0833333333333333,0.583333333333333,0.583333333333333
"89187/1001",NA,89187,3472,"20-24 years","male",21,12129,"Work",1088.4951171875,1088.4951171875,"public.transport",0.5,7.04,"weekday",4,"20 to 39","6-10km","public.transport",7.04,0.5,3.5,3.5
"89187/1001",NA,89187,3472,"20-24 years","male",21,12130,"Work",1088.4951171875,1088.4951171875,"walking",0.166666666666667,0.45,"weekday",4,"20 to 39","<1km","walking",0.45,0.166666666666667,1.16666666666667,1.16666666666667
"89187/1002",NA,89187,3473,"20-24 years","male",21,12131,"Work",1088.4951171875,1088.4951171875,"car",0.666666666666667,14.9,"weekday",1,"20 to 39",">10km","car",14.9,0.666666666666667,4.66666666666667,4.66666666666667
"89187/1002",NA,89187,3473,"20-24 years","male",21,12132,"Work",1088.4951171875,1088.4951171875,"car",0.75,15.22,"weekday",2,"20 to 39",">10km","car",15.22,0.75,5.25,5.25
"89190/1000",NA,89190,3474,"35-39 years","female",21,12133,"Other",563.662841796875,563.662841796875,"car",0.166666666666667,2.6,"weekday",1,"20 to 39","3-5km","bicycle",2.6,0.236363636363636,1.16666666666667,1.65454545454545
"89190/1000",NA,89190,3474,"35-39 years","female",21,12134,"Shopping",563.662841796875,563.662841796875,"car",0.0833333333333333,0.43,"weekday",2,"20 to 39","<1km","bicycle",0.43,0.0390909090909091,0.583333333333333,0.273636363636364
"89190/1000",NA,89190,3474,"35-39 years","female",21,12135,"Other",563.662841796875,563.662841796875,"car",0.25,3.58,"weekday",3,"20 to 39","3-5km","bicycle",3.58,0.325454545454545,1.75,2.27818181818182
"89190/1000",NA,89190,3474,"35-39 years","female",21,12136,"Other",563.662841796875,563.662841796875,"car",0.333333333333333,2.25,"weekday",4,"20 to 39","3-5km","bicycle",2.25,0.204545454545455,2.33333333333333,1.43181818181818
"89190/1000",NA,89190,3474,"35-39 years","female",21,12137,"Other",563.662841796875,563.662841796875,"car",0.166666666666667,2.6,"weekday",5,"20 to 39","3-5km","bicycle",2.6,0.236363636363636,1.16666666666667,1.65454545454545
"89190/1000",NA,89190,3474,"35-39 years","female",21,12138,"Other",563.662841796875,563.662841796875,"car",0.25,4.75,"weekday",6,"20 to 39","3-5km","bicycle",4.75,0.431818181818182,1.75,3.02272727272727
"89190/1000",NA,89190,3474,"35-39 years","female",21,12139,"Other",563.662841796875,563.662841796875,"car",0.416666666666667,6.04,"weekday",7,"20 to 39","6-10km","car",6.04,0.416666666666667,2.91666666666667,2.91666666666667
"89190/1001",NA,89190,3475,"35-39 years","male",21,12140,"Work",670.438781738281,670.438781738281,"car",0.333333333333333,5.05,"weekday",1,"20 to 39","6-10km","car",5.05,0.333333333333333,2.33333333333333,2.33333333333333
"89190/1001",NA,89190,3475,"35-39 years","male",21,12141,"Work",670.438781738281,670.438781738281,"car",0.25,5.01,"weekday",2,"20 to 39","6-10km","car",5.01,0.25,1.75,1.75
"89194/1000",NA,89194,3476,"55-59 years","male",21,12142,"Other",493.582550048828,493.582550048828,"car",0.25,5.05,"weekday",1,"40 to 64","6-10km","car",5.05,0.25,1.75,1.75
"89194/1000",NA,89194,3476,"55-59 years","male",21,12143,"Other",493.582550048828,493.582550048828,"car",0.333333333333333,5.11,"weekday",2,"40 to 64","6-10km","car",5.11,0.333333333333333,2.33333333333333,2.33333333333333
"89194/1000",NA,89194,3476,"55-59 years","male",21,12144,"Other",493.582550048828,493.582550048828,"car",0.166666666666667,4.19,"weekday",3,"40 to 64","3-5km","bicycle",4.19,0.380909090909091,1.16666666666667,2.66636363636364
"89194/1000",NA,89194,3476,"55-59 years","male",21,12145,"Shopping",493.582550048828,493.582550048828,"car",0.25,2.72,"weekday",4,"40 to 64","3-5km","bicycle",2.72,0.247272727272727,1.75,1.73090909090909
"89194/1000",NA,89194,3476,"55-59 years","male",21,12146,"Shopping",493.582550048828,493.582550048828,"car",0.166666666666667,3.06,"weekday",5,"40 to 64","3-5km","bicycle",3.06,0.278181818181818,1.16666666666667,1.94727272727273
"89194/1000",NA,89194,3476,"55-59 years","male",21,12147,"Other",493.582550048828,493.582550048828,"car",0.416666666666667,5.05,"weekday",6,"40 to 64","6-10km","car",5.05,0.416666666666667,2.91666666666667,2.91666666666667
"89194/1000",NA,89194,3476,"55-59 years","male",21,12148,"Other",493.582550048828,493.582550048828,"car",0.333333333333333,5.11,"weekday",7,"40 to 64","6-10km","car",5.11,0.333333333333333,2.33333333333333,2.33333333333333
"89194/1001",NA,89194,3477,"55-59 years","female",21,12149,"Work",468.386108398438,468.386108398438,"car",0.25,5.05,"weekday",1,"40 to 64","6-10km","car",5.05,0.25,1.75,1.75
"89194/1001",NA,89194,3477,"55-59 years","female",21,12150,"Shopping",468.386108398438,468.386108398438,"walking",0.0833333333333333,0.16,"weekday",2,"40 to 64","<1km","walking",0.16,0.0833333333333333,0.583333333333333,0.583333333333333
"89194/1001",NA,89194,3477,"55-59 years","female",21,12151,"Work",468.386108398438,468.386108398438,"walking",0.0833333333333333,0.16,"weekday",3,"40 to 64","<1km","walking",0.16,0.0833333333333333,0.583333333333333,0.583333333333333
"89194/1001",NA,89194,3477,"55-59 years","female",21,12152,"Work",468.386108398438,468.386108398438,"car",0.333333333333333,5.11,"weekday",4,"40 to 64","6-10km","car",5.11,0.333333333333333,2.33333333333333,2.33333333333333
"89196/1000",NA,89196,3478,"45-49 years","male",21,12153,"Other",490.858123779297,490.858123779297,"car",0.0833333333333333,1.56,"weekday",1,"40 to 64","1-2km","bicycle",1.56,0.141818181818182,0.583333333333333,0.992727272727273
"89196/1000",NA,89196,3478,"45-49 years","male",21,12154,"Other",490.858123779297,490.858123779297,"car",0.0833333333333333,1.71,"weekday",2,"40 to 64","1-2km","bicycle",1.71,0.155454545454545,0.583333333333333,1.08818181818182
"89196/1000",NA,89196,3478,"45-49 years","male",21,12155,"Other",490.858123779297,490.858123779297,"car",0.0833333333333333,0.47,"weekday",3,"40 to 64","<1km","bicycle",0.47,0.0427272727272727,0.583333333333333,0.299090909090909
"89196/1000",NA,89196,3478,"45-49 years","male",21,12156,"Work",490.858123779297,490.858123779297,"bicycle",0.666666666666667,8.91,"weekday",4,"40 to 64","6-10km","bicycle",8.91,0.666666666666667,4.66666666666667,4.66666666666667
"89196/1000",NA,89196,3478,"45-49 years","male",21,12157,"Work",490.858123779297,490.858123779297,"bicycle",0.75,8.91,"weekday",5,"40 to 64","6-10km","bicycle",8.91,0.75,5.25,5.25
"89196/1000",NA,89196,3478,"45-49 years","male",21,12158,"Shopping",490.858123779297,490.858123779297,"car",0.0833333333333333,1.23,"weekday",6,"40 to 64","1-2km","bicycle",1.23,0.111818181818182,0.583333333333333,0.782727272727273
"89196/1000",NA,89196,3478,"45-49 years","male",21,12159,"Shopping",490.858123779297,490.858123779297,"car",0.0666666666666667,1.37,"weekday",7,"40 to 64","1-2km","bicycle",1.37,0.124545454545455,0.466666666666667,0.871818181818182
"89196/1000",NA,89196,3478,"45-49 years","male",21,12160,"Shopping",490.858123779297,490.858123779297,"car",0.166666666666667,4.49,"weekday",8,"40 to 64","3-5km","bicycle",4.49,0.408181818181818,1.16666666666667,2.85727272727273
"89196/1000",NA,89196,3478,"45-49 years","male",21,12161,"Shopping",490.858123779297,490.858123779297,"car",0.0666666666666667,4.5,"weekday",9,"40 to 64","3-5km","bicycle",4.5,0.409090909090909,0.466666666666667,2.86363636363636
"89196/1001",NA,89196,3479,"35-39 years","female",21,12162,"Shopping",563.662841796875,563.662841796875,"car",0.0833333333333333,1.41,"weekday",1,"20 to 39","1-2km","bicycle",1.41,0.128181818181818,0.583333333333333,0.897272727272727
"89196/1001",NA,89196,3479,"35-39 years","female",21,12163,"Shopping",563.662841796875,563.662841796875,"car",0.0833333333333333,1.54,"weekday",2,"20 to 39","1-2km","bicycle",1.54,0.14,0.583333333333333,0.98
"89196/1001",NA,89196,3479,"35-39 years","female",21,12164,"Other",563.662841796875,563.662841796875,"car",0.0833333333333333,0.47,"weekday",3,"20 to 39","<1km","bicycle",0.47,0.0427272727272727,0.583333333333333,0.299090909090909
"89196/1001",NA,89196,3479,"35-39 years","female",21,12165,"Other",563.662841796875,563.662841796875,"car",0.0833333333333333,1.95,"weekday",4,"20 to 39","1-2km","bicycle",1.95,0.177272727272727,0.583333333333333,1.24090909090909
"89196/1001",NA,89196,3479,"35-39 years","female",21,12166,"Other",563.662841796875,563.662841796875,"car",0.0833333333333333,0.98,"weekday",5,"20 to 39","<1km","bicycle",0.98,0.0890909090909091,0.583333333333333,0.623636363636364
"89196/1001",NA,89196,3479,"35-39 years","female",21,12167,"Other",563.662841796875,563.662841796875,"car",0.0833333333333333,1.6,"weekday",6,"20 to 39","1-2km","bicycle",1.6,0.145454545454545,0.583333333333333,1.01818181818182
"89196/1001",NA,89196,3479,"35-39 years","female",21,12168,"Shopping",563.662841796875,563.662841796875,"car",0.0833333333333333,1.41,"weekday",7,"20 to 39","1-2km","bicycle",1.41,0.128181818181818,0.583333333333333,0.897272727272727
"89196/1001",NA,89196,3479,"35-39 years","female",21,12169,"Shopping",563.662841796875,563.662841796875,"car",0.0833333333333333,1.54,"weekday",8,"20 to 39","1-2km","bicycle",1.54,0.14,0.583333333333333,0.98
"89198/1000",NA,89198,3480,"45-49 years","female",21,12170,"Other",544.801513671875,544.801513671875,"car",0.833333333333333,27.92,"weekday",1,"40 to 64",">10km","car",27.92,0.833333333333333,5.83333333333333,5.83333333333333
"89198/1000",NA,89198,3480,"45-49 years","female",21,12171,"Shopping",544.801513671875,544.801513671875,"car",0.333333333333333,2.04,"weekday",2,"40 to 64","3-5km","bicycle",2.04,0.185454545454545,2.33333333333333,1.29818181818182
"89198/1000",NA,89198,3480,"45-49 years","female",21,12172,"Leisure",544.801513671875,544.801513671875,"car",0.0833333333333333,0.86,"weekday",3,"40 to 64","<1km","bicycle",0.86,0.0781818181818182,0.583333333333333,0.547272727272727
"89198/1000",NA,89198,3480,"45-49 years","female",21,12173,"Other",544.801513671875,544.801513671875,"car",0.166666666666667,2.47,"weekday",4,"40 to 64","3-5km","bicycle",2.47,0.224545454545455,1.16666666666667,1.57181818181818
"89198/1000",NA,89198,3480,"45-49 years","female",21,12174,"Shopping",544.801513671875,544.801513671875,"car",0.583333333333333,24.2,"weekday",5,"40 to 64",">10km","car",24.2,0.583333333333333,4.08333333333333,4.08333333333333
"89198/1000",NA,89198,3480,"45-49 years","female",21,12175,"Other",544.801513671875,544.801513671875,"car",0.416666666666667,9.92,"weekday",6,"40 to 64","6-10km","car",9.92,0.416666666666667,2.91666666666667,2.91666666666667
"89198/1000",NA,89198,3480,"45-49 years","female",21,12176,"Other",544.801513671875,544.801513671875,"car",0.166666666666667,3.63,"weekday",7,"40 to 64","3-5km","bicycle",3.63,0.33,1.16666666666667,2.31
"89198/1000",NA,89198,3480,"45-49 years","female",21,12177,"Other",544.801513671875,544.801513671875,"car",0.25,3.63,"weekday",8,"40 to 64","3-5km","bicycle",3.63,0.33,1.75,2.31
"89198/1000",NA,89198,3480,"45-49 years","female",21,12178,"Other",544.801513671875,544.801513671875,"car",0.25,3.63,"weekday",9,"40 to 64","3-5km","bicycle",3.63,0.33,1.75,2.31
"89203/1000",NA,89203,3481,"40-44 years","female",21,12179,"Work",165.249099731445,165.249099731445,"car",0.116666666666667,2.16,"weekday",1,"40 to 64","3-5km","bicycle",2.16,0.196363636363636,0.816666666666667,1.37454545454545
"89203/1000",NA,89203,3481,"40-44 years","female",21,12180,"Work",165.249099731445,165.249099731445,"car",0.183333333333333,2.13,"weekday",2,"40 to 64","3-5km","bicycle",2.13,0.193636363636364,1.28333333333333,1.35545454545455
"89203/1001",NA,89203,3482,"45-49 years","male",21,12181,"Work",171.093643188477,171.093643188477,"car",0.416666666666667,25.15,"weekday",1,"40 to 64",">10km","car",25.15,0.416666666666667,2.91666666666667,2.91666666666667
"89203/1001",NA,89203,3482,"45-49 years","male",21,12182,"Shopping",171.093643188477,171.093643188477,"car",1,26.95,"weekday",2,"40 to 64",">10km","car",26.95,1,7,7
"89203/1001",NA,89203,3482,"45-49 years","male",21,12183,"Shopping",171.093643188477,171.093643188477,"car",0.166666666666667,2.56,"weekday",3,"40 to 64","3-5km","bicycle",2.56,0.232727272727273,1.16666666666667,1.62909090909091
"89208/1000",NA,89208,3483,"65-69 years","male",21,12184,"Shopping",125.863647460938,125.863647460938,"car",0.166666666666667,3.56,"weekday",1,"65 plus","3-5km","bicycle",3.56,0.323636363636364,1.16666666666667,2.26545454545455
"89208/1000",NA,89208,3483,"65-69 years","male",21,12185,"Shopping",125.863647460938,125.863647460938,"car",0.166666666666667,3.52,"weekday",2,"65 plus","3-5km","bicycle",3.52,0.32,1.16666666666667,2.24
"89209/1000",NA,89209,3484,"70-74 years","female",21,12186,"Other",105.644348144531,105.644348144531,"car",0.166666666666667,3.47,"weekday",1,"65 plus","3-5km","bicycle",3.47,0.315454545454545,1.16666666666667,2.20818181818182
"89209/1000",NA,89209,3484,"70-74 years","female",21,12187,"Other",105.644348144531,105.644348144531,"car",0.0833333333333333,3.37,"weekday",2,"65 plus","3-5km","bicycle",3.37,0.306363636363636,0.583333333333333,2.14454545454545
"89209/1000",NA,89209,3484,"70-74 years","female",21,12188,"Leisure",105.644348144531,105.644348144531,"car",0.25,6.34,"weekday",3,"65 plus","6-10km","car",6.34,0.25,1.75,1.75
"89209/1000",NA,89209,3484,"70-74 years","female",21,12189,"Leisure",105.644348144531,105.644348144531,"car",0.333333333333333,6.34,"weekday",4,"65 plus","6-10km","car",6.34,0.333333333333333,2.33333333333333,2.33333333333333
"89210/1000",NA,89210,3485,"25-29 years","male",21,12190,"Work",195.456893920898,195.456893920898,"car",0.75,40.87,"weekday",1,"20 to 39",">10km","car",40.87,0.75,5.25,5.25
"89210/1000",NA,89210,3485,"25-29 years","male",21,12191,"Work",195.456893920898,195.456893920898,"car",0.75,40.36,"weekday",2,"20 to 39",">10km","car",40.36,0.75,5.25,5.25
"89210/1001",NA,89210,3486,"25-29 years","female",21,12192,"Work",242.946258544922,242.946258544922,"car",0.25,4.47,"weekday",1,"20 to 39","3-5km","bicycle",4.47,0.406363636363636,1.75,2.84454545454545
"89210/1001",NA,89210,3486,"25-29 years","female",21,12193,"Work",242.946258544922,242.946258544922,"car",0.333333333333333,4.46,"weekday",2,"20 to 39","3-5km","bicycle",4.46,0.405454545454545,2.33333333333333,2.83818181818182
"89211/1000",NA,89211,3487,"60-64 years","male",21,12194,"Work",126.624420166016,126.624420166016,"car",0.25,5.88,"weekday",1,"40 to 64","6-10km","car",5.88,0.25,1.75,1.75
"89211/1000",NA,89211,3487,"60-64 years","male",21,12196,"Shopping",126.624420166016,126.624420166016,"car",0.333333333333333,23.79,"weekday",3,"40 to 64",">10km","car",23.79,0.333333333333333,2.33333333333333,2.33333333333333
"89211/1000",NA,89211,3487,"60-64 years","male",21,12197,"Shopping",126.624420166016,126.624420166016,"car",0.75,22.45,"weekday",4,"40 to 64",">10km","car",22.45,0.75,5.25,5.25
"89211/1000",NA,89211,3487,"60-64 years","male",21,12198,"Work",126.624420166016,126.624420166016,"car",0.25,5.82,"weekday",5,"40 to 64","6-10km","car",5.82,0.25,1.75,1.75
"89211/1001",NA,89211,3488,"70-74 years","male",21,12200,"Leisure",103.645225524902,103.645225524902,"car",0.25,4.62,"weekday",2,"65 plus","3-5km","bicycle",4.62,0.42,1.75,2.94
"89211/1001",NA,89211,3488,"70-74 years","male",21,12201,"Leisure",103.645225524902,103.645225524902,"car",0.25,4.65,"weekday",3,"65 plus","3-5km","bicycle",4.65,0.422727272727273,1.75,2.95909090909091
"89211/1001",NA,89211,3488,"70-74 years","male",21,12202,"Shopping",103.645225524902,103.645225524902,"car",0.333333333333333,23.79,"weekday",4,"65 plus",">10km","car",23.79,0.333333333333333,2.33333333333333,2.33333333333333
"89211/1001",NA,89211,3488,"70-74 years","male",21,12203,"Shopping",103.645225524902,103.645225524902,"car",0.75,22.45,"weekday",5,"65 plus",">10km","car",22.45,0.75,5.25,5.25
"89214/1000",NA,89214,3489,"65-69 years","male",21,12204,"Shopping",141.843811035156,141.843811035156,"car",0.1,4.43,"weekday",1,"65 plus","3-5km","bicycle",4.43,0.402727272727273,0.7,2.81909090909091
"89214/1000",NA,89214,3489,"65-69 years","male",21,12205,"Shopping",141.843811035156,141.843811035156,"car",0.133333333333333,3.57,"weekday",2,"65 plus","3-5km","bicycle",3.57,0.324545454545455,0.933333333333333,2.27181818181818
"89214/1001",NA,89214,3490,"50-54 years","female",21,12206,"Work",146.526428222656,146.526428222656,"car",0.366666666666667,21.68,"weekday",1,"40 to 64",">10km","car",21.68,0.366666666666667,2.56666666666667,2.56666666666667
"89214/1001",NA,89214,3490,"50-54 years","female",21,12207,"Work",146.526428222656,146.526428222656,"car",0.566666666666667,20.64,"weekday",2,"40 to 64",">10km","car",20.64,0.566666666666667,3.96666666666667,3.96666666666667
"89215/1000",NA,89215,3491,"35-39 years","female",21,12208,"Work",96.4146499633789,96.4146499633789,"car",0.583333333333333,15.29,"weekday",1,"20 to 39",">10km","car",15.29,0.583333333333333,4.08333333333333,4.08333333333333
"89215/1000",NA,89215,3491,"35-39 years","female",21,12211,"Work",96.4146499633789,96.4146499633789,"car",0.383333333333333,15.26,"weekday",4,"20 to 39",">10km","car",15.26,0.383333333333333,2.68333333333333,2.68333333333333
"89218/1000",NA,89218,3492,"65-69 years","male",21,12212,"Other",165.524780273438,165.524780273438,"car",0.0833333333333333,2.08,"weekday",1,"65 plus","3-5km","bicycle",2.08,0.189090909090909,0.583333333333333,1.32363636363636
"89218/1000",NA,89218,3492,"65-69 years","male",21,12213,"Other",165.524780273438,165.524780273438,"car",0.0833333333333333,2.21,"weekday",2,"65 plus","3-5km","bicycle",2.21,0.200909090909091,0.583333333333333,1.40636363636364
"89218/1000",NA,89218,3492,"65-69 years","male",21,12214,"Other",165.524780273438,165.524780273438,"car",0.166666666666667,3.28,"weekday",3,"65 plus","3-5km","bicycle",3.28,0.298181818181818,1.16666666666667,2.08727272727273
"89218/1000",NA,89218,3492,"65-69 years","male",21,12215,"Other",165.524780273438,165.524780273438,"car",0.416666666666667,10.01,"weekday",4,"65 plus",">10km","car",10.01,0.416666666666667,2.91666666666667,2.91666666666667
"89218/1000",NA,89218,3492,"65-69 years","male",21,12216,"Leisure",165.524780273438,165.524780273438,"car",0.166666666666667,6.97,"weekday",5,"65 plus","6-10km","car",6.97,0.166666666666667,1.16666666666667,1.16666666666667
"89218/1000",NA,89218,3492,"65-69 years","male",21,12217,"Leisure",165.524780273438,165.524780273438,"car",0.25,14.53,"weekday",6,"65 plus",">10km","car",14.53,0.25,1.75,1.75
"89218/1000",NA,89218,3492,"65-69 years","male",21,12218,"Leisure",165.524780273438,165.524780273438,"car",1.5,74.65,"weekday",7,"65 plus",">10km","car",74.65,1.5,10.5,10.5
"89218/1000",NA,89218,3492,"65-69 years","male",21,12219,"Leisure",165.524780273438,165.524780273438,"car",1,74.49,"weekday",8,"65 plus",">10km","car",74.49,1,7,7
"89218/1001",NA,89218,3493,"65-69 years","female",21,12220,"Work",118.323799133301,118.323799133301,"car",0.25,4.2,"weekday",1,"65 plus","3-5km","bicycle",4.2,0.381818181818182,1.75,2.67272727272727
"89218/1001",NA,89218,3493,"65-69 years","female",21,12221,"Work",118.323799133301,118.323799133301,"public.transport",0.5,8.26,"weekday",2,"65 plus","6-10km","public.transport",8.26,0.5,3.5,3.5
"89218/1001",NA,89218,3493,"65-69 years","female",21,12222,"Work",118.323799133301,118.323799133301,"car",0.333333333333333,5.67,"weekday",3,"65 plus","6-10km","car",5.67,0.333333333333333,2.33333333333333,2.33333333333333
"89218/1001",NA,89218,3493,"65-69 years","female",21,12223,"Leisure",118.323799133301,118.323799133301,"car",1.5,74.65,"weekday",4,"65 plus",">10km","car",74.65,1.5,10.5,10.5
"89218/1001",NA,89218,3493,"65-69 years","female",21,12224,"Leisure",118.323799133301,118.323799133301,"car",1,74.49,"weekday",5,"65 plus",">10km","car",74.49,1,7,7
"89218/1002",NA,89218,3494,"65-69 years","male",21,12225,"Work",165.524780273438,165.524780273438,"car",0.75,25.14,"weekday",1,"65 plus",">10km","car",25.14,0.75,5.25,5.25
"89218/1002",NA,89218,3494,"65-69 years","male",21,12226,"Work",165.524780273438,165.524780273438,"car",0.25,6.13,"weekday",2,"65 plus","6-10km","car",6.13,0.25,1.75,1.75
"89218/1002",NA,89218,3494,"65-69 years","male",21,12227,"Work",165.524780273438,165.524780273438,"car",0.25,6.16,"weekday",3,"65 plus","6-10km","car",6.16,0.25,1.75,1.75
"89218/1002",NA,89218,3494,"65-69 years","male",21,12228,"Work",165.524780273438,165.524780273438,"car",0.333333333333333,4.63,"weekday",4,"65 plus","3-5km","bicycle",4.63,0.420909090909091,2.33333333333333,2.94636363636364
"89218/1002",NA,89218,3494,"65-69 years","male",21,12229,"Work",165.524780273438,165.524780273438,"car",0.25,4.61,"weekday",5,"65 plus","3-5km","bicycle",4.61,0.419090909090909,1.75,2.93363636363636
"89218/1002",NA,89218,3494,"65-69 years","male",21,12230,"Work",165.524780273438,165.524780273438,"car",0.416666666666667,9.99,"weekday",6,"65 plus","6-10km","car",9.99,0.416666666666667,2.91666666666667,2.91666666666667
"89218/1002",NA,89218,3494,"65-69 years","male",21,12231,"Work",165.524780273438,165.524780273438,"car",0.75,24.03,"weekday",7,"65 plus",">10km","car",24.03,0.75,5.25,5.25
"89221/1000",NA,89221,3495,"20-24 years","female",21,12232,"Shopping",454.962646484375,454.962646484375,"car",0.0833333333333333,2.72,"weekday",1,"20 to 39","3-5km","bicycle",2.72,0.247272727272727,0.583333333333333,1.73090909090909
"89221/1000",NA,89221,3495,"20-24 years","female",21,12233,"Shopping",454.962646484375,454.962646484375,"car",0.0833333333333333,2.7,"weekday",2,"20 to 39","3-5km","bicycle",2.7,0.245454545454545,0.583333333333333,1.71818181818182
"89221/1000",NA,89221,3495,"20-24 years","female",21,12234,"Work",454.962646484375,454.962646484375,"car",1.1,37.69,"weekday",3,"20 to 39",">10km","car",37.69,1.1,7.7,7.7
"89221/1000",NA,89221,3495,"20-24 years","female",21,12235,"Work",454.962646484375,454.962646484375,"car",0.916666666666667,37.38,"weekday",4,"20 to 39",">10km","car",37.38,0.916666666666667,6.41666666666667,6.41666666666667
"89221/1001",NA,89221,3496,"25-29 years","male",21,12236,"Shopping",382.1396484375,382.1396484375,"car",0.0833333333333333,2.72,"weekday",1,"20 to 39","3-5km","bicycle",2.72,0.247272727272727,0.583333333333333,1.73090909090909
"89221/1001",NA,89221,3496,"25-29 years","male",21,12237,"Shopping",382.1396484375,382.1396484375,"car",0.0833333333333333,2.7,"weekday",2,"20 to 39","3-5km","bicycle",2.7,0.245454545454545,0.583333333333333,1.71818181818182
"89221/1002",NA,89221,3497,"55-59 years","female",21,12238,"Leisure",295.278869628906,295.278869628906,"car",1,52.85,"weekday",1,"40 to 64",">10km","car",52.85,1,7,7
"89221/1002",NA,89221,3497,"55-59 years","female",21,12239,"Leisure",295.278869628906,295.278869628906,"car",1.5,52.35,"weekday",2,"40 to 64",">10km","car",52.35,1.5,10.5,10.5
"89224/1000",NA,89224,3498,"35-39 years","male",21,12240,"Work",274.485229492188,274.485229492188,"car",0.666666666666667,20.3,"weekday",1,"20 to 39",">10km","car",20.3,0.666666666666667,4.66666666666667,4.66666666666667
"89224/1000",NA,89224,3498,"35-39 years","male",21,12241,"Shopping",274.485229492188,274.485229492188,"car",0.75,17.11,"weekday",2,"20 to 39",">10km","car",17.11,0.75,5.25,5.25
"89224/1000",NA,89224,3498,"35-39 years","male",21,12242,"Shopping",274.485229492188,274.485229492188,"car",0.166666666666667,3.16,"weekday",3,"20 to 39","3-5km","bicycle",3.16,0.287272727272727,1.16666666666667,2.01090909090909
"89224/1001",NA,89224,3499,"40-44 years","female",21,12243,"Other",276.858306884766,276.858306884766,"car",0.25,1.82,"weekday",1,"40 to 64","1-2km","bicycle",1.82,0.165454545454545,1.75,1.15818181818182
"89224/1001",NA,89224,3499,"40-44 years","female",21,12244,"Other",276.858306884766,276.858306884766,"car",0.333333333333333,1.86,"weekday",2,"40 to 64","1-2km","bicycle",1.86,0.169090909090909,2.33333333333333,1.18363636363636
"89224/1001",NA,89224,3499,"40-44 years","female",21,12245,"Other",276.858306884766,276.858306884766,"car",0.166666666666667,1.82,"weekday",3,"40 to 64","1-2km","bicycle",1.82,0.165454545454545,1.16666666666667,1.15818181818182
"89224/1001",NA,89224,3499,"40-44 years","female",21,12246,"Other",276.858306884766,276.858306884766,"car",0.0833333333333333,1.86,"weekday",4,"40 to 64","1-2km","bicycle",1.86,0.169090909090909,0.583333333333333,1.18363636363636
"89224/1001",NA,89224,3499,"40-44 years","female",21,12247,"Work",276.858306884766,276.858306884766,"car",0.166666666666667,3.58,"weekday",5,"40 to 64","3-5km","bicycle",3.58,0.325454545454545,1.16666666666667,2.27818181818182
"89224/1001",NA,89224,3499,"40-44 years","female",21,12248,"Work",276.858306884766,276.858306884766,"car",0.166666666666667,3.57,"weekday",6,"40 to 64","3-5km","bicycle",3.57,0.324545454545455,1.16666666666667,2.27181818181818
"89224/1002",NA,89224,3500,"15-19 years","female",21,12249,"Education",340.53564453125,340.53564453125,"car",0.25,1.82,"weekday",1,"15 to 19","1-2km","bicycle",1.82,0.165454545454545,1.75,1.15818181818182
"89224/1002",NA,89224,3500,"15-19 years","female",21,12250,"Education",340.53564453125,340.53564453125,"car",0.0833333333333333,1.86,"weekday",2,"15 to 19","1-2km","bicycle",1.86,0.169090909090909,0.583333333333333,1.18363636363636
"89224/1002",NA,89224,3500,"15-19 years","female",21,12251,"Work",340.53564453125,340.53564453125,"car",0.166666666666667,3.58,"weekday",3,"15 to 19","3-5km","bicycle",3.58,0.325454545454545,1.16666666666667,2.27818181818182
"89224/1002",NA,89224,3500,"15-19 years","female",21,12252,"Work",340.53564453125,340.53564453125,"car",0.166666666666667,3.57,"weekday",4,"15 to 19","3-5km","bicycle",3.57,0.324545454545455,1.16666666666667,2.27181818181818
"89225/1000",NA,89225,3501,"35-39 years","female",21,12253,"Other",134.685974121094,134.685974121094,"car",0.166666666666667,4.23,"weekday",1,"20 to 39","3-5km","bicycle",4.23,0.384545454545455,1.16666666666667,2.69181818181818
"89225/1000",NA,89225,3501,"35-39 years","female",21,12254,"Other",134.685974121094,134.685974121094,"car",0.333333333333333,4.23,"weekday",2,"20 to 39","3-5km","bicycle",4.23,0.384545454545455,2.33333333333333,2.69181818181818
"89225/1000",NA,89225,3501,"35-39 years","female",21,12255,"Other",134.685974121094,134.685974121094,"car",0.166666666666667,4.23,"weekday",3,"20 to 39","3-5km","bicycle",4.23,0.384545454545455,1.16666666666667,2.69181818181818
"89225/1000",NA,89225,3501,"35-39 years","female",21,12256,"Other",134.685974121094,134.685974121094,"car",0.166666666666667,4.23,"weekday",4,"20 to 39","3-5km","bicycle",4.23,0.384545454545455,1.16666666666667,2.69181818181818
"89225/1001",NA,89225,3502,"30-34 years","male",21,12257,"Work",198.818878173828,198.818878173828,"car",0.5,34.77,"weekday",1,"20 to 39",">10km","car",34.77,0.5,3.5,3.5
"89225/1001",NA,89225,3502,"30-34 years","male",21,12258,"Work",198.818878173828,198.818878173828,"car",0.5,33.67,"weekday",2,"20 to 39",">10km","car",33.67,0.5,3.5,3.5
"89228/1000",NA,89228,3503,"30-34 years","male",21,12259,"Work",313.588012695312,313.588012695312,"car",0.333333333333333,13.53,"weekday",1,"20 to 39",">10km","car",13.53,0.333333333333333,2.33333333333333,2.33333333333333
"89228/1000",NA,89228,3503,"30-34 years","male",21,12260,"Work",313.588012695312,313.588012695312,"car",0.35,13.41,"weekday",2,"20 to 39",">10km","car",13.41,0.35,2.45,2.45
"89228/1000",NA,89228,3503,"30-34 years","male",21,12261,"Shopping",313.588012695312,313.588012695312,"car",0.166666666666667,10.75,"weekday",3,"20 to 39",">10km","car",10.75,0.166666666666667,1.16666666666667,1.16666666666667
"89228/1000",NA,89228,3503,"30-34 years","male",21,12262,"Shopping",313.588012695312,313.588012695312,"car",0.166666666666667,7.86,"weekday",4,"20 to 39","6-10km","car",7.86,0.166666666666667,1.16666666666667,1.16666666666667
"89228/1001",NA,89228,3504,"30-34 years","female",21,12263,"Other",263.370697021484,263.370697021484,"car",0.0833333333333333,1.72,"weekday",1,"20 to 39","1-2km","bicycle",1.72,0.156363636363636,0.583333333333333,1.09454545454545
"89228/1001",NA,89228,3504,"30-34 years","female",21,12264,"Other",263.370697021484,263.370697021484,"car",0.0833333333333333,3.17,"weekday",2,"20 to 39","3-5km","bicycle",3.17,0.288181818181818,0.583333333333333,2.01727272727273
"89228/1001",NA,89228,3504,"30-34 years","female",21,12265,"Other",263.370697021484,263.370697021484,"car",0.166666666666667,4.34,"weekday",3,"20 to 39","3-5km","bicycle",4.34,0.394545454545455,1.16666666666667,2.76181818181818
"89228/1001",NA,89228,3504,"30-34 years","female",21,12266,"Other",263.370697021484,263.370697021484,"car",0.166666666666667,4.21,"weekday",4,"20 to 39","3-5km","bicycle",4.21,0.382727272727273,1.16666666666667,2.67909090909091
"89228/1001",NA,89228,3504,"30-34 years","female",21,12267,"Other",263.370697021484,263.370697021484,"car",0.0833333333333333,0.71,"weekday",5,"20 to 39","<1km","bicycle",0.71,0.0645454545454545,0.583333333333333,0.451818181818182
"89228/1001",NA,89228,3504,"30-34 years","female",21,12268,"Shopping",263.370697021484,263.370697021484,"car",0.0833333333333333,0.95,"weekday",6,"20 to 39","<1km","bicycle",0.95,0.0863636363636364,0.583333333333333,0.604545454545454
"89228/1001",NA,89228,3504,"30-34 years","female",21,12269,"Shopping",263.370697021484,263.370697021484,"car",0.166666666666667,4.03,"weekday",7,"20 to 39","3-5km","bicycle",4.03,0.366363636363636,1.16666666666667,2.56454545454545
"89228/1001",NA,89228,3504,"30-34 years","female",21,12270,"Other",263.370697021484,263.370697021484,"car",0.166666666666667,4.65,"weekday",8,"20 to 39","3-5km","bicycle",4.65,0.422727272727273,1.16666666666667,2.95909090909091
"89228/1001",NA,89228,3504,"30-34 years","female",21,12271,"Shopping",263.370697021484,263.370697021484,"car",0.0833333333333333,1.31,"weekday",9,"20 to 39","1-2km","bicycle",1.31,0.119090909090909,0.583333333333333,0.833636363636364
"89228/1001",NA,89228,3504,"30-34 years","female",21,12272,"Other",263.370697021484,263.370697021484,"car",0.0833333333333333,2.6,"weekday",10,"20 to 39","3-5km","bicycle",2.6,0.236363636363636,0.583333333333333,1.65454545454545
"89228/1001",NA,89228,3504,"30-34 years","female",21,12273,"Other",263.370697021484,263.370697021484,"car",0.0833333333333333,1.73,"weekday",11,"20 to 39","1-2km","bicycle",1.73,0.157272727272727,0.583333333333333,1.10090909090909
"89232/1001",NA,89232,3505,"55-59 years","male",21,12274,"Work",199.032653808594,199.032653808594,"car",0.5,13.99,"weekday",1,"40 to 64",">10km","car",13.99,0.5,3.5,3.5
"89232/1002",NA,89232,3506,"25-29 years","male",21,12275,"Work",311.684387207031,311.684387207031,"car",0.75,52.99,"weekday",1,"20 to 39",">10km","car",52.99,0.75,5.25,5.25
"89232/1002",NA,89232,3506,"25-29 years","male",21,12276,"Work",311.684387207031,311.684387207031,"car",1,53.4,"weekday",2,"20 to 39",">10km","car",53.4,1,7,7
"89234/1000",NA,89234,3507,"60-64 years","female",21,12277,"Work",166.379119873047,166.379119873047,"car",1,31.93,"weekday",1,"40 to 64",">10km","car",31.93,1,7,7
"89234/1000",NA,89234,3507,"60-64 years","female",21,12278,"Work",166.379119873047,166.379119873047,"car",1,31.7,"weekday",2,"40 to 64",">10km","car",31.7,1,7,7
"89239/1000",NA,89239,3508,"65-69 years","female",21,12279,"Shopping",129.623992919922,129.623992919922,"car",0.166666666666667,5.19,"weekday",1,"65 plus","6-10km","car",5.19,0.166666666666667,1.16666666666667,1.16666666666667
"89239/1000",NA,89239,3508,"65-69 years","female",21,12280,"Shopping",129.623992919922,129.623992919922,"car",0.166666666666667,5.13,"weekday",2,"65 plus","6-10km","car",5.13,0.166666666666667,1.16666666666667,1.16666666666667
"89239/1001",NA,89239,3509,"65-69 years","male",21,12281,"Other",136.799423217773,136.799423217773,"car",0.05,2.15,"weekday",1,"65 plus","3-5km","bicycle",2.15,0.195454545454545,0.35,1.36818181818182
"89239/1001",NA,89239,3509,"65-69 years","male",21,12282,"Other",136.799423217773,136.799423217773,"car",0.0833333333333333,2.39,"weekday",2,"65 plus","3-5km","bicycle",2.39,0.217272727272727,0.583333333333333,1.52090909090909
"89240/1000",NA,89240,3510,"50-54 years","male",21,12283,"Work",205.661956787109,205.661956787109,"car",0.666666666666667,24.87,"weekday",1,"40 to 64",">10km","car",24.87,0.666666666666667,4.66666666666667,4.66666666666667
"89240/1000",NA,89240,3510,"50-54 years","male",21,12284,"Work",205.661956787109,205.661956787109,"car",0.866666666666667,24.59,"weekday",2,"40 to 64",">10km","car",24.59,0.866666666666667,6.06666666666667,6.06666666666667
"89240/1001",NA,89240,3511,"50-54 years","female",21,12285,"Other",211.326843261719,211.326843261719,"car",0.216666666666667,6.09,"weekday",1,"40 to 64","6-10km","car",6.09,0.216666666666667,1.51666666666667,1.51666666666667
"89240/1001",NA,89240,3511,"50-54 years","female",21,12286,"Other",211.326843261719,211.326843261719,"car",0.25,6.14,"weekday",2,"40 to 64","6-10km","car",6.14,0.25,1.75,1.75
"89240/1002",NA,89240,3512,"20-24 years","female",21,12287,"Work",251.227233886719,251.227233886719,"car",0.333333333333333,18.15,"weekday",1,"20 to 39",">10km","car",18.15,0.333333333333333,2.33333333333333,2.33333333333333
"89240/1002",NA,89240,3512,"20-24 years","female",21,12288,"Work",251.227233886719,251.227233886719,"car",0.333333333333333,18.42,"weekday",2,"20 to 39",">10km","car",18.42,0.333333333333333,2.33333333333333,2.33333333333333
"89244/1000",NA,89244,3513,"60-64 years","male",21,12289,"Work",210.90705871582,210.90705871582,"car",0.75,43.44,"weekday",1,"40 to 64",">10km","car",43.44,0.75,5.25,5.25
"89244/1001",NA,89244,3514,"60-64 years","female",21,12290,"Shopping",243.137283325195,243.137283325195,"car",0.333333333333333,5.47,"weekday",1,"40 to 64","6-10km","car",5.47,0.333333333333333,2.33333333333333,2.33333333333333
"89244/1001",NA,89244,3514,"60-64 years","female",21,12291,"Shopping",243.137283325195,243.137283325195,"car",0.166666666666667,5.41,"weekday",2,"40 to 64","6-10km","car",5.41,0.166666666666667,1.16666666666667,1.16666666666667
"89244/1002",NA,89244,3515,"30-34 years","male",21,12292,"Shopping",203.662582397461,203.662582397461,"car",0.333333333333333,5.47,"weekday",1,"20 to 39","6-10km","car",5.47,0.333333333333333,2.33333333333333,2.33333333333333
"89244/1002",NA,89244,3515,"30-34 years","male",21,12293,"Shopping",203.662582397461,203.662582397461,"car",0.25,5.41,"weekday",2,"20 to 39","6-10km","car",5.41,0.25,1.75,1.75
"89245/1000",NA,89245,3516,"45-49 years","male",21,12294,"Shopping",156.624847412109,156.624847412109,"car",0.116666666666667,5.36,"weekday",1,"40 to 64","6-10km","car",5.36,0.116666666666667,0.816666666666667,0.816666666666667
"89245/1000",NA,89245,3516,"45-49 years","male",21,12295,"Shopping",156.624847412109,156.624847412109,"car",0.116666666666667,5.3,"weekday",2,"40 to 64","6-10km","car",5.3,0.116666666666667,0.816666666666667,0.816666666666667
"89248/1000",NA,89248,3517,"75-79 years","male",21,12296,"Other",121.247848510742,121.247848510742,"car",0.583333333333333,24.54,"weekday",1,"65 plus",">10km","car",24.54,0.583333333333333,4.08333333333333,4.08333333333333
"89248/1000",NA,89248,3517,"75-79 years","male",21,12297,"Shopping",121.247848510742,121.247848510742,"car",0.25,2.58,"weekday",2,"65 plus","3-5km","bicycle",2.58,0.234545454545455,1.75,1.64181818181818
"89248/1000",NA,89248,3517,"75-79 years","male",21,12298,"Shopping",121.247848510742,121.247848510742,"car",0.583333333333333,25.1,"weekday",3,"65 plus",">10km","car",25.1,0.583333333333333,4.08333333333333,4.08333333333333
"89248/1001",NA,89248,3518,"75-79 years","female",21,12299,"Other",102.54719543457,102.54719543457,"car",0.583333333333333,24.54,"weekday",1,"65 plus",">10km","car",24.54,0.583333333333333,4.08333333333333,4.08333333333333
"89248/1001",NA,89248,3518,"75-79 years","female",21,12300,"Other",102.54719543457,102.54719543457,"car",0.25,2.58,"weekday",2,"65 plus","3-5km","bicycle",2.58,0.234545454545455,1.75,1.64181818181818
"89248/1001",NA,89248,3518,"75-79 years","female",21,12301,"Other",102.54719543457,102.54719543457,"car",0.583333333333333,25.1,"weekday",3,"65 plus",">10km","car",25.1,0.583333333333333,4.08333333333333,4.08333333333333
"89251/1001",NA,89251,3519,"55-59 years","female",21,12302,"Other",264.069396972656,264.069396972656,"car",0.166666666666667,6.17,"weekday",1,"40 to 64","6-10km","car",6.17,0.166666666666667,1.16666666666667,1.16666666666667
"89251/1001",NA,89251,3519,"55-59 years","female",21,12303,"Other",264.069396972656,264.069396972656,"car",0.166666666666667,6.04,"weekday",2,"40 to 64","6-10km","car",6.04,0.166666666666667,1.16666666666667,1.16666666666667
"89251/1001",NA,89251,3519,"55-59 years","female",21,12304,"Other",264.069396972656,264.069396972656,"car",0.166666666666667,6.17,"weekday",3,"40 to 64","6-10km","car",6.17,0.166666666666667,1.16666666666667,1.16666666666667
"89251/1001",NA,89251,3519,"55-59 years","female",21,12305,"Other",264.069396972656,264.069396972656,"car",0.166666666666667,5.59,"weekday",4,"40 to 64","6-10km","car",5.59,0.166666666666667,1.16666666666667,1.16666666666667
"89251/1001",NA,89251,3519,"55-59 years","female",21,12306,"Other",264.069396972656,264.069396972656,"car",0.333333333333333,6.26,"weekday",5,"40 to 64","6-10km","car",6.26,0.333333333333333,2.33333333333333,2.33333333333333
"89251/1002",NA,89251,3520,"25-29 years","male",21,12307,"Work",452.385925292969,452.385925292969,"car",0.5,29.57,"weekday",1,"20 to 39",">10km","car",29.57,0.5,3.5,3.5
"89251/1002",NA,89251,3520,"25-29 years","male",21,12308,"Work",452.385925292969,452.385925292969,"car",0.5,29.69,"weekday",2,"20 to 39",">10km","car",29.69,0.5,3.5,3.5
"89251/1004",NA,89251,3521,"20-24 years","female",21,12309,"Work",305.028106689453,305.028106689453,"car",0.5,17.28,"weekday",1,"20 to 39",">10km","car",17.28,0.5,3.5,3.5
"89251/1004",NA,89251,3521,"20-24 years","female",21,12310,"Work",305.028106689453,305.028106689453,"car",0.5,17.51,"weekday",2,"20 to 39",">10km","car",17.51,0.5,3.5,3.5
"89251/1009",NA,89251,3522,"25-29 years","female",21,12311,"Other",379.222839355469,379.222839355469,"car",0.25,6.29,"weekday",1,"20 to 39","6-10km","car",6.29,0.25,1.75,1.75
"89251/1009",NA,89251,3522,"25-29 years","female",21,12312,"Work",379.222839355469,379.222839355469,"car",0.333333333333333,21.01,"weekday",2,"20 to 39",">10km","car",21.01,0.333333333333333,2.33333333333333,2.33333333333333
"89251/1009",NA,89251,3522,"25-29 years","female",21,12313,"Work",379.222839355469,379.222839355469,"car",0.416666666666667,21.58,"weekday",3,"20 to 39",">10km","car",21.58,0.416666666666667,2.91666666666667,2.91666666666667
"89253/1001",NA,89253,3523,"75-79 years","female",21,12314,"Other",217.505645751953,217.505645751953,"car",0.25,5.32,"weekday",1,"65 plus","6-10km","car",5.32,0.25,1.75,1.75
"89253/1001",NA,89253,3523,"75-79 years","female",21,12315,"Other",217.505645751953,217.505645751953,"car",0.25,5.31,"weekday",2,"65 plus","6-10km","car",5.31,0.25,1.75,1.75
"89253/1003",NA,89253,3524,"45-49 years","male",21,12316,"Work",269.638153076172,269.638153076172,"car",0.5,20.05,"weekday",1,"40 to 64",">10km","car",20.05,0.5,3.5,3.5
"89253/1003",NA,89253,3524,"45-49 years","male",21,12317,"Work",269.638153076172,269.638153076172,"car",0.75,43.64,"weekday",2,"40 to 64",">10km","car",43.64,0.75,5.25,5.25
"89253/1003",NA,89253,3524,"45-49 years","male",21,12318,"Work",269.638153076172,269.638153076172,"car",0.833333333333333,43.52,"weekday",3,"40 to 64",">10km","car",43.52,0.833333333333333,5.83333333333333,5.83333333333333
"89253/1003",NA,89253,3524,"45-49 years","male",21,12319,"Work",269.638153076172,269.638153076172,"car",0.583333333333333,20.03,"weekday",4,"40 to 64",">10km","car",20.03,0.583333333333333,4.08333333333333,4.08333333333333
"89253/1003",NA,89253,3524,"45-49 years","male",21,12320,"Other",269.638153076172,269.638153076172,"car",0.333333333333333,11.76,"weekday",5,"40 to 64",">10km","car",11.76,0.333333333333333,2.33333333333333,2.33333333333333
"89253/1003",NA,89253,3524,"45-49 years","male",21,12321,"Other",269.638153076172,269.638153076172,"car",0.333333333333333,11.59,"weekday",6,"40 to 64",">10km","car",11.59,0.333333333333333,2.33333333333333,2.33333333333333
"89253/1004",NA,89253,3525,"45-49 years","female",21,12322,"Work",368.072875976562,368.072875976562,"car",1.16666666666667,26.45,"weekday",1,"40 to 64",">10km","car",26.45,1.16666666666667,8.16666666666667,8.16666666666667
"89253/1004",NA,89253,3525,"45-49 years","female",21,12323,"Work",368.072875976562,368.072875976562,"car",0.666666666666667,36.72,"weekday",2,"40 to 64",">10km","car",36.72,0.666666666666667,4.66666666666667,4.66666666666667
"89253/1004",NA,89253,3525,"45-49 years","female",21,12324,"Work",368.072875976562,368.072875976562,"car",0.5,19.41,"weekday",3,"40 to 64",">10km","car",19.41,0.5,3.5,3.5
"89253/1004",NA,89253,3525,"45-49 years","female",21,12325,"Other",368.072875976562,368.072875976562,"car",0.25,5.32,"weekday",4,"40 to 64","6-10km","car",5.32,0.25,1.75,1.75
"89253/1004",NA,89253,3525,"45-49 years","female",21,12326,"Other",368.072875976562,368.072875976562,"car",0.166666666666667,5.31,"weekday",5,"40 to 64","6-10km","car",5.31,0.166666666666667,1.16666666666667,1.16666666666667
"89253/1004",NA,89253,3525,"45-49 years","female",21,12327,"Other",368.072875976562,368.072875976562,"car",0.333333333333333,11.76,"weekday",6,"40 to 64",">10km","car",11.76,0.333333333333333,2.33333333333333,2.33333333333333
"89253/1004",NA,89253,3525,"45-49 years","female",21,12328,"Other",368.072875976562,368.072875976562,"car",0.333333333333333,11.59,"weekday",7,"40 to 64",">10km","car",11.59,0.333333333333333,2.33333333333333,2.33333333333333
"89253/1005",NA,89253,3526,"20-24 years","female",21,12329,"Work",305.028106689453,305.028106689453,"car",0.666666666666667,20.05,"weekday",1,"20 to 39",">10km","car",20.05,0.666666666666667,4.66666666666667,4.66666666666667
"89253/1005",NA,89253,3526,"20-24 years","female",21,12330,"Shopping",305.028106689453,305.028106689453,"car",0.75,15.81,"weekday",2,"20 to 39",">10km","car",15.81,0.75,5.25,5.25
"89253/1005",NA,89253,3526,"20-24 years","female",21,12331,"Shopping",305.028106689453,305.028106689453,"car",0.25,5.31,"weekday",3,"20 to 39","6-10km","car",5.31,0.25,1.75,1.75
"89253/1005",NA,89253,3526,"20-24 years","female",21,12332,"Other",305.028106689453,305.028106689453,"car",0.166666666666667,4.55,"weekday",4,"20 to 39","3-5km","bicycle",4.55,0.413636363636364,1.16666666666667,2.89545454545455
"89253/1005",NA,89253,3526,"20-24 years","female",21,12333,"Other",305.028106689453,305.028106689453,"car",0.166666666666667,4.42,"weekday",5,"20 to 39","3-5km","bicycle",4.42,0.401818181818182,1.16666666666667,2.81272727272727
"89253/1006",NA,89253,3527,"15-19 years","female",21,12334,"Work",282.893920898438,282.893920898438,"car",0.25,5.32,"weekday",1,"15 to 19","6-10km","car",5.32,0.25,1.75,1.75
"89253/1006",NA,89253,3527,"15-19 years","female",21,12335,"Work",282.893920898438,282.893920898438,"car",0.166666666666667,5.31,"weekday",2,"15 to 19","6-10km","car",5.31,0.166666666666667,1.16666666666667,1.16666666666667
"89255/1002",NA,89255,3528,"20-24 years","male",21,12336,"Shopping",198.558609008789,198.558609008789,"car",0.0833333333333333,2.98,"weekday",1,"20 to 39","3-5km","bicycle",2.98,0.270909090909091,0.583333333333333,1.89636363636364
"89255/1002",NA,89255,3528,"20-24 years","male",21,12337,"Shopping",198.558609008789,198.558609008789,"car",0.0333333333333333,2.81,"weekday",2,"20 to 39","3-5km","bicycle",2.81,0.255454545454545,0.233333333333333,1.78818181818182
"89256/1000",NA,89256,3529,"40-44 years","female",21,12338,"Other",217.286178588867,217.286178588867,"car",0.25,12.05,"weekday",1,"40 to 64",">10km","car",12.05,0.25,1.75,1.75
"89256/1000",NA,89256,3529,"40-44 years","female",21,12339,"Work",217.286178588867,217.286178588867,"car",0.666666666666667,18.4,"weekday",2,"40 to 64",">10km","car",18.4,0.666666666666667,4.66666666666667,4.66666666666667
"89256/1000",NA,89256,3529,"40-44 years","female",21,12340,"Work",217.286178588867,217.286178588867,"car",1,28.68,"weekday",3,"40 to 64",">10km","car",28.68,1,7,7
"89256/1001",NA,89256,3530,"40-44 years","male",21,12341,"Work",309.189117431641,309.189117431641,"car",0.0833333333333333,5.63,"weekday",1,"40 to 64","6-10km","car",5.63,0.0833333333333333,0.583333333333333,0.583333333333333
"89256/1001",NA,89256,3530,"40-44 years","male",21,12342,"Other",309.189117431641,309.189117431641,"car",0.25,7.17,"weekday",2,"40 to 64","6-10km","car",7.17,0.25,1.75,1.75
"89256/1001",NA,89256,3530,"40-44 years","male",21,12343,"Other",309.189117431641,309.189117431641,"car",0.25,11.87,"weekday",3,"40 to 64",">10km","car",11.87,0.25,1.75,1.75
"89259/1000",NA,89259,3531,"75-79 years","male",21,12344,"Education",121.247848510742,121.247848510742,"car",0.0666666666666667,1.74,"weekday",1,"65 plus","1-2km","bicycle",1.74,0.158181818181818,0.466666666666667,1.10727272727273
"89259/1000",NA,89259,3531,"75-79 years","male",21,12345,"Education",121.247848510742,121.247848510742,"car",0.0833333333333333,1.77,"weekday",2,"65 plus","1-2km","bicycle",1.77,0.160909090909091,0.583333333333333,1.12636363636364
"89259/1001",NA,89259,3532,"55-59 years","female",21,12346,"Work",124.50057220459,124.50057220459,"car",0.166666666666667,5.15,"weekday",1,"40 to 64","6-10km","car",5.15,0.166666666666667,1.16666666666667,1.16666666666667
"89259/1001",NA,89259,3532,"55-59 years","female",21,12347,"Work",124.50057220459,124.50057220459,"car",0.166666666666667,5.14,"weekday",2,"40 to 64","6-10km","car",5.14,0.166666666666667,1.16666666666667,1.16666666666667
"89260/1000",NA,89260,3533,"40-44 years","male",21,12348,"Other",127.498237609863,127.498237609863,"car",0.25,8.26,"weekday",1,"40 to 64","6-10km","car",8.26,0.25,1.75,1.75
"89260/1000",NA,89260,3533,"40-44 years","male",21,12349,"Other",127.498237609863,127.498237609863,"car",0.25,8.3,"weekday",2,"40 to 64","6-10km","car",8.3,0.25,1.75,1.75
"89260/1000",NA,89260,3533,"40-44 years","male",21,12350,"Other",127.498237609863,127.498237609863,"car",0.166666666666667,8.27,"weekday",3,"40 to 64","6-10km","car",8.27,0.166666666666667,1.16666666666667,1.16666666666667
"89260/1000",NA,89260,3533,"40-44 years","male",21,12351,"Other",127.498237609863,127.498237609863,"car",0.0333333333333333,0.39,"weekday",4,"40 to 64","<1km","bicycle",0.39,0.0354545454545455,0.233333333333333,0.248181818181818
"89260/1000",NA,89260,3533,"40-44 years","male",21,12352,"Other",127.498237609863,127.498237609863,"car",0.25,8.3,"weekday",5,"40 to 64","6-10km","car",8.3,0.25,1.75,1.75
"89260/1001",NA,89260,3534,"30-34 years","female",21,12353,"Other",111.729713439941,111.729713439941,"car",0.25,8.27,"weekday",1,"20 to 39","6-10km","car",8.27,0.25,1.75,1.75
"89260/1001",NA,89260,3534,"30-34 years","female",21,12354,"Work",111.729713439941,111.729713439941,"car",0.666666666666667,17.92,"weekday",2,"20 to 39",">10km","car",17.92,0.666666666666667,4.66666666666667,4.66666666666667
"89260/1001",NA,89260,3534,"30-34 years","female",21,12355,"Work",111.729713439941,111.729713439941,"car",0.5,18.3,"weekday",3,"20 to 39",">10km","car",18.3,0.5,3.5,3.5
"89261/1001",NA,89261,3535,"55-59 years","female",21,12356,"Leisure",94.9781875610352,94.9781875610352,"walking",0.166666666666667,0.33,"weekday",1,"40 to 64","<1km","walking",0.33,0.166666666666667,1.16666666666667,1.16666666666667
"89261/1001",NA,89261,3535,"55-59 years","female",21,12357,"Leisure",94.9781875610352,94.9781875610352,"walking",0.166666666666667,0.33,"weekday",2,"40 to 64","<1km","walking",0.33,0.166666666666667,1.16666666666667,1.16666666666667
"89261/1001",NA,89261,3535,"55-59 years","female",21,12358,"Leisure",94.9781875610352,94.9781875610352,"car",0.25,4.58,"weekday",3,"40 to 64","3-5km","bicycle",4.58,0.416363636363636,1.75,2.91454545454545
"89261/1001",NA,89261,3535,"55-59 years","female",21,12359,"Shopping",94.9781875610352,94.9781875610352,"car",0.166666666666667,0.96,"weekday",4,"40 to 64","<1km","bicycle",0.96,0.0872727272727273,1.16666666666667,0.610909090909091
"89261/1001",NA,89261,3535,"55-59 years","female",21,12360,"Other",94.9781875610352,94.9781875610352,"car",0.166666666666667,1.46,"weekday",5,"40 to 64","1-2km","bicycle",1.46,0.132727272727273,1.16666666666667,0.929090909090909
"89261/1001",NA,89261,3535,"55-59 years","female",21,12361,"Other",94.9781875610352,94.9781875610352,"car",0.333333333333333,3.61,"weekday",6,"40 to 64","3-5km","bicycle",3.61,0.328181818181818,2.33333333333333,2.29727272727273
"89265/1000",NA,89265,3536,"55-59 years","male",21,12362,"Work",86.312614440918,86.312614440918,"car",0.25,6.24,"weekday",1,"40 to 64","6-10km","car",6.24,0.25,1.75,1.75
"89265/1000",NA,89265,3536,"55-59 years","male",21,12363,"Work",86.312614440918,86.312614440918,"car",0.25,6.21,"weekday",2,"40 to 64","6-10km","car",6.21,0.25,1.75,1.75
"89268/1001",NA,89268,3537,"70-74 years","male",21,12364,"Work",68.7407379150391,68.7407379150391,"car",0.5,24.05,"weekday",1,"65 plus",">10km","car",24.05,0.5,3.5,3.5
"89268/1001",NA,89268,3537,"70-74 years","male",21,12365,"Work",68.7407379150391,68.7407379150391,"car",0.5,23.8,"weekday",2,"65 plus",">10km","car",23.8,0.5,3.5,3.5
"89269/1000",NA,89269,3538,"40-44 years","male",21,12366,"Other",127.498237609863,127.498237609863,"car",0.25,6.27,"weekday",1,"40 to 64","6-10km","car",6.27,0.25,1.75,1.75
"89269/1000",NA,89269,3538,"40-44 years","male",21,12367,"Other",127.498237609863,127.498237609863,"car",0.25,6.26,"weekday",2,"40 to 64","6-10km","car",6.26,0.25,1.75,1.75
"89269/1000",NA,89269,3538,"40-44 years","male",21,12368,"Work",127.498237609863,127.498237609863,"car",0.5,11.48,"weekday",3,"40 to 64",">10km","car",11.48,0.5,3.5,3.5
"89269/1000",NA,89269,3538,"40-44 years","male",21,12370,"Other",127.498237609863,127.498237609863,"car",0.416666666666667,11.41,"weekday",5,"40 to 64",">10km","car",11.41,0.416666666666667,2.91666666666667,2.91666666666667
"89269/1001",NA,89269,3539,"45-49 years","female",21,12371,"Work",128.661026000977,128.661026000977,"car",0.25,2.83,"weekday",1,"40 to 64","3-5km","bicycle",2.83,0.257272727272727,1.75,1.80090909090909
"89269/1001",NA,89269,3539,"45-49 years","female",21,12372,"Work",128.661026000977,128.661026000977,"car",0.166666666666667,2.83,"weekday",2,"40 to 64","3-5km","bicycle",2.83,0.257272727272727,1.16666666666667,1.80090909090909
"89271/1000",NA,89271,3540,"45-49 years","male",21,12373,"Work",86.0019607543945,86.0019607543945,"car",0.583333333333333,25.12,"weekday",1,"40 to 64",">10km","car",25.12,0.583333333333333,4.08333333333333,4.08333333333333
"89271/1000",NA,89271,3540,"45-49 years","male",21,12374,"Work",86.0019607543945,86.0019607543945,"car",0.5,17.07,"weekday",2,"40 to 64",">10km","car",17.07,0.5,3.5,3.5
"89271/1000",NA,89271,3540,"45-49 years","male",21,12375,"Work",86.0019607543945,86.0019607543945,"car",0.5,14.62,"weekday",3,"40 to 64",">10km","car",14.62,0.5,3.5,3.5
"89272/1000",NA,89272,3541,"85-89 years","female",21,12376,"Other",46.4216995239258,46.4216995239258,"car",0.25,5.84,"weekday",1,"65 plus","6-10km","car",5.84,0.25,1.75,1.75
"89272/1000",NA,89272,3541,"85-89 years","female",21,12377,"Other",46.4216995239258,46.4216995239258,"car",0.166666666666667,3.36,"weekday",2,"65 plus","3-5km","bicycle",3.36,0.305454545454545,1.16666666666667,2.13818181818182
"89272/1000",NA,89272,3541,"85-89 years","female",21,12378,"Other",46.4216995239258,46.4216995239258,"car",0.166666666666667,4,"weekday",3,"65 plus","3-5km","bicycle",4,0.363636363636364,1.16666666666667,2.54545454545455
"89272/1000",NA,89272,3541,"85-89 years","female",21,12379,"Shopping",46.4216995239258,46.4216995239258,"car",0.166666666666667,3.78,"weekday",4,"65 plus","3-5km","bicycle",3.78,0.343636363636364,1.16666666666667,2.40545454545455
"89272/1000",NA,89272,3541,"85-89 years","female",21,12380,"Other",46.4216995239258,46.4216995239258,"car",0.25,3.31,"weekday",5,"65 plus","3-5km","bicycle",3.31,0.300909090909091,1.75,2.10636363636364
"89272/1000",NA,89272,3541,"85-89 years","female",21,12381,"Other",46.4216995239258,46.4216995239258,"car",0.25,5.81,"weekday",6,"65 plus","6-10km","car",5.81,0.25,1.75,1.75
"89273/1000",NA,89273,3542,"45-49 years","female",21,12382,"Work",128.661026000977,128.661026000977,"car",1,71.22,"weekday",1,"40 to 64",">10km","car",71.22,1,7,7
"89273/1000",NA,89273,3542,"45-49 years","female",21,12383,"Work",128.661026000977,128.661026000977,"car",1.25,71.65,"weekday",2,"40 to 64",">10km","car",71.65,1.25,8.75,8.75
"89273/1001",NA,89273,3543,"45-49 years","male",21,12384,"Shopping",131.999420166016,131.999420166016,"car",0.166666666666667,2.74,"weekday",1,"40 to 64","3-5km","bicycle",2.74,0.249090909090909,1.16666666666667,1.74363636363636
"89273/1001",NA,89273,3543,"45-49 years","male",21,12385,"Shopping",131.999420166016,131.999420166016,"car",0.25,2.74,"weekday",2,"40 to 64","3-5km","bicycle",2.74,0.249090909090909,1.75,1.74363636363636
"89273/1001",NA,89273,3543,"45-49 years","male",21,12386,"Work",131.999420166016,131.999420166016,"car",0.583333333333333,25.13,"weekday",3,"40 to 64",">10km","car",25.13,0.583333333333333,4.08333333333333,4.08333333333333
"89273/1001",NA,89273,3543,"45-49 years","male",21,12387,"Work",131.999420166016,131.999420166016,"car",0.5,23.45,"weekday",4,"40 to 64",">10km","car",23.45,0.5,3.5,3.5
"89273/1002",NA,89273,3544,"15-19 years","male",21,12388,"Other",171.336227416992,171.336227416992,"car",0.166666666666667,2.74,"weekday",1,"15 to 19","3-5km","bicycle",2.74,0.249090909090909,1.16666666666667,1.74363636363636
"89273/1002",NA,89273,3544,"15-19 years","male",21,12389,"Other",171.336227416992,171.336227416992,"car",0.216666666666667,2.74,"weekday",2,"15 to 19","3-5km","bicycle",2.74,0.249090909090909,1.51666666666667,1.74363636363636
"89273/1002",NA,89273,3544,"15-19 years","male",21,12390,"Shopping",171.336227416992,171.336227416992,"car",0.166666666666667,2.74,"weekday",3,"15 to 19","3-5km","bicycle",2.74,0.249090909090909,1.16666666666667,1.74363636363636
"89273/1002",NA,89273,3544,"15-19 years","male",21,12391,"Shopping",171.336227416992,171.336227416992,"car",0.166666666666667,2.74,"weekday",4,"15 to 19","3-5km","bicycle",2.74,0.249090909090909,1.16666666666667,1.74363636363636
"89273/1002",NA,89273,3544,"15-19 years","male",21,12392,"Work",171.336227416992,171.336227416992,"car",0.5,11.39,"weekday",5,"15 to 19",">10km","car",11.39,0.5,3.5,3.5
"89273/1002",NA,89273,3544,"15-19 years","male",21,12393,"Work",171.336227416992,171.336227416992,"car",0.333333333333333,11.32,"weekday",6,"15 to 19",">10km","car",11.32,0.333333333333333,2.33333333333333,2.33333333333333
"89274/1000",NA,89274,3545,"50-54 years","male",21,12394,"Other",117.068450927734,117.068450927734,"car",0.333333333333333,11.33,"weekday",1,"40 to 64",">10km","car",11.33,0.333333333333333,2.33333333333333,2.33333333333333
"89274/1000",NA,89274,3545,"50-54 years","male",21,12395,"Other",117.068450927734,117.068450927734,"car",0.416666666666667,11.29,"weekday",2,"40 to 64",">10km","car",11.29,0.416666666666667,2.91666666666667,2.91666666666667
"89274/1000",NA,89274,3545,"50-54 years","male",21,12396,"Work",117.068450927734,117.068450927734,"car",0.666666666666667,25.34,"weekday",3,"40 to 64",">10km","car",25.34,0.666666666666667,4.66666666666667,4.66666666666667
"89274/1000",NA,89274,3545,"50-54 years","male",21,12397,"Work",117.068450927734,117.068450927734,"car",0.5,25.44,"weekday",4,"40 to 64",">10km","car",25.44,0.5,3.5,3.5
"89274/1001",NA,89274,3546,"40-44 years","female",21,12398,"Work",119.332992553711,119.332992553711,"car",0.333333333333333,18.8,"weekday",1,"40 to 64",">10km","car",18.8,0.333333333333333,2.33333333333333,2.33333333333333
"89274/1001",NA,89274,3546,"40-44 years","female",21,12399,"Work",119.332992553711,119.332992553711,"car",0.5,18.75,"weekday",2,"40 to 64",">10km","car",18.75,0.5,3.5,3.5
"89276/1000",NA,89276,3547,"55-59 years","male",21,12400,"Work",132.476211547852,132.476211547852,"car",0.5,27.57,"weekday",1,"40 to 64",">10km","car",27.57,0.5,3.5,3.5
"89276/1000",NA,89276,3547,"55-59 years","male",21,12401,"Work",132.476211547852,132.476211547852,"car",0.75,26.84,"weekday",2,"40 to 64",">10km","car",26.84,0.75,5.25,5.25
"89276/1001",NA,89276,3548,"50-54 years","female",21,12402,"Work",106.351432800293,106.351432800293,"car",0.166666666666667,4.02,"weekday",1,"40 to 64","3-5km","bicycle",4.02,0.365454545454545,1.16666666666667,2.55818181818182
"89276/1001",NA,89276,3548,"50-54 years","female",21,12403,"Work",106.351432800293,106.351432800293,"car",0.25,4.24,"weekday",2,"40 to 64","3-5km","bicycle",4.24,0.385454545454545,1.75,2.69818181818182
"89276/1002",NA,89276,3549,"20-24 years","female",21,12404,"Leisure",140.641052246094,140.641052246094,"car",0.25,8.31,"weekday",1,"20 to 39","6-10km","car",8.31,0.25,1.75,1.75
"89276/1002",NA,89276,3549,"20-24 years","female",21,12405,"Leisure",140.641052246094,140.641052246094,"car",0.333333333333333,7.99,"weekday",2,"20 to 39","6-10km","car",7.99,0.333333333333333,2.33333333333333,2.33333333333333
"89277/1000",NA,89277,3550,"50-54 years","female",21,12406,"Work",69.2914581298828,69.2914581298828,"car",1,25.77,"weekday",1,"40 to 64",">10km","car",25.77,1,7,7
"89277/1000",NA,89277,3550,"50-54 years","female",21,12407,"Work",69.2914581298828,69.2914581298828,"car",1,25.88,"weekday",2,"40 to 64",">10km","car",25.88,1,7,7
"89277/1001",NA,89277,3551,"50-54 years","male",21,12408,"Work",76.2739486694336,76.2739486694336,"car",1,28.8,"weekday",1,"40 to 64",">10km","car",28.8,1,7,7
"89277/1001",NA,89277,3551,"50-54 years","male",21,12409,"Work",76.2739486694336,76.2739486694336,"car",0.666666666666667,29.09,"weekday",2,"40 to 64",">10km","car",29.09,0.666666666666667,4.66666666666667,4.66666666666667
"89277/1001",NA,89277,3551,"50-54 years","male",21,12410,"Work",76.2739486694336,76.2739486694336,"car",0.5,18.44,"weekday",3,"40 to 64",">10km","car",18.44,0.5,3.5,3.5
"89277/1001",NA,89277,3551,"50-54 years","male",21,12411,"Work",76.2739486694336,76.2739486694336,"car",0.75,18.48,"weekday",4,"40 to 64",">10km","car",18.48,0.75,5.25,5.25
"89278/1000",NA,89278,3552,"65-69 years","female",21,12412,"Shopping",86.0002593994141,86.0002593994141,"car",0.25,4.5,"weekday",1,"65 plus","3-5km","bicycle",4.5,0.409090909090909,1.75,2.86363636363636
"89278/1000",NA,89278,3552,"65-69 years","female",21,12413,"Shopping",86.0002593994141,86.0002593994141,"car",0.333333333333333,4,"weekday",2,"65 plus","3-5km","bicycle",4,0.363636363636364,2.33333333333333,2.54545454545455
"89278/1001",NA,89278,3553,"65-69 years","male",21,12414,"Shopping",91.5599975585938,91.5599975585938,"car",0.25,4.5,"weekday",1,"65 plus","3-5km","bicycle",4.5,0.409090909090909,1.75,2.86363636363636
"89278/1001",NA,89278,3553,"65-69 years","male",21,12415,"Shopping",91.5599975585938,91.5599975585938,"car",0.333333333333333,4,"weekday",2,"65 plus","3-5km","bicycle",4,0.363636363636364,2.33333333333333,2.54545454545455
"89279/1000",NA,89279,3554,"20-24 years","male",21,12417,"Work",179.940673828125,179.940673828125,"car",0.516666666666667,21.48,"weekday",1,"20 to 39",">10km","car",21.48,0.516666666666667,3.61666666666667,3.61666666666667
"89279/1000",NA,89279,3554,"20-24 years","male",21,12418,"Work",179.940673828125,179.940673828125,"car",0.866666666666667,20.56,"weekday",2,"20 to 39",">10km","car",20.56,0.866666666666667,6.06666666666667,6.06666666666667
"89279/1000",NA,89279,3554,"20-24 years","male",21,12419,"Leisure",179.940673828125,179.940673828125,"car",0.466666666666667,13.78,"weekday",3,"20 to 39",">10km","car",13.78,0.466666666666667,3.26666666666667,3.26666666666667
"89279/1000",NA,89279,3554,"20-24 years","male",21,12420,"Leisure",179.940673828125,179.940673828125,"car",0.3,13.58,"weekday",4,"20 to 39",">10km","car",13.58,0.3,2.1,2.1
"89280/1000",NA,89280,3555,"55-59 years","female",21,12421,"Work",138.399810791016,138.399810791016,"car",0.166666666666667,2.48,"weekday",1,"40 to 64","3-5km","bicycle",2.48,0.225454545454545,1.16666666666667,1.57818181818182
"89280/1000",NA,89280,3555,"55-59 years","female",21,12423,"Shopping",138.399810791016,138.399810791016,"car",0.266666666666667,2.48,"weekday",3,"40 to 64","3-5km","bicycle",2.48,0.225454545454545,1.86666666666667,1.57818181818182
"89280/1001",NA,89280,3556,"55-59 years","male",21,12424,"Work",125.77254486084,125.77254486084,"car",0.233333333333333,2.48,"weekday",1,"40 to 64","3-5km","bicycle",2.48,0.225454545454545,1.63333333333333,1.57818181818182
"89280/1001",NA,89280,3556,"55-59 years","male",21,12425,"Work",125.77254486084,125.77254486084,"car",0.25,2.48,"weekday",2,"40 to 64","3-5km","bicycle",2.48,0.225454545454545,1.75,1.57818181818182
"89280/1003",NA,89280,3557,"15-19 years","female",21,12426,"Education",100.53645324707,100.53645324707,"car",1.75,95.73,"weekday",1,"15 to 19",">10km","car",95.73,1.75,12.25,12.25
"89281/1000",NA,89281,3558,"40-44 years","female",21,12427,"Other",113.294410705566,113.294410705566,"car",0.05,2.96,"weekday",1,"40 to 64","3-5km","bicycle",2.96,0.269090909090909,0.35,1.88363636363636
"89281/1000",NA,89281,3558,"40-44 years","female",21,12428,"Other",113.294410705566,113.294410705566,"car",0.166666666666667,1.37,"weekday",2,"40 to 64","1-2km","bicycle",1.37,0.124545454545455,1.16666666666667,0.871818181818182
"89281/1000",NA,89281,3558,"40-44 years","female",21,12429,"Other",113.294410705566,113.294410705566,"car",0.25,4.29,"weekday",3,"40 to 64","3-5km","bicycle",4.29,0.39,1.75,2.73
"89281/1000",NA,89281,3558,"40-44 years","female",21,12430,"Work",113.294410705566,113.294410705566,"car",0.5,18.74,"weekday",4,"40 to 64",">10km","car",18.74,0.5,3.5,3.5
"89281/1000",NA,89281,3558,"40-44 years","female",21,12431,"Work",113.294410705566,113.294410705566,"car",0.5,18.65,"weekday",5,"40 to 64",">10km","car",18.65,0.5,3.5,3.5
"89281/1003",NA,89281,3559,"35-39 years","male",21,12432,"Other",97.0498886108398,97.0498886108398,"car",0.666666666666667,15.28,"weekday",1,"20 to 39",">10km","car",15.28,0.666666666666667,4.66666666666667,4.66666666666667
"89281/1003",NA,89281,3559,"35-39 years","male",21,12433,"Work",97.0498886108398,97.0498886108398,"car",0.833333333333333,18.46,"weekday",2,"20 to 39",">10km","car",18.46,0.833333333333333,5.83333333333333,5.83333333333333
"89281/1003",NA,89281,3559,"35-39 years","male",21,12434,"Work",97.0498886108398,97.0498886108398,"car",1,23.79,"weekday",3,"20 to 39",">10km","car",23.79,1,7,7
"89282/1000",NA,89282,3560,"35-39 years","female",21,12435,"Other",101.994979858398,101.994979858398,"car",0.0333333333333333,1.87,"weekday",1,"20 to 39","1-2km","bicycle",1.87,0.17,0.233333333333333,1.19
"89282/1000",NA,89282,3560,"35-39 years","female",21,12436,"Work",101.994979858398,101.994979858398,"car",0.25,8.05,"weekday",2,"20 to 39","6-10km","car",8.05,0.25,1.75,1.75
"89282/1000",NA,89282,3560,"35-39 years","female",21,12437,"Work",101.994979858398,101.994979858398,"public.transport",0.8,29.87,"weekday",2,"20 to 39",">10km","public.transport",29.87,0.8,5.6,5.6
"89282/1000",NA,89282,3560,"35-39 years","female",21,12438,"Work",101.994979858398,101.994979858398,"walking",0.166666666666667,1.14,"weekday",2,"20 to 39","1-2km","walking",1.14,0.166666666666667,1.16666666666667,1.16666666666667
"89282/1000",NA,89282,3560,"35-39 years","female",21,12439,"Work",101.994979858398,101.994979858398,"walking",0.25,1.14,"weekday",3,"20 to 39","1-2km","walking",1.14,0.25,1.75,1.75
"89282/1000",NA,89282,3560,"35-39 years","female",21,12440,"Work",101.994979858398,101.994979858398,"public.transport",0.733333333333333,29.87,"weekday",3,"20 to 39",">10km","public.transport",29.87,0.733333333333333,5.13333333333333,5.13333333333333
"89282/1000",NA,89282,3560,"35-39 years","female",21,12441,"Work",101.994979858398,101.994979858398,"car",0.35,8.43,"weekday",3,"20 to 39","6-10km","car",8.43,0.35,2.45,2.45
"89282/1001",NA,89282,3561,"40-44 years","male",21,12442,"Work",121.04647064209,121.04647064209,"car",2,117.13,"weekday",1,"40 to 64",">10km","car",117.13,2,14,14
"89282/1001",NA,89282,3561,"40-44 years","male",21,12443,"Work",121.04647064209,121.04647064209,"car",0.5,15.44,"weekday",2,"40 to 64",">10km","car",15.44,0.5,3.5,3.5
"89282/1001",NA,89282,3561,"40-44 years","male",21,12444,"Work",121.04647064209,121.04647064209,"car",0.416666666666667,15.55,"weekday",3,"40 to 64",">10km","car",15.55,0.416666666666667,2.91666666666667,2.91666666666667
"89282/1001",NA,89282,3561,"40-44 years","male",21,12445,"Other",121.04647064209,121.04647064209,"car",1.5,117.62,"weekday",4,"40 to 64",">10km","car",117.62,1.5,10.5,10.5
"89282/1001",NA,89282,3561,"40-44 years","male",21,12446,"Other",121.04647064209,121.04647064209,"car",0.05,1.45,"weekday",5,"40 to 64","1-2km","bicycle",1.45,0.131818181818182,0.35,0.922727272727273
"89283/1001",NA,89283,3562,"25-29 years","female",21,12447,"Other",138.642837524414,138.642837524414,"car",0.0833333333333333,1.29,"weekday",1,"20 to 39","1-2km","bicycle",1.29,0.117272727272727,0.583333333333333,0.820909090909091
"89283/1001",NA,89283,3562,"25-29 years","female",21,12448,"Other",138.642837524414,138.642837524414,"car",0.0833333333333333,1.28,"weekday",2,"20 to 39","1-2km","bicycle",1.28,0.116363636363636,0.583333333333333,0.814545454545455
"89283/1001",NA,89283,3562,"25-29 years","female",21,12449,"Other",138.642837524414,138.642837524414,"car",0.0833333333333333,1.29,"weekday",3,"20 to 39","1-2km","bicycle",1.29,0.117272727272727,0.583333333333333,0.820909090909091
"89283/1001",NA,89283,3562,"25-29 years","female",21,12450,"Other",138.642837524414,138.642837524414,"car",0.0833333333333333,1.28,"weekday",4,"20 to 39","1-2km","bicycle",1.28,0.116363636363636,0.583333333333333,0.814545454545455
"89283/1004",NA,89283,3563,"25-29 years","male",21,12451,"Work",124.118743896484,124.118743896484,"car",0.75,23.31,"weekday",1,"20 to 39",">10km","car",23.31,0.75,5.25,5.25
"89283/1004",NA,89283,3563,"25-29 years","male",21,12452,"Work",124.118743896484,124.118743896484,"car",0.833333333333333,22.17,"weekday",2,"20 to 39",">10km","car",22.17,0.833333333333333,5.83333333333333,5.83333333333333
"89284/1000",NA,89284,3564,"30-34 years","female",21,12453,"Other",72.7955856323242,72.7955856323242,"car",0.0833333333333333,1.3,"weekday",1,"20 to 39","1-2km","bicycle",1.3,0.118181818181818,0.583333333333333,0.827272727272727
"89284/1000",NA,89284,3564,"30-34 years","female",21,12454,"Other",72.7955856323242,72.7955856323242,"car",0.0833333333333333,1.19,"weekday",2,"20 to 39","1-2km","bicycle",1.19,0.108181818181818,0.583333333333333,0.757272727272727
"89284/1000",NA,89284,3564,"30-34 years","female",21,12455,"Other",72.7955856323242,72.7955856323242,"car",0.0833333333333333,1.3,"weekday",3,"20 to 39","1-2km","bicycle",1.3,0.118181818181818,0.583333333333333,0.827272727272727
"89284/1000",NA,89284,3564,"30-34 years","female",21,12456,"Other",72.7955856323242,72.7955856323242,"car",0.0833333333333333,1.19,"weekday",4,"20 to 39","1-2km","bicycle",1.19,0.108181818181818,0.583333333333333,0.757272727272727
"89286/1001",NA,89286,3565,"25-29 years","male",21,12457,"Work",80.8674468994141,80.8674468994141,"car",1,39.65,"weekday",1,"20 to 39",">10km","car",39.65,1,7,7
"89286/1001",NA,89286,3565,"25-29 years","male",21,12458,"Work",80.8674468994141,80.8674468994141,"car",1,39.82,"weekday",2,"20 to 39",">10km","car",39.82,1,7,7
"89287/1000",NA,89287,3566,"65-69 years","female",21,12459,"Other",86.0002593994141,86.0002593994141,"car",0.666666666666667,29.71,"weekday",1,"65 plus",">10km","car",29.71,0.666666666666667,4.66666666666667,4.66666666666667
"89287/1000",NA,89287,3566,"65-69 years","female",21,12460,"Shopping",86.0002593994141,86.0002593994141,"walking",0.0833333333333333,0.85,"weekday",2,"65 plus","<1km","walking",0.85,0.0833333333333333,0.583333333333333,0.583333333333333
"89287/1000",NA,89287,3566,"65-69 years","female",21,12461,"Leisure",86.0002593994141,86.0002593994141,"walking",0.416666666666667,2.39,"weekday",3,"65 plus","3-5km","walking",2.39,0.416666666666667,2.91666666666667,2.91666666666667
"89287/1000",NA,89287,3566,"65-69 years","female",21,12462,"Leisure",86.0002593994141,86.0002593994141,"walking",0.25,2,"weekday",4,"65 plus","1-2km","walking",2,0.25,1.75,1.75
"89287/1000",NA,89287,3566,"65-69 years","female",21,12463,"Leisure",86.0002593994141,86.0002593994141,"car",0.916666666666667,29.56,"weekday",4,"65 plus",">10km","car",29.56,0.916666666666667,6.41666666666667,6.41666666666667
"89287/1001",NA,89287,3567,"65-69 years","male",21,12464,"Leisure",91.5599975585938,91.5599975585938,"car",0.25,12.12,"weekday",1,"65 plus",">10km","car",12.12,0.25,1.75,1.75
"89287/1001",NA,89287,3567,"65-69 years","male",21,12465,"Leisure",91.5599975585938,91.5599975585938,"car",0.25,12.12,"weekday",2,"65 plus",">10km","car",12.12,0.25,1.75,1.75
"89287/1001",NA,89287,3567,"65-69 years","male",21,12466,"Other",91.5599975585938,91.5599975585938,"car",0.666666666666667,29.71,"weekday",3,"65 plus",">10km","car",29.71,0.666666666666667,4.66666666666667,4.66666666666667
"89287/1001",NA,89287,3567,"65-69 years","male",21,12467,"Shopping",91.5599975585938,91.5599975585938,"walking",0.0833333333333333,0.85,"weekday",4,"65 plus","<1km","walking",0.85,0.0833333333333333,0.583333333333333,0.583333333333333
"89287/1001",NA,89287,3567,"65-69 years","male",21,12468,"Leisure",91.5599975585938,91.5599975585938,"walking",0.416666666666667,2.39,"weekday",5,"65 plus","3-5km","walking",2.39,0.416666666666667,2.91666666666667,2.91666666666667
"89287/1001",NA,89287,3567,"65-69 years","male",21,12469,"Leisure",91.5599975585938,91.5599975585938,"walking",0.25,2,"weekday",6,"65 plus","1-2km","walking",2,0.25,1.75,1.75
"89287/1001",NA,89287,3567,"65-69 years","male",21,12470,"Leisure",91.5599975585938,91.5599975585938,"car",0.916666666666667,29.56,"weekday",6,"65 plus",">10km","car",29.56,0.916666666666667,6.41666666666667,6.41666666666667
"89288/1000",NA,89288,3568,"30-34 years","female",21,12471,"Work",111.729713439941,111.729713439941,"car",0.5,24.44,"weekday",1,"20 to 39",">10km","car",24.44,0.5,3.5,3.5
"89288/1000",NA,89288,3568,"30-34 years","female",21,12472,"Work",111.729713439941,111.729713439941,"car",0.5,24.2,"weekday",2,"20 to 39",">10km","car",24.2,0.5,3.5,3.5
"89288/1001",NA,89288,3569,"35-39 years","male",21,12473,"Other",102.222640991211,102.222640991211,"walking",0.166666666666667,0.6,"weekday",1,"20 to 39","<1km","walking",0.6,0.166666666666667,1.16666666666667,1.16666666666667
"89288/1001",NA,89288,3569,"35-39 years","male",21,12474,"Other",102.222640991211,102.222640991211,"walking",0.166666666666667,0.6,"weekday",2,"20 to 39","<1km","walking",0.6,0.166666666666667,1.16666666666667,1.16666666666667
"89288/1001",NA,89288,3569,"35-39 years","male",21,12475,"Other",102.222640991211,102.222640991211,"walking",0.166666666666667,0.6,"weekday",3,"20 to 39","<1km","walking",0.6,0.166666666666667,1.16666666666667,1.16666666666667
"89288/1001",NA,89288,3569,"35-39 years","male",21,12476,"Other",102.222640991211,102.222640991211,"walking",0.166666666666667,0.6,"weekday",4,"20 to 39","<1km","walking",0.6,0.166666666666667,1.16666666666667,1.16666666666667
"89289/1000",NA,89289,3570,"70-74 years","female",21,12477,"Leisure",74.8938827514648,74.8938827514648,"walking",0.25,0.19,"weekday",1,"65 plus","<1km","walking",0.19,0.25,1.75,1.75
"89289/1000",NA,89289,3570,"70-74 years","female",21,12478,"Leisure",74.8938827514648,74.8938827514648,"walking",0.25,0.19,"weekday",2,"65 plus","<1km","walking",0.19,0.25,1.75,1.75
"89289/1000",NA,89289,3570,"70-74 years","female",21,12479,"Other",74.8938827514648,74.8938827514648,"car",0.166666666666667,4.92,"weekday",3,"65 plus","3-5km","bicycle",4.92,0.447272727272727,1.16666666666667,3.13090909090909
"89289/1000",NA,89289,3570,"70-74 years","female",21,12480,"Other",74.8938827514648,74.8938827514648,"car",0.166666666666667,5.34,"weekday",4,"65 plus","6-10km","car",5.34,0.166666666666667,1.16666666666667,1.16666666666667
"89289/1001",NA,89289,3571,"70-74 years","male",21,12481,"Leisure",68.7407379150391,68.7407379150391,"walking",0.25,0.19,"weekday",1,"65 plus","<1km","walking",0.19,0.25,1.75,1.75
"89289/1001",NA,89289,3571,"70-74 years","male",21,12482,"Leisure",68.7407379150391,68.7407379150391,"walking",0.25,0.19,"weekday",2,"65 plus","<1km","walking",0.19,0.25,1.75,1.75
"89289/1001",NA,89289,3571,"70-74 years","male",21,12483,"Other",68.7407379150391,68.7407379150391,"car",0.166666666666667,4.92,"weekday",3,"65 plus","3-5km","bicycle",4.92,0.447272727272727,1.16666666666667,3.13090909090909
"89289/1001",NA,89289,3571,"70-74 years","male",21,12484,"Other",68.7407379150391,68.7407379150391,"car",0.166666666666667,5.34,"weekday",4,"65 plus","6-10km","car",5.34,0.166666666666667,1.16666666666667,1.16666666666667
"89382/1000",NA,89382,3572,"55-59 years","male",21,12485,"Leisure",261.203918457031,261.203918457031,"car",0.25,4.53,"weekday",1,"40 to 64","3-5km","bicycle",4.53,0.411818181818182,1.75,2.88272727272727
"89382/1000",NA,89382,3572,"55-59 years","male",21,12486,"Shopping",261.203918457031,261.203918457031,"car",0.0333333333333333,0.33,"weekday",2,"40 to 64","<1km","bicycle",0.33,0.03,0.233333333333333,0.21
"89382/1000",NA,89382,3572,"55-59 years","male",21,12487,"Shopping",261.203918457031,261.203918457031,"car",0.166666666666667,4.76,"weekday",3,"40 to 64","3-5km","bicycle",4.76,0.432727272727273,1.16666666666667,3.02909090909091
"89382/1001",NA,89382,3573,"55-59 years","female",21,12488,"Leisure",179.280990600586,179.280990600586,"car",0.25,4.53,"weekday",1,"40 to 64","3-5km","bicycle",4.53,0.411818181818182,1.75,2.88272727272727
"89382/1001",NA,89382,3573,"55-59 years","female",21,12489,"Shopping",179.280990600586,179.280990600586,"car",0.0333333333333333,0.33,"weekday",2,"40 to 64","<1km","bicycle",0.33,0.03,0.233333333333333,0.21
"89382/1001",NA,89382,3573,"55-59 years","female",21,12490,"Shopping",179.280990600586,179.280990600586,"car",0.166666666666667,4.76,"weekday",3,"40 to 64","3-5km","bicycle",4.76,0.432727272727273,1.16666666666667,3.02909090909091
"89389/1000",NA,89389,3574,"65-69 years","male",21,12491,"Work",193.443954467773,193.443954467773,"car",1.75,166.26,"weekday",1,"65 plus",">10km","car",166.26,1.75,12.25,12.25
"89389/1000",NA,89389,3574,"65-69 years","male",21,12492,"Work",193.443954467773,193.443954467773,"car",1.83333333333333,164.92,"weekday",2,"65 plus",">10km","car",164.92,1.83333333333333,12.8333333333333,12.8333333333333
"89395/1000",NA,89395,3575,"60-64 years","female",21,12493,"Leisure",156.893493652344,156.893493652344,"car",0.3,15.04,"weekday",1,"40 to 64",">10km","car",15.04,0.3,2.1,2.1
"89395/1000",NA,89395,3575,"60-64 years","female",21,12494,"Leisure",156.893493652344,156.893493652344,"car",0.466666666666667,15.52,"weekday",2,"40 to 64",">10km","car",15.52,0.466666666666667,3.26666666666667,3.26666666666667
"89395/1001",NA,89395,3576,"70-74 years","male",21,12495,"Leisure",152.162673950195,152.162673950195,"car",0.3,15.04,"weekday",1,"65 plus",">10km","car",15.04,0.3,2.1,2.1
"89395/1001",NA,89395,3576,"70-74 years","male",21,12496,"Leisure",152.162673950195,152.162673950195,"car",0.466666666666667,15.52,"weekday",2,"65 plus",">10km","car",15.52,0.466666666666667,3.26666666666667,3.26666666666667
"89398/1000",NA,89398,3577,"30-34 years","female",21,12497,"Work",248.344512939453,248.344512939453,"car",0.166666666666667,7.66,"weekday",1,"20 to 39","6-10km","car",7.66,0.166666666666667,1.16666666666667,1.16666666666667
"89398/1000",NA,89398,3577,"30-34 years","female",21,12498,"Other",248.344512939453,248.344512939453,"car",0.25,8.08,"weekday",2,"20 to 39","6-10km","car",8.08,0.25,1.75,1.75
"89398/1000",NA,89398,3577,"30-34 years","female",21,12499,"Other",248.344512939453,248.344512939453,"car",0.25,8.08,"weekday",3,"20 to 39","6-10km","car",8.08,0.25,1.75,1.75
"89398/1000",NA,89398,3577,"30-34 years","female",21,12500,"Other",248.344512939453,248.344512939453,"car",0.25,8.46,"weekday",4,"20 to 39","6-10km","car",8.46,0.25,1.75,1.75
"89398/1000",NA,89398,3577,"30-34 years","female",21,12501,"Other",248.344512939453,248.344512939453,"car",0.2,2.08,"weekday",5,"20 to 39","3-5km","bicycle",2.08,0.189090909090909,1.4,1.32363636363636
"89398/1000",NA,89398,3577,"30-34 years","female",21,12502,"Other",248.344512939453,248.344512939453,"car",0.0833333333333333,2.03,"weekday",6,"20 to 39","3-5km","bicycle",2.03,0.184545454545455,0.583333333333333,1.29181818181818
"89398/1000",NA,89398,3577,"30-34 years","female",21,12503,"Other",248.344512939453,248.344512939453,"car",0.25,8.46,"weekday",7,"20 to 39","6-10km","car",8.46,0.25,1.75,1.75
"89398/1000",NA,89398,3577,"30-34 years","female",21,12504,"Other",248.344512939453,248.344512939453,"car",0.416666666666667,8.08,"weekday",8,"20 to 39","6-10km","car",8.08,0.416666666666667,2.91666666666667,2.91666666666667
"89398/1000",NA,89398,3577,"30-34 years","female",21,12505,"Other",248.344512939453,248.344512939453,"car",0.25,8.08,"weekday",9,"20 to 39","6-10km","car",8.08,0.25,1.75,1.75
"89399/1000",NA,89399,3578,"35-39 years","female",21,12506,"Other",414.036376953125,414.036376953125,"car",0.0833333333333333,1.89,"weekday",1,"20 to 39","1-2km","bicycle",1.89,0.171818181818182,0.583333333333333,1.20272727272727
"89399/1000",NA,89399,3578,"35-39 years","female",21,12507,"Work",414.036376953125,414.036376953125,"car",0.0833333333333333,3.56,"weekday",2,"20 to 39","3-5km","bicycle",3.56,0.323636363636364,0.583333333333333,2.26545454545455
"89399/1000",NA,89399,3578,"35-39 years","female",21,12508,"Work",414.036376953125,414.036376953125,"public.transport",0.9,47.14,"weekday",2,"20 to 39",">10km","public.transport",47.14,0.9,6.3,6.3
"89399/1000",NA,89399,3578,"35-39 years","female",21,12509,"Work",414.036376953125,414.036376953125,"walking",0.116666666666667,1.21,"weekday",2,"20 to 39","1-2km","walking",1.21,0.116666666666667,0.816666666666667,0.816666666666667
"89399/1000",NA,89399,3578,"35-39 years","female",21,12510,"Work",414.036376953125,414.036376953125,"walking",0.116666666666667,1.21,"weekday",3,"20 to 39","1-2km","walking",1.21,0.116666666666667,0.816666666666667,0.816666666666667
"89399/1000",NA,89399,3578,"35-39 years","female",21,12511,"Work",414.036376953125,414.036376953125,"public.transport",0.816666666666667,47.14,"weekday",3,"20 to 39",">10km","public.transport",47.14,0.816666666666667,5.71666666666667,5.71666666666667
"89399/1000",NA,89399,3578,"35-39 years","female",21,12512,"Work",414.036376953125,414.036376953125,"car",0.116666666666667,5.37,"weekday",3,"20 to 39","6-10km","car",5.37,0.116666666666667,0.816666666666667,0.816666666666667
"89399/1001",NA,89399,3579,"35-39 years","male",21,12513,"Work",448.437194824219,448.437194824219,"car",0.833333333333333,51.4,"weekday",1,"20 to 39",">10km","car",51.4,0.833333333333333,5.83333333333333,5.83333333333333
"89399/1001",NA,89399,3579,"35-39 years","male",21,12514,"Other",448.437194824219,448.437194824219,"car",0.916666666666667,48.64,"weekday",2,"20 to 39",">10km","car",48.64,0.916666666666667,6.41666666666667,6.41666666666667
"89399/1001",NA,89399,3579,"35-39 years","male",21,12515,"Other",448.437194824219,448.437194824219,"car",0.05,1.87,"weekday",3,"20 to 39","1-2km","bicycle",1.87,0.17,0.35,1.19
"89399/1004",NA,89399,3580,"60-64 years","female",21,12516,"Other",441.478698730469,441.478698730469,"car",0.05,2.28,"weekday",1,"40 to 64","3-5km","bicycle",2.28,0.207272727272727,0.35,1.45090909090909
"89399/1004",NA,89399,3580,"60-64 years","female",21,12517,"Other",441.478698730469,441.478698730469,"car",0.05,2.25,"weekday",2,"40 to 64","3-5km","bicycle",2.25,0.204545454545455,0.35,1.43181818181818
"89400/1000",NA,89400,3581,"50-54 years","male",21,12518,"Leisure",184.872970581055,184.872970581055,"car",0.133333333333333,4.34,"weekday",1,"40 to 64","3-5km","bicycle",4.34,0.394545454545455,0.933333333333333,2.76181818181818
"89400/1000",NA,89400,3581,"50-54 years","male",21,12519,"Leisure",184.872970581055,184.872970581055,"car",0.15,4.34,"weekday",2,"40 to 64","3-5km","bicycle",4.34,0.394545454545455,1.05,2.76181818181818
"89400/1000",NA,89400,3581,"50-54 years","male",21,12520,"Shopping",184.872970581055,184.872970581055,"car",0.166666666666667,4.08,"weekday",3,"40 to 64","3-5km","bicycle",4.08,0.370909090909091,1.16666666666667,2.59636363636364
"89400/1000",NA,89400,3581,"50-54 years","male",21,12521,"Shopping",184.872970581055,184.872970581055,"car",0.133333333333333,4.06,"weekday",4,"40 to 64","3-5km","bicycle",4.06,0.369090909090909,0.933333333333333,2.58363636363636
"89400/1001",NA,89400,3582,"45-49 years","female",21,12522,"Work",184.702865600586,184.702865600586,"car",0.25,6.21,"weekday",1,"40 to 64","6-10km","car",6.21,0.25,1.75,1.75
"89400/1001",NA,89400,3582,"45-49 years","female",21,12523,"Work",184.702865600586,184.702865600586,"car",0.416666666666667,6.27,"weekday",2,"40 to 64","6-10km","car",6.27,0.416666666666667,2.91666666666667,2.91666666666667
"89405/1000",NA,89405,3583,"45-49 years","female",21,12524,"Other",294.0693359375,294.0693359375,"car",0.333333333333333,6.88,"weekday",1,"40 to 64","6-10km","car",6.88,0.333333333333333,2.33333333333333,2.33333333333333
"89405/1000",NA,89405,3583,"45-49 years","female",21,12525,"Work",294.0693359375,294.0693359375,"car",0.05,2.55,"weekday",2,"40 to 64","3-5km","bicycle",2.55,0.231818181818182,0.35,1.62272727272727
"89405/1000",NA,89405,3583,"45-49 years","female",21,12526,"Other",294.0693359375,294.0693359375,"car",0.166666666666667,2.54,"weekday",3,"40 to 64","3-5km","bicycle",2.54,0.230909090909091,1.16666666666667,1.61636363636364
"89405/1000",NA,89405,3583,"45-49 years","female",21,12527,"Other",294.0693359375,294.0693359375,"car",0.283333333333333,6.88,"weekday",4,"40 to 64","6-10km","car",6.88,0.283333333333333,1.98333333333333,1.98333333333333
"89408/1000",NA,89408,3584,"40-44 years","female",21,12528,"Work",336.650360107422,336.650360107422,"car",1.5,128.95,"weekday",1,"40 to 64",">10km","car",128.95,1.5,10.5,10.5
"89408/1000",NA,89408,3584,"40-44 years","female",21,12529,"Work",336.650360107422,336.650360107422,"car",0.166666666666667,3.47,"weekday",2,"40 to 64","3-5km","bicycle",3.47,0.315454545454545,1.16666666666667,2.20818181818182
"89408/1000",NA,89408,3584,"40-44 years","female",21,12530,"Work",336.650360107422,336.650360107422,"car",0.166666666666667,3.81,"weekday",3,"40 to 64","3-5km","bicycle",3.81,0.346363636363636,1.16666666666667,2.42454545454545
"89408/1000",NA,89408,3584,"40-44 years","female",21,12531,"Leisure",336.650360107422,336.650360107422,"car",1.5,124.58,"weekday",4,"40 to 64",">10km","car",124.58,1.5,10.5,10.5
"89408/1000",NA,89408,3584,"40-44 years","female",21,12532,"Leisure",336.650360107422,336.650360107422,"car",0.25,4.96,"weekday",5,"40 to 64","3-5km","bicycle",4.96,0.450909090909091,1.75,3.15636363636364
"89408/1001",NA,89408,3585,"40-44 years","male",21,12533,"Other",283.161804199219,283.161804199219,"car",0.416666666666667,10.6,"weekday",1,"40 to 64",">10km","car",10.6,0.416666666666667,2.91666666666667,2.91666666666667
"89408/1001",NA,89408,3585,"40-44 years","male",21,12534,"Other",283.161804199219,283.161804199219,"car",0.166666666666667,6.31,"weekday",2,"40 to 64","6-10km","car",6.31,0.166666666666667,1.16666666666667,1.16666666666667
"89408/1001",NA,89408,3585,"40-44 years","male",21,12535,"Work",283.161804199219,283.161804199219,"car",0.666666666666667,28.73,"weekday",3,"40 to 64",">10km","car",28.73,0.666666666666667,4.66666666666667,4.66666666666667
"89408/1001",NA,89408,3585,"40-44 years","male",21,12536,"Other",283.161804199219,283.161804199219,"car",0.833333333333333,32.95,"weekday",4,"40 to 64",">10km","car",32.95,0.833333333333333,5.83333333333333,5.83333333333333
"89408/1001",NA,89408,3585,"40-44 years","male",21,12537,"Other",283.161804199219,283.161804199219,"car",0.333333333333333,10.62,"weekday",5,"40 to 64",">10km","car",10.62,0.333333333333333,2.33333333333333,2.33333333333333
"89409/1000",NA,89409,3586,"80-84 years","male",21,12538,"Shopping",272.403411865234,272.403411865234,"car",0.2,4.21,"weekday",1,"65 plus","3-5km","bicycle",4.21,0.382727272727273,1.4,2.67909090909091
"89409/1000",NA,89409,3586,"80-84 years","male",21,12539,"Shopping",272.403411865234,272.403411865234,"car",0.166666666666667,4.21,"weekday",2,"65 plus","3-5km","bicycle",4.21,0.382727272727273,1.16666666666667,2.67909090909091
"89411/1000",NA,89411,3587,"45-49 years","male",21,12540,"Work",455.289733886719,455.289733886719,"car",0.5,10.91,"weekday",1,"40 to 64",">10km","car",10.91,0.5,3.5,3.5
"89411/1000",NA,89411,3587,"45-49 years","male",21,12541,"Work",455.289733886719,455.289733886719,"car",0.5,10.86,"weekday",2,"40 to 64",">10km","car",10.86,0.5,3.5,3.5
"89415/1000",NA,89415,3588,"40-44 years","male",21,12542,"Work",554.12841796875,554.12841796875,"car",0.25,5.53,"weekday",1,"40 to 64","6-10km","car",5.53,0.25,1.75,1.75
"89415/1000",NA,89415,3588,"40-44 years","male",21,12543,"Other",554.12841796875,554.12841796875,"car",0.25,1.27,"weekday",2,"40 to 64","1-2km","bicycle",1.27,0.115454545454545,1.75,0.808181818181818
"89415/1000",NA,89415,3588,"40-44 years","male",21,12544,"Leisure",554.12841796875,554.12841796875,"car",0.416666666666667,4.17,"weekday",3,"40 to 64","3-5km","bicycle",4.17,0.379090909090909,2.91666666666667,2.65363636363636
"89415/1000",NA,89415,3588,"40-44 years","male",21,12545,"Leisure",554.12841796875,554.12841796875,"car",0.25,6.55,"weekday",4,"40 to 64","6-10km","car",6.55,0.25,1.75,1.75
"89415/1001",NA,89415,3589,"40-44 years","female",21,12546,"Other",575.516906738281,575.516906738281,"car",0.0833333333333333,2.19,"weekday",1,"40 to 64","3-5km","bicycle",2.19,0.199090909090909,0.583333333333333,1.39363636363636
"89415/1001",NA,89415,3589,"40-44 years","female",21,12547,"Other",575.516906738281,575.516906738281,"car",0.25,6.15,"weekday",2,"40 to 64","6-10km","car",6.15,0.25,1.75,1.75
"89415/1001",NA,89415,3589,"40-44 years","female",21,12548,"Other",575.516906738281,575.516906738281,"car",0.25,6.77,"weekday",3,"40 to 64","6-10km","car",6.77,0.25,1.75,1.75
"89415/1001",NA,89415,3589,"40-44 years","female",21,12549,"Other",575.516906738281,575.516906738281,"car",0.0833333333333333,2.51,"weekday",4,"40 to 64","3-5km","bicycle",2.51,0.228181818181818,0.583333333333333,1.59727272727273
"89415/1001",NA,89415,3589,"40-44 years","female",21,12550,"Work",575.516906738281,575.516906738281,"car",0.5,11.02,"weekday",5,"40 to 64",">10km","car",11.02,0.5,3.5,3.5
"89415/1001",NA,89415,3589,"40-44 years","female",21,12551,"Other",575.516906738281,575.516906738281,"car",0.5,12.1,"weekday",6,"40 to 64",">10km","car",12.1,0.5,3.5,3.5
"89415/1001",NA,89415,3589,"40-44 years","female",21,12552,"Leisure",575.516906738281,575.516906738281,"car",0.0833333333333333,4.66,"weekday",7,"40 to 64","3-5km","bicycle",4.66,0.423636363636364,0.583333333333333,2.96545454545455
"89415/1001",NA,89415,3589,"40-44 years","female",21,12553,"Leisure",575.516906738281,575.516906738281,"car",0.333333333333333,4.73,"weekday",8,"40 to 64","3-5km","bicycle",4.73,0.43,2.33333333333333,3.01
"89419/1000",NA,89419,3590,"25-29 years","female",21,12554,"Work",1106.93493652344,1106.93493652344,"car",0.916666666666667,32.75,"weekday",1,"20 to 39",">10km","car",32.75,0.916666666666667,6.41666666666667,6.41666666666667
"89419/1000",NA,89419,3590,"25-29 years","female",21,12555,"Work",1106.93493652344,1106.93493652344,"car",0.85,32.59,"weekday",2,"20 to 39",">10km","car",32.59,0.85,5.95,5.95
"89422/1000",NA,89422,3591,"35-39 years","female",21,12556,"Other",522.818908691406,522.818908691406,"car",0.166666666666667,1.67,"weekday",1,"20 to 39","1-2km","bicycle",1.67,0.151818181818182,1.16666666666667,1.06272727272727
"89422/1000",NA,89422,3591,"35-39 years","female",21,12557,"Other",522.818908691406,522.818908691406,"car",0.416666666666667,7.64,"weekday",2,"20 to 39","6-10km","car",7.64,0.416666666666667,2.91666666666667,2.91666666666667
"89422/1000",NA,89422,3591,"35-39 years","female",21,12558,"Other",522.818908691406,522.818908691406,"car",0.416666666666667,7.98,"weekday",3,"20 to 39","6-10km","car",7.98,0.416666666666667,2.91666666666667,2.91666666666667
"89422/1001",NA,89422,3592,"45-49 years","male",21,12559,"Other",455.289733886719,455.289733886719,"car",0.166666666666667,1.67,"weekday",1,"40 to 64","1-2km","bicycle",1.67,0.151818181818182,1.16666666666667,1.06272727272727
"89422/1001",NA,89422,3592,"45-49 years","male",21,12560,"Other",455.289733886719,455.289733886719,"car",0.416666666666667,7.64,"weekday",2,"40 to 64","6-10km","car",7.64,0.416666666666667,2.91666666666667,2.91666666666667
"89422/1001",NA,89422,3592,"45-49 years","male",21,12561,"Other",455.289733886719,455.289733886719,"car",0.416666666666667,7.98,"weekday",3,"40 to 64","6-10km","car",7.98,0.416666666666667,2.91666666666667,2.91666666666667
"89422/1001",NA,89422,3592,"45-49 years","male",21,12562,"Other",455.289733886719,455.289733886719,"car",0.5,8.02,"weekday",4,"40 to 64","6-10km","car",8.02,0.5,3.5,3.5
"89422/1001",NA,89422,3592,"45-49 years","male",21,12563,"Other",455.289733886719,455.289733886719,"car",0.5,7.98,"weekday",5,"40 to 64","6-10km","car",7.98,0.5,3.5,3.5
"89423/1000",NA,89423,3593,"50-54 years","female",21,12564,"Other",484.974609375,484.974609375,"walking",0.0833333333333333,0.33,"weekday",1,"40 to 64","<1km","walking",0.33,0.0833333333333333,0.583333333333333,0.583333333333333
"89423/1000",NA,89423,3593,"50-54 years","female",21,12565,"Shopping",484.974609375,484.974609375,"walking",0.0166666666666667,0.03,"weekday",2,"40 to 64","<1km","walking",0.03,0.0166666666666667,0.116666666666667,0.116666666666667
"89423/1000",NA,89423,3593,"50-54 years","female",21,12566,"Shopping",484.974609375,484.974609375,"walking",0.166666666666667,0.3,"weekday",3,"40 to 64","<1km","walking",0.3,0.166666666666667,1.16666666666667,1.16666666666667
"89423/1000",NA,89423,3593,"50-54 years","female",21,12567,"Other",484.974609375,484.974609375,"car",0.166666666666667,2.84,"weekday",4,"40 to 64","3-5km","bicycle",2.84,0.258181818181818,1.16666666666667,1.80727272727273
"89423/1000",NA,89423,3593,"50-54 years","female",21,12568,"Other",484.974609375,484.974609375,"car",0.166666666666667,2.53,"weekday",5,"40 to 64","3-5km","bicycle",2.53,0.23,1.16666666666667,1.61
"89423/1001",NA,89423,3594,"50-54 years","male",21,12569,"Work",488.224273681641,488.224273681641,"car",0.5,15.7,"weekday",1,"40 to 64",">10km","car",15.7,0.5,3.5,3.5
"89423/1001",NA,89423,3594,"50-54 years","male",21,12570,"Work",488.224273681641,488.224273681641,"car",0.5,15.82,"weekday",2,"40 to 64",">10km","car",15.82,0.5,3.5,3.5
"89423/1001",NA,89423,3594,"50-54 years","male",21,12571,"Other",488.224273681641,488.224273681641,"car",0.25,3.51,"weekday",3,"40 to 64","3-5km","bicycle",3.51,0.319090909090909,1.75,2.23363636363636
"89423/1001",NA,89423,3594,"50-54 years","male",21,12572,"Other",488.224273681641,488.224273681641,"car",0.25,3.41,"weekday",4,"40 to 64","3-5km","bicycle",3.41,0.31,1.75,2.17
"89423/1002",NA,89423,3595,"15-19 years","female",21,12573,"Education",456.759735107422,456.759735107422,"walking",0.25,1.14,"weekday",1,"15 to 19","1-2km","walking",1.14,0.25,1.75,1.75
"89423/1002",NA,89423,3595,"15-19 years","female",21,12574,"Education",456.759735107422,456.759735107422,"walking",0.25,1.14,"weekday",2,"15 to 19","1-2km","walking",1.14,0.25,1.75,1.75
"89425/1000",NA,89425,3596,"35-39 years","female",21,12575,"Leisure",563.662841796875,563.662841796875,"walking",0.25,0.67,"weekday",1,"20 to 39","<1km","walking",0.67,0.25,1.75,1.75
"89425/1000",NA,89425,3596,"35-39 years","female",21,12576,"Shopping",563.662841796875,563.662841796875,"walking",0.25,1.81,"weekday",2,"20 to 39","1-2km","walking",1.81,0.25,1.75,1.75
"89425/1000",NA,89425,3596,"35-39 years","female",21,12577,"Shopping",563.662841796875,563.662841796875,"walking",0.25,2.19,"weekday",3,"20 to 39","3-5km","walking",2.19,0.25,1.75,1.75
"89425/1000",NA,89425,3596,"35-39 years","female",21,12578,"Leisure",563.662841796875,563.662841796875,"walking",0.25,0.35,"weekday",4,"20 to 39","<1km","walking",0.35,0.25,1.75,1.75
"89425/1000",NA,89425,3596,"35-39 years","female",21,12579,"Leisure",563.662841796875,563.662841796875,"walking",0.0833333333333333,0.35,"weekday",5,"20 to 39","<1km","walking",0.35,0.0833333333333333,0.583333333333333,0.583333333333333
"89425/1001",NA,89425,3597,"30-34 years","male",21,12580,"Work",890.036010742188,890.036010742188,"car",0.5,7.98,"weekday",1,"20 to 39","6-10km","car",7.98,0.5,3.5,3.5
"89425/1001",NA,89425,3597,"30-34 years","male",21,12581,"Work",890.036010742188,890.036010742188,"car",0.5,7.59,"weekday",2,"20 to 39","6-10km","car",7.59,0.5,3.5,3.5
"89426/1001",NA,89426,3598,"30-34 years","male",21,12582,"Work",825.542541503906,825.542541503906,"car",0.5,9.34,"weekday",1,"20 to 39","6-10km","car",9.34,0.5,3.5,3.5
"89426/1001",NA,89426,3598,"30-34 years","male",21,12583,"Work",825.542541503906,825.542541503906,"car",0.416666666666667,9.21,"weekday",2,"20 to 39","6-10km","car",9.21,0.416666666666667,2.91666666666667,2.91666666666667
"89427/1000",NA,89427,3599,"30-34 years","female",21,12584,"Work",666.033386230469,666.033386230469,"car",0.416666666666667,7.47,"weekday",1,"20 to 39","6-10km","car",7.47,0.416666666666667,2.91666666666667,2.91666666666667
"89427/1000",NA,89427,3599,"30-34 years","female",21,12585,"Work",666.033386230469,666.033386230469,"car",0.416666666666667,7.28,"weekday",2,"20 to 39","6-10km","car",7.28,0.416666666666667,2.91666666666667,2.91666666666667
"89427/1001",NA,89427,3600,"30-34 years","male",21,12586,"Work",825.542541503906,825.542541503906,"car",0.416666666666667,7.47,"weekday",1,"20 to 39","6-10km","car",7.47,0.416666666666667,2.91666666666667,2.91666666666667
"89427/1001",NA,89427,3600,"30-34 years","male",21,12587,"Work",825.542541503906,825.542541503906,"car",0.416666666666667,7.28,"weekday",2,"20 to 39","6-10km","car",7.28,0.416666666666667,2.91666666666667,2.91666666666667
"89428/1000",NA,89428,3601,"20-24 years","female",21,12588,"Education",964.146118164062,964.146118164062,"walking",0.0833333333333333,0.39,"weekday",1,"20 to 39","<1km","walking",0.39,0.0833333333333333,0.583333333333333,0.583333333333333
"89428/1000",NA,89428,3601,"20-24 years","female",21,12589,"Education",964.146118164062,964.146118164062,"public.transport",0.5,6.55,"weekday",1,"20 to 39","6-10km","public.transport",6.55,0.5,3.5,3.5
"89428/1000",NA,89428,3601,"20-24 years","female",21,12590,"Education",964.146118164062,964.146118164062,"walking",0.166666666666667,1.05,"weekday",1,"20 to 39","1-2km","walking",1.05,0.166666666666667,1.16666666666667,1.16666666666667
"89428/1000",NA,89428,3601,"20-24 years","female",21,12591,"Education",964.146118164062,964.146118164062,"walking",0.166666666666667,1.07,"weekday",2,"20 to 39","1-2km","walking",1.07,0.166666666666667,1.16666666666667,1.16666666666667
"89428/1000",NA,89428,3601,"20-24 years","female",21,12592,"Education",964.146118164062,964.146118164062,"public.transport",0.583333333333333,6.67,"weekday",2,"20 to 39","6-10km","public.transport",6.67,0.583333333333333,4.08333333333333,4.08333333333333
"89428/1000",NA,89428,3601,"20-24 years","female",21,12593,"Education",964.146118164062,964.146118164062,"walking",0.0833333333333333,0.5,"weekday",2,"20 to 39","<1km","walking",0.5,0.0833333333333333,0.583333333333333,0.583333333333333
"89428/1000",NA,89428,3601,"20-24 years","female",21,12594,"Leisure",964.146118164062,964.146118164062,"car",0.55,12.2,"weekday",3,"20 to 39",">10km","car",12.2,0.55,3.85,3.85
"89428/1000",NA,89428,3601,"20-24 years","female",21,12595,"Leisure",964.146118164062,964.146118164062,"car",0.5,12.3,"weekday",4,"20 to 39",">10km","car",12.3,0.5,3.5,3.5
"89428/1001",NA,89428,3602,"20-24 years","female",21,12596,"Work",964.146118164062,964.146118164062,"car",0.25,7.57,"weekday",1,"20 to 39","6-10km","car",7.57,0.25,1.75,1.75
"89428/1001",NA,89428,3602,"20-24 years","female",21,12597,"Work",964.146118164062,964.146118164062,"car",0.5,6.83,"weekday",2,"20 to 39","6-10km","car",6.83,0.5,3.5,3.5
"89428/1001",NA,89428,3602,"20-24 years","female",21,12598,"Leisure",964.146118164062,964.146118164062,"car",0.55,12.2,"weekday",3,"20 to 39",">10km","car",12.2,0.55,3.85,3.85
"89428/1001",NA,89428,3602,"20-24 years","female",21,12599,"Leisure",964.146118164062,964.146118164062,"car",0.5,12.3,"weekday",4,"20 to 39",">10km","car",12.3,0.5,3.5,3.5
"89428/1002",NA,89428,3603,"20-24 years","female",21,12600,"Work",964.146118164062,964.146118164062,"car",0.583333333333333,39.59,"weekday",1,"20 to 39",">10km","car",39.59,0.583333333333333,4.08333333333333,4.08333333333333
"89428/1002",NA,89428,3603,"20-24 years","female",21,12601,"Work",964.146118164062,964.146118164062,"car",0.583333333333333,39.7,"weekday",2,"20 to 39",">10km","car",39.7,0.583333333333333,4.08333333333333,4.08333333333333
"89431/1000",NA,89431,3604,"60-64 years","male",21,12602,"Work",439.835845947266,439.835845947266,"car",0.166666666666667,4.85,"weekday",1,"40 to 64","3-5km","bicycle",4.85,0.440909090909091,1.16666666666667,3.08636363636364
"89431/1000",NA,89431,3604,"60-64 years","male",21,12603,"Work",439.835845947266,439.835845947266,"car",0.0833333333333333,2.72,"weekday",2,"40 to 64","3-5km","bicycle",2.72,0.247272727272727,0.583333333333333,1.73090909090909
"89431/1000",NA,89431,3604,"60-64 years","male",21,12604,"Other",439.835845947266,439.835845947266,"car",0.166666666666667,6.4,"weekday",3,"40 to 64","6-10km","car",6.4,0.166666666666667,1.16666666666667,1.16666666666667
"89431/1000",NA,89431,3604,"60-64 years","male",21,12605,"Other",439.835845947266,439.835845947266,"car",0.25,1.65,"weekday",4,"40 to 64","1-2km","bicycle",1.65,0.15,1.75,1.05
"89431/1001",NA,89431,3605,"55-59 years","female",21,12606,"Other",504.977630615234,504.977630615234,"car",0.0833333333333333,1.61,"weekday",1,"40 to 64","1-2km","bicycle",1.61,0.146363636363636,0.583333333333333,1.02454545454545
"89431/1001",NA,89431,3605,"55-59 years","female",21,12607,"Other",504.977630615234,504.977630615234,"car",0.0666666666666667,1.65,"weekday",2,"40 to 64","1-2km","bicycle",1.65,0.15,0.466666666666667,1.05
"89433/1000",NA,89433,3606,"25-29 years","male",21,12608,"Other",980.261657714844,980.261657714844,"car",0.5,7.8,"weekday",1,"20 to 39","6-10km","car",7.8,0.5,3.5,3.5
"89433/1000",NA,89433,3606,"25-29 years","male",21,12609,"Other",980.261657714844,980.261657714844,"car",0.466666666666667,7.63,"weekday",2,"20 to 39","6-10km","car",7.63,0.466666666666667,3.26666666666667,3.26666666666667
"89433/1000",NA,89433,3606,"25-29 years","male",21,12610,"Other",980.261657714844,980.261657714844,"car",0.75,38.1,"weekday",3,"20 to 39",">10km","car",38.1,0.75,5.25,5.25
"89433/1000",NA,89433,3606,"25-29 years","male",21,12611,"Other",980.261657714844,980.261657714844,"car",0.916666666666667,37.97,"weekday",4,"20 to 39",">10km","car",37.97,0.916666666666667,6.41666666666667,6.41666666666667
"89433/1001",NA,89433,3607,"25-29 years","female",21,12612,"Shopping",1022.24871826172,1022.24871826172,"car",0.0833333333333333,1.5,"weekday",1,"20 to 39","1-2km","bicycle",1.5,0.136363636363636,0.583333333333333,0.954545454545454
"89433/1001",NA,89433,3607,"25-29 years","female",21,12613,"Shopping",1022.24871826172,1022.24871826172,"car",0.0833333333333333,1.5,"weekday",2,"20 to 39","1-2km","bicycle",1.5,0.136363636363636,0.583333333333333,0.954545454545454
"89434/1000",NA,89434,3608,"45-49 years","male",21,12614,"Work",493.00732421875,493.00732421875,"car",0.333333333333333,5.73,"weekday",1,"40 to 64","6-10km","car",5.73,0.333333333333333,2.33333333333333,2.33333333333333
"89434/1000",NA,89434,3608,"45-49 years","male",21,12615,"Work",493.00732421875,493.00732421875,"car",0.5,5.7,"weekday",2,"40 to 64","6-10km","car",5.7,0.5,3.5,3.5
"89435/1000",NA,89435,3609,"50-54 years","female",21,12616,"Shopping",487.098052978516,487.098052978516,"car",0.25,6.68,"weekday",1,"40 to 64","6-10km","car",6.68,0.25,1.75,1.75
"89435/1000",NA,89435,3609,"50-54 years","female",21,12617,"Shopping",487.098052978516,487.098052978516,"car",0.25,6.68,"weekday",2,"40 to 64","6-10km","car",6.68,0.25,1.75,1.75
"89440/1000",NA,89440,3610,"40-44 years","male",21,12618,"Work",204.532974243164,204.532974243164,"car",1,37.68,"weekday",1,"40 to 64",">10km","car",37.68,1,7,7
"89440/1000",NA,89440,3610,"40-44 years","male",21,12619,"Work",204.532974243164,204.532974243164,"car",1,37.72,"weekday",2,"40 to 64",">10km","car",37.72,1,7,7
"89440/1001",NA,89440,3611,"35-39 years","female",21,12620,"Other",212.434097290039,212.434097290039,"car",0.0833333333333333,2.11,"weekday",1,"20 to 39","3-5km","bicycle",2.11,0.191818181818182,0.583333333333333,1.34272727272727
"89440/1001",NA,89440,3611,"35-39 years","female",21,12621,"Other",212.434097290039,212.434097290039,"car",0.416666666666667,33.39,"weekday",2,"20 to 39",">10km","car",33.39,0.416666666666667,2.91666666666667,2.91666666666667
"89440/1001",NA,89440,3611,"35-39 years","female",21,12622,"Other",212.434097290039,212.434097290039,"car",0.75,31.45,"weekday",3,"20 to 39",">10km","car",31.45,0.75,5.25,5.25
"89440/1001",NA,89440,3611,"35-39 years","female",21,12623,"Other",212.434097290039,212.434097290039,"car",0.5,31.54,"weekday",4,"20 to 39",">10km","car",31.54,0.5,3.5,3.5
"89440/1001",NA,89440,3611,"35-39 years","female",21,12624,"Other",212.434097290039,212.434097290039,"car",0.5,33.36,"weekday",5,"20 to 39",">10km","car",33.36,0.5,3.5,3.5
"89440/1001",NA,89440,3611,"35-39 years","female",21,12625,"Other",212.434097290039,212.434097290039,"car",0.166666666666667,2.08,"weekday",6,"20 to 39","3-5km","bicycle",2.08,0.189090909090909,1.16666666666667,1.32363636363636
"89443/1000",NA,89443,3612,"25-29 years","female",21,12626,"Work",215.575866699219,215.575866699219,"car",0.166666666666667,3.71,"weekday",1,"20 to 39","3-5km","bicycle",3.71,0.337272727272727,1.16666666666667,2.36090909090909
"89443/1000",NA,89443,3612,"25-29 years","female",21,12627,"Other",215.575866699219,215.575866699219,"car",0.25,4.7,"weekday",2,"20 to 39","3-5km","bicycle",4.7,0.427272727272727,1.75,2.99090909090909
"89443/1000",NA,89443,3612,"25-29 years","female",21,12628,"Other",215.575866699219,215.575866699219,"car",0.25,1.49,"weekday",3,"20 to 39","1-2km","bicycle",1.49,0.135454545454545,1.75,0.948181818181818
"89444/1000",NA,89444,3613,"70-74 years","male",21,12629,"Leisure",103.645225524902,103.645225524902,"car",0.866666666666667,33.44,"weekday",1,"65 plus",">10km","car",33.44,0.866666666666667,6.06666666666667,6.06666666666667
"89444/1000",NA,89444,3613,"70-74 years","male",21,12630,"Shopping",103.645225524902,103.645225524902,"car",0.233333333333333,6.12,"weekday",2,"65 plus","6-10km","car",6.12,0.233333333333333,1.63333333333333,1.63333333333333
"89444/1000",NA,89444,3613,"70-74 years","male",21,12631,"Work",103.645225524902,103.645225524902,"car",0.116666666666667,1.51,"weekday",3,"65 plus","1-2km","bicycle",1.51,0.137272727272727,0.816666666666667,0.960909090909091
"89444/1000",NA,89444,3613,"70-74 years","male",21,12632,"Work",103.645225524902,103.645225524902,"car",0.0333333333333333,0.43,"weekday",4,"65 plus","<1km","bicycle",0.43,0.0390909090909091,0.233333333333333,0.273636363636364
"89444/1000",NA,89444,3613,"70-74 years","male",21,12633,"Work",103.645225524902,103.645225524902,"car",0.0333333333333333,0.38,"weekday",5,"65 plus","<1km","bicycle",0.38,0.0345454545454545,0.233333333333333,0.241818181818182
"89444/1000",NA,89444,3613,"70-74 years","male",21,12634,"Work",103.645225524902,103.645225524902,"car",0.95,40.28,"weekday",6,"65 plus",">10km","car",40.28,0.95,6.65,6.65
"89445/1000",NA,89445,3614,"35-39 years","female",21,12635,"Other",126.796051025391,126.796051025391,"car",0.2,7.1,"weekday",1,"20 to 39","6-10km","car",7.1,0.2,1.4,1.4
"89445/1000",NA,89445,3614,"35-39 years","female",21,12636,"Work",126.796051025391,126.796051025391,"car",0.133333333333333,4.94,"weekday",2,"20 to 39","3-5km","bicycle",4.94,0.449090909090909,0.933333333333333,3.14363636363636
"89445/1000",NA,89445,3614,"35-39 years","female",21,12637,"Work",126.796051025391,126.796051025391,"car",0.183333333333333,6.67,"weekday",3,"20 to 39","6-10km","car",6.67,0.183333333333333,1.28333333333333,1.28333333333333
"89445/1000",NA,89445,3614,"35-39 years","female",21,12638,"Work",126.796051025391,126.796051025391,"public.transport",0.15,3.22,"weekday",4,"20 to 39","3-5km","public.transport",3.22,0.15,1.05,1.05
"89445/1000",NA,89445,3614,"35-39 years","female",21,12639,"Work",126.796051025391,126.796051025391,"car",0.383333333333333,14.52,"weekday",5,"20 to 39",">10km","car",14.52,0.383333333333333,2.68333333333333,2.68333333333333
"89445/1000",NA,89445,3614,"35-39 years","female",21,12640,"Work",126.796051025391,126.796051025391,"car",0.4,11.56,"weekday",6,"20 to 39",">10km","car",11.56,0.4,2.8,2.8
"89445/1001",NA,89445,3615,"40-44 years","male",21,12641,"Work",122.080093383789,122.080093383789,"car",0.5,12.19,"weekday",1,"40 to 64",">10km","car",12.19,0.5,3.5,3.5
"89445/1001",NA,89445,3615,"40-44 years","male",21,12642,"Other",122.080093383789,122.080093383789,"car",0.166666666666667,7.4,"weekday",2,"40 to 64","6-10km","car",7.4,0.166666666666667,1.16666666666667,1.16666666666667
"89445/1001",NA,89445,3615,"40-44 years","male",21,12643,"Other",122.080093383789,122.080093383789,"car",0.25,7.25,"weekday",3,"40 to 64","6-10km","car",7.25,0.25,1.75,1.75
"89445/1001",NA,89445,3615,"40-44 years","male",21,12644,"Shopping",122.080093383789,122.080093383789,"car",0.166666666666667,3.73,"weekday",4,"40 to 64","3-5km","bicycle",3.73,0.339090909090909,1.16666666666667,2.37363636363636
"89445/1001",NA,89445,3615,"40-44 years","male",21,12645,"Shopping",122.080093383789,122.080093383789,"car",0.183333333333333,3.46,"weekday",5,"40 to 64","3-5km","bicycle",3.46,0.314545454545455,1.28333333333333,2.20181818181818
"89447/1001",NA,89447,3616,"70-74 years","female",21,12646,"Shopping",138.934127807617,138.934127807617,"car",0.0833333333333333,1.09,"weekday",1,"65 plus","1-2km","bicycle",1.09,0.0990909090909091,0.583333333333333,0.693636363636364
"89447/1001",NA,89447,3616,"70-74 years","female",21,12647,"Shopping",138.934127807617,138.934127807617,"car",0.166666666666667,4.53,"weekday",2,"65 plus","3-5km","bicycle",4.53,0.411818181818182,1.16666666666667,2.88272727272727
"89447/1001",NA,89447,3616,"70-74 years","female",21,12648,"Shopping",138.934127807617,138.934127807617,"car",0.166666666666667,3.28,"weekday",3,"65 plus","3-5km","bicycle",3.28,0.298181818181818,1.16666666666667,2.08727272727273
"89448/1000",NA,89448,3617,"20-24 years","male",21,12649,"Work",177.206741333008,177.206741333008,"walking",1,4.92,"weekday",1,"20 to 39","3-5km","walking",4.92,1,7,7
"89448/1000",NA,89448,3617,"20-24 years","male",21,12650,"Work",177.206741333008,177.206741333008,"walking",1,4.92,"weekday",2,"20 to 39","3-5km","walking",4.92,1,7,7
"89450/1000",NA,89450,3618,"50-54 years","female",21,12651,"Other",130.01872253418,130.01872253418,"car",0.583333333333333,36.56,"weekday",1,"40 to 64",">10km","car",36.56,0.583333333333333,4.08333333333333,4.08333333333333
"89450/1000",NA,89450,3618,"50-54 years","female",21,12652,"Shopping",130.01872253418,130.01872253418,"car",0.166666666666667,2.08,"weekday",2,"40 to 64","3-5km","bicycle",2.08,0.189090909090909,1.16666666666667,1.32363636363636
"89450/1000",NA,89450,3618,"50-54 years","female",21,12653,"Shopping",130.01872253418,130.01872253418,"car",0.666666666666667,36.9,"weekday",3,"40 to 64",">10km","car",36.9,0.666666666666667,4.66666666666667,4.66666666666667
"89450/1000",NA,89450,3618,"50-54 years","female",21,12654,"Other",130.01872253418,130.01872253418,"car",0.05,1.52,"weekday",4,"40 to 64","1-2km","bicycle",1.52,0.138181818181818,0.35,0.967272727272727
"89450/1000",NA,89450,3618,"50-54 years","female",21,12655,"Other",130.01872253418,130.01872253418,"car",0.25,1.49,"weekday",5,"40 to 64","1-2km","bicycle",1.49,0.135454545454545,1.75,0.948181818181818
"89451/1000",NA,89451,3619,"65-69 years","male",21,12656,"Other",165.524780273438,165.524780273438,"other",0.166666666666667,3.61,"weekday",1,"65 plus","3-5km","other",3.61,0.166666666666667,1.16666666666667,1.16666666666667
"89451/1000",NA,89451,3619,"65-69 years","male",21,12657,"Other",165.524780273438,165.524780273438,"other",0.166666666666667,3.49,"weekday",2,"65 plus","3-5km","other",3.49,0.166666666666667,1.16666666666667,1.16666666666667
"89451/1000",NA,89451,3619,"65-69 years","male",21,12658,"Leisure",165.524780273438,165.524780273438,"walking",1.25,2.58,"weekday",3,"65 plus","3-5km","walking",2.58,1.25,8.75,8.75
"89451/1000",NA,89451,3619,"65-69 years","male",21,12659,"Leisure",165.524780273438,165.524780273438,"walking",0.25,2.58,"weekday",4,"65 plus","3-5km","walking",2.58,0.25,1.75,1.75
"89451/1002",NA,89451,3620,"35-39 years","male",21,12660,"Work",163.832672119141,163.832672119141,"car",0.75,36.94,"weekday",1,"20 to 39",">10km","car",36.94,0.75,5.25,5.25
"89451/1002",NA,89451,3620,"35-39 years","male",21,12661,"Work",163.832672119141,163.832672119141,"car",0.8,37.32,"weekday",2,"20 to 39",">10km","car",37.32,0.8,5.6,5.6
"89454/1001",NA,89454,3621,"15-19 years","male",21,12662,"Education",164.362716674805,164.362716674805,"car",0.5,5.79,"weekday",1,"15 to 19","6-10km","car",5.79,0.5,3.5,3.5
"89454/1001",NA,89454,3621,"15-19 years","male",21,12663,"Education",164.362716674805,164.362716674805,"car",0.5,5.87,"weekday",2,"15 to 19","6-10km","car",5.87,0.5,3.5,3.5
"89458/1001",NA,89458,3622,"60-64 years","male",21,12664,"Work",126.624420166016,126.624420166016,"car",0.5,24.56,"weekday",1,"40 to 64",">10km","car",24.56,0.5,3.5,3.5
"89458/1001",NA,89458,3622,"60-64 years","male",21,12665,"Work",126.624420166016,126.624420166016,"car",0.666666666666667,24.56,"weekday",2,"40 to 64",">10km","car",24.56,0.666666666666667,4.66666666666667,4.66666666666667
"89459/1000",NA,89459,3623,"55-59 years","female",21,12666,"Work",151.029312133789,151.029312133789,"car",0.5,12.31,"weekday",1,"40 to 64",">10km","car",12.31,0.5,3.5,3.5
"89459/1000",NA,89459,3623,"55-59 years","female",21,12667,"Work",151.029312133789,151.029312133789,"car",0.483333333333333,12.33,"weekday",2,"40 to 64",">10km","car",12.33,0.483333333333333,3.38333333333333,3.38333333333333
"89459/1001",NA,89459,3624,"50-54 years","male",21,12668,"Work",184.723663330078,184.723663330078,"car",0.75,34.44,"weekday",1,"40 to 64",">10km","car",34.44,0.75,5.25,5.25
"89459/1001",NA,89459,3624,"50-54 years","male",21,12669,"Work",184.723663330078,184.723663330078,"car",0.75,34.49,"weekday",2,"40 to 64",">10km","car",34.49,0.75,5.25,5.25
"89463/1000",NA,89463,3625,"70-74 years","female",21,12670,"Shopping",105.644348144531,105.644348144531,"car",0.166666666666667,2.36,"weekday",1,"65 plus","3-5km","bicycle",2.36,0.214545454545455,1.16666666666667,1.50181818181818
"89463/1000",NA,89463,3625,"70-74 years","female",21,12671,"Other",105.644348144531,105.644348144531,"car",0.333333333333333,2.58,"weekday",2,"65 plus","3-5km","bicycle",2.58,0.234545454545455,2.33333333333333,1.64181818181818
"89463/1000",NA,89463,3625,"70-74 years","female",21,12672,"Shopping",105.644348144531,105.644348144531,"car",0.166666666666667,1.37,"weekday",3,"65 plus","1-2km","bicycle",1.37,0.124545454545455,1.16666666666667,0.871818181818182
"89463/1000",NA,89463,3625,"70-74 years","female",21,12673,"Shopping",105.644348144531,105.644348144531,"car",0.2,1.14,"weekday",4,"65 plus","1-2km","bicycle",1.14,0.103636363636364,1.4,0.725454545454545
"89464/1000",NA,89464,3626,"50-54 years","male",21,12674,"Work",215.5634765625,215.5634765625,"car",0.0833333333333333,1.29,"weekday",1,"40 to 64","1-2km","bicycle",1.29,0.117272727272727,0.583333333333333,0.820909090909091
"89464/1000",NA,89464,3626,"50-54 years","male",21,12675,"Work",215.5634765625,215.5634765625,"public.transport",0.866666666666667,36.87,"weekday",1,"40 to 64",">10km","public.transport",36.87,0.866666666666667,6.06666666666667,6.06666666666667
"89464/1000",NA,89464,3626,"50-54 years","male",21,12676,"Work",215.5634765625,215.5634765625,"walking",0.0833333333333333,0.45,"weekday",1,"40 to 64","<1km","walking",0.45,0.0833333333333333,0.583333333333333,0.583333333333333
"89464/1000",NA,89464,3626,"50-54 years","male",21,12677,"Work",215.5634765625,215.5634765625,"walking",0.0833333333333333,0.45,"weekday",2,"40 to 64","<1km","walking",0.45,0.0833333333333333,0.583333333333333,0.583333333333333
"89464/1000",NA,89464,3626,"50-54 years","male",21,12678,"Work",215.5634765625,215.5634765625,"public.transport",0.883333333333333,36.87,"weekday",2,"40 to 64",">10km","public.transport",36.87,0.883333333333333,6.18333333333333,6.18333333333333
"89464/1000",NA,89464,3626,"50-54 years","male",21,12679,"Work",215.5634765625,215.5634765625,"walking",0.333333333333333,1.36,"weekday",2,"40 to 64","1-2km","walking",1.36,0.333333333333333,2.33333333333333,2.33333333333333
"89464/1001",NA,89464,3627,"45-49 years","female",21,12680,"Other",185.58512878418,185.58512878418,"car",0.0833333333333333,1.29,"weekday",1,"40 to 64","1-2km","bicycle",1.29,0.117272727272727,0.583333333333333,0.820909090909091
"89464/1001",NA,89464,3627,"45-49 years","female",21,12681,"Other",185.58512878418,185.58512878418,"car",0.0833333333333333,1.3,"weekday",2,"40 to 64","1-2km","bicycle",1.3,0.118181818181818,0.583333333333333,0.827272727272727
"89464/1001",NA,89464,3627,"45-49 years","female",21,12682,"Other",185.58512878418,185.58512878418,"car",0.5,18.74,"weekday",3,"40 to 64",">10km","car",18.74,0.5,3.5,3.5
"89464/1001",NA,89464,3627,"45-49 years","female",21,12683,"Other",185.58512878418,185.58512878418,"public.transport",0.583333333333333,18.68,"weekday",4,"40 to 64",">10km","public.transport",18.68,0.583333333333333,4.08333333333333,4.08333333333333
"89464/1001",NA,89464,3627,"45-49 years","female",21,12684,"Other",185.58512878418,185.58512878418,"car",0.5,18.74,"weekday",5,"40 to 64",">10km","car",18.74,0.5,3.5,3.5
"89464/1001",NA,89464,3627,"45-49 years","female",21,12685,"Other",185.58512878418,185.58512878418,"car",0.5,18.37,"weekday",6,"40 to 64",">10km","car",18.37,0.5,3.5,3.5
"89465/1000",NA,89465,3628,"40-44 years","female",21,12686,"Other",165.249099731445,165.249099731445,"car",0.166666666666667,5.43,"weekday",1,"40 to 64","6-10km","car",5.43,0.166666666666667,1.16666666666667,1.16666666666667
"89465/1000",NA,89465,3628,"40-44 years","female",21,12687,"Work",165.249099731445,165.249099731445,"car",0.266666666666667,11.52,"weekday",2,"40 to 64",">10km","car",11.52,0.266666666666667,1.86666666666667,1.86666666666667
"89465/1000",NA,89465,3628,"40-44 years","female",21,12688,"Work",165.249099731445,165.249099731445,"public.transport",0.75,26.62,"weekday",2,"40 to 64",">10km","public.transport",26.62,0.75,5.25,5.25
"89465/1000",NA,89465,3628,"40-44 years","female",21,12689,"Leisure",165.249099731445,165.249099731445,"public.transport",0.833333333333333,26.58,"weekday",3,"40 to 64",">10km","public.transport",26.58,0.833333333333333,5.83333333333333,5.83333333333333
"89465/1000",NA,89465,3628,"40-44 years","female",21,12690,"Leisure",165.249099731445,165.249099731445,"car",0.333333333333333,15.96,"weekday",3,"40 to 64",">10km","car",15.96,0.333333333333333,2.33333333333333,2.33333333333333
"89465/1000",NA,89465,3628,"40-44 years","female",21,12691,"Leisure",165.249099731445,165.249099731445,"public.transport",0.333333333333333,10.35,"weekday",4,"40 to 64",">10km","public.transport",10.35,0.333333333333333,2.33333333333333,2.33333333333333
"89465/1001",NA,89465,3629,"55-59 years","male",21,12692,"Other",185.705001831055,185.705001831055,"car",0.25,5.43,"weekday",1,"40 to 64","6-10km","car",5.43,0.25,1.75,1.75
"89465/1001",NA,89465,3629,"55-59 years","male",21,12693,"Other",185.705001831055,185.705001831055,"car",0.25,5.52,"weekday",2,"40 to 64","6-10km","car",5.52,0.25,1.75,1.75
"89466/1000",NA,89466,3630,"35-39 years","female",21,12694,"Work",126.796051025391,126.796051025391,"car",0.833333333333333,40.11,"weekday",1,"20 to 39",">10km","car",40.11,0.833333333333333,5.83333333333333,5.83333333333333
"89466/1000",NA,89466,3630,"35-39 years","female",21,12695,"Work",126.796051025391,126.796051025391,"car",1.16666666666667,40.38,"weekday",2,"20 to 39",">10km","car",40.38,1.16666666666667,8.16666666666667,8.16666666666667
"89466/1001",NA,89466,3631,"35-39 years","female",21,12696,"Work",126.796051025391,126.796051025391,"car",1,50.05,"weekday",1,"20 to 39",">10km","car",50.05,1,7,7
"89466/1001",NA,89466,3631,"35-39 years","female",21,12697,"Work",126.796051025391,126.796051025391,"car",1.33333333333333,50.26,"weekday",2,"20 to 39",">10km","car",50.26,1.33333333333333,9.33333333333333,9.33333333333333
"89467/1001",NA,89467,3632,"70-74 years","male",21,12698,"Shopping",103.645225524902,103.645225524902,"car",0.0833333333333333,1.49,"weekday",1,"65 plus","1-2km","bicycle",1.49,0.135454545454545,0.583333333333333,0.948181818181818
"89467/1001",NA,89467,3632,"70-74 years","male",21,12699,"Shopping",103.645225524902,103.645225524902,"car",0.0833333333333333,1.49,"weekday",2,"65 plus","1-2km","bicycle",1.49,0.135454545454545,0.583333333333333,0.948181818181818
"89467/1001",NA,89467,3632,"70-74 years","male",21,12700,"Shopping",103.645225524902,103.645225524902,"car",0.0833333333333333,0.87,"weekday",3,"65 plus","<1km","bicycle",0.87,0.0790909090909091,0.583333333333333,0.553636363636364
"89467/1001",NA,89467,3632,"70-74 years","male",21,12701,"Shopping",103.645225524902,103.645225524902,"car",0.0833333333333333,0.86,"weekday",4,"65 plus","<1km","bicycle",0.86,0.0781818181818182,0.583333333333333,0.547272727272727
"89469/1000",NA,89469,3633,"75-79 years","female",21,12702,"Shopping",87.5259704589844,87.5259704589844,"car",0.0833333333333333,1.01,"weekday",1,"65 plus","1-2km","bicycle",1.01,0.0918181818181818,0.583333333333333,0.642727272727273
"89469/1000",NA,89469,3633,"75-79 years","female",21,12703,"Shopping",87.5259704589844,87.5259704589844,"car",0.0833333333333333,1.01,"weekday",2,"65 plus","1-2km","bicycle",1.01,0.0918181818181818,0.583333333333333,0.642727272727273
"89472/1000",NA,89472,3634,"55-59 years","male",21,12704,"Work",167.802215576172,167.802215576172,"car",0.333333333333333,8.66,"weekday",1,"40 to 64","6-10km","car",8.66,0.333333333333333,2.33333333333333,2.33333333333333
"89472/1000",NA,89472,3634,"55-59 years","male",21,12705,"Work",167.802215576172,167.802215576172,"public.transport",0.683333333333333,32.18,"weekday",1,"40 to 64",">10km","public.transport",32.18,0.683333333333333,4.78333333333333,4.78333333333333
"89472/1000",NA,89472,3634,"55-59 years","male",21,12706,"Work",167.802215576172,167.802215576172,"walking",0.166666666666667,0.62,"weekday",1,"40 to 64","<1km","walking",0.62,0.166666666666667,1.16666666666667,1.16666666666667
"89472/1000",NA,89472,3634,"55-59 years","male",21,12707,"Work",167.802215576172,167.802215576172,"walking",0.166666666666667,0.62,"weekday",2,"40 to 64","<1km","walking",0.62,0.166666666666667,1.16666666666667,1.16666666666667
"89472/1000",NA,89472,3634,"55-59 years","male",21,12708,"Work",167.802215576172,167.802215576172,"public.transport",0.683333333333333,32.18,"weekday",2,"40 to 64",">10km","public.transport",32.18,0.683333333333333,4.78333333333333,4.78333333333333
"89472/1000",NA,89472,3634,"55-59 years","male",21,12709,"Work",167.802215576172,167.802215576172,"car",0.283333333333333,8.56,"weekday",2,"40 to 64","6-10km","car",8.56,0.283333333333333,1.98333333333333,1.98333333333333
"89472/1000",NA,89472,3634,"55-59 years","male",21,12710,"Leisure",167.802215576172,167.802215576172,"car",0.6,42.51,"weekday",3,"40 to 64",">10km","car",42.51,0.6,4.2,4.2
"89472/1000",NA,89472,3634,"55-59 years","male",21,12711,"Leisure",167.802215576172,167.802215576172,"car",0.75,42.66,"weekday",4,"40 to 64",">10km","car",42.66,0.75,5.25,5.25
"89474/1000",NA,89474,3635,"60-64 years","male",21,12712,"Other",306.115356445312,306.115356445312,"car",0.5,5.61,"weekday",1,"40 to 64","6-10km","car",5.61,0.5,3.5,3.5
"89474/1000",NA,89474,3635,"60-64 years","male",21,12713,"Other",306.115356445312,306.115356445312,"car",0.333333333333333,3.46,"weekday",2,"40 to 64","3-5km","bicycle",3.46,0.314545454545455,2.33333333333333,2.20181818181818
"89474/1000",NA,89474,3635,"60-64 years","male",21,12714,"Other",306.115356445312,306.115356445312,"car",0.166666666666667,3.97,"weekday",3,"40 to 64","3-5km","bicycle",3.97,0.360909090909091,1.16666666666667,2.52636363636364
"89474/1000",NA,89474,3635,"60-64 years","male",21,12715,"Other",306.115356445312,306.115356445312,"car",0.166666666666667,3.33,"weekday",4,"40 to 64","3-5km","bicycle",3.33,0.302727272727273,1.16666666666667,2.11909090909091
"89474/1000",NA,89474,3635,"60-64 years","male",21,12716,"Other",306.115356445312,306.115356445312,"car",0.333333333333333,3.22,"weekday",5,"40 to 64","3-5km","bicycle",3.22,0.292727272727273,2.33333333333333,2.04909090909091
"89474/1000",NA,89474,3635,"60-64 years","male",21,12717,"Other",306.115356445312,306.115356445312,"car",0.166666666666667,5.66,"weekday",6,"40 to 64","6-10km","car",5.66,0.166666666666667,1.16666666666667,1.16666666666667
"89474/1001",NA,89474,3636,"60-64 years","female",21,12718,"Work",352.895050048828,352.895050048828,"car",1,31.6,"weekday",1,"40 to 64",">10km","car",31.6,1,7,7
"89474/1001",NA,89474,3636,"60-64 years","female",21,12719,"Work",352.895050048828,352.895050048828,"car",1,31.92,"weekday",2,"40 to 64",">10km","car",31.92,1,7,7
"89474/1006",NA,89474,3637,"30-34 years","male",21,12720,"Shopping",295.600555419922,295.600555419922,"walking",0.166666666666667,1.03,"weekday",1,"20 to 39","1-2km","walking",1.03,0.166666666666667,1.16666666666667,1.16666666666667
"89474/1006",NA,89474,3637,"30-34 years","male",21,12721,"Shopping",295.600555419922,295.600555419922,"walking",0.166666666666667,1.03,"weekday",2,"20 to 39","1-2km","walking",1.03,0.166666666666667,1.16666666666667,1.16666666666667
"89474/1006",NA,89474,3637,"30-34 years","male",21,12722,"Leisure",295.600555419922,295.600555419922,"car",0.25,4.33,"weekday",3,"20 to 39","3-5km","bicycle",4.33,0.393636363636364,1.75,2.75545454545455
"89474/1006",NA,89474,3637,"30-34 years","male",21,12723,"Leisure",295.600555419922,295.600555419922,"car",0.25,4.8,"weekday",4,"20 to 39","3-5km","bicycle",4.8,0.436363636363636,1.75,3.05454545454545
"89476/1000",NA,89476,3638,"35-39 years","female",21,12724,"Other",205.37922668457,205.37922668457,"car",0.25,3.31,"weekday",1,"20 to 39","3-5km","bicycle",3.31,0.300909090909091,1.75,2.10636363636364
"89476/1000",NA,89476,3638,"35-39 years","female",21,12725,"Other",205.37922668457,205.37922668457,"car",0.0833333333333333,1.6,"weekday",2,"20 to 39","1-2km","bicycle",1.6,0.145454545454545,0.583333333333333,1.01818181818182
"89476/1000",NA,89476,3638,"35-39 years","female",21,12726,"Other",205.37922668457,205.37922668457,"car",0.166666666666667,3.44,"weekday",3,"20 to 39","3-5km","bicycle",3.44,0.312727272727273,1.16666666666667,2.18909090909091
"89476/1000",NA,89476,3638,"35-39 years","female",21,12727,"Other",205.37922668457,205.37922668457,"car",0.25,3.31,"weekday",4,"20 to 39","3-5km","bicycle",3.31,0.300909090909091,1.75,2.10636363636364
"89476/1000",NA,89476,3638,"35-39 years","female",21,12728,"Other",205.37922668457,205.37922668457,"car",0.0833333333333333,1.6,"weekday",5,"20 to 39","1-2km","bicycle",1.6,0.145454545454545,0.583333333333333,1.01818181818182
"89476/1000",NA,89476,3638,"35-39 years","female",21,12729,"Other",205.37922668457,205.37922668457,"car",0.25,3.44,"weekday",6,"20 to 39","3-5km","bicycle",3.44,0.312727272727273,1.75,2.18909090909091
"89476/1001",NA,89476,3639,"35-39 years","male",21,12730,"Work",217.276641845703,217.276641845703,"car",4,124.28,"weekday",1,"20 to 39",">10km","car",124.28,4,28,28
"89477/1001",NA,89477,3640,"55-59 years","female",21,12731,"Work",124.50057220459,124.50057220459,"car",0.666666666666667,27.64,"weekday",1,"40 to 64",">10km","car",27.64,0.666666666666667,4.66666666666667,4.66666666666667
"89477/1001",NA,89477,3640,"55-59 years","female",21,12732,"Shopping",124.50057220459,124.50057220459,"car",0.5,22.99,"weekday",2,"40 to 64",">10km","car",22.99,0.5,3.5,3.5
"89477/1001",NA,89477,3640,"55-59 years","female",21,12733,"Shopping",124.50057220459,124.50057220459,"car",0.333333333333333,5.19,"weekday",3,"40 to 64","6-10km","car",5.19,0.333333333333333,2.33333333333333,2.33333333333333
"89478/1000",NA,89478,3641,"60-64 years","male",21,12734,"Work",144.323944091797,144.323944091797,"car",0.583333333333333,19.55,"weekday",1,"40 to 64",">10km","car",19.55,0.583333333333333,4.08333333333333,4.08333333333333
"89478/1000",NA,89478,3641,"60-64 years","male",21,12735,"Work",144.323944091797,144.323944091797,"car",0.583333333333333,19.33,"weekday",2,"40 to 64",">10km","car",19.33,0.583333333333333,4.08333333333333,4.08333333333333
"89478/1001",NA,89478,3642,"60-64 years","female",21,12736,"Shopping",166.379119873047,166.379119873047,"car",0.1,2.6,"weekday",1,"40 to 64","3-5km","bicycle",2.6,0.236363636363636,0.7,1.65454545454545
"89478/1001",NA,89478,3642,"60-64 years","female",21,12737,"Shopping",166.379119873047,166.379119873047,"car",0.166666666666667,3.34,"weekday",2,"40 to 64","3-5km","bicycle",3.34,0.303636363636364,1.16666666666667,2.12545454545455
"89478/1001",NA,89478,3642,"60-64 years","female",21,12738,"Shopping",166.379119873047,166.379119873047,"car",0.133333333333333,3.12,"weekday",3,"40 to 64","3-5km","bicycle",3.12,0.283636363636364,0.933333333333333,1.98545454545455
"89481/1000",NA,89481,3643,"55-59 years","male",21,12739,"Work",237.927825927734,237.927825927734,"car",1.16666666666667,29.81,"weekday",1,"40 to 64",">10km","car",29.81,1.16666666666667,8.16666666666667,8.16666666666667
"89481/1000",NA,89481,3643,"55-59 years","male",21,12740,"Work",237.927825927734,237.927825927734,"car",1,29.82,"weekday",2,"40 to 64",">10km","car",29.82,1,7,7
"89481/1001",NA,89481,3644,"60-64 years","female",21,12741,"Work",290.651428222656,290.651428222656,"car",0.166666666666667,1.93,"weekday",1,"40 to 64","1-2km","bicycle",1.93,0.175454545454545,1.16666666666667,1.22818181818182
"89481/1001",NA,89481,3644,"60-64 years","female",21,12742,"Shopping",290.651428222656,290.651428222656,"car",0.166666666666667,1.97,"weekday",2,"40 to 64","1-2km","bicycle",1.97,0.179090909090909,1.16666666666667,1.25363636363636
"89481/1001",NA,89481,3644,"60-64 years","female",21,12743,"Shopping",290.651428222656,290.651428222656,"car",0.166666666666667,2.78,"weekday",3,"40 to 64","3-5km","bicycle",2.78,0.252727272727273,1.16666666666667,1.76909090909091
"89481/1002",NA,89481,3645,"15-19 years","male",21,12744,"Leisure",261.753723144531,261.753723144531,"car",5,360.36,"weekday",1,"15 to 19",">10km","car",360.36,5,35,35
"89482/1000",NA,89482,3646,"55-59 years","male",21,12745,"Work",136.198272705078,136.198272705078,"car",0.5,20.99,"weekday",1,"40 to 64",">10km","car",20.99,0.5,3.5,3.5
"89482/1000",NA,89482,3646,"55-59 years","male",21,12746,"Work",136.198272705078,136.198272705078,"car",0.5,21.2,"weekday",2,"40 to 64",">10km","car",21.2,0.5,3.5,3.5
"89482/1001",NA,89482,3647,"55-59 years","female",21,12747,"Work",124.50057220459,124.50057220459,"car",0.5,11.48,"weekday",1,"40 to 64",">10km","car",11.48,0.5,3.5,3.5
"89482/1001",NA,89482,3647,"55-59 years","female",21,12748,"Work",124.50057220459,124.50057220459,"car",0.5,11.69,"weekday",2,"40 to 64",">10km","car",11.69,0.5,3.5,3.5
"89484/1000",NA,89484,3648,"60-64 years","male",21,12749,"Other",144.323944091797,144.323944091797,"car",0.333333333333333,13.39,"weekday",1,"40 to 64",">10km","car",13.39,0.333333333333333,2.33333333333333,2.33333333333333
"89484/1000",NA,89484,3648,"60-64 years","male",21,12750,"Other",144.323944091797,144.323944091797,"car",0.416666666666667,16.98,"weekday",2,"40 to 64",">10km","car",16.98,0.416666666666667,2.91666666666667,2.91666666666667
"89484/1000",NA,89484,3648,"60-64 years","male",21,12751,"Work",144.323944091797,144.323944091797,"car",0.583333333333333,29.11,"weekday",3,"40 to 64",">10km","car",29.11,0.583333333333333,4.08333333333333,4.08333333333333
"89484/1000",NA,89484,3648,"60-64 years","male",21,12752,"Other",144.323944091797,144.323944091797,"car",0.666666666666667,29.4,"weekday",4,"40 to 64",">10km","car",29.4,0.666666666666667,4.66666666666667,4.66666666666667
"89484/1000",NA,89484,3648,"60-64 years","male",21,12753,"Other",144.323944091797,144.323944091797,"car",0.5,17.52,"weekday",5,"40 to 64",">10km","car",17.52,0.5,3.5,3.5
"89484/1000",NA,89484,3648,"60-64 years","male",21,12754,"Other",144.323944091797,144.323944091797,"car",0.416666666666667,13.13,"weekday",6,"40 to 64",">10km","car",13.13,0.416666666666667,2.91666666666667,2.91666666666667
"89484/1001",NA,89484,3649,"60-64 years","female",21,12755,"Work",166.379119873047,166.379119873047,"car",0.333333333333333,13.39,"weekday",1,"40 to 64",">10km","car",13.39,0.333333333333333,2.33333333333333,2.33333333333333
"89484/1001",NA,89484,3649,"60-64 years","female",21,12756,"Work",166.379119873047,166.379119873047,"car",0.416666666666667,13.13,"weekday",2,"40 to 64",">10km","car",13.13,0.416666666666667,2.91666666666667,2.91666666666667
"89485/1000",NA,89485,3650,"60-64 years","male",21,12757,"Work",177.813385009766,177.813385009766,"car",0.666666666666667,16.41,"weekday",1,"40 to 64",">10km","car",16.41,0.666666666666667,4.66666666666667,4.66666666666667
"89486/1000",NA,89486,3651,"65-69 years","male",21,12758,"Other",290.155639648438,290.155639648438,"car",0.5,13.7,"weekday",1,"65 plus",">10km","car",13.7,0.5,3.5,3.5
"89486/1000",NA,89486,3651,"65-69 years","male",21,12759,"Other",290.155639648438,290.155639648438,"car",0.5,13.74,"weekday",2,"65 plus",">10km","car",13.74,0.5,3.5,3.5
"89486/1002",NA,89486,3652,"50-54 years","female",21,12760,"Shopping",256.582946777344,256.582946777344,"car",0.75,24.94,"weekday",1,"40 to 64",">10km","car",24.94,0.75,5.25,5.25
"89486/1002",NA,89486,3652,"50-54 years","female",21,12761,"Shopping",256.582946777344,256.582946777344,"car",1,24.79,"weekday",2,"40 to 64",">10km","car",24.79,1,7,7
"89486/1003",NA,89486,3653,"20-24 years","male",21,12762,"Work",288.192535400391,288.192535400391,"car",0.416666666666667,11.07,"weekday",1,"20 to 39",">10km","car",11.07,0.416666666666667,2.91666666666667,2.91666666666667
"89486/1003",NA,89486,3653,"20-24 years","male",21,12763,"Work",288.192535400391,288.192535400391,"car",0.416666666666667,11.01,"weekday",2,"20 to 39",">10km","car",11.01,0.416666666666667,2.91666666666667,2.91666666666667
"89486/1004",NA,89486,3654,"20-24 years","female",21,12764,"Work",305.028106689453,305.028106689453,"car",1,47.09,"weekday",1,"20 to 39",">10km","car",47.09,1,7,7
"89486/1004",NA,89486,3654,"20-24 years","female",21,12765,"Work",305.028106689453,305.028106689453,"car",1,46.91,"weekday",2,"20 to 39",">10km","car",46.91,1,7,7
"89486/1005",NA,89486,3655,"20-24 years","male",21,12766,"Other",288.192535400391,288.192535400391,"car",1,40.24,"weekday",1,"20 to 39",">10km","car",40.24,1,7,7
"89486/1005",NA,89486,3655,"20-24 years","male",21,12767,"Other",288.192535400391,288.192535400391,"car",1,39.96,"weekday",2,"20 to 39",">10km","car",39.96,1,7,7
"89486/1005",NA,89486,3655,"20-24 years","male",21,12768,"Other",288.192535400391,288.192535400391,"car",0.5,6.58,"weekday",3,"20 to 39","6-10km","car",6.58,0.5,3.5,3.5
"89486/1005",NA,89486,3655,"20-24 years","male",21,12769,"Other",288.192535400391,288.192535400391,"car",0.5,6.68,"weekday",4,"20 to 39","6-10km","car",6.68,0.5,3.5,3.5
"89486/1006",NA,89486,3656,"20-24 years","male",21,12770,"Other",288.192535400391,288.192535400391,"car",1,40.24,"weekday",1,"20 to 39",">10km","car",40.24,1,7,7
"89486/1006",NA,89486,3656,"20-24 years","male",21,12771,"Other",288.192535400391,288.192535400391,"car",1,39.96,"weekday",2,"20 to 39",">10km","car",39.96,1,7,7
"89486/1006",NA,89486,3656,"20-24 years","male",21,12772,"Other",288.192535400391,288.192535400391,"car",0.5,6.58,"weekday",3,"20 to 39","6-10km","car",6.58,0.5,3.5,3.5
"89486/1006",NA,89486,3656,"20-24 years","male",21,12773,"Other",288.192535400391,288.192535400391,"car",0.5,6.68,"weekday",4,"20 to 39","6-10km","car",6.68,0.5,3.5,3.5
"89486/1007",NA,89486,3657,"15-19 years","female",21,12774,"Shopping",282.893920898438,282.893920898438,"car",0.75,24.94,"weekday",1,"15 to 19",">10km","car",24.94,0.75,5.25,5.25
"89486/1007",NA,89486,3657,"15-19 years","female",21,12775,"Shopping",282.893920898438,282.893920898438,"car",1,24.79,"weekday",2,"15 to 19",">10km","car",24.79,1,7,7
"89486/1008",NA,89486,3658,"15-19 years","female",21,12776,"Other",282.893920898438,282.893920898438,"car",0.5,36.1,"weekday",1,"15 to 19",">10km","car",36.1,0.5,3.5,3.5
"89486/1008",NA,89486,3658,"15-19 years","female",21,12777,"Shopping",282.893920898438,282.893920898438,"car",0.5,22.25,"weekday",2,"15 to 19",">10km","car",22.25,0.5,3.5,3.5
"89486/1008",NA,89486,3658,"15-19 years","female",21,12778,"Shopping",282.893920898438,282.893920898438,"car",0.5,15.85,"weekday",3,"15 to 19",">10km","car",15.85,0.5,3.5,3.5
"89486/1008",NA,89486,3658,"15-19 years","female",21,12779,"Leisure",282.893920898438,282.893920898438,"car",0.416666666666667,9.1,"weekday",4,"15 to 19","6-10km","car",9.1,0.416666666666667,2.91666666666667,2.91666666666667
"89486/1008",NA,89486,3658,"15-19 years","female",21,12780,"Leisure",282.893920898438,282.893920898438,"car",0.416666666666667,9.09,"weekday",5,"15 to 19","6-10km","car",9.09,0.416666666666667,2.91666666666667,2.91666666666667
"89486/1016",NA,89486,3659,"20-24 years","male",21,12781,"Other",288.192535400391,288.192535400391,"car",0.5,36.1,"weekday",1,"20 to 39",">10km","car",36.1,0.5,3.5,3.5
"89486/1016",NA,89486,3659,"20-24 years","male",21,12782,"Shopping",288.192535400391,288.192535400391,"car",0.5,22.25,"weekday",2,"20 to 39",">10km","car",22.25,0.5,3.5,3.5
"89486/1016",NA,89486,3659,"20-24 years","male",21,12783,"Shopping",288.192535400391,288.192535400391,"car",0.5,15.85,"weekday",3,"20 to 39",">10km","car",15.85,0.5,3.5,3.5
"89486/1016",NA,89486,3659,"20-24 years","male",21,12784,"Leisure",288.192535400391,288.192535400391,"car",0.416666666666667,9.1,"weekday",4,"20 to 39","6-10km","car",9.1,0.416666666666667,2.91666666666667,2.91666666666667
"89486/1016",NA,89486,3659,"20-24 years","male",21,12785,"Leisure",288.192535400391,288.192535400391,"car",0.416666666666667,9.09,"weekday",5,"20 to 39","6-10km","car",9.09,0.416666666666667,2.91666666666667,2.91666666666667
"89487/1000",NA,89487,3660,"50-54 years","female",21,12786,"Leisure",120.97093963623,120.97093963623,"walking",0.333333333333333,1.48,"weekday",1,"40 to 64","1-2km","walking",1.48,0.333333333333333,2.33333333333333,2.33333333333333
"89487/1000",NA,89487,3660,"50-54 years","female",21,12787,"Leisure",120.97093963623,120.97093963623,"walking",0.333333333333333,1.48,"weekday",2,"40 to 64","1-2km","walking",1.48,0.333333333333333,2.33333333333333,2.33333333333333
"89487/1001",NA,89487,3661,"45-49 years","male",21,12788,"Work",127.12606048584,127.12606048584,"car",0.833333333333333,28.94,"weekday",1,"40 to 64",">10km","car",28.94,0.833333333333333,5.83333333333333,5.83333333333333
"89487/1001",NA,89487,3661,"45-49 years","male",21,12789,"Work",127.12606048584,127.12606048584,"car",0.666666666666667,29.13,"weekday",2,"40 to 64",">10km","car",29.13,0.666666666666667,4.66666666666667,4.66666666666667
"89487/1001",NA,89487,3661,"45-49 years","male",21,12790,"Leisure",127.12606048584,127.12606048584,"walking",0.333333333333333,1.48,"weekday",3,"40 to 64","1-2km","walking",1.48,0.333333333333333,2.33333333333333,2.33333333333333
"89487/1001",NA,89487,3661,"45-49 years","male",21,12791,"Leisure",127.12606048584,127.12606048584,"walking",0.333333333333333,1.48,"weekday",4,"40 to 64","1-2km","walking",1.48,0.333333333333333,2.33333333333333,2.33333333333333
"89488/1000",NA,89488,3662,"35-39 years","female",21,12792,"Other",245.514633178711,245.514633178711,"car",0.25,4.31,"weekday",1,"20 to 39","3-5km","bicycle",4.31,0.391818181818182,1.75,2.74272727272727
"89488/1000",NA,89488,3662,"35-39 years","female",21,12793,"Other",245.514633178711,245.514633178711,"car",0.116666666666667,4.25,"weekday",2,"20 to 39","3-5km","bicycle",4.25,0.386363636363636,0.816666666666667,2.70454545454545
"89488/1000",NA,89488,3662,"35-39 years","female",21,12794,"Other",245.514633178711,245.514633178711,"car",0.133333333333333,4.31,"weekday",3,"20 to 39","3-5km","bicycle",4.31,0.391818181818182,0.933333333333333,2.74272727272727
"89488/1000",NA,89488,3662,"35-39 years","female",21,12795,"Other",245.514633178711,245.514633178711,"car",0.166666666666667,6.57,"weekday",4,"20 to 39","6-10km","car",6.57,0.166666666666667,1.16666666666667,1.16666666666667
"89488/1000",NA,89488,3662,"35-39 years","female",21,12796,"Other",245.514633178711,245.514633178711,"car",0.133333333333333,9.04,"weekday",5,"20 to 39","6-10km","car",9.04,0.133333333333333,0.933333333333333,0.933333333333333
"89488/1001",NA,89488,3663,"35-39 years","male",21,12797,"Work",259.737060546875,259.737060546875,"car",0.7,57.33,"weekday",1,"20 to 39",">10km","car",57.33,0.7,4.9,4.9
"89488/1001",NA,89488,3663,"35-39 years","male",21,12798,"Work",259.737060546875,259.737060546875,"car",0.983333333333333,57.43,"weekday",2,"20 to 39",">10km","car",57.43,0.983333333333333,6.88333333333333,6.88333333333333
"89490/1000",NA,89490,3664,"35-39 years","male",21,12799,"Other",217.276641845703,217.276641845703,"car",0.0833333333333333,3.91,"weekday",1,"20 to 39","3-5km","bicycle",3.91,0.355454545454545,0.583333333333333,2.48818181818182
"89490/1000",NA,89490,3664,"35-39 years","male",21,12800,"Shopping",217.276641845703,217.276641845703,"car",0.133333333333333,4.36,"weekday",2,"20 to 39","3-5km","bicycle",4.36,0.396363636363636,0.933333333333333,2.77454545454545
"89490/1000",NA,89490,3664,"35-39 years","male",21,12801,"Work",217.276641845703,217.276641845703,"car",0.3,13.99,"weekday",3,"20 to 39",">10km","car",13.99,0.3,2.1,2.1
"89490/1000",NA,89490,3664,"35-39 years","male",21,12802,"Other",217.276641845703,217.276641845703,"car",0.133333333333333,11.06,"weekday",4,"20 to 39",">10km","car",11.06,0.133333333333333,0.933333333333333,0.933333333333333
"89490/1000",NA,89490,3664,"35-39 years","male",21,12803,"Other",217.276641845703,217.276641845703,"car",0.116666666666667,3.88,"weekday",5,"20 to 39","3-5km","bicycle",3.88,0.352727272727273,0.816666666666667,2.46909090909091
"89490/1001",NA,89490,3665,"30-34 years","female",21,12804,"Work",279.047119140625,279.047119140625,"car",0.75,28.92,"weekday",1,"20 to 39",">10km","car",28.92,0.75,5.25,5.25
"89490/1001",NA,89490,3665,"30-34 years","female",21,12805,"Work",279.047119140625,279.047119140625,"car",0.75,28.67,"weekday",2,"20 to 39",">10km","car",28.67,0.75,5.25,5.25
"89492/1000",NA,89492,3666,"50-54 years","female",21,12806,"Shopping",176.780258178711,176.780258178711,"car",0.133333333333333,5.48,"weekday",1,"40 to 64","6-10km","car",5.48,0.133333333333333,0.933333333333333,0.933333333333333
"89492/1000",NA,89492,3666,"50-54 years","female",21,12807,"Shopping",176.780258178711,176.780258178711,"car",0.333333333333333,4.98,"weekday",2,"40 to 64","3-5km","bicycle",4.98,0.452727272727273,2.33333333333333,3.16909090909091
"89492/1000",NA,89492,3666,"50-54 years","female",21,12808,"Leisure",176.780258178711,176.780258178711,"car",0.333333333333333,8.83,"weekday",3,"40 to 64","6-10km","car",8.83,0.333333333333333,2.33333333333333,2.33333333333333
"89492/1000",NA,89492,3666,"50-54 years","female",21,12810,"Leisure",176.780258178711,176.780258178711,"car",0.533333333333333,9.84,"weekday",5,"40 to 64","6-10km","car",9.84,0.533333333333333,3.73333333333333,3.73333333333333
"89494/1000",NA,89494,3667,"65-69 years","male",21,12811,"Shopping",199.9111328125,199.9111328125,"car",0.166666666666667,2.64,"weekday",1,"65 plus","3-5km","bicycle",2.64,0.24,1.16666666666667,1.68
"89494/1000",NA,89494,3667,"65-69 years","male",21,12812,"Shopping",199.9111328125,199.9111328125,"car",0.166666666666667,2.65,"weekday",2,"65 plus","3-5km","bicycle",2.65,0.240909090909091,1.16666666666667,1.68636363636364
"89494/1001",NA,89494,3668,"65-69 years","female",21,12813,"Leisure",189.425354003906,189.425354003906,"car",0.166666666666667,8.86,"weekday",1,"65 plus","6-10km","car",8.86,0.166666666666667,1.16666666666667,1.16666666666667
"89494/1001",NA,89494,3668,"65-69 years","female",21,12814,"Leisure",189.425354003906,189.425354003906,"car",0.166666666666667,8.91,"weekday",2,"65 plus","6-10km","car",8.91,0.166666666666667,1.16666666666667,1.16666666666667
"89496/1001",NA,89496,3670,"45-49 years","female",21,12816,"Work",303.152160644531,303.152160644531,"car",0.5,27.96,"weekday",1,"40 to 64",">10km","car",27.96,0.5,3.5,3.5
"89496/1001",NA,89496,3670,"45-49 years","female",21,12817,"Shopping",303.152160644531,303.152160644531,"car",0.55,27.27,"weekday",2,"40 to 64",">10km","car",27.27,0.55,3.85,3.85
"89496/1001",NA,89496,3670,"45-49 years","female",21,12818,"Shopping",303.152160644531,303.152160644531,"car",0.25,2.6,"weekday",3,"40 to 64","3-5km","bicycle",2.6,0.236363636363636,1.75,1.65454545454545
"89496/1002",NA,89496,3671,"15-19 years","female",21,12819,"Education",232.997085571289,232.997085571289,"car",0.25,3.15,"weekday",1,"15 to 19","3-5km","bicycle",3.15,0.286363636363636,1.75,2.00454545454545
"89496/1002",NA,89496,3671,"15-19 years","female",21,12820,"Education",232.997085571289,232.997085571289,"car",0.25,3.19,"weekday",2,"15 to 19","3-5km","bicycle",3.19,0.29,1.75,2.03
"89497/1001",NA,89497,3672,"65-69 years","female",21,12821,"Shopping",129.623992919922,129.623992919922,"car",0.0833333333333333,2.84,"weekday",1,"65 plus","3-5km","bicycle",2.84,0.258181818181818,0.583333333333333,1.80727272727273
"89497/1001",NA,89497,3672,"65-69 years","female",21,12822,"Shopping",129.623992919922,129.623992919922,"car",0.0833333333333333,2.8,"weekday",2,"65 plus","3-5km","bicycle",2.8,0.254545454545455,0.583333333333333,1.78181818181818
"89498/1000",NA,89498,3673,"55-59 years","female",21,12823,"Other",181.938278198242,181.938278198242,"car",0.75,19.93,"weekday",1,"40 to 64",">10km","car",19.93,0.75,5.25,5.25
"89498/1000",NA,89498,3673,"55-59 years","female",21,12824,"Shopping",181.938278198242,181.938278198242,"car",0.666666666666667,19.28,"weekday",2,"40 to 64",">10km","car",19.28,0.666666666666667,4.66666666666667,4.66666666666667
"89498/1000",NA,89498,3673,"55-59 years","female",21,12825,"Shopping",181.938278198242,181.938278198242,"car",0.166666666666667,3.06,"weekday",3,"40 to 64","3-5km","bicycle",3.06,0.278181818181818,1.16666666666667,1.94727272727273
"89498/1001",NA,89498,3674,"55-59 years","male",21,12827,"Work",199.032653808594,199.032653808594,"car",0.466666666666667,13.71,"weekday",1,"40 to 64",">10km","car",13.71,0.466666666666667,3.26666666666667,3.26666666666667
"89498/1001",NA,89498,3674,"55-59 years","male",21,12828,"Work",199.032653808594,199.032653808594,"car",0.433333333333333,13.66,"weekday",2,"40 to 64",">10km","car",13.66,0.433333333333333,3.03333333333333,3.03333333333333
"89498/1002",NA,89498,3675,"15-19 years","male",21,12830,"Work",218.963638305664,218.963638305664,"car",0.416666666666667,17.36,"weekday",1,"15 to 19",">10km","car",17.36,0.416666666666667,2.91666666666667,2.91666666666667
"89498/1002",NA,89498,3675,"15-19 years","male",21,12831,"Work",218.963638305664,218.963638305664,"car",0.5,17.04,"weekday",2,"15 to 19",">10km","car",17.04,0.5,3.5,3.5
"89502/1000",NA,89502,3676,"55-59 years","female",21,12832,"Work",120.31526184082,120.31526184082,"car",0.25,5.01,"weekday",1,"40 to 64","6-10km","car",5.01,0.25,1.75,1.75
"89502/1000",NA,89502,3676,"55-59 years","female",21,12833,"Work",120.31526184082,120.31526184082,"public.transport",0.483333333333333,18.23,"weekday",1,"40 to 64",">10km","public.transport",18.23,0.483333333333333,3.38333333333333,3.38333333333333
"89502/1000",NA,89502,3676,"55-59 years","female",21,12834,"Work",120.31526184082,120.31526184082,"walking",0.166666666666667,0.41,"weekday",1,"40 to 64","<1km","walking",0.41,0.166666666666667,1.16666666666667,1.16666666666667
"89502/1000",NA,89502,3676,"55-59 years","female",21,12835,"Leisure",120.31526184082,120.31526184082,"walking",0.166666666666667,0.41,"weekday",2,"40 to 64","<1km","walking",0.41,0.166666666666667,1.16666666666667,1.16666666666667
"89502/1000",NA,89502,3676,"55-59 years","female",21,12836,"Leisure",120.31526184082,120.31526184082,"public.transport",0.15,4.92,"weekday",2,"40 to 64","3-5km","public.transport",4.92,0.15,1.05,1.05
"89502/1000",NA,89502,3676,"55-59 years","female",21,12837,"Leisure",120.31526184082,120.31526184082,"public.transport",0.333333333333333,13.3,"weekday",2,"40 to 64",">10km","public.transport",13.3,0.333333333333333,2.33333333333333,2.33333333333333
"89502/1000",NA,89502,3676,"55-59 years","female",21,12838,"Leisure",120.31526184082,120.31526184082,"car",0.0333333333333333,0.3,"weekday",2,"40 to 64","<1km","bicycle",0.3,0.0272727272727273,0.233333333333333,0.190909090909091
"89502/1000",NA,89502,3676,"55-59 years","female",21,12839,"Leisure",120.31526184082,120.31526184082,"car",0.166666666666667,4.83,"weekday",3,"40 to 64","3-5km","bicycle",4.83,0.439090909090909,1.16666666666667,3.07363636363636
"89503/1000",NA,89503,3677,"70-74 years","male",21,12840,"Shopping",68.7407379150391,68.7407379150391,"car",0.166666666666667,3.76,"weekday",1,"65 plus","3-5km","bicycle",3.76,0.341818181818182,1.16666666666667,2.39272727272727
"89503/1000",NA,89503,3677,"70-74 years","male",21,12841,"Shopping",68.7407379150391,68.7407379150391,"car",0.166666666666667,3.7,"weekday",2,"65 plus","3-5km","bicycle",3.7,0.336363636363636,1.16666666666667,2.35454545454545
"89505/1000",NA,89505,3678,"65-69 years","male",21,12842,"Other",91.5599975585938,91.5599975585938,"car",0.333333333333333,5.85,"weekday",1,"65 plus","6-10km","car",5.85,0.333333333333333,2.33333333333333,2.33333333333333
"89505/1000",NA,89505,3678,"65-69 years","male",21,12843,"Other",91.5599975585938,91.5599975585938,"car",0.666666666666667,36.58,"weekday",2,"65 plus",">10km","car",36.58,0.666666666666667,4.66666666666667,4.66666666666667
"89505/1000",NA,89505,3678,"65-69 years","male",21,12844,"Shopping",91.5599975585938,91.5599975585938,"car",0.666666666666667,21.86,"weekday",3,"65 plus",">10km","car",21.86,0.666666666666667,4.66666666666667,4.66666666666667
"89505/1000",NA,89505,3678,"65-69 years","male",21,12845,"Shopping",91.5599975585938,91.5599975585938,"car",0.333333333333333,10.48,"weekday",4,"65 plus",">10km","car",10.48,0.333333333333333,2.33333333333333,2.33333333333333
"89505/1001",NA,89505,3679,"65-69 years","female",21,12846,"Other",86.0002593994141,86.0002593994141,"car",0.333333333333333,5.85,"weekday",1,"65 plus","6-10km","car",5.85,0.333333333333333,2.33333333333333,2.33333333333333
"89505/1001",NA,89505,3679,"65-69 years","female",21,12847,"Other",86.0002593994141,86.0002593994141,"car",0.666666666666667,36.58,"weekday",2,"65 plus",">10km","car",36.58,0.666666666666667,4.66666666666667,4.66666666666667
"89505/1001",NA,89505,3679,"65-69 years","female",21,12848,"Shopping",86.0002593994141,86.0002593994141,"car",0.666666666666667,21.86,"weekday",3,"65 plus",">10km","car",21.86,0.666666666666667,4.66666666666667,4.66666666666667
"89505/1001",NA,89505,3679,"65-69 years","female",21,12849,"Shopping",86.0002593994141,86.0002593994141,"car",0.333333333333333,10.48,"weekday",4,"65 plus",">10km","car",10.48,0.333333333333333,2.33333333333333,2.33333333333333
"89505/1001",NA,89505,3679,"65-69 years","female",21,12850,"Leisure",86.0002593994141,86.0002593994141,"car",0.0833333333333333,0.57,"weekday",5,"65 plus","<1km","bicycle",0.57,0.0518181818181818,0.583333333333333,0.362727272727273
"89505/1001",NA,89505,3679,"65-69 years","female",21,12851,"Leisure",86.0002593994141,86.0002593994141,"car",0.0833333333333333,0.57,"weekday",6,"65 plus","<1km","bicycle",0.57,0.0518181818181818,0.583333333333333,0.362727272727273
"89506/1000",NA,89506,3680,"75-79 years","male",21,12852,"Other",76.3799514770508,76.3799514770508,"car",0.0833333333333333,1.66,"weekday",1,"65 plus","1-2km","bicycle",1.66,0.150909090909091,0.583333333333333,1.05636363636364
"89506/1000",NA,89506,3680,"75-79 years","male",21,12853,"Shopping",76.3799514770508,76.3799514770508,"car",0.166666666666667,2.41,"weekday",2,"65 plus","3-5km","bicycle",2.41,0.219090909090909,1.16666666666667,1.53363636363636
"89506/1000",NA,89506,3680,"75-79 years","male",21,12854,"Shopping",76.3799514770508,76.3799514770508,"car",0.25,3.28,"weekday",3,"65 plus","3-5km","bicycle",3.28,0.298181818181818,1.75,2.08727272727273
"89506/1000",NA,89506,3680,"75-79 years","male",21,12855,"Shopping",76.3799514770508,76.3799514770508,"car",0.25,3.77,"weekday",4,"65 plus","3-5km","bicycle",3.77,0.342727272727273,1.75,2.39909090909091
"89506/1001",NA,89506,3681,"70-74 years","female",21,12856,"Other",74.8938827514648,74.8938827514648,"car",0.0833333333333333,1.66,"weekday",1,"65 plus","1-2km","bicycle",1.66,0.150909090909091,0.583333333333333,1.05636363636364
"89506/1001",NA,89506,3681,"70-74 years","female",21,12857,"Shopping",74.8938827514648,74.8938827514648,"car",0.166666666666667,2.41,"weekday",2,"65 plus","3-5km","bicycle",2.41,0.219090909090909,1.16666666666667,1.53363636363636
"89506/1001",NA,89506,3681,"70-74 years","female",21,12858,"Other",74.8938827514648,74.8938827514648,"car",0.25,3.28,"weekday",3,"65 plus","3-5km","bicycle",3.28,0.298181818181818,1.75,2.08727272727273
"89506/1001",NA,89506,3681,"70-74 years","female",21,12859,"Other",74.8938827514648,74.8938827514648,"car",0.25,3.77,"weekday",4,"65 plus","3-5km","bicycle",3.77,0.342727272727273,1.75,2.39909090909091
"89511/1000",NA,89511,3683,"55-59 years","male",21,12861,"Work",86.312614440918,86.312614440918,"car",0.833333333333333,39.02,"weekday",1,"40 to 64",">10km","car",39.02,0.833333333333333,5.83333333333333,5.83333333333333
"89511/1000",NA,89511,3683,"55-59 years","male",21,12862,"Work",86.312614440918,86.312614440918,"car",0.916666666666667,39.3,"weekday",2,"40 to 64",">10km","car",39.3,0.916666666666667,6.41666666666667,6.41666666666667
"89511/1000",NA,89511,3683,"55-59 years","male",21,12863,"Shopping",86.312614440918,86.312614440918,"car",0.25,5.95,"weekday",3,"40 to 64","6-10km","car",5.95,0.25,1.75,1.75
"89511/1000",NA,89511,3683,"55-59 years","male",21,12864,"Shopping",86.312614440918,86.312614440918,"car",0.25,5.89,"weekday",4,"40 to 64","6-10km","car",5.89,0.25,1.75,1.75
"89511/1001",NA,89511,3684,"55-59 years","female",21,12865,"Work",94.9781875610352,94.9781875610352,"car",0.583333333333333,27.21,"weekday",1,"40 to 64",">10km","car",27.21,0.583333333333333,4.08333333333333,4.08333333333333
"89511/1001",NA,89511,3684,"55-59 years","female",21,12866,"Work",94.9781875610352,94.9781875610352,"car",0.583333333333333,26.96,"weekday",2,"40 to 64",">10km","car",26.96,0.583333333333333,4.08333333333333,4.08333333333333
"89511/1001",NA,89511,3684,"55-59 years","female",21,12867,"Shopping",94.9781875610352,94.9781875610352,"car",0.25,5.95,"weekday",3,"40 to 64","6-10km","car",5.95,0.25,1.75,1.75
"89511/1001",NA,89511,3684,"55-59 years","female",21,12868,"Shopping",94.9781875610352,94.9781875610352,"car",0.25,5.89,"weekday",4,"40 to 64","6-10km","car",5.89,0.25,1.75,1.75
"89512/1000",NA,89512,3685,"35-39 years","male",21,12869,"Work",84.3684921264648,84.3684921264648,"car",0.616666666666667,29.6,"weekday",1,"20 to 39",">10km","car",29.6,0.616666666666667,4.31666666666667,4.31666666666667
"89512/1000",NA,89512,3685,"35-39 years","male",21,12870,"Work",84.3684921264648,84.3684921264648,"car",1,29.59,"weekday",2,"20 to 39",">10km","car",29.59,1,7,7
"89514/1000",NA,89514,3686,"50-54 years","female",21,12871,"Other",106.351432800293,106.351432800293,"car",0.0833333333333333,0.65,"weekday",1,"40 to 64","<1km","bicycle",0.65,0.0590909090909091,0.583333333333333,0.413636363636364
"89514/1000",NA,89514,3686,"50-54 years","female",21,12872,"Other",106.351432800293,106.351432800293,"car",0.0833333333333333,0.65,"weekday",2,"40 to 64","<1km","bicycle",0.65,0.0590909090909091,0.583333333333333,0.413636363636364
"89514/1000",NA,89514,3686,"50-54 years","female",21,12873,"Shopping",106.351432800293,106.351432800293,"car",0.133333333333333,3.32,"weekday",3,"40 to 64","3-5km","bicycle",3.32,0.301818181818182,0.933333333333333,2.11272727272727
"89514/1000",NA,89514,3686,"50-54 years","female",21,12874,"Other",106.351432800293,106.351432800293,"car",0.166666666666667,3.02,"weekday",4,"40 to 64","3-5km","bicycle",3.02,0.274545454545455,1.16666666666667,1.92181818181818
"89514/1000",NA,89514,3686,"50-54 years","female",21,12875,"Other",106.351432800293,106.351432800293,"car",0.05,0.65,"weekday",5,"40 to 64","<1km","bicycle",0.65,0.0590909090909091,0.35,0.413636363636364
"89519/1000",NA,89519,3687,"30-34 years","female",21,12876,"Other",92.2150650024414,92.2150650024414,"car",0.0833333333333333,4.27,"weekday",1,"20 to 39","3-5km","bicycle",4.27,0.388181818181818,0.583333333333333,2.71727272727273
"89519/1000",NA,89519,3687,"30-34 years","female",21,12877,"Work",92.2150650024414,92.2150650024414,"car",0.666666666666667,21.53,"weekday",2,"20 to 39",">10km","car",21.53,0.666666666666667,4.66666666666667,4.66666666666667
"89519/1000",NA,89519,3687,"30-34 years","female",21,12878,"Other",92.2150650024414,92.2150650024414,"car",0.666666666666667,21.6,"weekday",3,"20 to 39",">10km","car",21.6,0.666666666666667,4.66666666666667,4.66666666666667
"89519/1000",NA,89519,3687,"30-34 years","female",21,12879,"Other",92.2150650024414,92.2150650024414,"car",0.166666666666667,4.3,"weekday",4,"20 to 39","3-5km","bicycle",4.3,0.390909090909091,1.16666666666667,2.73636363636364
"89524/1000",NA,89524,3688,"40-44 years","male",21,12880,"Other",162.067153930664,162.067153930664,"car",0.25,7.77,"weekday",1,"40 to 64","6-10km","car",7.77,0.25,1.75,1.75
"89524/1000",NA,89524,3688,"40-44 years","male",21,12881,"Other",162.067153930664,162.067153930664,"car",0.25,3.3,"weekday",2,"40 to 64","3-5km","bicycle",3.3,0.3,1.75,2.1
"89524/1000",NA,89524,3688,"40-44 years","male",21,12882,"Other",162.067153930664,162.067153930664,"car",0.333333333333333,9.23,"weekday",3,"40 to 64","6-10km","car",9.23,0.333333333333333,2.33333333333333,2.33333333333333
"89524/1000",NA,89524,3688,"40-44 years","male",21,12883,"Other",162.067153930664,162.067153930664,"car",0.283333333333333,7.77,"weekday",4,"40 to 64","6-10km","car",7.77,0.283333333333333,1.98333333333333,1.98333333333333
"89524/1000",NA,89524,3688,"40-44 years","male",21,12884,"Other",162.067153930664,162.067153930664,"car",0.166666666666667,3.3,"weekday",5,"40 to 64","3-5km","bicycle",3.3,0.3,1.16666666666667,2.1
"89524/1000",NA,89524,3688,"40-44 years","male",21,12885,"Other",162.067153930664,162.067153930664,"car",0.166666666666667,5.71,"weekday",6,"40 to 64","6-10km","car",5.71,0.166666666666667,1.16666666666667,1.16666666666667
"89524/1000",NA,89524,3688,"40-44 years","male",21,12886,"Other",162.067153930664,162.067153930664,"car",0.5,13.7,"weekday",7,"40 to 64",">10km","car",13.7,0.5,3.5,3.5
"89524/1001",NA,89524,3689,"40-44 years","female",21,12887,"Other",151.688049316406,151.688049316406,"car",0.416666666666667,13.62,"weekday",1,"40 to 64",">10km","car",13.62,0.416666666666667,2.91666666666667,2.91666666666667
"89524/1001",NA,89524,3689,"40-44 years","female",21,12888,"Shopping",151.688049316406,151.688049316406,"car",0.25,17.24,"weekday",2,"40 to 64",">10km","car",17.24,0.25,1.75,1.75
"89524/1001",NA,89524,3689,"40-44 years","female",21,12889,"Shopping",151.688049316406,151.688049316406,"car",0.25,3.87,"weekday",3,"40 to 64","3-5km","bicycle",3.87,0.351818181818182,1.75,2.46272727272727
"89526/1001",NA,89526,3690,"50-54 years","female",21,12890,"Work",69.2914581298828,69.2914581298828,"car",0.5,20.39,"weekday",1,"40 to 64",">10km","car",20.39,0.5,3.5,3.5
"89526/1001",NA,89526,3690,"50-54 years","female",21,12891,"Work",69.2914581298828,69.2914581298828,"car",0.333333333333333,20.61,"weekday",2,"40 to 64",">10km","car",20.61,0.333333333333333,2.33333333333333,2.33333333333333
"89527/1000",NA,89527,3691,"30-34 years","male",21,12892,"Shopping",94.9313201904297,94.9313201904297,"car",0.25,10.47,"weekday",1,"20 to 39",">10km","car",10.47,0.25,1.75,1.75
"89527/1000",NA,89527,3691,"30-34 years","male",21,12893,"Shopping",94.9313201904297,94.9313201904297,"car",0.416666666666667,10.58,"weekday",2,"20 to 39",">10km","car",10.58,0.416666666666667,2.91666666666667,2.91666666666667
"89527/1001",NA,89527,3692,"30-34 years","female",21,12894,"Work",72.7955856323242,72.7955856323242,"car",0.666666666666667,21.51,"weekday",1,"20 to 39",">10km","car",21.51,0.666666666666667,4.66666666666667,4.66666666666667
"89527/1001",NA,89527,3692,"30-34 years","female",21,12895,"Work",72.7955856323242,72.7955856323242,"car",0.833333333333333,21.64,"weekday",2,"20 to 39",">10km","car",21.64,0.833333333333333,5.83333333333333,5.83333333333333
"89528/1000",NA,89528,3693,"70-74 years","female",21,12896,"Other",74.8938827514648,74.8938827514648,"car",0.25,8.32,"weekday",1,"65 plus","6-10km","car",8.32,0.25,1.75,1.75
"89528/1000",NA,89528,3693,"70-74 years","female",21,12897,"Shopping",74.8938827514648,74.8938827514648,"car",0.166666666666667,4.47,"weekday",2,"65 plus","3-5km","bicycle",4.47,0.406363636363636,1.16666666666667,2.84454545454545
"89528/1000",NA,89528,3693,"70-74 years","female",21,12898,"Shopping",74.8938827514648,74.8938827514648,"car",0.333333333333333,10.93,"weekday",3,"65 plus",">10km","car",10.93,0.333333333333333,2.33333333333333,2.33333333333333
"89528/1000",NA,89528,3693,"70-74 years","female",21,12899,"Other",74.8938827514648,74.8938827514648,"car",0.25,8.32,"weekday",4,"65 plus","6-10km","car",8.32,0.25,1.75,1.75
"89528/1000",NA,89528,3693,"70-74 years","female",21,12900,"Leisure",74.8938827514648,74.8938827514648,"car",0.166666666666667,6,"weekday",5,"65 plus","6-10km","car",6,0.166666666666667,1.16666666666667,1.16666666666667
"89528/1000",NA,89528,3693,"70-74 years","female",21,12901,"Leisure",74.8938827514648,74.8938827514648,"car",0.333333333333333,9.64,"weekday",6,"65 plus","6-10km","car",9.64,0.333333333333333,2.33333333333333,2.33333333333333
"89528/1001",NA,89528,3694,"30-34 years","male",21,12902,"Leisure",94.9313201904297,94.9313201904297,"car",0.25,8.32,"weekday",1,"20 to 39","6-10km","car",8.32,0.25,1.75,1.75
"89528/1001",NA,89528,3694,"30-34 years","male",21,12903,"Leisure",94.9313201904297,94.9313201904297,"car",0.166666666666667,6,"weekday",2,"20 to 39","6-10km","car",6,0.166666666666667,1.16666666666667,1.16666666666667
"89528/1001",NA,89528,3694,"30-34 years","male",21,12904,"Leisure",94.9313201904297,94.9313201904297,"car",0.333333333333333,9.64,"weekday",3,"20 to 39","6-10km","car",9.64,0.333333333333333,2.33333333333333,2.33333333333333
"89592/1000",NA,89592,3695,"45-49 years","female",21,12905,"Other",519.730773925781,519.730773925781,"car",0.0833333333333333,1.85,"weekday",1,"40 to 64","1-2km","bicycle",1.85,0.168181818181818,0.583333333333333,1.17727272727273
"89592/1000",NA,89592,3695,"45-49 years","female",21,12906,"Other",519.730773925781,519.730773925781,"car",0.166666666666667,1.85,"weekday",2,"40 to 64","1-2km","bicycle",1.85,0.168181818181818,1.16666666666667,1.17727272727273
"89592/1000",NA,89592,3695,"45-49 years","female",21,12907,"Work",519.730773925781,519.730773925781,"car",0.5,19.6,"weekday",3,"40 to 64",">10km","car",19.6,0.5,3.5,3.5
"89592/1000",NA,89592,3695,"45-49 years","female",21,12908,"Shopping",519.730773925781,519.730773925781,"car",0.5,18.15,"weekday",4,"40 to 64",">10km","car",18.15,0.5,3.5,3.5
"89592/1000",NA,89592,3695,"45-49 years","female",21,12909,"Shopping",519.730773925781,519.730773925781,"car",0.0833333333333333,2.39,"weekday",5,"40 to 64","3-5km","bicycle",2.39,0.217272727272727,0.583333333333333,1.52090909090909
"89592/1001",NA,89592,3696,"50-54 years","male",21,12910,"Work",520.20947265625,520.20947265625,"car",0.25,9.88,"weekday",1,"40 to 64","6-10km","car",9.88,0.25,1.75,1.75
"89592/1001",NA,89592,3696,"50-54 years","male",21,12911,"Work",520.20947265625,520.20947265625,"car",0.25,9.76,"weekday",2,"40 to 64","6-10km","car",9.76,0.25,1.75,1.75
"89592/1002",NA,89592,3697,"15-19 years","female",21,12912,"Education",547.904968261719,547.904968261719,"car",0.0833333333333333,1.85,"weekday",1,"15 to 19","1-2km","bicycle",1.85,0.168181818181818,0.583333333333333,1.17727272727273
"89592/1002",NA,89592,3697,"15-19 years","female",21,12913,"Education",547.904968261719,547.904968261719,"walking",0.25,1.86,"weekday",2,"15 to 19","1-2km","walking",1.86,0.25,1.75,1.75
"89592/1004",NA,89592,3698,"15-19 years","female",21,12914,"Work",547.904968261719,547.904968261719,"car",0.25,5.6,"weekday",1,"15 to 19","6-10km","car",5.6,0.25,1.75,1.75
"89592/1004",NA,89592,3698,"15-19 years","female",21,12915,"Work",547.904968261719,547.904968261719,"car",0.25,5.7,"weekday",2,"15 to 19","6-10km","car",5.7,0.25,1.75,1.75
"89592/1004",NA,89592,3698,"15-19 years","female",21,12916,"Leisure",547.904968261719,547.904968261719,"car",0.166666666666667,1.83,"weekday",3,"15 to 19","1-2km","bicycle",1.83,0.166363636363636,1.16666666666667,1.16454545454545
"89592/1004",NA,89592,3698,"15-19 years","female",21,12917,"Leisure",547.904968261719,547.904968261719,"car",0.25,2.04,"weekday",4,"15 to 19","3-5km","bicycle",2.04,0.185454545454545,1.75,1.29818181818182
"89594/1000",NA,89594,3699,"60-64 years","male",21,12918,"Other",227.791702270508,227.791702270508,"car",0.166666666666667,3.22,"weekday",1,"40 to 64","3-5km","bicycle",3.22,0.292727272727273,1.16666666666667,2.04909090909091
"89594/1000",NA,89594,3699,"60-64 years","male",21,12919,"Work",227.791702270508,227.791702270508,"car",0.5,7.57,"weekday",2,"40 to 64","6-10km","car",7.57,0.5,3.5,3.5
"89594/1000",NA,89594,3699,"60-64 years","male",21,12920,"Work",227.791702270508,227.791702270508,"car",0.5,10.62,"weekday",3,"40 to 64",">10km","car",10.62,0.5,3.5,3.5
"89594/1001",NA,89594,3700,"60-64 years","female",21,12921,"Leisure",249.79345703125,249.79345703125,"walking",0.25,1.01,"weekday",1,"40 to 64","1-2km","walking",1.01,0.25,1.75,1.75
"89594/1001",NA,89594,3700,"60-64 years","female",21,12922,"Leisure",249.79345703125,249.79345703125,"walking",0.25,0.76,"weekday",2,"40 to 64","<1km","walking",0.76,0.25,1.75,1.75
"89594/1004",NA,89594,3701,"30-34 years","male",21,12923,"Work",455.562774658203,455.562774658203,"car",0.166666666666667,3.22,"weekday",1,"20 to 39","3-5km","bicycle",3.22,0.292727272727273,1.16666666666667,2.04909090909091
"89594/1004",NA,89594,3701,"30-34 years","male",21,12924,"Work",455.562774658203,455.562774658203,"public.transport",1.25,26.22,"weekday",1,"20 to 39",">10km","public.transport",26.22,1.25,8.75,8.75
"89594/1004",NA,89594,3701,"30-34 years","male",21,12925,"Work",455.562774658203,455.562774658203,"walking",0.0833333333333333,0.45,"weekday",1,"20 to 39","<1km","walking",0.45,0.0833333333333333,0.583333333333333,0.583333333333333
"89594/1004",NA,89594,3701,"30-34 years","male",21,12926,"Work",455.562774658203,455.562774658203,"walking",0.0833333333333333,0.45,"weekday",2,"20 to 39","<1km","walking",0.45,0.0833333333333333,0.583333333333333,0.583333333333333
"89594/1004",NA,89594,3701,"30-34 years","male",21,12927,"Work",455.562774658203,455.562774658203,"public.transport",0.583333333333333,26.22,"weekday",2,"20 to 39",">10km","public.transport",26.22,0.583333333333333,4.08333333333333,4.08333333333333
"89594/1004",NA,89594,3701,"30-34 years","male",21,12928,"Work",455.562774658203,455.562774658203,"car",0.166666666666667,3.38,"weekday",2,"20 to 39","3-5km","bicycle",3.38,0.307272727272727,1.16666666666667,2.15090909090909
"89595/1000",NA,89595,3702,"25-29 years","female",21,12929,"Work",358.802307128906,358.802307128906,"car",0.666666666666667,19.01,"weekday",1,"20 to 39",">10km","car",19.01,0.666666666666667,4.66666666666667,4.66666666666667
"89595/1000",NA,89595,3702,"25-29 years","female",21,12930,"Work",358.802307128906,358.802307128906,"car",0.75,18.73,"weekday",2,"20 to 39",">10km","car",18.73,0.75,5.25,5.25
"89595/1000",NA,89595,3702,"25-29 years","female",21,12931,"Leisure",358.802307128906,358.802307128906,"car",0.25,11.42,"weekday",3,"20 to 39",">10km","car",11.42,0.25,1.75,1.75
"89595/1000",NA,89595,3702,"25-29 years","female",21,12932,"Leisure",358.802307128906,358.802307128906,"car",0.166666666666667,11.39,"weekday",4,"20 to 39",">10km","car",11.39,0.166666666666667,1.16666666666667,1.16666666666667
"89595/1001",NA,89595,3703,"30-34 years","male",21,12933,"Work",286.1357421875,286.1357421875,"other",0.333333333333333,23.56,"weekday",1,"20 to 39",">10km","other",23.56,0.333333333333333,2.33333333333333,2.33333333333333
"89595/1001",NA,89595,3703,"30-34 years","male",21,12934,"Work",286.1357421875,286.1357421875,"other",0.5,23.15,"weekday",2,"20 to 39",">10km","other",23.15,0.5,3.5,3.5
"89595/1001",NA,89595,3703,"30-34 years","male",21,12935,"Leisure",286.1357421875,286.1357421875,"car",0.25,11.42,"weekday",3,"20 to 39",">10km","car",11.42,0.25,1.75,1.75
"89595/1001",NA,89595,3703,"30-34 years","male",21,12936,"Leisure",286.1357421875,286.1357421875,"car",0.166666666666667,11.39,"weekday",4,"20 to 39",">10km","car",11.39,0.166666666666667,1.16666666666667,1.16666666666667
"89597/1000",NA,89597,3704,"50-54 years","female",21,12937,"Other",422.304656982422,422.304656982422,"car",0.333333333333333,9.16,"weekday",1,"40 to 64","6-10km","car",9.16,0.333333333333333,2.33333333333333,2.33333333333333
"89597/1000",NA,89597,3704,"50-54 years","female",21,12938,"Other",422.304656982422,422.304656982422,"car",0.25,9.15,"weekday",2,"40 to 64","6-10km","car",9.15,0.25,1.75,1.75
"89597/1000",NA,89597,3704,"50-54 years","female",21,12939,"Shopping",422.304656982422,422.304656982422,"car",0.0833333333333333,1.84,"weekday",3,"40 to 64","1-2km","bicycle",1.84,0.167272727272727,0.583333333333333,1.17090909090909
"89597/1000",NA,89597,3704,"50-54 years","female",21,12940,"Shopping",422.304656982422,422.304656982422,"car",0.166666666666667,3.88,"weekday",4,"40 to 64","3-5km","bicycle",3.88,0.352727272727273,1.16666666666667,2.46909090909091
"89597/1000",NA,89597,3704,"50-54 years","female",21,12941,"Shopping",422.304656982422,422.304656982422,"car",0.25,4.74,"weekday",5,"40 to 64","3-5km","bicycle",4.74,0.430909090909091,1.75,3.01636363636364
"89597/1001",NA,89597,3705,"45-49 years","male",21,12942,"Other",412.569610595703,412.569610595703,"car",0.0833333333333333,1.73,"weekday",1,"40 to 64","1-2km","bicycle",1.73,0.157272727272727,0.583333333333333,1.10090909090909
"89597/1001",NA,89597,3705,"45-49 years","male",21,12943,"Other",412.569610595703,412.569610595703,"car",0.0833333333333333,1.73,"weekday",2,"40 to 64","1-2km","bicycle",1.73,0.157272727272727,0.583333333333333,1.10090909090909
"89597/1001",NA,89597,3705,"45-49 years","male",21,12944,"Leisure",412.569610595703,412.569610595703,"car",0.333333333333333,9.16,"weekday",3,"40 to 64","6-10km","car",9.16,0.333333333333333,2.33333333333333,2.33333333333333
"89597/1001",NA,89597,3705,"45-49 years","male",21,12945,"Leisure",412.569610595703,412.569610595703,"car",0.25,9.15,"weekday",4,"40 to 64","6-10km","car",9.15,0.25,1.75,1.75
"89597/1001",NA,89597,3705,"45-49 years","male",21,12946,"Shopping",412.569610595703,412.569610595703,"car",0.0833333333333333,1.84,"weekday",5,"40 to 64","1-2km","bicycle",1.84,0.167272727272727,0.583333333333333,1.17090909090909
"89597/1001",NA,89597,3705,"45-49 years","male",21,12947,"Shopping",412.569610595703,412.569610595703,"car",0.166666666666667,3.88,"weekday",6,"40 to 64","3-5km","bicycle",3.88,0.352727272727273,1.16666666666667,2.46909090909091
"89597/1001",NA,89597,3705,"45-49 years","male",21,12948,"Shopping",412.569610595703,412.569610595703,"car",0.25,4.74,"weekday",7,"40 to 64","3-5km","bicycle",4.74,0.430909090909091,1.75,3.01636363636364
"89598/1000",NA,89598,3706,"55-59 years","female",21,12949,"Shopping",179.280990600586,179.280990600586,"car",0.0833333333333333,1.92,"weekday",1,"40 to 64","1-2km","bicycle",1.92,0.174545454545455,0.583333333333333,1.22181818181818
"89598/1000",NA,89598,3706,"55-59 years","female",21,12950,"Shopping",179.280990600586,179.280990600586,"car",0.0833333333333333,1.87,"weekday",2,"40 to 64","1-2km","bicycle",1.87,0.17,0.583333333333333,1.19
"89598/1001",NA,89598,3707,"60-64 years","male",21,12951,"Other",143.074340820312,143.074340820312,"car",0.25,10.43,"weekday",1,"40 to 64",">10km","car",10.43,0.25,1.75,1.75
"89598/1001",NA,89598,3707,"60-64 years","male",21,12952,"Other",143.074340820312,143.074340820312,"car",0.4,10.43,"weekday",2,"40 to 64",">10km","car",10.43,0.4,2.8,2.8
"89598/1001",NA,89598,3707,"60-64 years","male",21,12953,"Leisure",143.074340820312,143.074340820312,"car",0.0833333333333333,1.92,"weekday",3,"40 to 64","1-2km","bicycle",1.92,0.174545454545455,0.583333333333333,1.22181818181818
"89598/1001",NA,89598,3707,"60-64 years","male",21,12954,"Leisure",143.074340820312,143.074340820312,"car",0.0833333333333333,1.87,"weekday",4,"40 to 64","1-2km","bicycle",1.87,0.17,0.583333333333333,1.19
"89600/1000",NA,89600,3708,"75-79 years","male",21,12955,"Other",186.546875,186.546875,"car",0.25,9.81,"weekday",1,"65 plus","6-10km","car",9.81,0.25,1.75,1.75
"89600/1000",NA,89600,3708,"75-79 years","male",21,12956,"Other",186.546875,186.546875,"car",0.25,9.73,"weekday",2,"65 plus","6-10km","car",9.73,0.25,1.75,1.75
"89602/1000",NA,89602,3709,"70-74 years","male",21,12957,"Shopping",152.162673950195,152.162673950195,"car",0.0833333333333333,1.57,"weekday",1,"65 plus","1-2km","bicycle",1.57,0.142727272727273,0.583333333333333,0.999090909090909
"89602/1000",NA,89602,3709,"70-74 years","male",21,12958,"Shopping",152.162673950195,152.162673950195,"car",0.0833333333333333,1.6,"weekday",2,"65 plus","1-2km","bicycle",1.6,0.145454545454545,0.583333333333333,1.01818181818182
"89602/1001",NA,89602,3710,"65-69 years","female",21,12959,"Shopping",158.535507202148,158.535507202148,"car",0.166666666666667,5.93,"weekday",1,"65 plus","6-10km","car",5.93,0.166666666666667,1.16666666666667,1.16666666666667
"89602/1001",NA,89602,3710,"65-69 years","female",21,12960,"Shopping",158.535507202148,158.535507202148,"car",0.216666666666667,6.03,"weekday",2,"65 plus","6-10km","car",6.03,0.216666666666667,1.51666666666667,1.51666666666667
"89603/1000",NA,89603,3711,"35-39 years","female",21,12961,"Work",187.766311645508,187.766311645508,"car",0.5,28.8,"weekday",1,"20 to 39",">10km","car",28.8,0.5,3.5,3.5
"89603/1000",NA,89603,3711,"35-39 years","female",21,12962,"Work",187.766311645508,187.766311645508,"car",0.583333333333333,28.57,"weekday",2,"20 to 39",">10km","car",28.57,0.583333333333333,4.08333333333333,4.08333333333333
"89604/1000",NA,89604,3712,"60-64 years","female",21,12963,"Work",200.211456298828,200.211456298828,"car",0.583333333333333,26.53,"weekday",1,"40 to 64",">10km","car",26.53,0.583333333333333,4.08333333333333,4.08333333333333
"89604/1000",NA,89604,3712,"60-64 years","female",21,12964,"Work",200.211456298828,200.211456298828,"car",0.75,26.13,"weekday",2,"40 to 64",">10km","car",26.13,0.75,5.25,5.25
"89605/1000",NA,89605,3713,"50-54 years","female",21,12965,"Other",545.624633789062,545.624633789062,"car",0.0833333333333333,1.4,"weekday",1,"40 to 64","1-2km","bicycle",1.4,0.127272727272727,0.583333333333333,0.890909090909091
"89605/1000",NA,89605,3713,"50-54 years","female",21,12966,"Work",545.624633789062,545.624633789062,"car",0.25,9.38,"weekday",2,"40 to 64","6-10km","car",9.38,0.25,1.75,1.75
"89605/1000",NA,89605,3713,"50-54 years","female",21,12967,"Work",545.624633789062,545.624633789062,"car",0.333333333333333,10.55,"weekday",3,"40 to 64",">10km","car",10.55,0.333333333333333,2.33333333333333,2.33333333333333
"89605/1001",NA,89605,3714,"50-54 years","male",21,12968,"Work",520.20947265625,520.20947265625,"car",0.5,20.34,"weekday",1,"40 to 64",">10km","car",20.34,0.5,3.5,3.5
"89605/1001",NA,89605,3714,"50-54 years","male",21,12969,"Work",520.20947265625,520.20947265625,"car",0.5,19.65,"weekday",2,"40 to 64",">10km","car",19.65,0.5,3.5,3.5
"89605/1002",NA,89605,3715,"15-19 years","female",21,12970,"Work",547.904968261719,547.904968261719,"car",0.166666666666667,1.83,"weekday",1,"15 to 19","1-2km","bicycle",1.83,0.166363636363636,1.16666666666667,1.16454545454545
"89605/1002",NA,89605,3715,"15-19 years","female",21,12971,"Work",547.904968261719,547.904968261719,"car",0.166666666666667,1.87,"weekday",2,"15 to 19","1-2km","bicycle",1.87,0.17,1.16666666666667,1.19
"89605/1003",NA,89605,3716,"15-19 years","male",21,12972,"Education",431.189636230469,431.189636230469,"car",0.0833333333333333,1.4,"weekday",1,"15 to 19","1-2km","bicycle",1.4,0.127272727272727,0.583333333333333,0.890909090909091
"89605/1003",NA,89605,3716,"15-19 years","male",21,12973,"Education",431.189636230469,431.189636230469,"walking",0.166666666666667,1.43,"weekday",2,"15 to 19","1-2km","walking",1.43,0.166666666666667,1.16666666666667,1.16666666666667
"89605/1004",NA,89605,3717,"15-19 years","male",21,12974,"Education",431.189636230469,431.189636230469,"car",0.0833333333333333,1.4,"weekday",1,"15 to 19","1-2km","bicycle",1.4,0.127272727272727,0.583333333333333,0.890909090909091
"89605/1004",NA,89605,3717,"15-19 years","male",21,12975,"Education",431.189636230469,431.189636230469,"walking",0.166666666666667,1.43,"weekday",2,"15 to 19","1-2km","walking",1.43,0.166666666666667,1.16666666666667,1.16666666666667
"89606/1002",NA,89606,3718,"30-34 years","male",21,12976,"Leisure",805.150207519531,805.150207519531,"car",0.0833333333333333,2.17,"weekday",1,"20 to 39","3-5km","bicycle",2.17,0.197272727272727,0.583333333333333,1.38090909090909
"89606/1002",NA,89606,3718,"30-34 years","male",21,12977,"Leisure",805.150207519531,805.150207519531,"car",0.0833333333333333,2.41,"weekday",2,"20 to 39","3-5km","bicycle",2.41,0.219090909090909,0.583333333333333,1.53363636363636
"89606/1003",NA,89606,3719,"50-54 years","male",21,12978,"Work",520.20947265625,520.20947265625,"car",1,28.96,"weekday",1,"40 to 64",">10km","car",28.96,1,7,7
"89606/1003",NA,89606,3719,"50-54 years","male",21,12979,"Work",520.20947265625,520.20947265625,"car",1,28.73,"weekday",2,"40 to 64",">10km","car",28.73,1,7,7
"89606/1004",NA,89606,3720,"25-29 years","female",21,12980,"Work",1009.62487792969,1009.62487792969,"car",0.25,10.58,"weekday",1,"20 to 39",">10km","car",10.58,0.25,1.75,1.75
"89606/1004",NA,89606,3720,"25-29 years","female",21,12981,"Work",1009.62487792969,1009.62487792969,"car",0.25,10.64,"weekday",2,"20 to 39",">10km","car",10.64,0.25,1.75,1.75
"89606/1005",NA,89606,3721,"30-34 years","male",21,12982,"Work",805.150207519531,805.150207519531,"car",0.25,10.58,"weekday",1,"20 to 39",">10km","car",10.58,0.25,1.75,1.75
"89606/1005",NA,89606,3721,"30-34 years","male",21,12983,"Work",805.150207519531,805.150207519531,"car",0.25,10.64,"weekday",2,"20 to 39",">10km","car",10.64,0.25,1.75,1.75
"89607/1000",NA,89607,3722,"25-29 years","female",21,12984,"Work",358.802307128906,358.802307128906,"car",0.75,18.36,"weekday",1,"20 to 39",">10km","car",18.36,0.75,5.25,5.25
"89607/1000",NA,89607,3722,"25-29 years","female",21,12985,"Other",358.802307128906,358.802307128906,"car",0.5,7.61,"weekday",2,"20 to 39","6-10km","car",7.61,0.5,3.5,3.5
"89607/1000",NA,89607,3722,"25-29 years","female",21,12986,"Leisure",358.802307128906,358.802307128906,"car",0.25,4.58,"weekday",3,"20 to 39","3-5km","bicycle",4.58,0.416363636363636,1.75,2.91454545454545
"89607/1000",NA,89607,3722,"25-29 years","female",21,12987,"Other",358.802307128906,358.802307128906,"car",0.25,4.56,"weekday",4,"20 to 39","3-5km","bicycle",4.56,0.414545454545454,1.75,2.90181818181818
"89607/1000",NA,89607,3722,"25-29 years","female",21,12988,"Other",358.802307128906,358.802307128906,"car",0.616666666666667,12.05,"weekday",5,"20 to 39",">10km","car",12.05,0.616666666666667,4.31666666666667,4.31666666666667
"89607/1001",NA,89607,3723,"25-29 years","female",21,12989,"Other",358.802307128906,358.802307128906,"car",0.75,18.36,"weekday",1,"20 to 39",">10km","car",18.36,0.75,5.25,5.25
"89607/1001",NA,89607,3723,"25-29 years","female",21,12990,"Other",358.802307128906,358.802307128906,"car",0.383333333333333,18.07,"weekday",2,"20 to 39",">10km","car",18.07,0.383333333333333,2.68333333333333,2.68333333333333
"89607/1001",NA,89607,3723,"25-29 years","female",21,12991,"Other",358.802307128906,358.802307128906,"car",0.0833333333333333,2.09,"weekday",3,"20 to 39","3-5km","bicycle",2.09,0.19,0.583333333333333,1.33
"89607/1001",NA,89607,3723,"25-29 years","female",21,12992,"Other",358.802307128906,358.802307128906,"car",0.116666666666667,2.12,"weekday",4,"20 to 39","3-5km","bicycle",2.12,0.192727272727273,0.816666666666667,1.34909090909091
"89607/1001",NA,89607,3723,"25-29 years","female",21,12993,"Leisure",358.802307128906,358.802307128906,"walking",0.366666666666667,0.48,"weekday",5,"20 to 39","<1km","walking",0.48,0.366666666666667,2.56666666666667,2.56666666666667
"89607/1001",NA,89607,3723,"25-29 years","female",21,12994,"Leisure",358.802307128906,358.802307128906,"walking",0.116666666666667,0.48,"weekday",6,"20 to 39","<1km","walking",0.48,0.116666666666667,0.816666666666667,0.816666666666667
"89607/1001",NA,89607,3723,"25-29 years","female",21,12995,"Other",358.802307128906,358.802307128906,"car",0.883333333333333,18.36,"weekday",7,"20 to 39",">10km","car",18.36,0.883333333333333,6.18333333333333,6.18333333333333
"89607/1001",NA,89607,3723,"25-29 years","female",21,12996,"Other",358.802307128906,358.802307128906,"car",0.5,7.61,"weekday",8,"20 to 39","6-10km","car",7.61,0.5,3.5,3.5
"89607/1001",NA,89607,3723,"25-29 years","female",21,12997,"Other",358.802307128906,358.802307128906,"car",0.616666666666667,12.05,"weekday",9,"20 to 39",">10km","car",12.05,0.616666666666667,4.31666666666667,4.31666666666667
"89608/1000",NA,89608,3724,"60-64 years","male",21,12998,"Other",227.791702270508,227.791702270508,"car",0.166666666666667,4.58,"weekday",1,"40 to 64","3-5km","bicycle",4.58,0.416363636363636,1.16666666666667,2.91454545454545
"89608/1000",NA,89608,3724,"60-64 years","male",21,12999,"Work",227.791702270508,227.791702270508,"car",1,28.73,"weekday",2,"40 to 64",">10km","car",28.73,1,7,7
"89608/1000",NA,89608,3724,"60-64 years","male",21,13000,"Other",227.791702270508,227.791702270508,"car",0.583333333333333,8.33,"weekday",3,"40 to 64","6-10km","car",8.33,0.583333333333333,4.08333333333333,4.08333333333333
"89608/1000",NA,89608,3724,"60-64 years","male",21,13001,"Other",227.791702270508,227.791702270508,"car",0.833333333333333,18.41,"weekday",4,"40 to 64",">10km","car",18.41,0.833333333333333,5.83333333333333,5.83333333333333
"89608/1000",NA,89608,3724,"60-64 years","male",21,13002,"Other",227.791702270508,227.791702270508,"car",0.166666666666667,4.57,"weekday",5,"40 to 64","3-5km","bicycle",4.57,0.415454545454545,1.16666666666667,2.90818181818182
"89608/1002",NA,89608,3725,"20-24 years","male",21,13003,"Education",589.546936035156,589.546936035156,"car",0.5,23.67,"weekday",1,"20 to 39",">10km","car",23.67,0.5,3.5,3.5
"89608/1002",NA,89608,3725,"20-24 years","male",21,13004,"Education",589.546936035156,589.546936035156,"car",0.666666666666667,23.43,"weekday",2,"20 to 39",">10km","car",23.43,0.666666666666667,4.66666666666667,4.66666666666667
"89608/1002",NA,89608,3725,"20-24 years","male",21,13005,"Leisure",589.546936035156,589.546936035156,"car",0.166666666666667,1.98,"weekday",3,"20 to 39","1-2km","bicycle",1.98,0.18,1.16666666666667,1.26
"89608/1002",NA,89608,3725,"20-24 years","male",21,13006,"Leisure",589.546936035156,589.546936035156,"car",0.166666666666667,2.19,"weekday",4,"20 to 39","3-5km","bicycle",2.19,0.199090909090909,1.16666666666667,1.39363636363636
"89611/1000",NA,89611,3726,"40-44 years","male",21,13007,"Work",283.161804199219,283.161804199219,"car",0.25,13.53,"weekday",1,"40 to 64",">10km","car",13.53,0.25,1.75,1.75
"89611/1000",NA,89611,3726,"40-44 years","male",21,13008,"Work",283.161804199219,283.161804199219,"car",0.25,13.86,"weekday",2,"40 to 64",">10km","car",13.86,0.25,1.75,1.75
"89611/1001",NA,89611,3727,"45-49 years","female",21,13009,"Work",294.0693359375,294.0693359375,"car",0.25,13.86,"weekday",1,"40 to 64",">10km","car",13.86,0.25,1.75,1.75
"89611/1001",NA,89611,3727,"45-49 years","female",21,13010,"Work",294.0693359375,294.0693359375,"car",0.25,13.53,"weekday",2,"40 to 64",">10km","car",13.53,0.25,1.75,1.75
"89611/1002",NA,89611,3728,"15-19 years","male",21,13011,"Education",243.971801757812,243.971801757812,"bicycle",0.166666666666667,1.66,"weekday",1,"15 to 19","1-2km","bicycle",1.66,0.166666666666667,1.16666666666667,1.16666666666667
"89611/1002",NA,89611,3728,"15-19 years","male",21,13012,"Education",243.971801757812,243.971801757812,"walking",0.166666666666667,1.66,"weekday",2,"15 to 19","1-2km","walking",1.66,0.166666666666667,1.16666666666667,1.16666666666667
"89612/1000",NA,89612,3729,"40-44 years","female",21,13013,"Other",336.650360107422,336.650360107422,"car",0.333333333333333,7.21,"weekday",1,"40 to 64","6-10km","car",7.21,0.333333333333333,2.33333333333333,2.33333333333333
"89612/1000",NA,89612,3729,"40-44 years","female",21,13014,"Other",336.650360107422,336.650360107422,"car",0.333333333333333,7.32,"weekday",2,"40 to 64","6-10km","car",7.32,0.333333333333333,2.33333333333333,2.33333333333333
"89612/1000",NA,89612,3729,"40-44 years","female",21,13015,"Other",336.650360107422,336.650360107422,"car",0.333333333333333,7.21,"weekday",3,"40 to 64","6-10km","car",7.21,0.333333333333333,2.33333333333333,2.33333333333333
"89612/1000",NA,89612,3729,"40-44 years","female",21,13016,"Shopping",336.650360107422,336.650360107422,"car",0.433333333333333,10.35,"weekday",4,"40 to 64",">10km","car",10.35,0.433333333333333,3.03333333333333,3.03333333333333
"89612/1000",NA,89612,3729,"40-44 years","female",21,13017,"Shopping",336.650360107422,336.650360107422,"car",0.333333333333333,4.51,"weekday",5,"40 to 64","3-5km","bicycle",4.51,0.41,2.33333333333333,2.87
"89612/1001",NA,89612,3730,"15-19 years","female",21,13018,"Education",310.010620117188,310.010620117188,"car",0.333333333333333,7.21,"weekday",1,"15 to 19","6-10km","car",7.21,0.333333333333333,2.33333333333333,2.33333333333333
"89612/1001",NA,89612,3730,"15-19 years","female",21,13019,"Shopping",310.010620117188,310.010620117188,"car",0.433333333333333,10.35,"weekday",2,"15 to 19",">10km","car",10.35,0.433333333333333,3.03333333333333,3.03333333333333
"89612/1001",NA,89612,3730,"15-19 years","female",21,13020,"Shopping",310.010620117188,310.010620117188,"car",0.333333333333333,4.51,"weekday",3,"15 to 19","3-5km","bicycle",4.51,0.41,2.33333333333333,2.87
"89614/1000",NA,89614,3731,"70-74 years","female",21,13021,"Shopping",171.396911621094,171.396911621094,"car",0.166666666666667,6.42,"weekday",1,"65 plus","6-10km","car",6.42,0.166666666666667,1.16666666666667,1.16666666666667
"89614/1000",NA,89614,3731,"70-74 years","female",21,13022,"Shopping",171.396911621094,171.396911621094,"car",0.05,1.58,"weekday",2,"65 plus","1-2km","bicycle",1.58,0.143636363636364,0.35,1.00545454545455
"89614/1000",NA,89614,3731,"70-74 years","female",21,13023,"Shopping",171.396911621094,171.396911621094,"car",0.116666666666667,4.97,"weekday",3,"65 plus","3-5km","bicycle",4.97,0.451818181818182,0.816666666666667,3.16272727272727
"89614/1001",NA,89614,3732,"75-79 years","male",21,13024,"Shopping",146.185394287109,146.185394287109,"car",0.0833333333333333,1.61,"weekday",1,"65 plus","1-2km","bicycle",1.61,0.146363636363636,0.583333333333333,1.02454545454545
"89614/1001",NA,89614,3732,"75-79 years","male",21,13025,"Shopping",146.185394287109,146.185394287109,"car",0.0833333333333333,1.61,"weekday",2,"65 plus","1-2km","bicycle",1.61,0.146363636363636,0.583333333333333,1.02454545454545
"89614/1001",NA,89614,3732,"75-79 years","male",21,13026,"Shopping",146.185394287109,146.185394287109,"car",0.166666666666667,6.42,"weekday",3,"65 plus","6-10km","car",6.42,0.166666666666667,1.16666666666667,1.16666666666667
"89614/1001",NA,89614,3732,"75-79 years","male",21,13027,"Leisure",146.185394287109,146.185394287109,"car",0.05,1.58,"weekday",4,"65 plus","1-2km","bicycle",1.58,0.143636363636364,0.35,1.00545454545455
"89614/1001",NA,89614,3732,"75-79 years","male",21,13028,"Leisure",146.185394287109,146.185394287109,"car",0.116666666666667,4.97,"weekday",5,"65 plus","3-5km","bicycle",4.97,0.451818181818182,0.816666666666667,3.16272727272727
"89615/1000",NA,89615,3733,"50-54 years","female",21,13029,"Work",193.905059814453,193.905059814453,"car",0.833333333333333,31.01,"weekday",1,"40 to 64",">10km","car",31.01,0.833333333333333,5.83333333333333,5.83333333333333
"89615/1000",NA,89615,3733,"50-54 years","female",21,13030,"Work",193.905059814453,193.905059814453,"car",0.916666666666667,30.96,"weekday",2,"40 to 64",">10km","car",30.96,0.916666666666667,6.41666666666667,6.41666666666667
"89615/1001",NA,89615,3734,"55-59 years","male",21,13031,"Work",261.203918457031,261.203918457031,"car",0.5,15.31,"weekday",1,"40 to 64",">10km","car",15.31,0.5,3.5,3.5
"89615/1001",NA,89615,3734,"55-59 years","male",21,13032,"Work",261.203918457031,261.203918457031,"car",0.5,15.34,"weekday",2,"40 to 64",">10km","car",15.34,0.5,3.5,3.5
"89616/1000",NA,89616,3735,"50-54 years","female",21,13033,"Work",193.905059814453,193.905059814453,"car",0.666666666666667,19.92,"weekday",1,"40 to 64",">10km","car",19.92,0.666666666666667,4.66666666666667,4.66666666666667
"89616/1000",NA,89616,3735,"50-54 years","female",21,13034,"Work",193.905059814453,193.905059814453,"car",0.666666666666667,19.22,"weekday",2,"40 to 64",">10km","car",19.22,0.666666666666667,4.66666666666667,4.66666666666667
"89616/1001",NA,89616,3736,"50-54 years","male",21,13035,"Work",184.872970581055,184.872970581055,"car",0.666666666666667,19.92,"weekday",1,"40 to 64",">10km","car",19.92,0.666666666666667,4.66666666666667,4.66666666666667
"89616/1001",NA,89616,3736,"50-54 years","male",21,13036,"Work",184.872970581055,184.872970581055,"car",0.666666666666667,19.22,"weekday",2,"40 to 64",">10km","car",19.22,0.666666666666667,4.66666666666667,4.66666666666667
"89617/1000",NA,89617,3737,"55-59 years","male",21,13037,"Work",261.203918457031,261.203918457031,"car",0.5,20.01,"weekday",1,"40 to 64",">10km","car",20.01,0.5,3.5,3.5
"89617/1000",NA,89617,3737,"55-59 years","male",21,13038,"Work",261.203918457031,261.203918457031,"car",0.333333333333333,19.32,"weekday",2,"40 to 64",">10km","car",19.32,0.333333333333333,2.33333333333333,2.33333333333333
"89617/1001",NA,89617,3738,"50-54 years","female",21,13039,"Work",193.905059814453,193.905059814453,"car",0.25,10.25,"weekday",1,"40 to 64",">10km","car",10.25,0.25,1.75,1.75
"89617/1001",NA,89617,3738,"50-54 years","female",21,13040,"Work",193.905059814453,193.905059814453,"car",0.333333333333333,10.34,"weekday",2,"40 to 64",">10km","car",10.34,0.333333333333333,2.33333333333333,2.33333333333333
"89618/1000",NA,89618,3739,"30-34 years","male",21,13041,"Work",286.1357421875,286.1357421875,"car",0.533333333333333,14.83,"weekday",1,"20 to 39",">10km","car",14.83,0.533333333333333,3.73333333333333,3.73333333333333
"89618/1000",NA,89618,3739,"30-34 years","male",21,13042,"Work",286.1357421875,286.1357421875,"car",0.466666666666667,14.89,"weekday",2,"20 to 39",">10km","car",14.89,0.466666666666667,3.26666666666667,3.26666666666667
"89618/1001",NA,89618,3740,"25-29 years","female",21,13043,"Other",358.802307128906,358.802307128906,"car",0.0666666666666667,0.75,"weekday",1,"20 to 39","<1km","bicycle",0.75,0.0681818181818182,0.466666666666667,0.477272727272727
"89618/1001",NA,89618,3740,"25-29 years","female",21,13044,"Other",358.802307128906,358.802307128906,"car",0.0666666666666667,0.81,"weekday",2,"20 to 39","<1km","bicycle",0.81,0.0736363636363636,0.466666666666667,0.515454545454545
"89619/1000",NA,89619,3741,"35-39 years","female",21,13045,"Other",320.457489013672,320.457489013672,"car",0.05,0.87,"weekday",1,"20 to 39","<1km","bicycle",0.87,0.0790909090909091,0.35,0.553636363636364
"89619/1000",NA,89619,3741,"35-39 years","female",21,13046,"Other",320.457489013672,320.457489013672,"car",0.366666666666667,9.55,"weekday",2,"20 to 39","6-10km","car",9.55,0.366666666666667,2.56666666666667,2.56666666666667
"89619/1000",NA,89619,3741,"35-39 years","female",21,13047,"Other",320.457489013672,320.457489013672,"car",0.416666666666667,10.33,"weekday",3,"20 to 39",">10km","car",10.33,0.416666666666667,2.91666666666667,2.91666666666667
"89619/1000",NA,89619,3741,"35-39 years","female",21,13048,"Other",320.457489013672,320.457489013672,"car",0.333333333333333,10.41,"weekday",4,"20 to 39",">10km","car",10.41,0.333333333333333,2.33333333333333,2.33333333333333
"89619/1000",NA,89619,3741,"35-39 years","female",21,13049,"Other",320.457489013672,320.457489013672,"car",0.333333333333333,10.33,"weekday",5,"20 to 39",">10km","car",10.33,0.333333333333333,2.33333333333333,2.33333333333333
"89619/1001",NA,89619,3742,"40-44 years","male",21,13050,"Work",387.342620849609,387.342620849609,"car",0.666666666666667,14.87,"weekday",1,"40 to 64",">10km","car",14.87,0.666666666666667,4.66666666666667,4.66666666666667
"89619/1001",NA,89619,3742,"40-44 years","male",21,13051,"Work",387.342620849609,387.342620849609,"car",0.5,14.83,"weekday",2,"40 to 64",">10km","car",14.83,0.5,3.5,3.5
"89622/1001",NA,89622,3744,"40-44 years","male",21,13053,"Other",500.453094482422,500.453094482422,"car",0.166666666666667,1.35,"weekday",1,"40 to 64","1-2km","bicycle",1.35,0.122727272727273,1.16666666666667,0.859090909090909
"89622/1001",NA,89622,3744,"40-44 years","male",21,13054,"Other",500.453094482422,500.453094482422,"car",0.166666666666667,1.2,"weekday",2,"40 to 64","1-2km","bicycle",1.2,0.109090909090909,1.16666666666667,0.763636363636364
"89622/1003",NA,89622,3745,"15-19 years","male",21,13055,"Education",431.189636230469,431.189636230469,"car",0.166666666666667,1.35,"weekday",1,"15 to 19","1-2km","bicycle",1.35,0.122727272727273,1.16666666666667,0.859090909090909
"89622/1003",NA,89622,3745,"15-19 years","male",21,13056,"Education",431.189636230469,431.189636230469,"walking",0.333333333333333,1.22,"weekday",2,"15 to 19","1-2km","walking",1.22,0.333333333333333,2.33333333333333,2.33333333333333
"89623/1001",NA,89623,3747,"60-64 years","female",21,13058,"Work",156.893493652344,156.893493652344,"car",0.25,10.6,"weekday",1,"40 to 64",">10km","car",10.6,0.25,1.75,1.75
"89623/1001",NA,89623,3747,"60-64 years","female",21,13059,"Work",156.893493652344,156.893493652344,"car",0.45,10.66,"weekday",2,"40 to 64",">10km","car",10.66,0.45,3.15,3.15
"89624/1000",NA,89624,3748,"50-54 years","female",21,13060,"Work",247.441833496094,247.441833496094,"car",0.166666666666667,5.14,"weekday",1,"40 to 64","6-10km","car",5.14,0.166666666666667,1.16666666666667,1.16666666666667
"89624/1000",NA,89624,3748,"50-54 years","female",21,13061,"Work",247.441833496094,247.441833496094,"car",0.166666666666667,5.17,"weekday",2,"40 to 64","6-10km","car",5.17,0.166666666666667,1.16666666666667,1.16666666666667
"89626/1001",NA,89626,3749,"55-59 years","female",21,13062,"Work",179.280990600586,179.280990600586,"car",0.333333333333333,12.44,"weekday",1,"40 to 64",">10km","car",12.44,0.333333333333333,2.33333333333333,2.33333333333333
"89626/1001",NA,89626,3749,"55-59 years","female",21,13063,"Work",179.280990600586,179.280990600586,"car",0.333333333333333,12.48,"weekday",2,"40 to 64",">10km","car",12.48,0.333333333333333,2.33333333333333,2.33333333333333
"89627/1000",NA,89627,3750,"45-49 years","male",21,13065,"Work",301.603668212891,301.603668212891,"car",1,49.81,"weekday",1,"40 to 64",">10km","car",49.81,1,7,7
"89627/1000",NA,89627,3750,"45-49 years","male",21,13066,"Work",301.603668212891,301.603668212891,"car",1.66666666666667,49.7,"weekday",2,"40 to 64",">10km","car",49.7,1.66666666666667,11.6666666666667,11.6666666666667
"89627/1001",NA,89627,3751,"45-49 years","female",21,13067,"Work",294.0693359375,294.0693359375,"car",0.5,25.93,"weekday",1,"40 to 64",">10km","car",25.93,0.5,3.5,3.5
"89627/1001",NA,89627,3751,"45-49 years","female",21,13068,"Work",294.0693359375,294.0693359375,"car",0.916666666666667,26.15,"weekday",2,"40 to 64",">10km","car",26.15,0.916666666666667,6.41666666666667,6.41666666666667
"89628/1000",NA,89628,3752,"80-84 years","male",21,13069,"Other",272.403411865234,272.403411865234,"car",1,32.5,"weekday",1,"65 plus",">10km","car",32.5,1,7,7
"89628/1000",NA,89628,3752,"80-84 years","male",21,13070,"Other",272.403411865234,272.403411865234,"car",1,33.11,"weekday",2,"65 plus",">10km","car",33.11,1,7,7
"89629/1000",NA,89629,3753,"45-49 years","female",21,13071,"Other",184.702865600586,184.702865600586,"car",0.166666666666667,4.68,"weekday",1,"40 to 64","3-5km","bicycle",4.68,0.425454545454545,1.16666666666667,2.97818181818182
"89629/1000",NA,89629,3753,"45-49 years","female",21,13072,"Work",184.702865600586,184.702865600586,"car",0.0833333333333333,1.66,"weekday",2,"40 to 64","1-2km","bicycle",1.66,0.150909090909091,0.583333333333333,1.05636363636364
"89629/1000",NA,89629,3753,"45-49 years","female",21,13073,"Other",184.702865600586,184.702865600586,"car",0.05,1.65,"weekday",3,"40 to 64","1-2km","bicycle",1.65,0.15,0.35,1.05
"89629/1000",NA,89629,3753,"45-49 years","female",21,13074,"Other",184.702865600586,184.702865600586,"car",0.166666666666667,4.69,"weekday",4,"40 to 64","3-5km","bicycle",4.69,0.426363636363636,1.16666666666667,2.98454545454545
"89630/1000",NA,89630,3754,"55-59 years","female",21,13075,"Other",390.454986572266,390.454986572266,"car",0.333333333333333,6.45,"weekday",1,"40 to 64","6-10km","car",6.45,0.333333333333333,2.33333333333333,2.33333333333333
"89630/1000",NA,89630,3754,"55-59 years","female",21,13076,"Other",390.454986572266,390.454986572266,"car",0.283333333333333,6.48,"weekday",2,"40 to 64","6-10km","car",6.48,0.283333333333333,1.98333333333333,1.98333333333333
"89630/1000",NA,89630,3754,"55-59 years","female",21,13077,"Shopping",390.454986572266,390.454986572266,"car",0.166666666666667,2.64,"weekday",3,"40 to 64","3-5km","bicycle",2.64,0.24,1.16666666666667,1.68
"89630/1000",NA,89630,3754,"55-59 years","female",21,13078,"Shopping",390.454986572266,390.454986572266,"car",0.166666666666667,2.61,"weekday",4,"40 to 64","3-5km","bicycle",2.61,0.237272727272727,1.16666666666667,1.66090909090909
"89630/1003",NA,89630,3755,"55-59 years","male",21,13079,"Work",568.874450683594,568.874450683594,"car",0.583333333333333,16.53,"weekday",1,"40 to 64",">10km","car",16.53,0.583333333333333,4.08333333333333,4.08333333333333
"89630/1003",NA,89630,3755,"55-59 years","male",21,13080,"Work",568.874450683594,568.874450683594,"car",0.833333333333333,16.47,"weekday",2,"40 to 64",">10km","car",16.47,0.833333333333333,5.83333333333333,5.83333333333333
"89631/1001",NA,89631,3756,"70-74 years","male",21,13082,"Shopping",152.162673950195,152.162673950195,"car",0.166666666666667,4.98,"weekday",2,"65 plus","3-5km","bicycle",4.98,0.452727272727273,1.16666666666667,3.16909090909091
"89631/1001",NA,89631,3756,"70-74 years","male",21,13083,"Shopping",152.162673950195,152.162673950195,"car",0.166666666666667,5.1,"weekday",3,"65 plus","6-10km","car",5.1,0.166666666666667,1.16666666666667,1.16666666666667
"89634/1000",NA,89634,3757,"30-34 years","female",21,13084,"Other",248.344512939453,248.344512939453,"car",0.1,1.64,"weekday",1,"20 to 39","1-2km","bicycle",1.64,0.149090909090909,0.7,1.04363636363636
"89634/1000",NA,89634,3757,"30-34 years","female",21,13085,"Other",248.344512939453,248.344512939453,"car",0.0833333333333333,1.49,"weekday",2,"20 to 39","1-2km","bicycle",1.49,0.135454545454545,0.583333333333333,0.948181818181818
"89634/1000",NA,89634,3757,"30-34 years","female",21,13086,"Other",248.344512939453,248.344512939453,"car",0.0833333333333333,1.64,"weekday",3,"20 to 39","1-2km","bicycle",1.64,0.149090909090909,0.583333333333333,1.04363636363636
"89634/1000",NA,89634,3757,"30-34 years","female",21,13087,"Other",248.344512939453,248.344512939453,"car",0.0833333333333333,1.49,"weekday",4,"20 to 39","1-2km","bicycle",1.49,0.135454545454545,0.583333333333333,0.948181818181818
"89635/1000",NA,89635,3758,"60-64 years","male",21,13088,"Leisure",182.576873779297,182.576873779297,"car",0.333333333333333,17.69,"weekday",1,"40 to 64",">10km","car",17.69,0.333333333333333,2.33333333333333,2.33333333333333
"89635/1000",NA,89635,3758,"60-64 years","male",21,13089,"Other",182.576873779297,182.576873779297,"car",0.166666666666667,2.83,"weekday",2,"40 to 64","3-5km","bicycle",2.83,0.257272727272727,1.16666666666667,1.80090909090909
"89635/1000",NA,89635,3758,"60-64 years","male",21,13090,"Shopping",182.576873779297,182.576873779297,"car",0.166666666666667,12.71,"weekday",3,"40 to 64",">10km","car",12.71,0.166666666666667,1.16666666666667,1.16666666666667
"89635/1000",NA,89635,3758,"60-64 years","male",21,13091,"Shopping",182.576873779297,182.576873779297,"car",0.0833333333333333,0.47,"weekday",4,"40 to 64","<1km","bicycle",0.47,0.0427272727272727,0.583333333333333,0.299090909090909
"89635/1000",NA,89635,3758,"60-64 years","male",21,13092,"Shopping",182.576873779297,182.576873779297,"car",0.0833333333333333,4.01,"weekday",5,"40 to 64","3-5km","bicycle",4.01,0.364545454545455,0.583333333333333,2.55181818181818
"89635/1000",NA,89635,3758,"60-64 years","male",21,13093,"Shopping",182.576873779297,182.576873779297,"car",0.5,17.95,"weekday",6,"40 to 64",">10km","car",17.95,0.5,3.5,3.5
"89635/1000",NA,89635,3758,"60-64 years","male",21,13094,"Leisure",182.576873779297,182.576873779297,"car",0.166666666666667,4.91,"weekday",7,"40 to 64","3-5km","bicycle",4.91,0.446363636363636,1.16666666666667,3.12454545454545
"89635/1000",NA,89635,3758,"60-64 years","male",21,13095,"Leisure",182.576873779297,182.576873779297,"car",0.416666666666667,9.28,"weekday",8,"40 to 64","6-10km","car",9.28,0.416666666666667,2.91666666666667,2.91666666666667
"89635/1000",NA,89635,3758,"60-64 years","male",21,13096,"Leisure",182.576873779297,182.576873779297,"car",0.833333333333333,21.62,"weekday",9,"40 to 64",">10km","car",21.62,0.833333333333333,5.83333333333333,5.83333333333333
"89635/1000",NA,89635,3758,"60-64 years","male",21,13097,"Leisure",182.576873779297,182.576873779297,"car",0.5,18.24,"weekday",10,"40 to 64",">10km","car",18.24,0.5,3.5,3.5
"89636/1000",NA,89636,3759,"40-44 years","female",21,13098,"Other",594.987426757812,594.987426757812,"car",0.416666666666667,7.25,"weekday",1,"40 to 64","6-10km","car",7.25,0.416666666666667,2.91666666666667,2.91666666666667
"89636/1000",NA,89636,3759,"40-44 years","female",21,13099,"Leisure",594.987426757812,594.987426757812,"car",0.166666666666667,4.83,"weekday",2,"40 to 64","3-5km","bicycle",4.83,0.439090909090909,1.16666666666667,3.07363636363636
"89636/1000",NA,89636,3759,"40-44 years","female",21,13100,"Leisure",594.987426757812,594.987426757812,"car",0.333333333333333,3.83,"weekday",3,"40 to 64","3-5km","bicycle",3.83,0.348181818181818,2.33333333333333,2.43727272727273
"89636/1000",NA,89636,3759,"40-44 years","female",21,13101,"Work",594.987426757812,594.987426757812,"car",0.5,19.33,"weekday",4,"40 to 64",">10km","car",19.33,0.5,3.5,3.5
"89636/1000",NA,89636,3759,"40-44 years","female",21,13102,"Work",594.987426757812,594.987426757812,"car",0.283333333333333,19.93,"weekday",5,"40 to 64",">10km","car",19.93,0.283333333333333,1.98333333333333,1.98333333333333
"89636/1001",NA,89636,3760,"40-44 years","male",21,13103,"Other",500.453094482422,500.453094482422,"car",0.333333333333333,7.25,"weekday",1,"40 to 64","6-10km","car",7.25,0.333333333333333,2.33333333333333,2.33333333333333
"89636/1001",NA,89636,3760,"40-44 years","male",21,13104,"Other",500.453094482422,500.453094482422,"car",0.416666666666667,7.95,"weekday",2,"40 to 64","6-10km","car",7.95,0.416666666666667,2.91666666666667,2.91666666666667
"89637/1000",NA,89637,3761,"60-64 years","male",21,13105,"Leisure",143.074340820312,143.074340820312,"car",0.166666666666667,4.92,"weekday",1,"40 to 64","3-5km","bicycle",4.92,0.447272727272727,1.16666666666667,3.13090909090909
"89637/1000",NA,89637,3761,"60-64 years","male",21,13106,"Work",143.074340820312,143.074340820312,"car",0.05,0.68,"weekday",2,"40 to 64","<1km","bicycle",0.68,0.0618181818181818,0.35,0.432727272727273
"89637/1000",NA,89637,3761,"60-64 years","male",21,13107,"Work",143.074340820312,143.074340820312,"car",0.333333333333333,4.66,"weekday",3,"40 to 64","3-5km","bicycle",4.66,0.423636363636364,2.33333333333333,2.96545454545455
"89637/1001",NA,89637,3762,"65-69 years","female",21,13108,"Work",158.535507202148,158.535507202148,"car",0.0833333333333333,2.18,"weekday",1,"65 plus","3-5km","bicycle",2.18,0.198181818181818,0.583333333333333,1.38727272727273
"89637/1001",NA,89637,3762,"65-69 years","female",21,13109,"Work",158.535507202148,158.535507202148,"car",0.0666666666666667,2.23,"weekday",2,"65 plus","3-5km","bicycle",2.23,0.202727272727273,0.466666666666667,1.41909090909091
"89637/1001",NA,89637,3762,"65-69 years","female",21,13110,"Work",158.535507202148,158.535507202148,"car",0.0666666666666667,2.18,"weekday",3,"65 plus","3-5km","bicycle",2.18,0.198181818181818,0.466666666666667,1.38727272727273
"89637/1001",NA,89637,3762,"65-69 years","female",21,13111,"Work",158.535507202148,158.535507202148,"car",0.0666666666666667,2.23,"weekday",4,"65 plus","3-5km","bicycle",2.23,0.202727272727273,0.466666666666667,1.41909090909091
"89639/1000",NA,89639,3763,"65-69 years","female",21,13112,"Work",158.535507202148,158.535507202148,"car",0.25,5.18,"weekday",1,"65 plus","6-10km","car",5.18,0.25,1.75,1.75
"89639/1000",NA,89639,3763,"65-69 years","female",21,13113,"Work",158.535507202148,158.535507202148,"car",0.25,5.58,"weekday",2,"65 plus","6-10km","car",5.58,0.25,1.75,1.75
"89641/1000",NA,89641,3764,"35-39 years","female",21,13114,"Other",147.140991210938,147.140991210938,"car",0.15,4.56,"weekday",1,"20 to 39","3-5km","bicycle",4.56,0.414545454545454,1.05,2.90181818181818
"89641/1000",NA,89641,3764,"35-39 years","female",21,13115,"Work",147.140991210938,147.140991210938,"car",0.0666666666666667,0.98,"weekday",2,"20 to 39","<1km","bicycle",0.98,0.0890909090909091,0.466666666666667,0.623636363636364
"89641/1000",NA,89641,3764,"35-39 years","female",21,13116,"Other",147.140991210938,147.140991210938,"car",0.0833333333333333,1.26,"weekday",3,"20 to 39","1-2km","bicycle",1.26,0.114545454545455,0.583333333333333,0.801818181818182
"89641/1000",NA,89641,3764,"35-39 years","female",21,13117,"Other",147.140991210938,147.140991210938,"car",0.183333333333333,4.57,"weekday",4,"20 to 39","3-5km","bicycle",4.57,0.415454545454545,1.28333333333333,2.90818181818182
"89642/1000",NA,89642,3765,"35-39 years","female",21,13118,"Other",147.140991210938,147.140991210938,"car",0.25,6.72,"weekday",1,"20 to 39","6-10km","car",6.72,0.25,1.75,1.75
"89642/1000",NA,89642,3765,"35-39 years","female",21,13119,"Other",147.140991210938,147.140991210938,"car",0.25,6.5,"weekday",2,"20 to 39","6-10km","car",6.5,0.25,1.75,1.75
"89642/1000",NA,89642,3765,"35-39 years","female",21,13120,"Other",147.140991210938,147.140991210938,"car",0.333333333333333,6.72,"weekday",3,"20 to 39","6-10km","car",6.72,0.333333333333333,2.33333333333333,2.33333333333333
"89642/1000",NA,89642,3765,"35-39 years","female",21,13121,"Other",147.140991210938,147.140991210938,"car",0.25,6.5,"weekday",4,"20 to 39","6-10km","car",6.5,0.25,1.75,1.75
"89644/1000",NA,89644,3766,"70-74 years","male",21,13122,"Shopping",152.162673950195,152.162673950195,"car",0.25,5.35,"weekday",1,"65 plus","6-10km","car",5.35,0.25,1.75,1.75
"89644/1000",NA,89644,3766,"70-74 years","male",21,13123,"Shopping",152.162673950195,152.162673950195,"car",0.166666666666667,5.18,"weekday",2,"65 plus","6-10km","car",5.18,0.166666666666667,1.16666666666667,1.16666666666667
"89645/1000",NA,89645,3767,"65-69 years","female",21,13124,"Work",202.306823730469,202.306823730469,"car",0.0833333333333333,6.8,"weekday",1,"65 plus","6-10km","car",6.8,0.0833333333333333,0.583333333333333,0.583333333333333
"89645/1000",NA,89645,3767,"65-69 years","female",21,13125,"Work",202.306823730469,202.306823730469,"car",0.25,15.04,"weekday",1,"65 plus",">10km","car",15.04,0.25,1.75,1.75
"89645/1000",NA,89645,3767,"65-69 years","female",21,13126,"Work",202.306823730469,202.306823730469,"car",0.25,15.03,"weekday",2,"65 plus",">10km","car",15.03,0.25,1.75,1.75
"89645/1000",NA,89645,3767,"65-69 years","female",21,13127,"Work",202.306823730469,202.306823730469,"car",0.25,6.8,"weekday",2,"65 plus","6-10km","car",6.8,0.25,1.75,1.75
"89646/1001",NA,89646,3769,"20-24 years","male",21,13129,"Work",370.290222167969,370.290222167969,"car",0.416666666666667,17.34,"weekday",1,"20 to 39",">10km","car",17.34,0.416666666666667,2.91666666666667,2.91666666666667
"89646/1001",NA,89646,3769,"20-24 years","male",21,13130,"Work",370.290222167969,370.290222167969,"car",0.666666666666667,17.39,"weekday",2,"20 to 39",">10km","car",17.39,0.666666666666667,4.66666666666667,4.66666666666667
"89647/1000",NA,89647,3770,"35-39 years","female",21,13131,"Other",234.266296386719,234.266296386719,"bicycle",0.583333333333333,3.77,"weekday",1,"20 to 39","3-5km","bicycle",3.77,0.583333333333333,4.08333333333333,4.08333333333333
"89647/1000",NA,89647,3770,"35-39 years","female",21,13132,"Other",234.266296386719,234.266296386719,"bicycle",0.583333333333333,3.77,"weekday",2,"20 to 39","3-5km","bicycle",3.77,0.583333333333333,4.08333333333333,4.08333333333333
"89647/1000",NA,89647,3770,"35-39 years","female",21,13133,"Leisure",234.266296386719,234.266296386719,"car",0.166666666666667,2.77,"weekday",3,"20 to 39","3-5km","bicycle",2.77,0.251818181818182,1.16666666666667,1.76272727272727
"89647/1000",NA,89647,3770,"35-39 years","female",21,13134,"Leisure",234.266296386719,234.266296386719,"car",0.166666666666667,2.75,"weekday",4,"20 to 39","3-5km","bicycle",2.75,0.25,1.16666666666667,1.75
"89647/1001",NA,89647,3771,"40-44 years","male",21,13135,"Other",283.161804199219,283.161804199219,"bicycle",0.583333333333333,3.77,"weekday",1,"40 to 64","3-5km","bicycle",3.77,0.583333333333333,4.08333333333333,4.08333333333333
"89647/1001",NA,89647,3771,"40-44 years","male",21,13136,"Other",283.161804199219,283.161804199219,"bicycle",0.583333333333333,3.77,"weekday",2,"40 to 64","3-5km","bicycle",3.77,0.583333333333333,4.08333333333333,4.08333333333333
"89647/1001",NA,89647,3771,"40-44 years","male",21,13137,"Other",283.161804199219,283.161804199219,"bicycle",0.483333333333333,3.77,"weekday",3,"40 to 64","3-5km","bicycle",3.77,0.483333333333333,3.38333333333333,3.38333333333333
"89647/1001",NA,89647,3771,"40-44 years","male",21,13138,"Other",283.161804199219,283.161804199219,"bicycle",0.5,3.77,"weekday",4,"40 to 64","3-5km","bicycle",3.77,0.5,3.5,3.5
"89648/1000",NA,89648,3772,"40-44 years","male",21,13139,"Other",387.342620849609,387.342620849609,"car",0.116666666666667,3.82,"weekday",1,"40 to 64","3-5km","bicycle",3.82,0.347272727272727,0.816666666666667,2.43090909090909
"89648/1000",NA,89648,3772,"40-44 years","male",21,13140,"Work",387.342620849609,387.342620849609,"car",1.33333333333333,31.56,"weekday",2,"40 to 64",">10km","car",31.56,1.33333333333333,9.33333333333333,9.33333333333333
"89648/1000",NA,89648,3772,"40-44 years","male",21,13141,"Other",387.342620849609,387.342620849609,"car",1,32.21,"weekday",3,"40 to 64",">10km","car",32.21,1,7,7
"89648/1000",NA,89648,3772,"40-44 years","male",21,13142,"Other",387.342620849609,387.342620849609,"car",0.116666666666667,3.91,"weekday",4,"40 to 64","3-5km","bicycle",3.91,0.355454545454545,0.816666666666667,2.48818181818182
"89652/1000",NA,89652,3773,"65-69 years","female",21,13143,"Other",330.075256347656,330.075256347656,"car",0.583333333333333,14.8,"weekday",1,"65 plus",">10km","car",14.8,0.583333333333333,4.08333333333333,4.08333333333333
"89652/1000",NA,89652,3773,"65-69 years","female",21,13144,"Other",330.075256347656,330.075256347656,"car",0.833333333333333,15.04,"weekday",2,"65 plus",">10km","car",15.04,0.833333333333333,5.83333333333333,5.83333333333333
"89652/1000",NA,89652,3773,"65-69 years","female",21,13145,"Leisure",330.075256347656,330.075256347656,"car",0.166666666666667,1.54,"weekday",3,"65 plus","1-2km","bicycle",1.54,0.14,1.16666666666667,0.98
"89652/1000",NA,89652,3773,"65-69 years","female",21,13146,"Leisure",330.075256347656,330.075256347656,"car",0.25,1.54,"weekday",4,"65 plus","1-2km","bicycle",1.54,0.14,1.75,0.98
"89652/1000",NA,89652,3773,"65-69 years","female",21,13147,"Leisure",330.075256347656,330.075256347656,"walking",0.0833333333333333,0.63,"weekday",5,"65 plus","<1km","walking",0.63,0.0833333333333333,0.583333333333333,0.583333333333333
"89652/1000",NA,89652,3773,"65-69 years","female",21,13148,"Leisure",330.075256347656,330.075256347656,"public.transport",0.366666666666667,10.67,"weekday",5,"65 plus",">10km","public.transport",10.67,0.366666666666667,2.56666666666667,2.56666666666667
"89652/1000",NA,89652,3773,"65-69 years","female",21,13149,"Leisure",330.075256347656,330.075256347656,"walking",0.383333333333333,2.13,"weekday",5,"65 plus","3-5km","walking",2.13,0.383333333333333,2.68333333333333,2.68333333333333
"89652/1000",NA,89652,3773,"65-69 years","female",21,13150,"Leisure",330.075256347656,330.075256347656,"walking",0.25,0.8,"weekday",6,"65 plus","<1km","walking",0.8,0.25,1.75,1.75
"89652/1000",NA,89652,3773,"65-69 years","female",21,13151,"Leisure",330.075256347656,330.075256347656,"public.transport",0.25,4.31,"weekday",6,"65 plus","3-5km","public.transport",4.31,0.25,1.75,1.75
"89652/1000",NA,89652,3773,"65-69 years","female",21,13152,"Leisure",330.075256347656,330.075256347656,"walking",0.15,0.92,"weekday",6,"65 plus","<1km","walking",0.92,0.15,1.05,1.05
"89652/1000",NA,89652,3773,"65-69 years","female",21,13153,"Leisure",330.075256347656,330.075256347656,"car",0.183333333333333,6.43,"weekday",6,"65 plus","6-10km","car",6.43,0.183333333333333,1.28333333333333,1.28333333333333
"89655/1000",NA,89655,3774,"75-79 years","male",21,13154,"Leisure",346.467559814453,346.467559814453,"car",0.25,2.39,"weekday",1,"65 plus","3-5km","bicycle",2.39,0.217272727272727,1.75,1.52090909090909
"89655/1000",NA,89655,3774,"75-79 years","male",21,13155,"Leisure",346.467559814453,346.467559814453,"car",0.25,2.39,"weekday",2,"65 plus","3-5km","bicycle",2.39,0.217272727272727,1.75,1.52090909090909
"89656/1000",NA,89656,3775,"40-44 years","male",21,13156,"Work",554.12841796875,554.12841796875,"car",0.5,11.98,"weekday",1,"40 to 64",">10km","car",11.98,0.5,3.5,3.5
"89656/1000",NA,89656,3775,"40-44 years","male",21,13157,"Other",554.12841796875,554.12841796875,"car",0.5,11.19,"weekday",2,"40 to 64",">10km","car",11.19,0.5,3.5,3.5
"89656/1000",NA,89656,3775,"40-44 years","male",21,13158,"Other",554.12841796875,554.12841796875,"car",0.166666666666667,1.15,"weekday",3,"40 to 64","1-2km","bicycle",1.15,0.104545454545455,1.16666666666667,0.731818181818182
"89656/1001",NA,89656,3776,"40-44 years","female",21,13159,"Other",575.516906738281,575.516906738281,"car",0.166666666666667,1.15,"weekday",1,"40 to 64","1-2km","bicycle",1.15,0.104545454545455,1.16666666666667,0.731818181818182
"89656/1001",NA,89656,3776,"40-44 years","female",21,13160,"Work",575.516906738281,575.516906738281,"car",0.25,12.57,"weekday",2,"40 to 64",">10km","car",12.57,0.25,1.75,1.75
"89656/1001",NA,89656,3776,"40-44 years","female",21,13161,"Work",575.516906738281,575.516906738281,"car",0.5,12.55,"weekday",3,"40 to 64",">10km","car",12.55,0.5,3.5,3.5
"89657/1000",NA,89657,3777,"75-79 years","female",21,13162,"Leisure",410.973388671875,410.973388671875,"car",0.45,13.17,"weekday",1,"65 plus",">10km","car",13.17,0.45,3.15,3.15
"89657/1000",NA,89657,3777,"75-79 years","female",21,13163,"Shopping",410.973388671875,410.973388671875,"car",0.333333333333333,11.99,"weekday",2,"65 plus",">10km","car",11.99,0.333333333333333,2.33333333333333,2.33333333333333
"89657/1000",NA,89657,3777,"75-79 years","female",21,13164,"Shopping",410.973388671875,410.973388671875,"public.transport",0.166666666666667,4.55,"weekday",3,"65 plus","3-5km","public.transport",4.55,0.166666666666667,1.16666666666667,1.16666666666667
"89657/1000",NA,89657,3777,"75-79 years","female",21,13165,"Shopping",410.973388671875,410.973388671875,"car",0.25,5.23,"weekday",4,"65 plus","6-10km","car",5.23,0.25,1.75,1.75
"89657/1000",NA,89657,3777,"75-79 years","female",21,13166,"Shopping",410.973388671875,410.973388671875,"car",0.333333333333333,4.55,"weekday",5,"65 plus","3-5km","bicycle",4.55,0.413636363636364,2.33333333333333,2.89545454545455
"89657/1001",NA,89657,3778,"75-79 years","male",21,13167,"Work",319.961029052734,319.961029052734,"public.transport",0.866666666666667,35.16,"weekday",1,"65 plus",">10km","public.transport",35.16,0.866666666666667,6.06666666666667,6.06666666666667
"89657/1001",NA,89657,3778,"75-79 years","male",21,13168,"Work",319.961029052734,319.961029052734,"car",0.85,35.03,"weekday",2,"65 plus",">10km","car",35.03,0.85,5.95,5.95
"89657/1001",NA,89657,3778,"75-79 years","male",21,13169,"Work",319.961029052734,319.961029052734,"car",0.15,1.71,"weekday",3,"65 plus","1-2km","bicycle",1.71,0.155454545454545,1.05,1.08818181818182
"89657/1001",NA,89657,3778,"75-79 years","male",21,13170,"Work",319.961029052734,319.961029052734,"car",0.2,1.69,"weekday",4,"65 plus","1-2km","bicycle",1.69,0.153636363636364,1.4,1.07545454545455
"89662/1002",NA,89662,3779,"35-39 years","female",21,13171,"Other",813.797668457031,813.797668457031,"car",0.5,11.66,"weekday",1,"20 to 39",">10km","car",11.66,0.5,3.5,3.5
"89662/1002",NA,89662,3779,"35-39 years","female",21,13172,"Other",813.797668457031,813.797668457031,"car",0.5,11.79,"weekday",2,"20 to 39",">10km","car",11.79,0.5,3.5,3.5
"89662/1002",NA,89662,3779,"35-39 years","female",21,13173,"Work",813.797668457031,813.797668457031,"car",0.0833333333333333,0.74,"weekday",3,"20 to 39","<1km","bicycle",0.74,0.0672727272727273,0.583333333333333,0.470909090909091
"89662/1002",NA,89662,3779,"35-39 years","female",21,13174,"Work",813.797668457031,813.797668457031,"car",0.0833333333333333,0.74,"weekday",4,"20 to 39","<1km","bicycle",0.74,0.0672727272727273,0.583333333333333,0.470909090909091
"89662/1003",NA,89662,3780,"40-44 years","male",21,13175,"Work",800.032165527344,800.032165527344,"car",0.5,25.32,"weekday",1,"40 to 64",">10km","car",25.32,0.5,3.5,3.5
"89662/1003",NA,89662,3780,"40-44 years","male",21,13176,"Work",800.032165527344,800.032165527344,"car",0.666666666666667,25.27,"weekday",2,"40 to 64",">10km","car",25.27,0.666666666666667,4.66666666666667,4.66666666666667
"89666/1000",NA,89666,3781,"65-69 years","female",21,13177,"Shopping",304.822784423828,304.822784423828,"car",0.25,5.34,"weekday",1,"65 plus","6-10km","car",5.34,0.25,1.75,1.75
"89666/1000",NA,89666,3781,"65-69 years","female",21,13178,"Shopping",304.822784423828,304.822784423828,"car",0.25,1.6,"weekday",2,"65 plus","1-2km","bicycle",1.6,0.145454545454545,1.75,1.01818181818182
"89666/1000",NA,89666,3781,"65-69 years","female",21,13179,"Leisure",304.822784423828,304.822784423828,"car",0.25,6.54,"weekday",3,"65 plus","6-10km","car",6.54,0.25,1.75,1.75
"89666/1000",NA,89666,3781,"65-69 years","female",21,13180,"Shopping",304.822784423828,304.822784423828,"car",0.416666666666667,17.03,"weekday",4,"65 plus",">10km","car",17.03,0.416666666666667,2.91666666666667,2.91666666666667
"89666/1000",NA,89666,3781,"65-69 years","female",21,13181,"Shopping",304.822784423828,304.822784423828,"car",1.5,99.85,"weekday",5,"65 plus",">10km","car",99.85,1.5,10.5,10.5
"89666/1001",NA,89666,3782,"65-69 years","male",21,13182,"Shopping",351.451293945312,351.451293945312,"car",0.25,5.34,"weekday",1,"65 plus","6-10km","car",5.34,0.25,1.75,1.75
"89666/1001",NA,89666,3782,"65-69 years","male",21,13183,"Other",351.451293945312,351.451293945312,"car",0.25,5.46,"weekday",2,"65 plus","6-10km","car",5.46,0.25,1.75,1.75
"89666/1001",NA,89666,3782,"65-69 years","male",21,13184,"Shopping",351.451293945312,351.451293945312,"walking",0.5,1.51,"weekday",3,"65 plus","1-2km","walking",1.51,0.5,3.5,3.5
"89666/1001",NA,89666,3782,"65-69 years","male",21,13185,"Other",351.451293945312,351.451293945312,"walking",0.5,1.51,"weekday",4,"65 plus","1-2km","walking",1.51,0.5,3.5,3.5
"89666/1001",NA,89666,3782,"65-69 years","male",21,13186,"Shopping",351.451293945312,351.451293945312,"car",0.416666666666667,17.03,"weekday",5,"65 plus",">10km","car",17.03,0.416666666666667,2.91666666666667,2.91666666666667
"89666/1001",NA,89666,3782,"65-69 years","male",21,13187,"Shopping",351.451293945312,351.451293945312,"car",1.5,99.85,"weekday",6,"65 plus",">10km","car",99.85,1.5,10.5,10.5
"89668/1000",NA,89668,3783,"50-54 years","male",21,13188,"Shopping",488.224273681641,488.224273681641,"car",0.166666666666667,2.03,"weekday",1,"40 to 64","3-5km","bicycle",2.03,0.184545454545455,1.16666666666667,1.29181818181818
"89668/1000",NA,89668,3783,"50-54 years","male",21,13189,"Shopping",488.224273681641,488.224273681641,"car",0.133333333333333,2.03,"weekday",2,"40 to 64","3-5km","bicycle",2.03,0.184545454545455,0.933333333333333,1.29181818181818
"89668/1000",NA,89668,3783,"50-54 years","male",21,13190,"Shopping",488.224273681641,488.224273681641,"car",0.0833333333333333,3.25,"weekday",3,"40 to 64","3-5km","bicycle",3.25,0.295454545454545,0.583333333333333,2.06818181818182
"89668/1000",NA,89668,3783,"50-54 years","male",21,13191,"Shopping",488.224273681641,488.224273681641,"car",0.166666666666667,3.25,"weekday",4,"40 to 64","3-5km","bicycle",3.25,0.295454545454545,1.16666666666667,2.06818181818182
"89668/1001",NA,89668,3784,"50-54 years","female",21,13192,"Other",484.974609375,484.974609375,"car",0.0333333333333333,1.54,"weekday",1,"40 to 64","1-2km","bicycle",1.54,0.14,0.233333333333333,0.98
"89668/1001",NA,89668,3784,"50-54 years","female",21,13193,"Other",484.974609375,484.974609375,"car",0.0333333333333333,1.54,"weekday",2,"40 to 64","1-2km","bicycle",1.54,0.14,0.233333333333333,0.98
"89668/1001",NA,89668,3784,"50-54 years","female",21,13194,"Work",484.974609375,484.974609375,"walking",0.133333333333333,0.38,"weekday",3,"40 to 64","<1km","walking",0.38,0.133333333333333,0.933333333333333,0.933333333333333
"89668/1001",NA,89668,3784,"50-54 years","female",21,13195,"Work",484.974609375,484.974609375,"public.transport",0.4,10.87,"weekday",3,"40 to 64",">10km","public.transport",10.87,0.4,2.8,2.8
"89668/1001",NA,89668,3784,"50-54 years","female",21,13196,"Work",484.974609375,484.974609375,"walking",0.15,0.87,"weekday",3,"40 to 64","<1km","walking",0.87,0.15,1.05,1.05
"89668/1001",NA,89668,3784,"50-54 years","female",21,13197,"Work",484.974609375,484.974609375,"walking",0.166666666666667,0.87,"weekday",4,"40 to 64","<1km","walking",0.87,0.166666666666667,1.16666666666667,1.16666666666667
"89668/1001",NA,89668,3784,"50-54 years","female",21,13198,"Work",484.974609375,484.974609375,"public.transport",0.416666666666667,10.87,"weekday",4,"40 to 64",">10km","public.transport",10.87,0.416666666666667,2.91666666666667,2.91666666666667
"89668/1001",NA,89668,3784,"50-54 years","female",21,13199,"Work",484.974609375,484.974609375,"walking",0.116666666666667,0.38,"weekday",4,"40 to 64","<1km","walking",0.38,0.116666666666667,0.816666666666667,0.816666666666667
"89668/1001",NA,89668,3784,"50-54 years","female",21,13200,"Shopping",484.974609375,484.974609375,"walking",0.166666666666667,1.02,"weekday",5,"40 to 64","1-2km","walking",1.02,0.166666666666667,1.16666666666667,1.16666666666667
"89668/1001",NA,89668,3784,"50-54 years","female",21,13201,"Shopping",484.974609375,484.974609375,"walking",0.166666666666667,1.02,"weekday",6,"40 to 64","1-2km","walking",1.02,0.166666666666667,1.16666666666667,1.16666666666667
"89668/1002",NA,89668,3785,"20-24 years","female",21,13202,"Work",856.685302734375,856.685302734375,"walking",0.166666666666667,0.38,"weekday",1,"20 to 39","<1km","walking",0.38,0.166666666666667,1.16666666666667,1.16666666666667
"89668/1002",NA,89668,3785,"20-24 years","female",21,13203,"Work",856.685302734375,856.685302734375,"public.transport",0.25,9.39,"weekday",1,"20 to 39","6-10km","public.transport",9.39,0.25,1.75,1.75
"89668/1002",NA,89668,3785,"20-24 years","female",21,13204,"Work",856.685302734375,856.685302734375,"walking",0.25,0.47,"weekday",1,"20 to 39","<1km","walking",0.47,0.25,1.75,1.75
"89668/1002",NA,89668,3785,"20-24 years","female",21,13205,"Shopping",856.685302734375,856.685302734375,"walking",0.333333333333333,0.72,"weekday",2,"20 to 39","<1km","walking",0.72,0.333333333333333,2.33333333333333,2.33333333333333
"89668/1002",NA,89668,3785,"20-24 years","female",21,13206,"Leisure",856.685302734375,856.685302734375,"walking",0.166666666666667,0.34,"weekday",3,"20 to 39","<1km","walking",0.34,0.166666666666667,1.16666666666667,1.16666666666667
"89668/1002",NA,89668,3785,"20-24 years","female",21,13207,"Leisure",856.685302734375,856.685302734375,"public.transport",0.166666666666667,2.29,"weekday",3,"20 to 39","3-5km","public.transport",2.29,0.166666666666667,1.16666666666667,1.16666666666667
"89668/1002",NA,89668,3785,"20-24 years","female",21,13208,"Leisure",856.685302734375,856.685302734375,"walking",0.25,0.96,"weekday",3,"20 to 39","<1km","walking",0.96,0.25,1.75,1.75
"89668/1003",NA,89668,3786,"15-19 years","female",21,13209,"Education",456.759735107422,456.759735107422,"car",0.0333333333333333,1.54,"weekday",1,"15 to 19","1-2km","bicycle",1.54,0.14,0.233333333333333,0.98
"89668/1003",NA,89668,3786,"15-19 years","female",21,13210,"Education",456.759735107422,456.759735107422,"walking",0.0833333333333333,1.02,"weekday",2,"15 to 19","1-2km","walking",1.02,0.0833333333333333,0.583333333333333,0.583333333333333
"89673/1000",NA,89673,3787,"55-59 years","female",21,13211,"Leisure",504.977630615234,504.977630615234,"walking",0.333333333333333,0.67,"weekday",1,"40 to 64","<1km","walking",0.67,0.333333333333333,2.33333333333333,2.33333333333333
"89673/1000",NA,89673,3787,"55-59 years","female",21,13212,"Leisure",504.977630615234,504.977630615234,"walking",0.416666666666667,0.67,"weekday",2,"40 to 64","<1km","walking",0.67,0.416666666666667,2.91666666666667,2.91666666666667
"89673/1000",NA,89673,3787,"55-59 years","female",21,13213,"Other",504.977630615234,504.977630615234,"car",0.333333333333333,8.52,"weekday",3,"40 to 64","6-10km","car",8.52,0.333333333333333,2.33333333333333,2.33333333333333
"89673/1000",NA,89673,3787,"55-59 years","female",21,13214,"Other",504.977630615234,504.977630615234,"car",0.416666666666667,8.61,"weekday",4,"40 to 64","6-10km","car",8.61,0.416666666666667,2.91666666666667,2.91666666666667
"89673/1000",NA,89673,3787,"55-59 years","female",21,13215,"Other",504.977630615234,504.977630615234,"car",0.166666666666667,2.87,"weekday",5,"40 to 64","3-5km","bicycle",2.87,0.260909090909091,1.16666666666667,1.82636363636364
"89673/1000",NA,89673,3787,"55-59 years","female",21,13216,"Other",504.977630615234,504.977630615234,"car",0.15,2.89,"weekday",6,"40 to 64","3-5km","bicycle",2.89,0.262727272727273,1.05,1.83909090909091
"89673/1000",NA,89673,3787,"55-59 years","female",21,13217,"Other",504.977630615234,504.977630615234,"car",0.133333333333333,0.88,"weekday",7,"40 to 64","<1km","bicycle",0.88,0.08,0.933333333333333,0.56
"89673/1000",NA,89673,3787,"55-59 years","female",21,13218,"Other",504.977630615234,504.977630615234,"car",0.116666666666667,0.88,"weekday",8,"40 to 64","<1km","bicycle",0.88,0.08,0.816666666666667,0.56
"89673/1000",NA,89673,3787,"55-59 years","female",21,13219,"Other",504.977630615234,504.977630615234,"car",0.133333333333333,2.87,"weekday",9,"40 to 64","3-5km","bicycle",2.87,0.260909090909091,0.933333333333333,1.82636363636364
"89673/1000",NA,89673,3787,"55-59 years","female",21,13220,"Other",504.977630615234,504.977630615234,"car",0.0666666666666667,2.89,"weekday",10,"40 to 64","3-5km","bicycle",2.89,0.262727272727273,0.466666666666667,1.83909090909091
"89673/1001",NA,89673,3788,"55-59 years","male",21,13221,"Leisure",532.142456054688,532.142456054688,"car",10,721.32,"weekday",1,"40 to 64",">10km","car",721.32,10,70,70
"89673/1002",NA,89673,3789,"15-19 years","female",21,13222,"Education",456.759735107422,456.759735107422,"walking",0.2,0.64,"weekday",1,"15 to 19","<1km","walking",0.64,0.2,1.4,1.4
"89673/1002",NA,89673,3789,"15-19 years","female",21,13223,"Education",456.759735107422,456.759735107422,"public.transport",0.216666666666667,3.41,"weekday",1,"15 to 19","3-5km","public.transport",3.41,0.216666666666667,1.51666666666667,1.51666666666667
"89673/1002",NA,89673,3789,"15-19 years","female",21,13224,"Education",456.759735107422,456.759735107422,"walking",0.25,1.33,"weekday",1,"15 to 19","1-2km","walking",1.33,0.25,1.75,1.75
"89673/1002",NA,89673,3789,"15-19 years","female",21,13225,"Education",456.759735107422,456.759735107422,"walking",0.2,1.33,"weekday",2,"15 to 19","1-2km","walking",1.33,0.2,1.4,1.4
"89673/1002",NA,89673,3789,"15-19 years","female",21,13226,"Education",456.759735107422,456.759735107422,"public.transport",0.25,3.41,"weekday",2,"15 to 19","3-5km","public.transport",3.41,0.25,1.75,1.75
"89673/1002",NA,89673,3789,"15-19 years","female",21,13227,"Education",456.759735107422,456.759735107422,"walking",0.1,0.64,"weekday",2,"15 to 19","<1km","walking",0.64,0.1,0.7,0.7
"89673/1002",NA,89673,3789,"15-19 years","female",21,13228,"Work",456.759735107422,456.759735107422,"car",0.166666666666667,2.87,"weekday",3,"15 to 19","3-5km","bicycle",2.87,0.260909090909091,1.16666666666667,1.82636363636364
"89673/1002",NA,89673,3789,"15-19 years","female",21,13229,"Work",456.759735107422,456.759735107422,"car",0.0666666666666667,2.89,"weekday",4,"15 to 19","3-5km","bicycle",2.89,0.262727272727273,0.466666666666667,1.83909090909091
"89674/1000",NA,89674,3790,"45-49 years","male",21,13230,"Shopping",708.6845703125,708.6845703125,"car",0.0833333333333333,0.7,"weekday",1,"40 to 64","<1km","bicycle",0.7,0.0636363636363636,0.583333333333333,0.445454545454545
"89674/1000",NA,89674,3790,"45-49 years","male",21,13231,"Shopping",708.6845703125,708.6845703125,"car",0.0833333333333333,0.7,"weekday",2,"40 to 64","<1km","bicycle",0.7,0.0636363636363636,0.583333333333333,0.445454545454545
"89675/1000",NA,89675,3791,"55-59 years","female",21,13232,"Shopping",468.386108398438,468.386108398438,"car",0.333333333333333,5.69,"weekday",1,"40 to 64","6-10km","car",5.69,0.333333333333333,2.33333333333333,2.33333333333333
"89675/1000",NA,89675,3791,"55-59 years","female",21,13233,"Shopping",468.386108398438,468.386108398438,"car",0.5,13.62,"weekday",2,"40 to 64",">10km","car",13.62,0.5,3.5,3.5
"89675/1000",NA,89675,3791,"55-59 years","female",21,13234,"Shopping",468.386108398438,468.386108398438,"car",0.5,8.35,"weekday",3,"40 to 64","6-10km","car",8.35,0.5,3.5,3.5
"89675/1000",NA,89675,3791,"55-59 years","female",21,13235,"Other",468.386108398438,468.386108398438,"car",0.166666666666667,5.87,"weekday",4,"40 to 64","6-10km","car",5.87,0.166666666666667,1.16666666666667,1.16666666666667
"89675/1000",NA,89675,3791,"55-59 years","female",21,13236,"Other",468.386108398438,468.386108398438,"car",0.166666666666667,6.25,"weekday",5,"40 to 64","6-10km","car",6.25,0.166666666666667,1.16666666666667,1.16666666666667
"89675/1001",NA,89675,3792,"20-24 years","male",21,13237,"Education",897.091674804688,897.091674804688,"car",0.583333333333333,11.33,"weekday",1,"20 to 39",">10km","car",11.33,0.583333333333333,4.08333333333333,4.08333333333333
"89675/1001",NA,89675,3792,"20-24 years","male",21,13238,"Education",897.091674804688,897.091674804688,"car",0.666666666666667,11.34,"weekday",2,"20 to 39",">10km","car",11.34,0.666666666666667,4.66666666666667,4.66666666666667
"89675/1001",NA,89675,3792,"20-24 years","male",21,13239,"Leisure",897.091674804688,897.091674804688,"car",0.5,12.08,"weekday",3,"20 to 39",">10km","car",12.08,0.5,3.5,3.5
"89677/1000",NA,89677,3793,"40-44 years","female",21,13240,"Other",575.516906738281,575.516906738281,"car",0.166666666666667,4.86,"weekday",1,"40 to 64","3-5km","bicycle",4.86,0.441818181818182,1.16666666666667,3.09272727272727
"89677/1000",NA,89677,3793,"40-44 years","female",21,13241,"Work",575.516906738281,575.516906738281,"car",0.333333333333333,8.9,"weekday",2,"40 to 64","6-10km","car",8.9,0.333333333333333,2.33333333333333,2.33333333333333
"89677/1000",NA,89677,3793,"40-44 years","female",21,13242,"Other",575.516906738281,575.516906738281,"car",0.333333333333333,8.31,"weekday",3,"40 to 64","6-10km","car",8.31,0.333333333333333,2.33333333333333,2.33333333333333
"89677/1000",NA,89677,3793,"40-44 years","female",21,13243,"Other",575.516906738281,575.516906738281,"car",0.166666666666667,5.53,"weekday",4,"40 to 64","6-10km","car",5.53,0.166666666666667,1.16666666666667,1.16666666666667
"89677/1001",NA,89677,3794,"35-39 years","male",21,13244,"Other",670.438781738281,670.438781738281,"walking",0.25,1.08,"weekday",1,"20 to 39","1-2km","walking",1.08,0.25,1.75,1.75
"89677/1001",NA,89677,3794,"35-39 years","male",21,13245,"Other",670.438781738281,670.438781738281,"walking",0.25,1.08,"weekday",2,"20 to 39","1-2km","walking",1.08,0.25,1.75,1.75
"89677/1001",NA,89677,3794,"35-39 years","male",21,13246,"Other",670.438781738281,670.438781738281,"walking",0.25,1.08,"weekday",3,"20 to 39","1-2km","walking",1.08,0.25,1.75,1.75
"89677/1001",NA,89677,3794,"35-39 years","male",21,13247,"Other",670.438781738281,670.438781738281,"walking",0.416666666666667,1.08,"weekday",4,"20 to 39","1-2km","walking",1.08,0.416666666666667,2.91666666666667,2.91666666666667
"89678/1000",NA,89678,3795,"65-69 years","female",21,13248,"Leisure",330.075256347656,330.075256347656,"walking",0.5,2.01,"weekday",1,"65 plus","3-5km","walking",2.01,0.5,3.5,3.5
"89678/1000",NA,89678,3795,"65-69 years","female",21,13249,"Leisure",330.075256347656,330.075256347656,"walking",0.666666666666667,2.01,"weekday",2,"65 plus","3-5km","walking",2.01,0.666666666666667,4.66666666666667,4.66666666666667
"89678/1000",NA,89678,3795,"65-69 years","female",21,13250,"Shopping",330.075256347656,330.075256347656,"car",0.166666666666667,4.11,"weekday",3,"65 plus","3-5km","bicycle",4.11,0.373636363636364,1.16666666666667,2.61545454545455
"89678/1000",NA,89678,3795,"65-69 years","female",21,13251,"Shopping",330.075256347656,330.075256347656,"car",0.166666666666667,2.94,"weekday",4,"65 plus","3-5km","bicycle",2.94,0.267272727272727,1.16666666666667,1.87090909090909
"89678/1000",NA,89678,3795,"65-69 years","female",21,13252,"Shopping",330.075256347656,330.075256347656,"car",0.25,6.86,"weekday",5,"65 plus","6-10km","car",6.86,0.25,1.75,1.75
"89682/1000",NA,89682,3796,"60-64 years","male",21,13253,"Leisure",112.358879089355,112.358879089355,"car",2.5,152.86,"weekday",1,"40 to 64",">10km","car",152.86,2.5,17.5,17.5
"89682/1000",NA,89682,3796,"60-64 years","male",21,13254,"Leisure",112.358879089355,112.358879089355,"car",2.5,153.22,"weekday",2,"40 to 64",">10km","car",153.22,2.5,17.5,17.5
"89687/1000",NA,89687,3797,"45-49 years","female",21,13255,"Work",141.117370605469,141.117370605469,"car",0.25,5.42,"weekday",1,"40 to 64","6-10km","car",5.42,0.25,1.75,1.75
"89687/1000",NA,89687,3797,"45-49 years","female",21,13256,"Work",141.117370605469,141.117370605469,"car",0.25,5.39,"weekday",2,"40 to 64","6-10km","car",5.39,0.25,1.75,1.75
"89688/1000",NA,89688,3798,"65-69 years","male",21,13257,"Shopping",141.843811035156,141.843811035156,"car",0.333333333333333,14.41,"weekday",1,"65 plus",">10km","car",14.41,0.333333333333333,2.33333333333333,2.33333333333333
"89688/1000",NA,89688,3798,"65-69 years","male",21,13258,"Shopping",141.843811035156,141.843811035156,"car",0.333333333333333,14.73,"weekday",2,"65 plus",">10km","car",14.73,0.333333333333333,2.33333333333333,2.33333333333333
"89688/1001",NA,89688,3799,"60-64 years","female",21,13259,"Shopping",170.002777099609,170.002777099609,"car",0.333333333333333,14.41,"weekday",1,"40 to 64",">10km","car",14.41,0.333333333333333,2.33333333333333,2.33333333333333
"89688/1001",NA,89688,3799,"60-64 years","female",21,13260,"Shopping",170.002777099609,170.002777099609,"car",0.333333333333333,14.73,"weekday",2,"40 to 64",">10km","car",14.73,0.333333333333333,2.33333333333333,2.33333333333333
"89689/1000",NA,89689,3800,"75-79 years","male",21,13261,"Leisure",83.445915222168,83.445915222168,"walking",0.25,0.67,"weekday",1,"65 plus","<1km","walking",0.67,0.25,1.75,1.75
"89689/1000",NA,89689,3800,"75-79 years","male",21,13262,"Leisure",83.445915222168,83.445915222168,"walking",0.25,0.67,"weekday",2,"65 plus","<1km","walking",0.67,0.25,1.75,1.75
"89698/1000",NA,89698,3801,"35-39 years","female",21,13263,"Other",126.796051025391,126.796051025391,"car",0.25,5.99,"weekday",1,"20 to 39","6-10km","car",5.99,0.25,1.75,1.75
"89698/1000",NA,89698,3801,"35-39 years","female",21,13264,"Shopping",126.796051025391,126.796051025391,"car",0.333333333333333,11.38,"weekday",2,"20 to 39",">10km","car",11.38,0.333333333333333,2.33333333333333,2.33333333333333
"89698/1000",NA,89698,3801,"35-39 years","female",21,13265,"Shopping",126.796051025391,126.796051025391,"car",0.416666666666667,14.31,"weekday",3,"20 to 39",">10km","car",14.31,0.416666666666667,2.91666666666667,2.91666666666667
"89698/1000",NA,89698,3801,"35-39 years","female",21,13266,"Leisure",126.796051025391,126.796051025391,"car",0.416666666666667,11.45,"weekday",4,"20 to 39",">10km","car",11.45,0.416666666666667,2.91666666666667,2.91666666666667
"89698/1000",NA,89698,3801,"35-39 years","female",21,13267,"Leisure",126.796051025391,126.796051025391,"car",0.333333333333333,11.98,"weekday",5,"20 to 39",">10km","car",11.98,0.333333333333333,2.33333333333333,2.33333333333333
"89698/1001",NA,89698,3802,"35-39 years","male",21,13268,"Work",163.832672119141,163.832672119141,"car",0.333333333333333,8.94,"weekday",1,"20 to 39","6-10km","car",8.94,0.333333333333333,2.33333333333333,2.33333333333333
"89698/1001",NA,89698,3802,"35-39 years","male",21,13269,"Work",163.832672119141,163.832672119141,"public.transport",0.666666666666667,19.2,"weekday",1,"20 to 39",">10km","public.transport",19.2,0.666666666666667,4.66666666666667,4.66666666666667
"89698/1001",NA,89698,3802,"35-39 years","male",21,13270,"Work",163.832672119141,163.832672119141,"walking",0.166666666666667,0.87,"weekday",1,"20 to 39","<1km","walking",0.87,0.166666666666667,1.16666666666667,1.16666666666667
"89698/1001",NA,89698,3802,"35-39 years","male",21,13271,"Work",163.832672119141,163.832672119141,"walking",0.25,0.87,"weekday",2,"20 to 39","<1km","walking",0.87,0.25,1.75,1.75
"89698/1001",NA,89698,3802,"35-39 years","male",21,13272,"Work",163.832672119141,163.832672119141,"public.transport",0.583333333333333,19.2,"weekday",2,"20 to 39",">10km","public.transport",19.2,0.583333333333333,4.08333333333333,4.08333333333333
"89698/1001",NA,89698,3802,"35-39 years","male",21,13273,"Work",163.832672119141,163.832672119141,"car",0.5,8.98,"weekday",2,"20 to 39","6-10km","car",8.98,0.5,3.5,3.5
"89699/1000",NA,89699,3803,"75-79 years","female",21,13274,"Shopping",98.6386184692383,98.6386184692383,"car",0.166666666666667,6.1,"weekday",1,"65 plus","6-10km","car",6.1,0.166666666666667,1.16666666666667,1.16666666666667
"89699/1000",NA,89699,3803,"75-79 years","female",21,13275,"Shopping",98.6386184692383,98.6386184692383,"car",0.166666666666667,6.07,"weekday",2,"65 plus","6-10km","car",6.07,0.166666666666667,1.16666666666667,1.16666666666667
"89699/1000",NA,89699,3803,"75-79 years","female",21,13276,"Shopping",98.6386184692383,98.6386184692383,"car",0.166666666666667,4.03,"weekday",3,"65 plus","3-5km","bicycle",4.03,0.366363636363636,1.16666666666667,2.56454545454545
"89699/1000",NA,89699,3803,"75-79 years","female",21,13277,"Shopping",98.6386184692383,98.6386184692383,"car",0.166666666666667,4.04,"weekday",4,"65 plus","3-5km","bicycle",4.04,0.367272727272727,1.16666666666667,2.57090909090909
"89699/1000",NA,89699,3803,"75-79 years","female",21,13278,"Other",98.6386184692383,98.6386184692383,"car",0.2,2.52,"weekday",5,"65 plus","3-5km","bicycle",2.52,0.229090909090909,1.4,1.60363636363636
"89699/1000",NA,89699,3803,"75-79 years","female",21,13279,"Other",98.6386184692383,98.6386184692383,"car",0.166666666666667,2.55,"weekday",6,"65 plus","3-5km","bicycle",2.55,0.231818181818182,1.16666666666667,1.62272727272727
"89699/1001",NA,89699,3804,"80-84 years","male",21,13280,"Other",196.927795410156,196.927795410156,"car",0.166666666666667,6.1,"weekday",1,"65 plus","6-10km","car",6.1,0.166666666666667,1.16666666666667,1.16666666666667
"89699/1001",NA,89699,3804,"80-84 years","male",21,13281,"Other",196.927795410156,196.927795410156,"car",0.166666666666667,6.07,"weekday",2,"65 plus","6-10km","car",6.07,0.166666666666667,1.16666666666667,1.16666666666667
"89699/1001",NA,89699,3804,"80-84 years","male",21,13282,"Other",196.927795410156,196.927795410156,"car",0.166666666666667,4.03,"weekday",3,"65 plus","3-5km","bicycle",4.03,0.366363636363636,1.16666666666667,2.56454545454545
"89699/1001",NA,89699,3804,"80-84 years","male",21,13283,"Other",196.927795410156,196.927795410156,"car",0.166666666666667,4.04,"weekday",4,"65 plus","3-5km","bicycle",4.04,0.367272727272727,1.16666666666667,2.57090909090909
"89702/1000",NA,89702,3805,"35-39 years","female",21,13284,"Other",134.685974121094,134.685974121094,"car",0.166666666666667,3.24,"weekday",1,"20 to 39","3-5km","bicycle",3.24,0.294545454545455,1.16666666666667,2.06181818181818
"89702/1000",NA,89702,3805,"35-39 years","female",21,13285,"Other",134.685974121094,134.685974121094,"car",0.166666666666667,2.71,"weekday",2,"20 to 39","3-5km","bicycle",2.71,0.246363636363636,1.16666666666667,1.72454545454545
"89702/1000",NA,89702,3805,"35-39 years","female",21,13286,"Work",134.685974121094,134.685974121094,"car",0.416666666666667,13.11,"weekday",3,"20 to 39",">10km","car",13.11,0.416666666666667,2.91666666666667,2.91666666666667
"89702/1000",NA,89702,3805,"35-39 years","female",21,13287,"Leisure",134.685974121094,134.685974121094,"car",0.25,6.15,"weekday",4,"20 to 39","6-10km","car",6.15,0.25,1.75,1.75
"89702/1000",NA,89702,3805,"35-39 years","female",21,13288,"Leisure",134.685974121094,134.685974121094,"car",0.333333333333333,9.18,"weekday",5,"20 to 39","6-10km","car",9.18,0.333333333333333,2.33333333333333,2.33333333333333
"89702/1000",NA,89702,3805,"35-39 years","female",21,13289,"Other",134.685974121094,134.685974121094,"car",0.0666666666666667,0.77,"weekday",6,"20 to 39","<1km","bicycle",0.77,0.07,0.466666666666667,0.49
"89702/1000",NA,89702,3805,"35-39 years","female",21,13290,"Other",134.685974121094,134.685974121094,"car",0.25,2.72,"weekday",7,"20 to 39","3-5km","bicycle",2.72,0.247272727272727,1.75,1.73090909090909
"89702/1000",NA,89702,3805,"35-39 years","female",21,13291,"Other",134.685974121094,134.685974121094,"car",0.25,3.23,"weekday",8,"20 to 39","3-5km","bicycle",3.23,0.293636363636364,1.75,2.05545454545455
"89702/1000",NA,89702,3805,"35-39 years","female",21,13292,"Other",134.685974121094,134.685974121094,"car",0.333333333333333,13.18,"weekday",9,"20 to 39",">10km","car",13.18,0.333333333333333,2.33333333333333,2.33333333333333
"89702/1000",NA,89702,3805,"35-39 years","female",21,13293,"Other",134.685974121094,134.685974121094,"car",0.733333333333333,14.24,"weekday",10,"20 to 39",">10km","car",14.24,0.733333333333333,5.13333333333333,5.13333333333333
"89702/1000",NA,89702,3805,"35-39 years","female",21,13294,"Other",134.685974121094,134.685974121094,"car",0.916666666666667,24.55,"weekday",11,"20 to 39",">10km","car",24.55,0.916666666666667,6.41666666666667,6.41666666666667
"89702/1001",NA,89702,3806,"35-39 years","male",21,13295,"Work",174.027191162109,174.027191162109,"car",0.166666666666667,7.89,"weekday",1,"20 to 39","6-10km","car",7.89,0.166666666666667,1.16666666666667,1.16666666666667
"89702/1001",NA,89702,3806,"35-39 years","male",21,13296,"Work",174.027191162109,174.027191162109,"car",0.166666666666667,7.92,"weekday",2,"20 to 39","6-10km","car",7.92,0.166666666666667,1.16666666666667,1.16666666666667
"89702/1001",NA,89702,3806,"35-39 years","male",21,13297,"Leisure",174.027191162109,174.027191162109,"car",0.5,16.43,"weekday",3,"20 to 39",">10km","car",16.43,0.5,3.5,3.5
"89702/1001",NA,89702,3806,"35-39 years","male",21,13298,"Leisure",174.027191162109,174.027191162109,"car",0.333333333333333,16.28,"weekday",4,"20 to 39",">10km","car",16.28,0.333333333333333,2.33333333333333,2.33333333333333
"89705/1000",NA,89705,3807,"45-49 years","male",21,13299,"Other",146.615966796875,146.615966796875,"car",0.55,13.3,"weekday",1,"40 to 64",">10km","car",13.3,0.55,3.85,3.85
"89705/1000",NA,89705,3807,"45-49 years","male",21,13300,"Leisure",146.615966796875,146.615966796875,"car",0.316666666666667,8.15,"weekday",2,"40 to 64","6-10km","car",8.15,0.316666666666667,2.21666666666667,2.21666666666667
"89705/1000",NA,89705,3807,"45-49 years","male",21,13301,"Leisure",146.615966796875,146.615966796875,"car",0.433333333333333,15.76,"weekday",3,"40 to 64",">10km","car",15.76,0.433333333333333,3.03333333333333,3.03333333333333
"89705/1000",NA,89705,3807,"45-49 years","male",21,13302,"Leisure",146.615966796875,146.615966796875,"car",3,165.29,"weekday",4,"40 to 64",">10km","car",165.29,3,21,21
"89705/1001",NA,89705,3808,"35-39 years","female",21,13303,"Other",108.65584564209,108.65584564209,"car",0.55,13.3,"weekday",1,"20 to 39",">10km","car",13.3,0.55,3.85,3.85
"89705/1001",NA,89705,3808,"35-39 years","female",21,13304,"Leisure",108.65584564209,108.65584564209,"car",0.316666666666667,8.15,"weekday",2,"20 to 39","6-10km","car",8.15,0.316666666666667,2.21666666666667,2.21666666666667
"89705/1001",NA,89705,3808,"35-39 years","female",21,13305,"Leisure",108.65584564209,108.65584564209,"car",0.433333333333333,15.76,"weekday",3,"20 to 39",">10km","car",15.76,0.433333333333333,3.03333333333333,3.03333333333333
"89705/1001",NA,89705,3808,"35-39 years","female",21,13306,"Leisure",108.65584564209,108.65584564209,"car",3,165.29,"weekday",4,"20 to 39",">10km","car",165.29,3,21,21
"89707/1000",NA,89707,3809,"80-84 years","female",21,13307,"Shopping",129.762084960938,129.762084960938,"car",0.333333333333333,9.95,"weekday",1,"65 plus","6-10km","car",9.95,0.333333333333333,2.33333333333333,2.33333333333333
"89707/1000",NA,89707,3809,"80-84 years","female",21,13308,"Leisure",129.762084960938,129.762084960938,"car",0.0333333333333333,0.46,"weekday",2,"65 plus","<1km","bicycle",0.46,0.0418181818181818,0.233333333333333,0.292727272727273
"89707/1000",NA,89707,3809,"80-84 years","female",21,13309,"Leisure",129.762084960938,129.762084960938,"car",0.333333333333333,9.38,"weekday",3,"65 plus","6-10km","car",9.38,0.333333333333333,2.33333333333333,2.33333333333333
"89708/1000",NA,89708,3810,"35-39 years","male",21,13310,"Work",174.027191162109,174.027191162109,"car",0.7,30.14,"weekday",1,"20 to 39",">10km","car",30.14,0.7,4.9,4.9
"89708/1000",NA,89708,3810,"35-39 years","male",21,13311,"Work",174.027191162109,174.027191162109,"car",0.5,30.05,"weekday",2,"20 to 39",">10km","car",30.05,0.5,3.5,3.5
"89708/1000",NA,89708,3810,"35-39 years","male",21,13312,"Leisure",174.027191162109,174.027191162109,"car",0.5,20.9,"weekday",3,"20 to 39",">10km","car",20.9,0.5,3.5,3.5
"89708/1000",NA,89708,3810,"35-39 years","male",21,13313,"Leisure",174.027191162109,174.027191162109,"car",0.5,21.03,"weekday",4,"20 to 39",">10km","car",21.03,0.5,3.5,3.5
"89708/1001",NA,89708,3811,"35-39 years","female",21,13314,"Other",134.685974121094,134.685974121094,"car",0.25,5.51,"weekday",1,"20 to 39","6-10km","car",5.51,0.25,1.75,1.75
"89708/1001",NA,89708,3811,"35-39 years","female",21,13315,"Other",134.685974121094,134.685974121094,"car",0.166666666666667,5.53,"weekday",2,"20 to 39","6-10km","car",5.53,0.166666666666667,1.16666666666667,1.16666666666667
"89708/1001",NA,89708,3811,"35-39 years","female",21,13316,"Other",134.685974121094,134.685974121094,"car",0.166666666666667,5.51,"weekday",3,"20 to 39","6-10km","car",5.51,0.166666666666667,1.16666666666667,1.16666666666667
"89708/1001",NA,89708,3811,"35-39 years","female",21,13317,"Other",134.685974121094,134.685974121094,"car",0.166666666666667,5.53,"weekday",4,"20 to 39","6-10km","car",5.53,0.166666666666667,1.16666666666667,1.16666666666667
"89708/1001",NA,89708,3811,"35-39 years","female",21,13318,"Leisure",134.685974121094,134.685974121094,"car",0.5,20.9,"weekday",5,"20 to 39",">10km","car",20.9,0.5,3.5,3.5
"89708/1001",NA,89708,3811,"35-39 years","female",21,13319,"Leisure",134.685974121094,134.685974121094,"car",0.5,21.03,"weekday",6,"20 to 39",">10km","car",21.03,0.5,3.5,3.5
"89715/1000",NA,89715,3812,"50-54 years","female",21,13320,"Other",211.326843261719,211.326843261719,"car",0.216666666666667,4.2,"weekday",1,"40 to 64","3-5km","bicycle",4.2,0.381818181818182,1.51666666666667,2.67272727272727
"89715/1000",NA,89715,3812,"50-54 years","female",21,13321,"Other",211.326843261719,211.326843261719,"car",0.2,5.53,"weekday",2,"40 to 64","6-10km","car",5.53,0.2,1.4,1.4
"89715/1000",NA,89715,3812,"50-54 years","female",21,13322,"Other",211.326843261719,211.326843261719,"car",0.216666666666667,4.2,"weekday",3,"40 to 64","3-5km","bicycle",4.2,0.381818181818182,1.51666666666667,2.67272727272727
"89715/1000",NA,89715,3812,"50-54 years","female",21,13323,"Other",211.326843261719,211.326843261719,"car",0.366666666666667,5.53,"weekday",4,"40 to 64","6-10km","car",5.53,0.366666666666667,2.56666666666667,2.56666666666667
"89715/1001",NA,89715,3813,"45-49 years","male",21,13324,"Work",222.079360961914,222.079360961914,"car",0.733333333333333,25.08,"weekday",1,"40 to 64",">10km","car",25.08,0.733333333333333,5.13333333333333,5.13333333333333
"89715/1001",NA,89715,3813,"45-49 years","male",21,13325,"Work",222.079360961914,222.079360961914,"car",0.933333333333333,25.68,"weekday",2,"40 to 64",">10km","car",25.68,0.933333333333333,6.53333333333333,6.53333333333333
"89717/1000",NA,89717,3814,"25-29 years","female",21,13326,"Work",220.279357910156,220.279357910156,"car",0.283333333333333,13.12,"weekday",1,"20 to 39",">10km","car",13.12,0.283333333333333,1.98333333333333,1.98333333333333
"89717/1000",NA,89717,3814,"25-29 years","female",21,13327,"Work",220.279357910156,220.279357910156,"car",0.35,14.01,"weekday",2,"20 to 39",">10km","car",14.01,0.35,2.45,2.45
"89717/1000",NA,89717,3814,"25-29 years","female",21,13328,"Work",220.279357910156,220.279357910156,"car",0.05,0.63,"weekday",3,"20 to 39","<1km","bicycle",0.63,0.0572727272727273,0.35,0.400909090909091
"89717/1000",NA,89717,3814,"25-29 years","female",21,13329,"Work",220.279357910156,220.279357910156,"car",0.25,3.86,"weekday",4,"20 to 39","3-5km","bicycle",3.86,0.350909090909091,1.75,2.45636363636364
"89720/1000",NA,89720,3815,"35-39 years","male",21,13330,"Work",148.682647705078,148.682647705078,"other",1,30.34,"weekday",1,"20 to 39",">10km","other",30.34,1,7,7
"89720/1000",NA,89720,3815,"35-39 years","male",21,13331,"Work",148.682647705078,148.682647705078,"other",0.7,30.9,"weekday",2,"20 to 39",">10km","other",30.9,0.7,4.9,4.9
"89721/1001",NA,89721,3816,"60-64 years","male",21,13332,"Work",144.323944091797,144.323944091797,"car",0.666666666666667,25.61,"weekday",1,"40 to 64",">10km","car",25.61,0.666666666666667,4.66666666666667,4.66666666666667
"89721/1001",NA,89721,3816,"60-64 years","male",21,13333,"Work",144.323944091797,144.323944091797,"car",0.75,26.21,"weekday",2,"40 to 64",">10km","car",26.21,0.75,5.25,5.25
"89725/1000",NA,89725,3817,"25-29 years","female",21,13334,"Shopping",261.276580810547,261.276580810547,"car",0.116666666666667,3.62,"weekday",1,"20 to 39","3-5km","bicycle",3.62,0.329090909090909,0.816666666666667,2.30363636363636
"89725/1000",NA,89725,3817,"25-29 years","female",21,13335,"Shopping",261.276580810547,261.276580810547,"car",0.166666666666667,3.64,"weekday",2,"20 to 39","3-5km","bicycle",3.64,0.330909090909091,1.16666666666667,2.31636363636364
"89725/1000",NA,89725,3817,"25-29 years","female",21,13336,"Shopping",261.276580810547,261.276580810547,"car",0.0833333333333333,6.56,"weekday",3,"20 to 39","6-10km","car",6.56,0.0833333333333333,0.583333333333333,0.583333333333333
"89725/1000",NA,89725,3817,"25-29 years","female",21,13337,"Shopping",261.276580810547,261.276580810547,"car",0.0833333333333333,7.22,"weekday",4,"20 to 39","6-10km","car",7.22,0.0833333333333333,0.583333333333333,0.583333333333333
"89725/1001",NA,89725,3818,"30-34 years","male",21,13338,"Work",203.662582397461,203.662582397461,"car",0.75,46.37,"weekday",1,"20 to 39",">10km","car",46.37,0.75,5.25,5.25
"89725/1001",NA,89725,3818,"30-34 years","male",21,13339,"Work",203.662582397461,203.662582397461,"car",1,47.19,"weekday",2,"20 to 39",">10km","car",47.19,1,7,7
"89727/1000",NA,89727,3819,"40-44 years","female",21,13340,"Other",315.374176025391,315.374176025391,"car",0.5,16.35,"weekday",1,"40 to 64",">10km","car",16.35,0.5,3.5,3.5
"89727/1000",NA,89727,3819,"40-44 years","female",21,13341,"Work",315.374176025391,315.374176025391,"car",0.416666666666667,18.93,"weekday",2,"40 to 64",">10km","car",18.93,0.416666666666667,2.91666666666667,2.91666666666667
"89727/1000",NA,89727,3819,"40-44 years","female",21,13342,"Work",315.374176025391,315.374176025391,"car",0.166666666666667,4.61,"weekday",3,"40 to 64","3-5km","bicycle",4.61,0.419090909090909,1.16666666666667,2.93363636363636
"89727/1000",NA,89727,3819,"40-44 years","female",21,13343,"Other",315.374176025391,315.374176025391,"car",0.0666666666666667,0.66,"weekday",4,"40 to 64","<1km","bicycle",0.66,0.06,0.466666666666667,0.42
"89727/1000",NA,89727,3819,"40-44 years","female",21,13344,"Shopping",315.374176025391,315.374176025391,"car",1,30.07,"weekday",5,"40 to 64",">10km","car",30.07,1,7,7
"89727/1000",NA,89727,3819,"40-44 years","female",21,13345,"Shopping",315.374176025391,315.374176025391,"car",0.5,30.4,"weekday",6,"40 to 64",">10km","car",30.4,0.5,3.5,3.5
"89727/1001",NA,89727,3820,"45-49 years","male",21,13346,"Work",269.638153076172,269.638153076172,"car",0.5,19.99,"weekday",1,"40 to 64",">10km","car",19.99,0.5,3.5,3.5
"89727/1001",NA,89727,3820,"45-49 years","male",21,13347,"Other",269.638153076172,269.638153076172,"car",0.25,5.12,"weekday",2,"40 to 64","6-10km","car",5.12,0.25,1.75,1.75
"89727/1001",NA,89727,3820,"45-49 years","male",21,13348,"Other",269.638153076172,269.638153076172,"car",0.333333333333333,17.03,"weekday",3,"40 to 64",">10km","car",17.03,0.333333333333333,2.33333333333333,2.33333333333333
"89727/1002",NA,89727,3821,"15-19 years","male",21,13349,"Education",317.808868408203,317.808868408203,"car",0.5,16.35,"weekday",1,"15 to 19",">10km","car",16.35,0.5,3.5,3.5
"89727/1002",NA,89727,3821,"15-19 years","male",21,13350,"Education",317.808868408203,317.808868408203,"car",0.333333333333333,17.03,"weekday",2,"15 to 19",">10km","car",17.03,0.333333333333333,2.33333333333333,2.33333333333333
"89727/1002",NA,89727,3821,"15-19 years","male",21,13351,"Other",317.808868408203,317.808868408203,"car",0.0666666666666667,0.66,"weekday",3,"15 to 19","<1km","bicycle",0.66,0.06,0.466666666666667,0.42
"89727/1002",NA,89727,3821,"15-19 years","male",21,13352,"Shopping",317.808868408203,317.808868408203,"car",1,30.07,"weekday",4,"15 to 19",">10km","car",30.07,1,7,7
"89727/1002",NA,89727,3821,"15-19 years","male",21,13353,"Shopping",317.808868408203,317.808868408203,"car",0.5,30.4,"weekday",5,"15 to 19",">10km","car",30.4,0.5,3.5,3.5
"89727/1003",NA,89727,3822,"15-19 years","male",21,13354,"Education",317.808868408203,317.808868408203,"car",0.5,16.35,"weekday",1,"15 to 19",">10km","car",16.35,0.5,3.5,3.5
"89727/1003",NA,89727,3822,"15-19 years","male",21,13355,"Education",317.808868408203,317.808868408203,"car",0.333333333333333,17.03,"weekday",2,"15 to 19",">10km","car",17.03,0.333333333333333,2.33333333333333,2.33333333333333
"89727/1004",NA,89727,3823,"15-19 years","male",21,13356,"Education",317.808868408203,317.808868408203,"car",0.5,16.35,"weekday",1,"15 to 19",">10km","car",16.35,0.5,3.5,3.5
"89727/1004",NA,89727,3823,"15-19 years","male",21,13357,"Education",317.808868408203,317.808868408203,"car",0.333333333333333,17.03,"weekday",2,"15 to 19",">10km","car",17.03,0.333333333333333,2.33333333333333,2.33333333333333
"89729/1000",NA,89729,3824,"40-44 years","female",21,13358,"Other",259.748474121094,259.748474121094,"car",0.416666666666667,9.13,"weekday",1,"40 to 64","6-10km","car",9.13,0.416666666666667,2.91666666666667,2.91666666666667
"89729/1000",NA,89729,3824,"40-44 years","female",21,13359,"Other",259.748474121094,259.748474121094,"car",0.333333333333333,9.59,"weekday",2,"40 to 64","6-10km","car",9.59,0.333333333333333,2.33333333333333,2.33333333333333
"89729/1000",NA,89729,3824,"40-44 years","female",21,13360,"Other",259.748474121094,259.748474121094,"car",0.25,6.21,"weekday",3,"40 to 64","6-10km","car",6.21,0.25,1.75,1.75
"89729/1000",NA,89729,3824,"40-44 years","female",21,13361,"Other",259.748474121094,259.748474121094,"car",0.416666666666667,4.07,"weekday",4,"40 to 64","3-5km","bicycle",4.07,0.37,2.91666666666667,2.59
"89729/1000",NA,89729,3824,"40-44 years","female",21,13362,"Other",259.748474121094,259.748474121094,"car",0.25,5.68,"weekday",5,"40 to 64","6-10km","car",5.68,0.25,1.75,1.75
"89729/1000",NA,89729,3824,"40-44 years","female",21,13363,"Other",259.748474121094,259.748474121094,"car",0.25,10.83,"weekday",6,"40 to 64",">10km","car",10.83,0.25,1.75,1.75
"89729/1000",NA,89729,3824,"40-44 years","female",21,13364,"Other",259.748474121094,259.748474121094,"car",0.416666666666667,9.58,"weekday",7,"40 to 64","6-10km","car",9.58,0.416666666666667,2.91666666666667,2.91666666666667
"89729/1000",NA,89729,3824,"40-44 years","female",21,13365,"Other",259.748474121094,259.748474121094,"car",0.25,8.77,"weekday",8,"40 to 64","6-10km","car",8.77,0.25,1.75,1.75
"89729/1000",NA,89729,3824,"40-44 years","female",21,13366,"Other",259.748474121094,259.748474121094,"car",0.166666666666667,4.28,"weekday",9,"40 to 64","3-5km","bicycle",4.28,0.389090909090909,1.16666666666667,2.72363636363636
"89729/1000",NA,89729,3824,"40-44 years","female",21,13367,"Other",259.748474121094,259.748474121094,"car",0.25,3.96,"weekday",10,"40 to 64","3-5km","bicycle",3.96,0.36,1.75,2.52
"89729/1000",NA,89729,3824,"40-44 years","female",21,13368,"Other",259.748474121094,259.748474121094,"car",0.333333333333333,15.88,"weekday",11,"40 to 64",">10km","car",15.88,0.333333333333333,2.33333333333333,2.33333333333333
"89729/1000",NA,89729,3824,"40-44 years","female",21,13369,"Other",259.748474121094,259.748474121094,"car",0.416666666666667,4.12,"weekday",12,"40 to 64","3-5km","bicycle",4.12,0.374545454545455,2.91666666666667,2.62181818181818
"89729/1000",NA,89729,3824,"40-44 years","female",21,13370,"Other",259.748474121094,259.748474121094,"car",0.666666666666667,19.86,"weekday",13,"40 to 64",">10km","car",19.86,0.666666666666667,4.66666666666667,4.66666666666667
"89729/1001",NA,89729,3825,"40-44 years","male",21,13371,"Work",369.611175537109,369.611175537109,"car",0.666666666666667,32.11,"weekday",1,"40 to 64",">10km","car",32.11,0.666666666666667,4.66666666666667,4.66666666666667
"89729/1001",NA,89729,3825,"40-44 years","male",21,13372,"Work",369.611175537109,369.611175537109,"car",0.916666666666667,32.72,"weekday",2,"40 to 64",">10km","car",32.72,0.916666666666667,6.41666666666667,6.41666666666667
"89730/1000",NA,89730,3826,"40-44 years","female",21,13373,"Other",259.748474121094,259.748474121094,"car",0.216666666666667,4.03,"weekday",1,"40 to 64","3-5km","bicycle",4.03,0.366363636363636,1.51666666666667,2.56454545454545
"89730/1000",NA,89730,3826,"40-44 years","female",21,13374,"Other",259.748474121094,259.748474121094,"car",0.116666666666667,3.87,"weekday",2,"40 to 64","3-5km","bicycle",3.87,0.351818181818182,0.816666666666667,2.46272727272727
"89730/1000",NA,89730,3826,"40-44 years","female",21,13375,"Other",259.748474121094,259.748474121094,"car",0.3,5.7,"weekday",3,"40 to 64","6-10km","car",5.7,0.3,2.1,2.1
"89730/1000",NA,89730,3826,"40-44 years","female",21,13376,"Other",259.748474121094,259.748474121094,"car",0.0833333333333333,4.03,"weekday",4,"40 to 64","3-5km","bicycle",4.03,0.366363636363636,0.583333333333333,2.56454545454545
"89730/1000",NA,89730,3826,"40-44 years","female",21,13377,"Other",259.748474121094,259.748474121094,"car",0.116666666666667,3.87,"weekday",5,"40 to 64","3-5km","bicycle",3.87,0.351818181818182,0.816666666666667,2.46272727272727
"89730/1000",NA,89730,3826,"40-44 years","female",21,13378,"Other",259.748474121094,259.748474121094,"car",0.133333333333333,5.7,"weekday",6,"40 to 64","6-10km","car",5.7,0.133333333333333,0.933333333333333,0.933333333333333
"89730/1001",NA,89730,3827,"50-54 years","male",21,13379,"Work",205.661956787109,205.661956787109,"car",0.5,13.74,"weekday",1,"40 to 64",">10km","car",13.74,0.5,3.5,3.5
"89730/1001",NA,89730,3827,"50-54 years","male",21,13380,"Work",205.661956787109,205.661956787109,"car",0.5,15.8,"weekday",2,"40 to 64",">10km","car",15.8,0.5,3.5,3.5
"89731/1000",NA,89731,3828,"30-34 years","male",21,13381,"Work",139.366546630859,139.366546630859,"car",0.5,26.2,"weekday",1,"20 to 39",">10km","car",26.2,0.5,3.5,3.5
"89731/1000",NA,89731,3828,"30-34 years","male",21,13382,"Work",139.366546630859,139.366546630859,"car",0.5,15.33,"weekday",2,"20 to 39",">10km","car",15.33,0.5,3.5,3.5
"89731/1000",NA,89731,3828,"30-34 years","male",21,13383,"Work",139.366546630859,139.366546630859,"car",0.666666666666667,37.01,"weekday",3,"20 to 39",">10km","car",37.01,0.666666666666667,4.66666666666667,4.66666666666667
"89731/1004",NA,89731,3829,"30-34 years","female",21,13384,"Other",190.952270507812,190.952270507812,"car",0.5,13.52,"weekday",1,"20 to 39",">10km","car",13.52,0.5,3.5,3.5
"89731/1004",NA,89731,3829,"30-34 years","female",21,13385,"Work",190.952270507812,190.952270507812,"car",0.25,4.44,"weekday",2,"20 to 39","3-5km","bicycle",4.44,0.403636363636364,1.75,2.82545454545455
"89731/1004",NA,89731,3829,"30-34 years","female",21,13386,"Other",190.952270507812,190.952270507812,"car",0.25,4.82,"weekday",3,"20 to 39","3-5km","bicycle",4.82,0.438181818181818,1.75,3.06727272727273
"89731/1004",NA,89731,3829,"30-34 years","female",21,13387,"Other",190.952270507812,190.952270507812,"car",0.5,13.54,"weekday",4,"20 to 39",">10km","car",13.54,0.5,3.5,3.5
"89734/1000",NA,89734,3830,"35-39 years","male",21,13388,"Education",148.682647705078,148.682647705078,"car",0.333333333333333,6.68,"weekday",1,"20 to 39","6-10km","car",6.68,0.333333333333333,2.33333333333333,2.33333333333333
"89734/1000",NA,89734,3830,"35-39 years","male",21,13389,"Education",148.682647705078,148.682647705078,"car",0.333333333333333,7,"weekday",2,"20 to 39","6-10km","car",7,0.333333333333333,2.33333333333333,2.33333333333333
"89734/1001",NA,89734,3831,"30-34 years","female",21,13390,"Other",190.952270507812,190.952270507812,"car",0.166666666666667,2.8,"weekday",1,"20 to 39","3-5km","bicycle",2.8,0.254545454545455,1.16666666666667,1.78181818181818
"89734/1001",NA,89734,3831,"30-34 years","female",21,13391,"Work",190.952270507812,190.952270507812,"car",0.25,3.49,"weekday",2,"20 to 39","3-5km","bicycle",3.49,0.317272727272727,1.75,2.22090909090909
"89734/1001",NA,89734,3831,"30-34 years","female",21,13392,"Other",190.952270507812,190.952270507812,"car",0.25,3.36,"weekday",3,"20 to 39","3-5km","bicycle",3.36,0.305454545454545,1.75,2.13818181818182
"89734/1001",NA,89734,3831,"30-34 years","female",21,13393,"Other",190.952270507812,190.952270507812,"car",0.166666666666667,2.9,"weekday",4,"20 to 39","3-5km","bicycle",2.9,0.263636363636364,1.16666666666667,1.84545454545455
"89735/1000",NA,89735,3832,"20-24 years","female",21,13394,"Other",177.181823730469,177.181823730469,"walking",0.166666666666667,1.02,"weekday",1,"20 to 39","1-2km","walking",1.02,0.166666666666667,1.16666666666667,1.16666666666667
"89735/1000",NA,89735,3832,"20-24 years","female",21,13395,"Other",177.181823730469,177.181823730469,"walking",0.166666666666667,1.02,"weekday",2,"20 to 39","1-2km","walking",1.02,0.166666666666667,1.16666666666667,1.16666666666667
"89735/1000",NA,89735,3832,"20-24 years","female",21,13396,"Shopping",177.181823730469,177.181823730469,"car",0.166666666666667,5.34,"weekday",3,"20 to 39","6-10km","car",5.34,0.166666666666667,1.16666666666667,1.16666666666667
"89735/1000",NA,89735,3832,"20-24 years","female",21,13397,"Leisure",177.181823730469,177.181823730469,"car",0.333333333333333,7.76,"weekday",4,"20 to 39","6-10km","car",7.76,0.333333333333333,2.33333333333333,2.33333333333333
"89735/1000",NA,89735,3832,"20-24 years","female",21,13398,"Leisure",177.181823730469,177.181823730469,"car",0.25,3.83,"weekday",5,"20 to 39","3-5km","bicycle",3.83,0.348181818181818,1.75,2.43727272727273
"89735/1000",NA,89735,3832,"20-24 years","female",21,13399,"Other",177.181823730469,177.181823730469,"walking",0.166666666666667,1.02,"weekday",6,"20 to 39","1-2km","walking",1.02,0.166666666666667,1.16666666666667,1.16666666666667
"89735/1000",NA,89735,3832,"20-24 years","female",21,13400,"Other",177.181823730469,177.181823730469,"walking",0.166666666666667,1.02,"weekday",7,"20 to 39","1-2km","walking",1.02,0.166666666666667,1.16666666666667,1.16666666666667
"89737/1000",NA,89737,3833,"30-34 years","female",21,13401,"Work",333.578796386719,333.578796386719,"car",0.5,10.51,"weekday",1,"20 to 39",">10km","car",10.51,0.5,3.5,3.5
"89737/1000",NA,89737,3833,"30-34 years","female",21,13402,"Other",333.578796386719,333.578796386719,"car",0.5,11.07,"weekday",2,"20 to 39",">10km","car",11.07,0.5,3.5,3.5
"89737/1000",NA,89737,3833,"30-34 years","female",21,13403,"Other",333.578796386719,333.578796386719,"car",0.0833333333333333,1.31,"weekday",3,"20 to 39","1-2km","bicycle",1.31,0.119090909090909,0.583333333333333,0.833636363636364
"89737/1001",NA,89737,3834,"25-29 years","male",21,13404,"Work",372.594085693359,372.594085693359,"car",0.5,10.4,"weekday",1,"20 to 39",">10km","car",10.4,0.5,3.5,3.5
"89737/1001",NA,89737,3834,"25-29 years","male",21,13405,"Work",372.594085693359,372.594085693359,"car",0.5,10.63,"weekday",2,"20 to 39",">10km","car",10.63,0.5,3.5,3.5
"89741/1000",NA,89741,3835,"30-34 years","male",21,13406,"Work",94.9313201904297,94.9313201904297,"car",0.116666666666667,4.24,"weekday",1,"20 to 39","3-5km","bicycle",4.24,0.385454545454545,0.816666666666667,2.69818181818182
"89741/1000",NA,89741,3835,"30-34 years","male",21,13407,"Work",94.9313201904297,94.9313201904297,"public.transport",0.933333333333333,32.87,"weekday",1,"20 to 39",">10km","public.transport",32.87,0.933333333333333,6.53333333333333,6.53333333333333
"89741/1000",NA,89741,3835,"30-34 years","male",21,13408,"Work",94.9313201904297,94.9313201904297,"walking",0.116666666666667,0.81,"weekday",1,"20 to 39","<1km","walking",0.81,0.116666666666667,0.816666666666667,0.816666666666667
"89741/1000",NA,89741,3835,"30-34 years","male",21,13409,"Work",94.9313201904297,94.9313201904297,"walking",0.116666666666667,0.81,"weekday",2,"20 to 39","<1km","walking",0.81,0.116666666666667,0.816666666666667,0.816666666666667
"89741/1000",NA,89741,3835,"30-34 years","male",21,13410,"Work",94.9313201904297,94.9313201904297,"public.transport",0.9,32.87,"weekday",2,"20 to 39",">10km","public.transport",32.87,0.9,6.3,6.3
"89741/1000",NA,89741,3835,"30-34 years","male",21,13411,"Work",94.9313201904297,94.9313201904297,"car",0.116666666666667,4.17,"weekday",2,"20 to 39","3-5km","bicycle",4.17,0.379090909090909,0.816666666666667,2.65363636363636
"89744/1000",NA,89744,3836,"40-44 years","female",21,13412,"Other",113.294410705566,113.294410705566,"car",0.2,2.92,"weekday",1,"40 to 64","3-5km","bicycle",2.92,0.265454545454545,1.4,1.85818181818182
"89744/1000",NA,89744,3836,"40-44 years","female",21,13413,"Other",113.294410705566,113.294410705566,"car",0.6,18.38,"weekday",2,"40 to 64",">10km","car",18.38,0.6,4.2,4.2
"89744/1000",NA,89744,3836,"40-44 years","female",21,13414,"Work",113.294410705566,113.294410705566,"car",0.2,6.61,"weekday",3,"40 to 64","6-10km","car",6.61,0.2,1.4,1.4
"89744/1000",NA,89744,3836,"40-44 years","female",21,13415,"Other",113.294410705566,113.294410705566,"car",0.583333333333333,14,"weekday",4,"40 to 64",">10km","car",14,0.583333333333333,4.08333333333333,4.08333333333333
"89744/1000",NA,89744,3836,"40-44 years","female",21,13416,"Other",113.294410705566,113.294410705566,"car",0.0833333333333333,1.22,"weekday",5,"40 to 64","1-2km","bicycle",1.22,0.110909090909091,0.583333333333333,0.776363636363636
"89744/1001",NA,89744,3837,"35-39 years","male",21,13417,"Work",97.0498886108398,97.0498886108398,"car",0.333333333333333,9.15,"weekday",1,"20 to 39","6-10km","car",9.15,0.333333333333333,2.33333333333333,2.33333333333333
"89744/1001",NA,89744,3837,"35-39 years","male",21,13418,"Other",97.0498886108398,97.0498886108398,"car",0.25,3.97,"weekday",2,"20 to 39","3-5km","bicycle",3.97,0.360909090909091,1.75,2.52636363636364
"89744/1001",NA,89744,3837,"35-39 years","male",21,13419,"Shopping",97.0498886108398,97.0498886108398,"car",0.333333333333333,4.2,"weekday",3,"20 to 39","3-5km","bicycle",4.2,0.381818181818182,2.33333333333333,2.67272727272727
"89744/1001",NA,89744,3837,"35-39 years","male",21,13420,"Shopping",97.0498886108398,97.0498886108398,"car",0.0166666666666667,0.15,"weekday",4,"20 to 39","<1km","bicycle",0.15,0.0136363636363636,0.116666666666667,0.0954545454545454
"89744/1002",NA,89744,3838,"15-19 years","female",21,13421,"Other",100.53645324707,100.53645324707,"car",0.2,2.92,"weekday",1,"15 to 19","3-5km","bicycle",2.92,0.265454545454545,1.4,1.85818181818182
"89744/1002",NA,89744,3838,"15-19 years","female",21,13422,"Education",100.53645324707,100.53645324707,"car",0.6,18.38,"weekday",2,"15 to 19",">10km","car",18.38,0.6,4.2,4.2
"89744/1002",NA,89744,3838,"15-19 years","female",21,13423,"Education",100.53645324707,100.53645324707,"public.transport",0.233333333333333,6.71,"weekday",2,"15 to 19","6-10km","public.transport",6.71,0.233333333333333,1.63333333333333,1.63333333333333
"89744/1002",NA,89744,3838,"15-19 years","female",21,13424,"Education",100.53645324707,100.53645324707,"walking",0.133333333333333,0.55,"weekday",2,"15 to 19","<1km","walking",0.55,0.133333333333333,0.933333333333333,0.933333333333333
"89744/1002",NA,89744,3838,"15-19 years","female",21,13425,"Shopping",100.53645324707,100.53645324707,"walking",0.133333333333333,0.55,"weekday",3,"15 to 19","<1km","walking",0.55,0.133333333333333,0.933333333333333,0.933333333333333
"89744/1002",NA,89744,3838,"15-19 years","female",21,13426,"Shopping",100.53645324707,100.53645324707,"public.transport",0.4,13.3,"weekday",3,"15 to 19",">10km","public.transport",13.3,0.4,2.8,2.8
"89744/1002",NA,89744,3838,"15-19 years","female",21,13427,"Shopping",100.53645324707,100.53645324707,"car",0.333333333333333,4.2,"weekday",3,"15 to 19","3-5km","bicycle",4.2,0.381818181818182,2.33333333333333,2.67272727272727
"89744/1002",NA,89744,3838,"15-19 years","female",21,13428,"Shopping",100.53645324707,100.53645324707,"car",0.0166666666666667,0.15,"weekday",4,"15 to 19","<1km","bicycle",0.15,0.0136363636363636,0.116666666666667,0.0954545454545454
"89746/1000",NA,89746,3839,"30-34 years","male",21,13429,"Work",94.9313201904297,94.9313201904297,"car",1.08333333333333,70.32,"weekday",1,"20 to 39",">10km","car",70.32,1.08333333333333,7.58333333333333,7.58333333333333
"89746/1000",NA,89746,3839,"30-34 years","male",21,13430,"Work",94.9313201904297,94.9313201904297,"car",1.25,70.35,"weekday",2,"20 to 39",">10km","car",70.35,1.25,8.75,8.75
"89753/1000",NA,89753,3840,"70-74 years","male",21,13431,"Other",68.7407379150391,68.7407379150391,"car",0.0166666666666667,0.09,"weekday",1,"65 plus","<1km","bicycle",0.09,0.00818181818181818,0.116666666666667,0.0572727272727273
"89753/1000",NA,89753,3840,"70-74 years","male",21,13432,"Other",68.7407379150391,68.7407379150391,"car",0.0166666666666667,0.09,"weekday",2,"65 plus","<1km","bicycle",0.09,0.00818181818181818,0.116666666666667,0.0572727272727273
"89754/1001",NA,89754,3841,"45-49 years","male",21,13433,"Other",86.0019607543945,86.0019607543945,"car",0.2,4.49,"weekday",1,"40 to 64","3-5km","bicycle",4.49,0.408181818181818,1.4,2.85727272727273
"89754/1001",NA,89754,3841,"45-49 years","male",21,13434,"Other",86.0019607543945,86.0019607543945,"walking",0.633333333333333,4.49,"weekday",2,"40 to 64","3-5km","walking",4.49,0.633333333333333,4.43333333333333,4.43333333333333
"89762/1000",NA,89762,3842,"50-54 years","male",21,13435,"Work",76.2739486694336,76.2739486694336,"car",1.5,117.96,"weekday",1,"40 to 64",">10km","car",117.96,1.5,10.5,10.5
"89762/1000",NA,89762,3842,"50-54 years","male",21,13436,"Work",76.2739486694336,76.2739486694336,"car",1.5,118.65,"weekday",2,"40 to 64",">10km","car",118.65,1.5,10.5,10.5
"89762/1001",NA,89762,3843,"45-49 years","female",21,13437,"Other",83.8268890380859,83.8268890380859,"car",0.5,5.75,"weekday",1,"40 to 64","6-10km","car",5.75,0.5,3.5,3.5
"89762/1001",NA,89762,3843,"45-49 years","female",21,13438,"Other",83.8268890380859,83.8268890380859,"car",0.5,5.73,"weekday",2,"40 to 64","6-10km","car",5.73,0.5,3.5,3.5
"89763/1000",NA,89763,3844,"50-54 years","female",21,13439,"Leisure",100.969757080078,100.969757080078,"car",0.0833333333333333,0.79,"weekday",1,"40 to 64","<1km","bicycle",0.79,0.0718181818181818,0.583333333333333,0.502727272727273
"89763/1000",NA,89763,3844,"50-54 years","female",21,13440,"Leisure",100.969757080078,100.969757080078,"car",0.0833333333333333,2.19,"weekday",2,"40 to 64","3-5km","bicycle",2.19,0.199090909090909,0.583333333333333,1.39363636363636
"89763/1001",NA,89763,3845,"50-54 years","male",21,13441,"Leisure",111.144454956055,111.144454956055,"car",0.0833333333333333,0.79,"weekday",1,"40 to 64","<1km","bicycle",0.79,0.0718181818181818,0.583333333333333,0.502727272727273
"89763/1001",NA,89763,3845,"50-54 years","male",21,13442,"Leisure",111.144454956055,111.144454956055,"car",0.0833333333333333,2.19,"weekday",2,"40 to 64","3-5km","bicycle",2.19,0.199090909090909,0.583333333333333,1.39363636363636
"89764/1000",NA,89764,3846,"50-54 years","female",21,13443,"Work",87.7761535644531,87.7761535644531,"car",0.166666666666667,3.57,"weekday",1,"40 to 64","3-5km","bicycle",3.57,0.324545454545455,1.16666666666667,2.27181818181818
"89764/1000",NA,89764,3846,"50-54 years","female",21,13444,"Shopping",87.7761535644531,87.7761535644531,"car",0.266666666666667,4.8,"weekday",2,"40 to 64","3-5km","bicycle",4.8,0.436363636363636,1.86666666666667,3.05454545454545
"89764/1000",NA,89764,3846,"50-54 years","female",21,13445,"Shopping",87.7761535644531,87.7761535644531,"car",0.0833333333333333,1.65,"weekday",3,"40 to 64","1-2km","bicycle",1.65,0.15,0.583333333333333,1.05
"89767/1000",NA,89767,3847,"70-74 years","male",21,13446,"Leisure",68.7407379150391,68.7407379150391,"car",0.333333333333333,5.59,"weekday",1,"65 plus","6-10km","car",5.59,0.333333333333333,2.33333333333333,2.33333333333333
"89767/1000",NA,89767,3847,"70-74 years","male",21,13447,"Leisure",68.7407379150391,68.7407379150391,"car",0.333333333333333,5.57,"weekday",2,"65 plus","6-10km","car",5.57,0.333333333333333,2.33333333333333,2.33333333333333
"89767/1001",NA,89767,3848,"70-74 years","female",21,13448,"Leisure",74.8938827514648,74.8938827514648,"car",0.333333333333333,5.59,"weekday",1,"65 plus","6-10km","car",5.59,0.333333333333333,2.33333333333333,2.33333333333333
"89767/1001",NA,89767,3848,"70-74 years","female",21,13449,"Leisure",74.8938827514648,74.8938827514648,"car",0.333333333333333,5.57,"weekday",2,"65 plus","6-10km","car",5.57,0.333333333333333,2.33333333333333,2.33333333333333
"89800/1001",NA,89800,3850,"50-54 years","female",21,13452,"Education",449.832550048828,449.832550048828,"car",0.166666666666667,3.01,"weekday",2,"40 to 64","3-5km","bicycle",3.01,0.273636363636364,1.16666666666667,1.91545454545455
"89800/1001",NA,89800,3850,"50-54 years","female",21,13453,"Leisure",449.832550048828,449.832550048828,"car",0.333333333333333,9.84,"weekday",3,"40 to 64","6-10km","car",9.84,0.333333333333333,2.33333333333333,2.33333333333333
"89800/1001",NA,89800,3850,"50-54 years","female",21,13454,"Shopping",449.832550048828,449.832550048828,"car",0.166666666666667,3.88,"weekday",4,"40 to 64","3-5km","bicycle",3.88,0.352727272727273,1.16666666666667,2.46909090909091
"89800/1001",NA,89800,3850,"50-54 years","female",21,13455,"Other",449.832550048828,449.832550048828,"car",0.166666666666667,3.59,"weekday",5,"40 to 64","3-5km","bicycle",3.59,0.326363636363636,1.16666666666667,2.28454545454545
"89800/1001",NA,89800,3850,"50-54 years","female",21,13456,"Shopping",449.832550048828,449.832550048828,"car",0.05,1.67,"weekday",6,"40 to 64","1-2km","bicycle",1.67,0.151818181818182,0.35,1.06272727272727
"89800/1001",NA,89800,3850,"50-54 years","female",21,13457,"Shopping",449.832550048828,449.832550048828,"car",0.0833333333333333,2.35,"weekday",7,"40 to 64","3-5km","bicycle",2.35,0.213636363636364,0.583333333333333,1.49545454545455
"89800/1001",NA,89800,3850,"50-54 years","female",21,13458,"Shopping",449.832550048828,449.832550048828,"car",0.25,3.93,"weekday",8,"40 to 64","3-5km","bicycle",3.93,0.357272727272727,1.75,2.50090909090909
"89800/1001",NA,89800,3850,"50-54 years","female",21,13459,"Shopping",449.832550048828,449.832550048828,"car",0.3,6.58,"weekday",9,"40 to 64","6-10km","car",6.58,0.3,2.1,2.1
"89831/1000",NA,89831,3851,"85-89 years","female",21,13460,"Shopping",409.778869628906,409.778869628906,"car",0.25,5.45,"weekday",1,"65 plus","6-10km","car",5.45,0.25,1.75,1.75
"89831/1000",NA,89831,3851,"85-89 years","female",21,13461,"Other",409.778869628906,409.778869628906,"car",0.1,2.33,"weekday",2,"65 plus","3-5km","bicycle",2.33,0.211818181818182,0.7,1.48272727272727
"89831/1000",NA,89831,3851,"85-89 years","female",21,13462,"Leisure",409.778869628906,409.778869628906,"car",0.283333333333333,11.93,"weekday",3,"65 plus",">10km","car",11.93,0.283333333333333,1.98333333333333,1.98333333333333
"89831/1000",NA,89831,3851,"85-89 years","female",21,13463,"Leisure",409.778869628906,409.778869628906,"car",0.333333333333333,6.19,"weekday",4,"65 plus","6-10km","car",6.19,0.333333333333333,2.33333333333333,2.33333333333333
"89833/1000",NA,89833,3852,"50-54 years","female",21,13464,"Other",247.441833496094,247.441833496094,"car",0.233333333333333,3.36,"weekday",1,"40 to 64","3-5km","bicycle",3.36,0.305454545454545,1.63333333333333,2.13818181818182
"89833/1000",NA,89833,3852,"50-54 years","female",21,13465,"Work",247.441833496094,247.441833496094,"car",0.6,18.64,"weekday",2,"40 to 64",">10km","car",18.64,0.6,4.2,4.2
"89833/1000",NA,89833,3852,"50-54 years","female",21,13466,"Work",247.441833496094,247.441833496094,"car",0.1,0.95,"weekday",3,"40 to 64","<1km","bicycle",0.95,0.0863636363636364,0.7,0.604545454545454
"89833/1000",NA,89833,3852,"50-54 years","female",21,13467,"Other",247.441833496094,247.441833496094,"car",0.75,19.28,"weekday",4,"40 to 64",">10km","car",19.28,0.75,5.25,5.25
"89833/1000",NA,89833,3852,"50-54 years","female",21,13468,"Other",247.441833496094,247.441833496094,"car",0.25,3.3,"weekday",5,"40 to 64","3-5km","bicycle",3.3,0.3,1.75,2.1
"89833/1000",NA,89833,3852,"50-54 years","female",21,13469,"Leisure",247.441833496094,247.441833496094,"car",0.25,7.76,"weekday",6,"40 to 64","6-10km","car",7.76,0.25,1.75,1.75
"89833/1000",NA,89833,3852,"50-54 years","female",21,13470,"Leisure",247.441833496094,247.441833496094,"car",0.2,7.8,"weekday",7,"40 to 64","6-10km","car",7.8,0.2,1.4,1.4
"89834/1000",NA,89834,3853,"65-69 years","male",21,13471,"Shopping",193.443954467773,193.443954467773,"car",0.0833333333333333,3.24,"weekday",1,"65 plus","3-5km","bicycle",3.24,0.294545454545455,0.583333333333333,2.06181818181818
"89834/1000",NA,89834,3853,"65-69 years","male",21,13472,"Shopping",193.443954467773,193.443954467773,"car",0.0666666666666667,3.24,"weekday",2,"65 plus","3-5km","bicycle",3.24,0.294545454545455,0.466666666666667,2.06181818181818
"89834/1000",NA,89834,3853,"65-69 years","male",21,13473,"Leisure",193.443954467773,193.443954467773,"car",0.333333333333333,12.18,"weekday",3,"65 plus",">10km","car",12.18,0.333333333333333,2.33333333333333,2.33333333333333
"89834/1000",NA,89834,3853,"65-69 years","male",21,13474,"Leisure",193.443954467773,193.443954467773,"car",0.333333333333333,12.11,"weekday",4,"65 plus",">10km","car",12.11,0.333333333333333,2.33333333333333,2.33333333333333
"89841/1000",NA,89841,3854,"75-79 years","male",21,13475,"Shopping",146.185394287109,146.185394287109,"car",0.166666666666667,3.48,"weekday",1,"65 plus","3-5km","bicycle",3.48,0.316363636363636,1.16666666666667,2.21454545454545
"89841/1000",NA,89841,3854,"75-79 years","male",21,13476,"Shopping",146.185394287109,146.185394287109,"car",0.166666666666667,3.42,"weekday",2,"65 plus","3-5km","bicycle",3.42,0.310909090909091,1.16666666666667,2.17636363636364
"89841/1000",NA,89841,3854,"75-79 years","male",21,13477,"Shopping",146.185394287109,146.185394287109,"car",0.5,5.27,"weekday",3,"65 plus","6-10km","car",5.27,0.5,3.5,3.5
"89841/1000",NA,89841,3854,"75-79 years","male",21,13478,"Leisure",146.185394287109,146.185394287109,"car",0.5,4.24,"weekday",4,"65 plus","3-5km","bicycle",4.24,0.385454545454545,3.5,2.69818181818182
"89841/1000",NA,89841,3854,"75-79 years","male",21,13479,"Leisure",146.185394287109,146.185394287109,"car",0.5,8.39,"weekday",5,"65 plus","6-10km","car",8.39,0.5,3.5,3.5
"89841/1001",NA,89841,3855,"70-74 years","female",21,13480,"Shopping",171.396911621094,171.396911621094,"car",0.166666666666667,3.48,"weekday",1,"65 plus","3-5km","bicycle",3.48,0.316363636363636,1.16666666666667,2.21454545454545
"89841/1001",NA,89841,3855,"70-74 years","female",21,13481,"Shopping",171.396911621094,171.396911621094,"car",0.166666666666667,3.42,"weekday",2,"65 plus","3-5km","bicycle",3.42,0.310909090909091,1.16666666666667,2.17636363636364
"89841/1001",NA,89841,3855,"70-74 years","female",21,13482,"Shopping",171.396911621094,171.396911621094,"car",0.5,5.27,"weekday",3,"65 plus","6-10km","car",5.27,0.5,3.5,3.5
"89841/1001",NA,89841,3855,"70-74 years","female",21,13483,"Leisure",171.396911621094,171.396911621094,"car",0.5,4.24,"weekday",4,"65 plus","3-5km","bicycle",4.24,0.385454545454545,3.5,2.69818181818182
"89841/1001",NA,89841,3855,"70-74 years","female",21,13484,"Leisure",171.396911621094,171.396911621094,"car",0.5,8.39,"weekday",5,"65 plus","6-10km","car",8.39,0.5,3.5,3.5
"89843/1000",NA,89843,3856,"75-79 years","female",21,13485,"Leisure",181.604446411133,181.604446411133,"walking",0.2,1.36,"weekday",1,"65 plus","1-2km","walking",1.36,0.2,1.4,1.4
"89843/1000",NA,89843,3856,"75-79 years","female",21,13486,"Leisure",181.604446411133,181.604446411133,"walking",0.283333333333333,1.36,"weekday",2,"65 plus","1-2km","walking",1.36,0.283333333333333,1.98333333333333,1.98333333333333
"89844/1000",NA,89844,3857,"30-34 years","male",21,13487,"Leisure",455.562774658203,455.562774658203,"car",1,86.09,"weekday",1,"20 to 39",">10km","car",86.09,1,7,7
"89844/1000",NA,89844,3857,"30-34 years","male",21,13488,"Other",455.562774658203,455.562774658203,"car",1.33333333333333,113.26,"weekday",2,"20 to 39",">10km","car",113.26,1.33333333333333,9.33333333333333,9.33333333333333
"89844/1000",NA,89844,3857,"30-34 years","male",21,13489,"Leisure",455.562774658203,455.562774658203,"car",2.83333333333333,210.09,"weekday",3,"20 to 39",">10km","car",210.09,2.83333333333333,19.8333333333333,19.8333333333333
"89844/1001",NA,89844,3858,"50-54 years","female",21,13490,"Leisure",308.720367431641,308.720367431641,"car",1,86.09,"weekday",1,"40 to 64",">10km","car",86.09,1,7,7
"89844/1001",NA,89844,3858,"50-54 years","female",21,13491,"Leisure",308.720367431641,308.720367431641,"car",1.33333333333333,113.26,"weekday",2,"40 to 64",">10km","car",113.26,1.33333333333333,9.33333333333333,9.33333333333333
"89844/1001",NA,89844,3858,"50-54 years","female",21,13492,"Leisure",308.720367431641,308.720367431641,"car",2.83333333333333,210.09,"weekday",3,"40 to 64",">10km","car",210.09,2.83333333333333,19.8333333333333,19.8333333333333
"89851/1000",NA,89851,3859,"75-79 years","male",21,13493,"Shopping",186.546875,186.546875,"car",0.0833333333333333,1.33,"weekday",1,"65 plus","1-2km","bicycle",1.33,0.120909090909091,0.583333333333333,0.846363636363636
"89851/1000",NA,89851,3859,"75-79 years","male",21,13494,"Shopping",186.546875,186.546875,"car",0.0833333333333333,1.3,"weekday",2,"65 plus","1-2km","bicycle",1.3,0.118181818181818,0.583333333333333,0.827272727272727
"89852/1000",NA,89852,3860,"70-74 years","male",21,13495,"Leisure",152.162673950195,152.162673950195,"walking",0.5,1.13,"weekday",1,"65 plus","1-2km","walking",1.13,0.5,3.5,3.5
"89852/1000",NA,89852,3860,"70-74 years","male",21,13496,"Leisure",152.162673950195,152.162673950195,"walking",0.466666666666667,1.13,"weekday",2,"65 plus","1-2km","walking",1.13,0.466666666666667,3.26666666666667,3.26666666666667
"89852/1000",NA,89852,3860,"70-74 years","male",21,13497,"Work",152.162673950195,152.162673950195,"bicycle",0.166666666666667,2.9,"weekday",3,"65 plus","3-5km","bicycle",2.9,0.166666666666667,1.16666666666667,1.16666666666667
"89852/1000",NA,89852,3860,"70-74 years","male",21,13498,"Work",152.162673950195,152.162673950195,"bicycle",0.166666666666667,2.9,"weekday",4,"65 plus","3-5km","bicycle",2.9,0.166666666666667,1.16666666666667,1.16666666666667
"89852/1000",NA,89852,3860,"70-74 years","male",21,13499,"Work",152.162673950195,152.162673950195,"bicycle",0.166666666666667,2.9,"weekday",5,"65 plus","3-5km","bicycle",2.9,0.166666666666667,1.16666666666667,1.16666666666667
"89852/1000",NA,89852,3860,"70-74 years","male",21,13500,"Work",152.162673950195,152.162673950195,"bicycle",0.166666666666667,2.9,"weekday",6,"65 plus","3-5km","bicycle",2.9,0.166666666666667,1.16666666666667,1.16666666666667
"89852/1001",NA,89852,3861,"70-74 years","female",21,13501,"Leisure",171.396911621094,171.396911621094,"walking",0.25,2.84,"weekday",1,"65 plus","3-5km","walking",2.84,0.25,1.75,1.75
"89852/1001",NA,89852,3861,"70-74 years","female",21,13502,"Leisure",171.396911621094,171.396911621094,"walking",0.233333333333333,2.84,"weekday",2,"65 plus","3-5km","walking",2.84,0.233333333333333,1.63333333333333,1.63333333333333
"89854/1000",NA,89854,3862,"85-89 years","female",21,13503,"Shopping",321.118682861328,321.118682861328,"walking",0.0666666666666667,0.01,"weekday",1,"65 plus","<1km","walking",0.01,0.0666666666666667,0.466666666666667,0.466666666666667
"89854/1000",NA,89854,3862,"85-89 years","female",21,13504,"Shopping",321.118682861328,321.118682861328,"public.transport",0.166666666666667,3.23,"weekday",1,"65 plus","3-5km","public.transport",3.23,0.166666666666667,1.16666666666667,1.16666666666667
"89854/1000",NA,89854,3862,"85-89 years","female",21,13505,"Shopping",321.118682861328,321.118682861328,"walking",0.05,0.19,"weekday",1,"65 plus","<1km","walking",0.19,0.05,0.35,0.35
"89854/1000",NA,89854,3862,"85-89 years","female",21,13506,"Shopping",321.118682861328,321.118682861328,"car",0.25,3.38,"weekday",2,"65 plus","3-5km","bicycle",3.38,0.307272727272727,1.75,2.15090909090909
"89860/1000",NA,89860,3863,"75-79 years","female",21,13507,"Leisure",181.604446411133,181.604446411133,"car",0.216666666666667,5.36,"weekday",1,"65 plus","6-10km","car",5.36,0.216666666666667,1.51666666666667,1.51666666666667
"89860/1000",NA,89860,3863,"75-79 years","female",21,13509,"Leisure",181.604446411133,181.604446411133,"car",0.25,5.32,"weekday",3,"65 plus","6-10km","car",5.32,0.25,1.75,1.75
"89860/1000",NA,89860,3863,"75-79 years","female",21,13510,"Leisure",181.604446411133,181.604446411133,"car",0.25,4.72,"weekday",4,"65 plus","3-5km","bicycle",4.72,0.429090909090909,1.75,3.00363636363636
"89860/1000",NA,89860,3863,"75-79 years","female",21,13511,"Leisure",181.604446411133,181.604446411133,"car",0.25,4.69,"weekday",5,"65 plus","3-5km","bicycle",4.69,0.426363636363636,1.75,2.98454545454545
"89860/1001",NA,89860,3864,"55-59 years","male",21,13512,"Other",261.203918457031,261.203918457031,"car",1,29.4,"weekday",1,"40 to 64",">10km","car",29.4,1,7,7
"89860/1001",NA,89860,3864,"55-59 years","male",21,13513,"Other",261.203918457031,261.203918457031,"car",1,29.08,"weekday",2,"40 to 64",">10km","car",29.08,1,7,7
"89861/1000",NA,89861,3865,"65-69 years","male",21,13514,"Shopping",151.590209960938,151.590209960938,"walking",0.05,0.27,"weekday",1,"65 plus","<1km","walking",0.27,0.05,0.35,0.35
"89861/1000",NA,89861,3865,"65-69 years","male",21,13515,"Shopping",151.590209960938,151.590209960938,"walking",0.05,0.27,"weekday",2,"65 plus","<1km","walking",0.27,0.05,0.35,0.35
"89861/1001",NA,89861,3866,"65-69 years","female",21,13516,"Shopping",158.535507202148,158.535507202148,"walking",0.05,0.27,"weekday",1,"65 plus","<1km","walking",0.27,0.05,0.35,0.35
"89861/1001",NA,89861,3866,"65-69 years","female",21,13517,"Shopping",158.535507202148,158.535507202148,"walking",0.05,0.27,"weekday",2,"65 plus","<1km","walking",0.27,0.05,0.35,0.35
"89862/1000",NA,89862,3867,"60-64 years","male",21,13518,"Work",143.074340820312,143.074340820312,"car",0.416666666666667,18.25,"weekday",1,"40 to 64",">10km","car",18.25,0.416666666666667,2.91666666666667,2.91666666666667
"89862/1000",NA,89862,3867,"60-64 years","male",21,13519,"Work",143.074340820312,143.074340820312,"car",0.5,18.12,"weekday",2,"40 to 64",">10km","car",18.12,0.5,3.5,3.5
"89866/1000",NA,89866,3869,"80-84 years","female",21,13521,"Shopping",242.680282592773,242.680282592773,"car",0.0833333333333333,3.79,"weekday",1,"65 plus","3-5km","bicycle",3.79,0.344545454545455,0.583333333333333,2.41181818181818
"89866/1000",NA,89866,3869,"80-84 years","female",21,13522,"Shopping",242.680282592773,242.680282592773,"car",0.0833333333333333,3.75,"weekday",2,"65 plus","3-5km","bicycle",3.75,0.340909090909091,0.583333333333333,2.38636363636364
"89866/1000",NA,89866,3869,"80-84 years","female",21,13523,"Shopping",242.680282592773,242.680282592773,"walking",0.05,0.33,"weekday",3,"65 plus","<1km","walking",0.33,0.05,0.35,0.35
"89866/1000",NA,89866,3869,"80-84 years","female",21,13524,"Leisure",242.680282592773,242.680282592773,"walking",0.333333333333333,2.07,"weekday",4,"65 plus","3-5km","walking",2.07,0.333333333333333,2.33333333333333,2.33333333333333
"89866/1000",NA,89866,3869,"80-84 years","female",21,13525,"Leisure",242.680282592773,242.680282592773,"walking",0.433333333333333,2.35,"weekday",5,"65 plus","3-5km","walking",2.35,0.433333333333333,3.03333333333333,3.03333333333333
"89868/1001",NA,89868,3870,"50-54 years","female",21,13526,"Work",193.905059814453,193.905059814453,"car",0.166666666666667,3.7,"weekday",1,"40 to 64","3-5km","bicycle",3.7,0.336363636363636,1.16666666666667,2.35454545454545
"89868/1001",NA,89868,3870,"50-54 years","female",21,13527,"Work",193.905059814453,193.905059814453,"car",0.166666666666667,3.65,"weekday",2,"40 to 64","3-5km","bicycle",3.65,0.331818181818182,1.16666666666667,2.32272727272727
"89870/1000",NA,89870,3871,"65-69 years","female",21,13528,"Other",202.306823730469,202.306823730469,"car",0.416666666666667,10.44,"weekday",1,"65 plus",">10km","car",10.44,0.416666666666667,2.91666666666667,2.91666666666667
"89870/1000",NA,89870,3871,"65-69 years","female",21,13529,"Other",202.306823730469,202.306823730469,"car",0.5,10.58,"weekday",2,"65 plus",">10km","car",10.58,0.5,3.5,3.5
"89871/1000",NA,89871,3872,"30-34 years","male",21,13530,"Work",365.13720703125,365.13720703125,"car",0.416666666666667,23.21,"weekday",1,"20 to 39",">10km","car",23.21,0.416666666666667,2.91666666666667,2.91666666666667
"89871/1000",NA,89871,3872,"30-34 years","male",21,13531,"Work",365.13720703125,365.13720703125,"car",0.416666666666667,23.34,"weekday",2,"20 to 39",">10km","car",23.34,0.416666666666667,2.91666666666667,2.91666666666667
"89875/1000",NA,89875,3873,"65-69 years","female",21,13532,"Other",158.535507202148,158.535507202148,"car",0.166666666666667,4.79,"weekday",1,"65 plus","3-5km","bicycle",4.79,0.435454545454545,1.16666666666667,3.04818181818182
"89875/1000",NA,89875,3873,"65-69 years","female",21,13533,"Other",158.535507202148,158.535507202148,"car",0.166666666666667,4.58,"weekday",2,"65 plus","3-5km","bicycle",4.58,0.416363636363636,1.16666666666667,2.91454545454545
"89875/1000",NA,89875,3873,"65-69 years","female",21,13534,"Shopping",158.535507202148,158.535507202148,"walking",0.0333333333333333,0.24,"weekday",3,"65 plus","<1km","walking",0.24,0.0333333333333333,0.233333333333333,0.233333333333333
"89875/1000",NA,89875,3873,"65-69 years","female",21,13535,"Shopping",158.535507202148,158.535507202148,"walking",0.0333333333333333,0.24,"weekday",4,"65 plus","<1km","walking",0.24,0.0333333333333333,0.233333333333333,0.233333333333333
"89875/1000",NA,89875,3873,"65-69 years","female",21,13536,"Other",158.535507202148,158.535507202148,"car",0.166666666666667,4.79,"weekday",5,"65 plus","3-5km","bicycle",4.79,0.435454545454545,1.16666666666667,3.04818181818182
"89875/1000",NA,89875,3873,"65-69 years","female",21,13537,"Other",158.535507202148,158.535507202148,"car",0.2,4.58,"weekday",6,"65 plus","3-5km","bicycle",4.58,0.416363636363636,1.4,2.91454545454545
"89875/1001",NA,89875,3874,"65-69 years","male",21,13538,"Other",151.590209960938,151.590209960938,"car",0.166666666666667,4.79,"weekday",1,"65 plus","3-5km","bicycle",4.79,0.435454545454545,1.16666666666667,3.04818181818182
"89875/1001",NA,89875,3874,"65-69 years","male",21,13539,"Other",151.590209960938,151.590209960938,"car",0.166666666666667,4.58,"weekday",2,"65 plus","3-5km","bicycle",4.58,0.416363636363636,1.16666666666667,2.91454545454545
"89875/1001",NA,89875,3874,"65-69 years","male",21,13540,"Shopping",151.590209960938,151.590209960938,"walking",0.0333333333333333,0.24,"weekday",3,"65 plus","<1km","walking",0.24,0.0333333333333333,0.233333333333333,0.233333333333333
"89875/1001",NA,89875,3874,"65-69 years","male",21,13541,"Shopping",151.590209960938,151.590209960938,"walking",0.0333333333333333,0.24,"weekday",4,"65 plus","<1km","walking",0.24,0.0333333333333333,0.233333333333333,0.233333333333333
"89875/1001",NA,89875,3874,"65-69 years","male",21,13542,"Other",151.590209960938,151.590209960938,"car",0.166666666666667,4.79,"weekday",5,"65 plus","3-5km","bicycle",4.79,0.435454545454545,1.16666666666667,3.04818181818182
"89875/1001",NA,89875,3874,"65-69 years","male",21,13543,"Other",151.590209960938,151.590209960938,"car",0.2,4.58,"weekday",6,"65 plus","3-5km","bicycle",4.58,0.416363636363636,1.4,2.91454545454545
"89876/1000",NA,89876,3875,"70-74 years","female",21,13545,"Shopping",171.396911621094,171.396911621094,"car",0.25,10.23,"weekday",2,"65 plus",">10km","car",10.23,0.25,1.75,1.75
"89876/1000",NA,89876,3875,"70-74 years","female",21,13548,"Shopping",171.396911621094,171.396911621094,"car",0.233333333333333,10.34,"weekday",4,"65 plus",">10km","car",10.34,0.233333333333333,1.63333333333333,1.63333333333333
"89876/1001",NA,89876,3876,"70-74 years","female",21,13549,"Shopping",171.396911621094,171.396911621094,"car",0.25,10.23,"weekday",1,"65 plus",">10km","car",10.23,0.25,1.75,1.75
"89876/1001",NA,89876,3876,"70-74 years","female",21,13552,"Shopping",171.396911621094,171.396911621094,"car",0.233333333333333,10.34,"weekday",3,"65 plus",">10km","car",10.34,0.233333333333333,1.63333333333333,1.63333333333333
"89880/1000",NA,89880,3877,"70-74 years","female",21,13553,"Leisure",218.71923828125,218.71923828125,"walking",0.25,3.63,"weekday",1,"65 plus","3-5km","walking",3.63,0.25,1.75,1.75
"89880/1000",NA,89880,3877,"70-74 years","female",21,13554,"Leisure",218.71923828125,218.71923828125,"walking",1,3.63,"weekday",2,"65 plus","3-5km","walking",3.63,1,7,7
"89880/1000",NA,89880,3877,"70-74 years","female",21,13555,"Other",218.71923828125,218.71923828125,"car",0.416666666666667,4.03,"weekday",3,"65 plus","3-5km","bicycle",4.03,0.366363636363636,2.91666666666667,2.56454545454545
"89880/1000",NA,89880,3877,"70-74 years","female",21,13556,"Shopping",218.71923828125,218.71923828125,"car",0.25,2.21,"weekday",4,"65 plus","3-5km","bicycle",2.21,0.200909090909091,1.75,1.40636363636364
"89880/1000",NA,89880,3877,"70-74 years","female",21,13557,"Shopping",218.71923828125,218.71923828125,"car",0.166666666666667,2.62,"weekday",5,"65 plus","3-5km","bicycle",2.62,0.238181818181818,1.16666666666667,1.66727272727273
"89880/1000",NA,89880,3877,"70-74 years","female",21,13558,"Shopping",218.71923828125,218.71923828125,"car",0.166666666666667,2.5,"weekday",6,"65 plus","3-5km","bicycle",2.5,0.227272727272727,1.16666666666667,1.59090909090909
"89880/1000",NA,89880,3877,"70-74 years","female",21,13559,"Leisure",218.71923828125,218.71923828125,"car",0.583333333333333,19.34,"weekday",7,"65 plus",">10km","car",19.34,0.583333333333333,4.08333333333333,4.08333333333333
"89880/1000",NA,89880,3877,"70-74 years","female",21,13560,"Leisure",218.71923828125,218.71923828125,"car",0.5,19.01,"weekday",8,"65 plus",">10km","car",19.01,0.5,3.5,3.5
"89882/1000",NA,89882,3878,"70-74 years","female",21,13561,"Shopping",218.71923828125,218.71923828125,"car",0.25,6.05,"weekday",1,"65 plus","6-10km","car",6.05,0.25,1.75,1.75
"89882/1000",NA,89882,3878,"70-74 years","female",21,13562,"Shopping",218.71923828125,218.71923828125,"car",0.25,6.02,"weekday",2,"65 plus","6-10km","car",6.02,0.25,1.75,1.75
"89883/1000",NA,89883,3879,"75-79 years","female",21,13563,"Other",181.604446411133,181.604446411133,"car",0.2,4.73,"weekday",1,"65 plus","3-5km","bicycle",4.73,0.43,1.4,3.01
"89883/1000",NA,89883,3879,"75-79 years","female",21,13564,"Other",181.604446411133,181.604446411133,"car",0.166666666666667,4.74,"weekday",2,"65 plus","3-5km","bicycle",4.74,0.430909090909091,1.16666666666667,3.01636363636364
"89883/1000",NA,89883,3879,"75-79 years","female",21,13565,"Shopping",181.604446411133,181.604446411133,"walking",0.0333333333333333,0.24,"weekday",3,"65 plus","<1km","walking",0.24,0.0333333333333333,0.233333333333333,0.233333333333333
"89883/1000",NA,89883,3879,"75-79 years","female",21,13566,"Shopping",181.604446411133,181.604446411133,"walking",0.0333333333333333,0.24,"weekday",4,"65 plus","<1km","walking",0.24,0.0333333333333333,0.233333333333333,0.233333333333333
"89883/1001",NA,89883,3880,"45-49 years","male",21,13567,"Other",189.435119628906,189.435119628906,"car",0.2,4.73,"weekday",1,"40 to 64","3-5km","bicycle",4.73,0.43,1.4,3.01
"89883/1001",NA,89883,3880,"45-49 years","male",21,13568,"Other",189.435119628906,189.435119628906,"car",0.166666666666667,4.74,"weekday",2,"40 to 64","3-5km","bicycle",4.74,0.430909090909091,1.16666666666667,3.01636363636364
"89884/1000",NA,89884,3881,"55-59 years","male",21,13569,"Shopping",261.203918457031,261.203918457031,"bicycle",0.2,3.4,"weekday",1,"40 to 64","3-5km","bicycle",3.4,0.2,1.4,1.4
"89884/1000",NA,89884,3881,"55-59 years","male",21,13570,"Shopping",261.203918457031,261.203918457031,"bicycle",0.25,3.4,"weekday",2,"40 to 64","3-5km","bicycle",3.4,0.25,1.75,1.75
"89885/1000",NA,89885,3882,"65-69 years","male",21,13572,"Shopping",151.590209960938,151.590209960938,"walking",0.0166666666666667,0.17,"weekday",2,"65 plus","<1km","walking",0.17,0.0166666666666667,0.116666666666667,0.116666666666667
"89885/1000",NA,89885,3882,"65-69 years","male",21,13573,"Shopping",151.590209960938,151.590209960938,"walking",0.0166666666666667,0.17,"weekday",3,"65 plus","<1km","walking",0.17,0.0166666666666667,0.116666666666667,0.116666666666667
"89885/1000",NA,89885,3882,"65-69 years","male",21,13574,"Leisure",151.590209960938,151.590209960938,"car",0.5,18.77,"weekday",4,"65 plus",">10km","car",18.77,0.5,3.5,3.5
"89885/1000",NA,89885,3882,"65-69 years","male",21,13575,"Leisure",151.590209960938,151.590209960938,"car",0.5,18.65,"weekday",5,"65 plus",">10km","car",18.65,0.5,3.5,3.5
"89885/1001",NA,89885,3883,"65-69 years","female",21,13577,"Shopping",158.535507202148,158.535507202148,"walking",0.0166666666666667,0.17,"weekday",2,"65 plus","<1km","walking",0.17,0.0166666666666667,0.116666666666667,0.116666666666667
"89885/1001",NA,89885,3883,"65-69 years","female",21,13578,"Shopping",158.535507202148,158.535507202148,"walking",0.0166666666666667,0.17,"weekday",3,"65 plus","<1km","walking",0.17,0.0166666666666667,0.116666666666667,0.116666666666667
"89886/1000",NA,89886,3884,"65-69 years","female",21,13579,"Other",158.535507202148,158.535507202148,"car",0.133333333333333,4.63,"weekday",1,"65 plus","3-5km","bicycle",4.63,0.420909090909091,0.933333333333333,2.94636363636364
"89886/1000",NA,89886,3884,"65-69 years","female",21,13580,"Other",158.535507202148,158.535507202148,"car",0.15,4.59,"weekday",2,"65 plus","3-5km","bicycle",4.59,0.417272727272727,1.05,2.92090909090909
"89886/1000",NA,89886,3884,"65-69 years","female",21,13581,"Shopping",158.535507202148,158.535507202148,"walking",0.0833333333333333,1.18,"weekday",3,"65 plus","1-2km","walking",1.18,0.0833333333333333,0.583333333333333,0.583333333333333
"89886/1000",NA,89886,3884,"65-69 years","female",21,13582,"Shopping",158.535507202148,158.535507202148,"walking",0.116666666666667,1.18,"weekday",4,"65 plus","1-2km","walking",1.18,0.116666666666667,0.816666666666667,0.816666666666667
"89886/1001",NA,89886,3885,"65-69 years","male",21,13583,"Other",151.590209960938,151.590209960938,"car",0.133333333333333,4.63,"weekday",1,"65 plus","3-5km","bicycle",4.63,0.420909090909091,0.933333333333333,2.94636363636364
"89886/1001",NA,89886,3885,"65-69 years","male",21,13584,"Other",151.590209960938,151.590209960938,"car",0.15,4.59,"weekday",2,"65 plus","3-5km","bicycle",4.59,0.417272727272727,1.05,2.92090909090909
"89887/1000",NA,89887,3886,"60-64 years","female",21,13585,"Shopping",200.211456298828,200.211456298828,"walking",0.0166666666666667,0.18,"weekday",1,"40 to 64","<1km","walking",0.18,0.0166666666666667,0.116666666666667,0.116666666666667
"89887/1000",NA,89887,3886,"60-64 years","female",21,13586,"Shopping",200.211456298828,200.211456298828,"walking",0.0166666666666667,0.18,"weekday",2,"40 to 64","<1km","walking",0.18,0.0166666666666667,0.116666666666667,0.116666666666667
"89889/1000",NA,89889,3887,"65-69 years","male",21,13587,"Shopping",193.443954467773,193.443954467773,"car",0.116666666666667,2.12,"weekday",1,"65 plus","3-5km","bicycle",2.12,0.192727272727273,0.816666666666667,1.34909090909091
"89889/1000",NA,89889,3887,"65-69 years","male",21,13588,"Shopping",193.443954467773,193.443954467773,"car",0.1,2.32,"weekday",2,"65 plus","3-5km","bicycle",2.32,0.210909090909091,0.7,1.47636363636364
"89889/1000",NA,89889,3887,"65-69 years","male",21,13589,"Leisure",193.443954467773,193.443954467773,"walking",0.0166666666666667,0.14,"weekday",3,"65 plus","<1km","walking",0.14,0.0166666666666667,0.116666666666667,0.116666666666667
"89889/1000",NA,89889,3887,"65-69 years","male",21,13590,"Leisure",193.443954467773,193.443954467773,"walking",0.0166666666666667,0.14,"weekday",4,"65 plus","<1km","walking",0.14,0.0166666666666667,0.116666666666667,0.116666666666667
"89890/1000",NA,89890,3888,"55-59 years","male",21,13591,"Other",261.203918457031,261.203918457031,"car",0.133333333333333,4.49,"weekday",1,"40 to 64","3-5km","bicycle",4.49,0.408181818181818,0.933333333333333,2.85727272727273
"89890/1000",NA,89890,3888,"55-59 years","male",21,13592,"Other",261.203918457031,261.203918457031,"car",0.116666666666667,4.35,"weekday",2,"40 to 64","3-5km","bicycle",4.35,0.395454545454545,0.816666666666667,2.76818181818182
"89890/1000",NA,89890,3888,"55-59 years","male",21,13593,"Work",261.203918457031,261.203918457031,"car",0.416666666666667,18.65,"weekday",3,"40 to 64",">10km","car",18.65,0.416666666666667,2.91666666666667,2.91666666666667
"89890/1000",NA,89890,3888,"55-59 years","male",21,13594,"Work",261.203918457031,261.203918457031,"car",0.666666666666667,18.39,"weekday",4,"40 to 64",">10km","car",18.39,0.666666666666667,4.66666666666667,4.66666666666667
"89890/1001",NA,89890,3889,"50-54 years","female",21,13595,"Other",193.905059814453,193.905059814453,"car",0.133333333333333,4.49,"weekday",1,"40 to 64","3-5km","bicycle",4.49,0.408181818181818,0.933333333333333,2.85727272727273
"89890/1001",NA,89890,3889,"50-54 years","female",21,13596,"Other",193.905059814453,193.905059814453,"car",0.116666666666667,4.35,"weekday",2,"40 to 64","3-5km","bicycle",4.35,0.395454545454545,0.816666666666667,2.76818181818182
"89891/1000",NA,89891,3890,"60-64 years","female",21,13597,"Leisure",437.736572265625,437.736572265625,"car",0.25,9.85,"weekday",1,"40 to 64","6-10km","car",9.85,0.25,1.75,1.75
"89891/1000",NA,89891,3890,"60-64 years","female",21,13598,"Leisure",437.736572265625,437.736572265625,"car",0.333333333333333,10.07,"weekday",2,"40 to 64",">10km","car",10.07,0.333333333333333,2.33333333333333,2.33333333333333
"89891/1001",NA,89891,3891,"65-69 years","male",21,13600,"Shopping",351.451293945312,351.451293945312,"car",0.5,7.46,"weekday",2,"65 plus","6-10km","car",7.46,0.5,3.5,3.5
"89891/1001",NA,89891,3891,"65-69 years","male",21,13601,"Shopping",351.451293945312,351.451293945312,"car",0.333333333333333,7.56,"weekday",3,"65 plus","6-10km","car",7.56,0.333333333333333,2.33333333333333,2.33333333333333
"89891/1001",NA,89891,3891,"65-69 years","male",21,13602,"Leisure",351.451293945312,351.451293945312,"car",0.25,9.85,"weekday",4,"65 plus","6-10km","car",9.85,0.25,1.75,1.75
"89891/1001",NA,89891,3891,"65-69 years","male",21,13603,"Leisure",351.451293945312,351.451293945312,"car",0.333333333333333,10.07,"weekday",5,"65 plus",">10km","car",10.07,0.333333333333333,2.33333333333333,2.33333333333333
"89892/1000",NA,89892,3892,"65-69 years","male",21,13604,"Leisure",351.451293945312,351.451293945312,"car",0.166666666666667,2.71,"weekday",1,"65 plus","3-5km","bicycle",2.71,0.246363636363636,1.16666666666667,1.72454545454545
"89892/1000",NA,89892,3892,"65-69 years","male",21,13605,"Leisure",351.451293945312,351.451293945312,"car",0.25,2.72,"weekday",2,"65 plus","3-5km","bicycle",2.72,0.247272727272727,1.75,1.73090909090909
"89892/1001",NA,89892,3893,"65-69 years","female",21,13606,"Shopping",304.822784423828,304.822784423828,"car",0.25,3.89,"weekday",1,"65 plus","3-5km","bicycle",3.89,0.353636363636364,1.75,2.47545454545455
"89892/1001",NA,89892,3893,"65-69 years","female",21,13607,"Shopping",304.822784423828,304.822784423828,"car",0.25,4.06,"weekday",2,"65 plus","3-5km","bicycle",4.06,0.369090909090909,1.75,2.58363636363636
"89894/1000",NA,89894,3894,"70-74 years","male",21,13608,"Other",398.526031494141,398.526031494141,"car",0.05,0.67,"weekday",1,"65 plus","<1km","bicycle",0.67,0.0609090909090909,0.35,0.426363636363636
"89894/1000",NA,89894,3894,"70-74 years","male",21,13609,"Other",398.526031494141,398.526031494141,"car",0.05,0.67,"weekday",2,"65 plus","<1km","bicycle",0.67,0.0609090909090909,0.35,0.426363636363636
"89894/1000",NA,89894,3894,"70-74 years","male",21,13610,"Shopping",398.526031494141,398.526031494141,"car",0.25,4.08,"weekday",3,"65 plus","3-5km","bicycle",4.08,0.370909090909091,1.75,2.59636363636364
"89894/1000",NA,89894,3894,"70-74 years","male",21,13611,"Shopping",398.526031494141,398.526031494141,"car",0.25,4.25,"weekday",4,"65 plus","3-5km","bicycle",4.25,0.386363636363636,1.75,2.70454545454545
"89895/1000",NA,89895,3895,"40-44 years","female",21,13612,"Other",575.516906738281,575.516906738281,"car",0.0833333333333333,1.27,"weekday",1,"40 to 64","1-2km","bicycle",1.27,0.115454545454545,0.583333333333333,0.808181818181818
"89895/1000",NA,89895,3895,"40-44 years","female",21,13613,"Work",575.516906738281,575.516906738281,"car",0.0833333333333333,3.04,"weekday",2,"40 to 64","3-5km","bicycle",3.04,0.276363636363636,0.583333333333333,1.93454545454545
"89895/1000",NA,89895,3895,"40-44 years","female",21,13614,"Work",575.516906738281,575.516906738281,"car",0.166666666666667,3.77,"weekday",3,"40 to 64","3-5km","bicycle",3.77,0.342727272727273,1.16666666666667,2.39909090909091
"89895/1000",NA,89895,3895,"40-44 years","female",21,13615,"Shopping",575.516906738281,575.516906738281,"car",0.166666666666667,1.69,"weekday",4,"40 to 64","1-2km","bicycle",1.69,0.153636363636364,1.16666666666667,1.07545454545455
"89895/1000",NA,89895,3895,"40-44 years","female",21,13616,"Shopping",575.516906738281,575.516906738281,"car",0.166666666666667,1.69,"weekday",5,"40 to 64","1-2km","bicycle",1.69,0.153636363636364,1.16666666666667,1.07545454545455
"89895/1001",NA,89895,3896,"40-44 years","male",21,13617,"Work",554.12841796875,554.12841796875,"car",1,20.5,"weekday",1,"40 to 64",">10km","car",20.5,1,7,7
"89895/1001",NA,89895,3896,"40-44 years","male",21,13618,"Other",554.12841796875,554.12841796875,"car",0.75,19.45,"weekday",2,"40 to 64",">10km","car",19.45,0.75,5.25,5.25
"89895/1001",NA,89895,3896,"40-44 years","male",21,13619,"Other",554.12841796875,554.12841796875,"car",0.166666666666667,1.26,"weekday",3,"40 to 64","1-2km","bicycle",1.26,0.114545454545455,1.16666666666667,0.801818181818182
"89895/1001",NA,89895,3896,"40-44 years","male",21,13620,"Leisure",554.12841796875,554.12841796875,"car",0.166666666666667,2.9,"weekday",4,"40 to 64","3-5km","bicycle",2.9,0.263636363636364,1.16666666666667,1.84545454545455
"89895/1001",NA,89895,3896,"40-44 years","male",21,13621,"Leisure",554.12841796875,554.12841796875,"car",0.166666666666667,2.9,"weekday",5,"40 to 64","3-5km","bicycle",2.9,0.263636363636364,1.16666666666667,1.84545454545455
"89899/1000",NA,89899,3897,"40-44 years","female",21,13622,"Other",830.912109375,830.912109375,"car",0.166666666666667,5.35,"weekday",1,"40 to 64","6-10km","car",5.35,0.166666666666667,1.16666666666667,1.16666666666667
"89899/1000",NA,89899,3897,"40-44 years","female",21,13623,"Other",830.912109375,830.912109375,"car",0.183333333333333,4.48,"weekday",2,"40 to 64","3-5km","bicycle",4.48,0.407272727272727,1.28333333333333,2.85090909090909
"89899/1000",NA,89899,3897,"40-44 years","female",21,13624,"Other",830.912109375,830.912109375,"car",0.25,2.11,"weekday",3,"40 to 64","3-5km","bicycle",2.11,0.191818181818182,1.75,1.34272727272727
"89899/1000",NA,89899,3897,"40-44 years","female",21,13625,"Work",830.912109375,830.912109375,"car",0.133333333333333,3.07,"weekday",4,"40 to 64","3-5km","bicycle",3.07,0.279090909090909,0.933333333333333,1.95363636363636
"89899/1000",NA,89899,3897,"40-44 years","female",21,13626,"Other",830.912109375,830.912109375,"car",0.166666666666667,3.85,"weekday",5,"40 to 64","3-5km","bicycle",3.85,0.35,1.16666666666667,2.45
"89899/1000",NA,89899,3897,"40-44 years","female",21,13627,"Other",830.912109375,830.912109375,"car",0.25,4.42,"weekday",6,"40 to 64","3-5km","bicycle",4.42,0.401818181818182,1.75,2.81272727272727
"89899/1000",NA,89899,3897,"40-44 years","female",21,13628,"Other",830.912109375,830.912109375,"car",0.366666666666667,5.25,"weekday",7,"40 to 64","6-10km","car",5.25,0.366666666666667,2.56666666666667,2.56666666666667
"89899/1000",NA,89899,3897,"40-44 years","female",21,13629,"Other",830.912109375,830.912109375,"car",0.0666666666666667,1.55,"weekday",8,"40 to 64","1-2km","bicycle",1.55,0.140909090909091,0.466666666666667,0.986363636363636
"89899/1001",NA,89899,3898,"45-49 years","male",21,13630,"Work",708.6845703125,708.6845703125,"car",0.15,4.55,"weekday",1,"40 to 64","3-5km","bicycle",4.55,0.413636363636364,1.05,2.89545454545455
"89899/1001",NA,89899,3898,"45-49 years","male",21,13631,"Work",708.6845703125,708.6845703125,"car",0.166666666666667,4.58,"weekday",2,"40 to 64","3-5km","bicycle",4.58,0.416363636363636,1.16666666666667,2.91454545454545
"89905/1000",NA,89905,3899,"50-54 years","male",21,13632,"Other",490.361968994141,490.361968994141,"car",0.416666666666667,8.34,"weekday",1,"40 to 64","6-10km","car",8.34,0.416666666666667,2.91666666666667,2.91666666666667
"89905/1000",NA,89905,3899,"50-54 years","male",21,13633,"Shopping",490.361968994141,490.361968994141,"car",0.5,18.95,"weekday",2,"40 to 64",">10km","car",18.95,0.5,3.5,3.5
"89905/1000",NA,89905,3899,"50-54 years","male",21,13634,"Shopping",490.361968994141,490.361968994141,"car",0.0833333333333333,0.91,"weekday",3,"40 to 64","<1km","bicycle",0.91,0.0827272727272727,0.583333333333333,0.579090909090909
"89908/1000",NA,89908,3900,"20-24 years","female",21,13635,"Work",794.608520507812,794.608520507812,"car",0.116666666666667,1.42,"weekday",1,"20 to 39","1-2km","bicycle",1.42,0.129090909090909,0.816666666666667,0.903636363636364
"89908/1000",NA,89908,3900,"20-24 years","female",21,13636,"Work",794.608520507812,794.608520507812,"public.transport",0.616666666666667,24.08,"weekday",1,"20 to 39",">10km","public.transport",24.08,0.616666666666667,4.31666666666667,4.31666666666667
"89908/1000",NA,89908,3900,"20-24 years","female",21,13637,"Work",794.608520507812,794.608520507812,"walking",0.15,0.65,"weekday",1,"20 to 39","<1km","walking",0.65,0.15,1.05,1.05
"89908/1000",NA,89908,3900,"20-24 years","female",21,13638,"Work",794.608520507812,794.608520507812,"walking",0.2,0.65,"weekday",2,"20 to 39","<1km","walking",0.65,0.2,1.4,1.4
"89908/1000",NA,89908,3900,"20-24 years","female",21,13639,"Work",794.608520507812,794.608520507812,"public.transport",0.683333333333333,24.08,"weekday",2,"20 to 39",">10km","public.transport",24.08,0.683333333333333,4.78333333333333,4.78333333333333
"89908/1000",NA,89908,3900,"20-24 years","female",21,13640,"Work",794.608520507812,794.608520507812,"car",0.1,1.55,"weekday",2,"20 to 39","1-2km","bicycle",1.55,0.140909090909091,0.7,0.986363636363636
"89911/1000",NA,89911,3901,"60-64 years","male",21,13641,"Other",407.964630126953,407.964630126953,"car",0.3,2.74,"weekday",1,"40 to 64","3-5km","bicycle",2.74,0.249090909090909,2.1,1.74363636363636
"89911/1000",NA,89911,3901,"60-64 years","male",21,13642,"Other",407.964630126953,407.964630126953,"car",0.15,2.74,"weekday",2,"40 to 64","3-5km","bicycle",2.74,0.249090909090909,1.05,1.74363636363636
"89911/1001",NA,89911,3902,"60-64 years","female",21,13643,"Other",437.736572265625,437.736572265625,"car",0.3,2.74,"weekday",1,"40 to 64","3-5km","bicycle",2.74,0.249090909090909,2.1,1.74363636363636
"89911/1001",NA,89911,3902,"60-64 years","female",21,13644,"Other",437.736572265625,437.736572265625,"car",0.15,2.74,"weekday",2,"40 to 64","3-5km","bicycle",2.74,0.249090909090909,1.05,1.74363636363636
"89917/1000",NA,89917,3903,"45-49 years","female",21,13645,"Work",589.9345703125,589.9345703125,"car",0.666666666666667,31.34,"weekday",1,"40 to 64",">10km","car",31.34,0.666666666666667,4.66666666666667,4.66666666666667
"89917/1000",NA,89917,3903,"45-49 years","female",21,13646,"Work",589.9345703125,589.9345703125,"car",0.75,31.12,"weekday",2,"40 to 64",">10km","car",31.12,0.75,5.25,5.25
"89917/1000",NA,89917,3903,"45-49 years","female",21,13647,"Leisure",589.9345703125,589.9345703125,"car",0.583333333333333,19.44,"weekday",3,"40 to 64",">10km","car",19.44,0.583333333333333,4.08333333333333,4.08333333333333
"89917/1000",NA,89917,3903,"45-49 years","female",21,13648,"Leisure",589.9345703125,589.9345703125,"car",0.583333333333333,19.03,"weekday",4,"40 to 64",">10km","car",19.03,0.583333333333333,4.08333333333333,4.08333333333333
"89923/1000",NA,89923,3904,"35-39 years","female",21,13649,"Other",134.685974121094,134.685974121094,"car",0.333333333333333,5.16,"weekday",1,"20 to 39","6-10km","car",5.16,0.333333333333333,2.33333333333333,2.33333333333333
"89923/1000",NA,89923,3904,"35-39 years","female",21,13650,"Other",134.685974121094,134.685974121094,"car",0.5,5.23,"weekday",2,"20 to 39","6-10km","car",5.23,0.5,3.5,3.5
"89923/1000",NA,89923,3904,"35-39 years","female",21,13651,"Other",134.685974121094,134.685974121094,"car",0.25,5.16,"weekday",3,"20 to 39","6-10km","car",5.16,0.25,1.75,1.75
"89923/1000",NA,89923,3904,"35-39 years","female",21,13652,"Other",134.685974121094,134.685974121094,"car",0.416666666666667,5.23,"weekday",4,"20 to 39","6-10km","car",5.23,0.416666666666667,2.91666666666667,2.91666666666667
"89926/1000",NA,89926,3905,"45-49 years","female",21,13653,"Other",185.58512878418,185.58512878418,"car",0.183333333333333,4.25,"weekday",1,"40 to 64","3-5km","bicycle",4.25,0.386363636363636,1.28333333333333,2.70454545454545
"89926/1000",NA,89926,3905,"45-49 years","female",21,13654,"Work",185.58512878418,185.58512878418,"car",0.0833333333333333,1.45,"weekday",2,"40 to 64","1-2km","bicycle",1.45,0.131818181818182,0.583333333333333,0.922727272727273
"89926/1000",NA,89926,3905,"45-49 years","female",21,13655,"Work",185.58512878418,185.58512878418,"car",0.183333333333333,2.59,"weekday",3,"40 to 64","3-5km","bicycle",2.59,0.235454545454545,1.28333333333333,1.64818181818182
"89926/1000",NA,89926,3905,"45-49 years","female",21,13656,"Shopping",185.58512878418,185.58512878418,"car",0.166666666666667,1.43,"weekday",4,"40 to 64","1-2km","bicycle",1.43,0.13,1.16666666666667,0.91
"89926/1000",NA,89926,3905,"45-49 years","female",21,13657,"Shopping",185.58512878418,185.58512878418,"car",0.133333333333333,1.58,"weekday",5,"40 to 64","1-2km","bicycle",1.58,0.143636363636364,0.933333333333333,1.00545454545455
"89926/1001",NA,89926,3906,"45-49 years","male",21,13658,"Work",171.093643188477,171.093643188477,"car",0.666666666666667,29.54,"weekday",1,"40 to 64",">10km","car",29.54,0.666666666666667,4.66666666666667,4.66666666666667
"89926/1001",NA,89926,3906,"45-49 years","male",21,13659,"Other",171.093643188477,171.093643188477,"car",0.75,29.44,"weekday",2,"40 to 64",">10km","car",29.44,0.75,5.25,5.25
"89926/1001",NA,89926,3906,"45-49 years","male",21,13660,"Other",171.093643188477,171.093643188477,"car",0.25,3.79,"weekday",3,"40 to 64","3-5km","bicycle",3.79,0.344545454545455,1.75,2.41181818181818
"89927/1000",NA,89927,3907,"65-69 years","male",21,13661,"Leisure",125.863647460938,125.863647460938,"car",3.33333333333333,307.44,"weekday",1,"65 plus",">10km","car",307.44,3.33333333333333,23.3333333333333,23.3333333333333
"89927/1000",NA,89927,3907,"65-69 years","male",21,13663,"Leisure",125.863647460938,125.863647460938,"car",1.33333333333333,110.8,"weekday",3,"65 plus",">10km","car",110.8,1.33333333333333,9.33333333333333,9.33333333333333
"89927/1000",NA,89927,3907,"65-69 years","male",21,13664,"Leisure",125.863647460938,125.863647460938,"car",1.33333333333333,110.84,"weekday",4,"65 plus",">10km","car",110.84,1.33333333333333,9.33333333333333,9.33333333333333
"89929/1000",NA,89929,3908,"30-34 years","female",21,13665,"Work",119.532577514648,119.532577514648,"car",1.16666666666667,49.71,"weekday",1,"20 to 39",">10km","car",49.71,1.16666666666667,8.16666666666667,8.16666666666667
"89929/1000",NA,89929,3908,"30-34 years","female",21,13666,"Other",119.532577514648,119.532577514648,"car",0.05,1.5,"weekday",2,"20 to 39","1-2km","bicycle",1.5,0.136363636363636,0.35,0.954545454545454
"89929/1000",NA,89929,3908,"30-34 years","female",21,13667,"Work",119.532577514648,119.532577514648,"car",0.05,1.88,"weekday",3,"20 to 39","1-2km","bicycle",1.88,0.170909090909091,0.35,1.19636363636364
"89929/1000",NA,89929,3908,"30-34 years","female",21,13668,"Work",119.532577514648,119.532577514648,"car",1,49.83,"weekday",4,"20 to 39",">10km","car",49.83,1,7,7
"89934/1000",NA,89934,3909,"30-34 years","female",21,13669,"Other",166.980453491211,166.980453491211,"car",0.416666666666667,3.58,"weekday",1,"20 to 39","3-5km","bicycle",3.58,0.325454545454545,2.91666666666667,2.27818181818182
"89934/1000",NA,89934,3909,"30-34 years","female",21,13670,"Other",166.980453491211,166.980453491211,"car",0.333333333333333,3.04,"weekday",2,"20 to 39","3-5km","bicycle",3.04,0.276363636363636,2.33333333333333,1.93454545454545
"89934/1001",NA,89934,3910,"30-34 years","male",21,13671,"Leisure",198.818878173828,198.818878173828,"car",1.5,45.56,"weekday",1,"20 to 39",">10km","car",45.56,1.5,10.5,10.5
"89934/1001",NA,89934,3910,"30-34 years","male",21,13672,"Leisure",198.818878173828,198.818878173828,"car",1,45.83,"weekday",2,"20 to 39",">10km","car",45.83,1,7,7
"89938/1000",NA,89938,3911,"20-24 years","female",21,13673,"Other",232.704406738281,232.704406738281,"walking",0.116666666666667,0.4,"weekday",1,"20 to 39","<1km","walking",0.4,0.116666666666667,0.816666666666667,0.816666666666667
"89938/1000",NA,89938,3911,"20-24 years","female",21,13674,"Other",232.704406738281,232.704406738281,"public.transport",0.25,2.79,"weekday",1,"20 to 39","3-5km","public.transport",2.79,0.25,1.75,1.75
"89938/1000",NA,89938,3911,"20-24 years","female",21,13675,"Other",232.704406738281,232.704406738281,"walking",0.0833333333333333,0.05,"weekday",1,"20 to 39","<1km","walking",0.05,0.0833333333333333,0.583333333333333,0.583333333333333
"89938/1000",NA,89938,3911,"20-24 years","female",21,13676,"Other",232.704406738281,232.704406738281,"walking",0.0833333333333333,0.09,"weekday",2,"20 to 39","<1km","walking",0.09,0.0833333333333333,0.583333333333333,0.583333333333333
"89938/1000",NA,89938,3911,"20-24 years","female",21,13677,"Other",232.704406738281,232.704406738281,"public.transport",0.3,2.35,"weekday",2,"20 to 39","3-5km","public.transport",2.35,0.3,2.1,2.1
"89938/1000",NA,89938,3911,"20-24 years","female",21,13678,"Other",232.704406738281,232.704406738281,"walking",0.05,0.17,"weekday",2,"20 to 39","<1km","walking",0.17,0.05,0.35,0.35
"89938/1001",NA,89938,3912,"85-89 years","female",21,13679,"Shopping",59.7602348327637,59.7602348327637,"car",0.116666666666667,1.86,"weekday",1,"65 plus","1-2km","bicycle",1.86,0.169090909090909,0.816666666666667,1.18363636363636
"89938/1001",NA,89938,3912,"85-89 years","female",21,13680,"Shopping",59.7602348327637,59.7602348327637,"car",0.116666666666667,1.89,"weekday",2,"65 plus","1-2km","bicycle",1.89,0.171818181818182,0.816666666666667,1.20272727272727
"89938/1001",NA,89938,3912,"85-89 years","female",21,13681,"Leisure",59.7602348327637,59.7602348327637,"walking",0.5,0.79,"weekday",3,"65 plus","<1km","walking",0.79,0.5,3.5,3.5
"89938/1001",NA,89938,3912,"85-89 years","female",21,13682,"Leisure",59.7602348327637,59.7602348327637,"walking",0.666666666666667,0.79,"weekday",4,"65 plus","<1km","walking",0.79,0.666666666666667,4.66666666666667,4.66666666666667
"89939/1000",NA,89939,3913,"60-64 years","male",21,13683,"Work",112.358879089355,112.358879089355,"car",0.25,3.99,"weekday",1,"40 to 64","3-5km","bicycle",3.99,0.362727272727273,1.75,2.53909090909091
"89939/1000",NA,89939,3913,"60-64 years","male",21,13684,"Work",112.358879089355,112.358879089355,"car",0.333333333333333,3.94,"weekday",2,"40 to 64","3-5km","bicycle",3.94,0.358181818181818,2.33333333333333,2.50727272727273
"89942/1000",NA,89942,3914,"30-34 years","female",21,13685,"Shopping",157.198715209961,157.198715209961,"walking",0.0666666666666667,0.47,"weekday",1,"20 to 39","<1km","walking",0.47,0.0666666666666667,0.466666666666667,0.466666666666667
"89942/1000",NA,89942,3914,"30-34 years","female",21,13686,"Shopping",157.198715209961,157.198715209961,"walking",0.0666666666666667,0.47,"weekday",2,"20 to 39","<1km","walking",0.47,0.0666666666666667,0.466666666666667,0.466666666666667
"89942/1000",NA,89942,3914,"30-34 years","female",21,13687,"Leisure",157.198715209961,157.198715209961,"car",0.25,12.5,"weekday",3,"20 to 39",">10km","car",12.5,0.25,1.75,1.75
"89942/1000",NA,89942,3914,"30-34 years","female",21,13688,"Leisure",157.198715209961,157.198715209961,"car",0.416666666666667,13.54,"weekday",4,"20 to 39",">10km","car",13.54,0.416666666666667,2.91666666666667,2.91666666666667
"89942/1000",NA,89942,3914,"30-34 years","female",21,13689,"Leisure",157.198715209961,157.198715209961,"car",0.1,1.42,"weekday",5,"20 to 39","1-2km","bicycle",1.42,0.129090909090909,0.7,0.903636363636364
"89942/1000",NA,89942,3914,"30-34 years","female",21,13690,"Shopping",157.198715209961,157.198715209961,"car",0.1,2.45,"weekday",6,"20 to 39","3-5km","bicycle",2.45,0.222727272727273,0.7,1.55909090909091
"89942/1000",NA,89942,3914,"30-34 years","female",21,13691,"Shopping",157.198715209961,157.198715209961,"car",0.1,2.18,"weekday",7,"20 to 39","3-5km","bicycle",2.18,0.198181818181818,0.7,1.38727272727273
"89942/1001",NA,89942,3915,"30-34 years","male",21,13692,"Shopping",187.17204284668,187.17204284668,"car",0.0833333333333333,2.21,"weekday",1,"20 to 39","3-5km","bicycle",2.21,0.200909090909091,0.583333333333333,1.40636363636364
"89942/1001",NA,89942,3915,"30-34 years","male",21,13693,"Shopping",187.17204284668,187.17204284668,"car",0.0833333333333333,1.79,"weekday",2,"20 to 39","1-2km","bicycle",1.79,0.162727272727273,0.583333333333333,1.13909090909091
"89943/1000",NA,89943,3916,"70-74 years","female",21,13694,"Leisure",105.644348144531,105.644348144531,"car",0.316666666666667,6.5,"weekday",1,"65 plus","6-10km","car",6.5,0.316666666666667,2.21666666666667,2.21666666666667
"89943/1000",NA,89943,3916,"70-74 years","female",21,13695,"Other",105.644348144531,105.644348144531,"car",0.0833333333333333,1.2,"weekday",2,"65 plus","1-2km","bicycle",1.2,0.109090909090909,0.583333333333333,0.763636363636364
"89943/1000",NA,89943,3916,"70-74 years","female",21,13696,"Leisure",105.644348144531,105.644348144531,"car",0.166666666666667,4.55,"weekday",3,"65 plus","3-5km","bicycle",4.55,0.413636363636364,1.16666666666667,2.89545454545455
"89943/1000",NA,89943,3916,"70-74 years","female",21,13697,"Other",105.644348144531,105.644348144531,"car",0.25,4.54,"weekday",4,"65 plus","3-5km","bicycle",4.54,0.412727272727273,1.75,2.88909090909091
"89943/1000",NA,89943,3916,"70-74 years","female",21,13698,"Other",105.644348144531,105.644348144531,"car",0.333333333333333,6.41,"weekday",5,"65 plus","6-10km","car",6.41,0.333333333333333,2.33333333333333,2.33333333333333
"89943/1000",NA,89943,3916,"70-74 years","female",21,13699,"Shopping",105.644348144531,105.644348144531,"car",0.0333333333333333,0.28,"weekday",6,"65 plus","<1km","bicycle",0.28,0.0254545454545455,0.233333333333333,0.178181818181818
"89943/1000",NA,89943,3916,"70-74 years","female",21,13700,"Other",105.644348144531,105.644348144531,"car",0.0833333333333333,4.61,"weekday",7,"65 plus","3-5km","bicycle",4.61,0.419090909090909,0.583333333333333,2.93363636363636
"89943/1000",NA,89943,3916,"70-74 years","female",21,13701,"Other",105.644348144531,105.644348144531,"car",0.25,4.28,"weekday",8,"65 plus","3-5km","bicycle",4.28,0.389090909090909,1.75,2.72363636363636
"89948/1000",NA,89948,3917,"70-74 years","female",21,13702,"Other",119.05738067627,119.05738067627,"walking",0.0833333333333333,0.3,"weekday",1,"65 plus","<1km","walking",0.3,0.0833333333333333,0.583333333333333,0.583333333333333
"89948/1000",NA,89948,3917,"70-74 years","female",21,13703,"Other",119.05738067627,119.05738067627,"walking",0.166666666666667,0.3,"weekday",2,"65 plus","<1km","walking",0.3,0.166666666666667,1.16666666666667,1.16666666666667
"89948/1001",NA,89948,3918,"60-64 years","female",21,13704,"Other",170.002777099609,170.002777099609,"walking",0.0833333333333333,0.3,"weekday",1,"40 to 64","<1km","walking",0.3,0.0833333333333333,0.583333333333333,0.583333333333333
"89948/1001",NA,89948,3918,"60-64 years","female",21,13705,"Other",170.002777099609,170.002777099609,"walking",0.166666666666667,0.3,"weekday",2,"40 to 64","<1km","walking",0.3,0.166666666666667,1.16666666666667,1.16666666666667
"89948/1001",NA,89948,3918,"60-64 years","female",21,13706,"Other",170.002777099609,170.002777099609,"car",0.75,37.67,"weekday",3,"40 to 64",">10km","car",37.67,0.75,5.25,5.25
"89948/1001",NA,89948,3918,"60-64 years","female",21,13708,"Other",170.002777099609,170.002777099609,"walking",0.316666666666667,1.32,"weekday",5,"40 to 64","1-2km","walking",1.32,0.316666666666667,2.21666666666667,2.21666666666667
"89948/1001",NA,89948,3918,"60-64 years","female",21,13709,"Other",170.002777099609,170.002777099609,"walking",0.333333333333333,1.32,"weekday",6,"40 to 64","1-2km","walking",1.32,0.333333333333333,2.33333333333333,2.33333333333333
"89948/1001",NA,89948,3918,"60-64 years","female",21,13710,"Other",170.002777099609,170.002777099609,"car",0.75,37.63,"weekday",6,"40 to 64",">10km","car",37.63,0.75,5.25,5.25
"89949/1001",NA,89949,3919,"30-34 years","male",21,13711,"Work",198.818878173828,198.818878173828,"car",1,87.84,"weekday",1,"20 to 39",">10km","car",87.84,1,7,7
"89949/1001",NA,89949,3919,"30-34 years","male",21,13712,"Work",198.818878173828,198.818878173828,"car",1,88.42,"weekday",2,"20 to 39",">10km","car",88.42,1,7,7
"89951/1000",NA,89951,3920,"85-89 years","male",21,13713,"Shopping",121.124862670898,121.124862670898,"car",0.166666666666667,2.97,"weekday",1,"65 plus","3-5km","bicycle",2.97,0.27,1.16666666666667,1.89
"89951/1000",NA,89951,3920,"85-89 years","male",21,13714,"Shopping",121.124862670898,121.124862670898,"car",0.25,2.84,"weekday",2,"65 plus","3-5km","bicycle",2.84,0.258181818181818,1.75,1.80727272727273
"89951/1002",NA,89951,3921,"55-59 years","female",21,13715,"Work",181.938278198242,181.938278198242,"car",0.5,13.82,"weekday",1,"40 to 64",">10km","car",13.82,0.5,3.5,3.5
"89951/1002",NA,89951,3921,"55-59 years","female",21,13716,"Work",181.938278198242,181.938278198242,"car",0.5,13.76,"weekday",2,"40 to 64",">10km","car",13.76,0.5,3.5,3.5
"89953/1000",NA,89953,3922,"45-49 years","male",21,13717,"Work",269.638153076172,269.638153076172,"car",0.5,23.48,"weekday",1,"40 to 64",">10km","car",23.48,0.5,3.5,3.5
"89953/1000",NA,89953,3922,"45-49 years","male",21,13718,"Work",269.638153076172,269.638153076172,"car",0.266666666666667,5.4,"weekday",2,"40 to 64","6-10km","car",5.4,0.266666666666667,1.86666666666667,1.86666666666667
"89953/1000",NA,89953,3922,"45-49 years","male",21,13719,"Work",269.638153076172,269.638153076172,"car",0.133333333333333,8.55,"weekday",3,"40 to 64","6-10km","car",8.55,0.133333333333333,0.933333333333333,0.933333333333333
"89953/1000",NA,89953,3922,"45-49 years","male",21,13720,"Work",269.638153076172,269.638153076172,"car",0.15,3.1,"weekday",4,"40 to 64","3-5km","bicycle",3.1,0.281818181818182,1.05,1.97272727272727
"89953/1000",NA,89953,3922,"45-49 years","male",21,13721,"Work",269.638153076172,269.638153076172,"car",0.616666666666667,23.39,"weekday",5,"40 to 64",">10km","car",23.39,0.616666666666667,4.31666666666667,4.31666666666667
"89953/1000",NA,89953,3922,"45-49 years","male",21,13722,"Shopping",269.638153076172,269.638153076172,"car",0.133333333333333,1.87,"weekday",6,"40 to 64","1-2km","bicycle",1.87,0.17,0.933333333333333,1.19
"89953/1000",NA,89953,3922,"45-49 years","male",21,13723,"Shopping",269.638153076172,269.638153076172,"car",0.166666666666667,1.87,"weekday",7,"40 to 64","1-2km","bicycle",1.87,0.17,1.16666666666667,1.19
"89953/1002",NA,89953,3923,"15-19 years","male",21,13724,"Other",317.808868408203,317.808868408203,"car",0.133333333333333,3.14,"weekday",1,"15 to 19","3-5km","bicycle",3.14,0.285454545454545,0.933333333333333,1.99818181818182
"89953/1002",NA,89953,3923,"15-19 years","male",21,13725,"Other",317.808868408203,317.808868408203,"car",0.283333333333333,6.06,"weekday",2,"15 to 19","6-10km","car",6.06,0.283333333333333,1.98333333333333,1.98333333333333
"89953/1002",NA,89953,3923,"15-19 years","male",21,13726,"Other",317.808868408203,317.808868408203,"car",0.333333333333333,8.24,"weekday",3,"15 to 19","6-10km","car",8.24,0.333333333333333,2.33333333333333,2.33333333333333
"89953/1002",NA,89953,3923,"15-19 years","male",21,13727,"Education",317.808868408203,317.808868408203,"car",0.183333333333333,9.81,"weekday",4,"15 to 19","6-10km","car",9.81,0.183333333333333,1.28333333333333,1.28333333333333
"89953/1002",NA,89953,3923,"15-19 years","male",21,13728,"Education",317.808868408203,317.808868408203,"walking",0.2,0.34,"weekday",4,"15 to 19","<1km","walking",0.34,0.2,1.4,1.4
"89953/1002",NA,89953,3923,"15-19 years","male",21,13729,"Education",317.808868408203,317.808868408203,"public.transport",0.333333333333333,13.61,"weekday",4,"15 to 19",">10km","public.transport",13.61,0.333333333333333,2.33333333333333,2.33333333333333
"89953/1002",NA,89953,3923,"15-19 years","male",21,13730,"Education",317.808868408203,317.808868408203,"walking",0.166666666666667,0.57,"weekday",4,"15 to 19","<1km","walking",0.57,0.166666666666667,1.16666666666667,1.16666666666667
"89953/1002",NA,89953,3923,"15-19 years","male",21,13731,"Education",317.808868408203,317.808868408203,"walking",0.166666666666667,0.57,"weekday",5,"15 to 19","<1km","walking",0.57,0.166666666666667,1.16666666666667,1.16666666666667
"89953/1002",NA,89953,3923,"15-19 years","male",21,13732,"Education",317.808868408203,317.808868408203,"public.transport",0.3,13.62,"weekday",5,"15 to 19",">10km","public.transport",13.62,0.3,2.1,2.1
"89953/1002",NA,89953,3923,"15-19 years","male",21,13733,"Education",317.808868408203,317.808868408203,"walking",0.2,0.37,"weekday",5,"15 to 19","<1km","walking",0.37,0.2,1.4,1.4
"89953/1002",NA,89953,3923,"15-19 years","male",21,13734,"Education",317.808868408203,317.808868408203,"car",0.183333333333333,9.1,"weekday",5,"15 to 19","6-10km","car",9.1,0.183333333333333,1.28333333333333,1.28333333333333
"89953/1003",NA,89953,3924,"15-19 years","female",21,13735,"Other",282.893920898438,282.893920898438,"car",0.133333333333333,3.14,"weekday",1,"15 to 19","3-5km","bicycle",3.14,0.285454545454545,0.933333333333333,1.99818181818182
"89953/1003",NA,89953,3924,"15-19 years","female",21,13736,"Education",282.893920898438,282.893920898438,"car",0.283333333333333,6.06,"weekday",2,"15 to 19","6-10km","car",6.06,0.283333333333333,1.98333333333333,1.98333333333333
"89953/1003",NA,89953,3924,"15-19 years","female",21,13737,"Education",282.893920898438,282.893920898438,"walking",0.0833333333333333,0.09,"weekday",3,"15 to 19","<1km","walking",0.09,0.0833333333333333,0.583333333333333,0.583333333333333
"89953/1003",NA,89953,3924,"15-19 years","female",21,13738,"Education",282.893920898438,282.893920898438,"public.transport",0.483333333333333,7.81,"weekday",3,"15 to 19","6-10km","public.transport",7.81,0.483333333333333,3.38333333333333,3.38333333333333
"89953/1003",NA,89953,3924,"15-19 years","female",21,13739,"Education",282.893920898438,282.893920898438,"walking",0.1,0.35,"weekday",3,"15 to 19","<1km","walking",0.35,0.1,0.7,0.7
"89953/1004",NA,89953,3925,"15-19 years","male",21,13740,"Other",317.808868408203,317.808868408203,"car",0.133333333333333,3.14,"weekday",1,"15 to 19","3-5km","bicycle",3.14,0.285454545454545,0.933333333333333,1.99818181818182
"89953/1004",NA,89953,3925,"15-19 years","male",21,13741,"Education",317.808868408203,317.808868408203,"car",0.283333333333333,6.06,"weekday",2,"15 to 19","6-10km","car",6.06,0.283333333333333,1.98333333333333,1.98333333333333
"89953/1004",NA,89953,3925,"15-19 years","male",21,13742,"Education",317.808868408203,317.808868408203,"walking",0.0833333333333333,0.09,"weekday",3,"15 to 19","<1km","walking",0.09,0.0833333333333333,0.583333333333333,0.583333333333333
"89953/1004",NA,89953,3925,"15-19 years","male",21,13743,"Education",317.808868408203,317.808868408203,"public.transport",0.483333333333333,7.81,"weekday",3,"15 to 19","6-10km","public.transport",7.81,0.483333333333333,3.38333333333333,3.38333333333333
"89953/1004",NA,89953,3925,"15-19 years","male",21,13744,"Education",317.808868408203,317.808868408203,"walking",0.1,0.35,"weekday",3,"15 to 19","<1km","walking",0.35,0.1,0.7,0.7
"89953/1004",NA,89953,3925,"15-19 years","male",21,13745,"Shopping",317.808868408203,317.808868408203,"car",0.133333333333333,1.87,"weekday",4,"15 to 19","1-2km","bicycle",1.87,0.17,0.933333333333333,1.19
"89953/1004",NA,89953,3925,"15-19 years","male",21,13746,"Shopping",317.808868408203,317.808868408203,"car",0.166666666666667,1.87,"weekday",5,"15 to 19","1-2km","bicycle",1.87,0.17,1.16666666666667,1.19
"89955/1000",NA,89955,3926,"70-74 years","male",21,13747,"Shopping",152.748306274414,152.748306274414,"car",0.0833333333333333,2.64,"weekday",1,"65 plus","3-5km","bicycle",2.64,0.24,0.583333333333333,1.68
"89955/1000",NA,89955,3926,"70-74 years","male",21,13748,"Shopping",152.748306274414,152.748306274414,"car",0.0833333333333333,2.62,"weekday",2,"65 plus","3-5km","bicycle",2.62,0.238181818181818,0.583333333333333,1.66727272727273
"89958/1000",NA,89958,3927,"60-64 years","female",21,13749,"Work",243.137283325195,243.137283325195,"car",0.25,4.74,"weekday",1,"40 to 64","3-5km","bicycle",4.74,0.430909090909091,1.75,3.01636363636364
"89958/1000",NA,89958,3927,"60-64 years","female",21,13750,"Work",243.137283325195,243.137283325195,"public.transport",0.5,20.02,"weekday",1,"40 to 64",">10km","public.transport",20.02,0.5,3.5,3.5
"89958/1000",NA,89958,3927,"60-64 years","female",21,13751,"Work",243.137283325195,243.137283325195,"walking",0.25,0.62,"weekday",1,"40 to 64","<1km","walking",0.62,0.25,1.75,1.75
"89958/1000",NA,89958,3927,"60-64 years","female",21,13752,"Work",243.137283325195,243.137283325195,"walking",0.25,0.62,"weekday",2,"40 to 64","<1km","walking",0.62,0.25,1.75,1.75
"89958/1000",NA,89958,3927,"60-64 years","female",21,13753,"Work",243.137283325195,243.137283325195,"public.transport",0.5,20.59,"weekday",2,"40 to 64",">10km","public.transport",20.59,0.5,3.5,3.5
"89958/1000",NA,89958,3927,"60-64 years","female",21,13754,"Work",243.137283325195,243.137283325195,"car",0.25,4.82,"weekday",2,"40 to 64","3-5km","bicycle",4.82,0.438181818181818,1.75,3.06727272727273
"89958/1001",NA,89958,3928,"65-69 years","male",21,13756,"Other",199.9111328125,199.9111328125,"car",0.25,8.81,"weekday",1,"65 plus","6-10km","car",8.81,0.25,1.75,1.75
"89958/1001",NA,89958,3928,"65-69 years","male",21,13757,"Other",199.9111328125,199.9111328125,"car",0.25,3.67,"weekday",2,"65 plus","3-5km","bicycle",3.67,0.333636363636364,1.75,2.33545454545455
"89958/1001",NA,89958,3928,"65-69 years","male",21,13758,"Other",199.9111328125,199.9111328125,"car",0.5,12.55,"weekday",3,"65 plus",">10km","car",12.55,0.5,3.5,3.5
"89958/1001",NA,89958,3928,"65-69 years","male",21,13759,"Other",199.9111328125,199.9111328125,"car",0.5,12.49,"weekday",4,"65 plus",">10km","car",12.49,0.5,3.5,3.5
"89958/1001",NA,89958,3928,"65-69 years","male",21,13760,"Leisure",199.9111328125,199.9111328125,"car",0.166666666666667,3.7,"weekday",5,"65 plus","3-5km","bicycle",3.7,0.336363636363636,1.16666666666667,2.35454545454545
"89958/1001",NA,89958,3928,"65-69 years","male",21,13761,"Leisure",199.9111328125,199.9111328125,"car",0.416666666666667,9.07,"weekday",6,"65 plus","6-10km","car",9.07,0.416666666666667,2.91666666666667,2.91666666666667
"89959/1000",NA,89959,3929,"40-44 years","female",21,13762,"Work",259.748474121094,259.748474121094,"car",0.166666666666667,3.75,"weekday",1,"40 to 64","3-5km","bicycle",3.75,0.340909090909091,1.16666666666667,2.38636363636364
"89959/1000",NA,89959,3929,"40-44 years","female",21,13763,"Work",259.748474121094,259.748474121094,"car",0.166666666666667,3.76,"weekday",2,"40 to 64","3-5km","bicycle",3.76,0.341818181818182,1.16666666666667,2.39272727272727
"89959/1000",NA,89959,3929,"40-44 years","female",21,13764,"Leisure",259.748474121094,259.748474121094,"walking",0.166666666666667,1.3,"weekday",3,"40 to 64","1-2km","walking",1.3,0.166666666666667,1.16666666666667,1.16666666666667
"89959/1000",NA,89959,3929,"40-44 years","female",21,13765,"Leisure",259.748474121094,259.748474121094,"walking",0.166666666666667,1.3,"weekday",4,"40 to 64","1-2km","walking",1.3,0.166666666666667,1.16666666666667,1.16666666666667
"89959/1001",NA,89959,3930,"45-49 years","male",21,13766,"Other",222.079360961914,222.079360961914,"car",0.0833333333333333,2.81,"weekday",1,"40 to 64","3-5km","bicycle",2.81,0.255454545454545,0.583333333333333,1.78818181818182
"89959/1001",NA,89959,3930,"45-49 years","male",21,13767,"Work",222.079360961914,222.079360961914,"car",0.5,14.57,"weekday",2,"40 to 64",">10km","car",14.57,0.5,3.5,3.5
"89959/1001",NA,89959,3930,"45-49 years","male",21,13768,"Work",222.079360961914,222.079360961914,"car",0.5,16.95,"weekday",3,"40 to 64",">10km","car",16.95,0.5,3.5,3.5
"89959/1001",NA,89959,3930,"45-49 years","male",21,13769,"Work",222.079360961914,222.079360961914,"car",0.25,4.86,"weekday",4,"40 to 64","3-5km","bicycle",4.86,0.441818181818182,1.75,3.09272727272727
"89959/1001",NA,89959,3930,"45-49 years","male",21,13770,"Other",222.079360961914,222.079360961914,"car",0.25,3.18,"weekday",5,"40 to 64","3-5km","bicycle",3.18,0.289090909090909,1.75,2.02363636363636
"89959/1001",NA,89959,3930,"45-49 years","male",21,13771,"Other",222.079360961914,222.079360961914,"car",0.0833333333333333,2.71,"weekday",6,"40 to 64","3-5km","bicycle",2.71,0.246363636363636,0.583333333333333,1.72454545454545
"89967/1000",NA,89967,3931,"25-29 years","female",21,13772,"Work",178.791854858398,178.791854858398,"car",0.0833333333333333,1.21,"weekday",1,"20 to 39","1-2km","bicycle",1.21,0.11,0.583333333333333,0.77
"89967/1000",NA,89967,3931,"25-29 years","female",21,13773,"Work",178.791854858398,178.791854858398,"car",0.0833333333333333,1.21,"weekday",2,"20 to 39","1-2km","bicycle",1.21,0.11,0.583333333333333,0.77
"89967/1001",NA,89967,3932,"25-29 years","male",21,13774,"Work",213.285980224609,213.285980224609,"car",0.25,11.26,"weekday",1,"20 to 39",">10km","car",11.26,0.25,1.75,1.75
"89967/1001",NA,89967,3932,"25-29 years","male",21,13775,"Work",213.285980224609,213.285980224609,"car",0.25,11.38,"weekday",2,"20 to 39",">10km","car",11.38,0.25,1.75,1.75
"89970/1000",NA,89970,3933,"35-39 years","male",21,13776,"Work",148.682647705078,148.682647705078,"car",0.866666666666667,23.79,"weekday",1,"20 to 39",">10km","car",23.79,0.866666666666667,6.06666666666667,6.06666666666667
"89970/1000",NA,89970,3933,"35-39 years","male",21,13777,"Work",148.682647705078,148.682647705078,"car",1,23.71,"weekday",2,"20 to 39",">10km","car",23.71,1,7,7
"89975/1000",NA,89975,3934,"20-24 years","female",21,13778,"Other",251.227233886719,251.227233886719,"car",0.333333333333333,15.9,"weekday",1,"20 to 39",">10km","car",15.9,0.333333333333333,2.33333333333333,2.33333333333333
"89975/1000",NA,89975,3934,"20-24 years","female",21,13779,"Other",251.227233886719,251.227233886719,"car",0.5,11.36,"weekday",2,"20 to 39",">10km","car",11.36,0.5,3.5,3.5
"89975/1000",NA,89975,3934,"20-24 years","female",21,13780,"Other",251.227233886719,251.227233886719,"car",0.166666666666667,4.25,"weekday",3,"20 to 39","3-5km","bicycle",4.25,0.386363636363636,1.16666666666667,2.70454545454545
"89975/1001",NA,89975,3935,"55-59 years","female",21,13781,"Other",217.49284362793,217.49284362793,"car",0.166666666666667,4.17,"weekday",1,"40 to 64","3-5km","bicycle",4.17,0.379090909090909,1.16666666666667,2.65363636363636
"89975/1001",NA,89975,3935,"55-59 years","female",21,13782,"Work",217.49284362793,217.49284362793,"car",0.0833333333333333,3.37,"weekday",2,"40 to 64","3-5km","bicycle",3.37,0.306363636363636,0.583333333333333,2.14454545454545
"89975/1001",NA,89975,3935,"55-59 years","female",21,13783,"Work",217.49284362793,217.49284362793,"car",0.166666666666667,2.16,"weekday",3,"40 to 64","3-5km","bicycle",2.16,0.196363636363636,1.16666666666667,1.37454545454545
"89975/1002",NA,89975,3936,"55-59 years","male",21,13784,"Work",237.927825927734,237.927825927734,"car",0.166666666666667,4.17,"weekday",1,"40 to 64","3-5km","bicycle",4.17,0.379090909090909,1.16666666666667,2.65363636363636
"89975/1002",NA,89975,3936,"55-59 years","male",21,13785,"Work",237.927825927734,237.927825927734,"public.transport",0.866666666666667,20.23,"weekday",1,"40 to 64",">10km","public.transport",20.23,0.866666666666667,6.06666666666667,6.06666666666667
"89975/1002",NA,89975,3936,"55-59 years","male",21,13786,"Work",237.927825927734,237.927825927734,"walking",0.0333333333333333,0.33,"weekday",1,"40 to 64","<1km","walking",0.33,0.0333333333333333,0.233333333333333,0.233333333333333
"89975/1002",NA,89975,3936,"55-59 years","male",21,13787,"Work",237.927825927734,237.927825927734,"public.transport",0.85,16.14,"weekday",1,"40 to 64",">10km","public.transport",16.14,0.85,5.95,5.95
"89975/1002",NA,89975,3936,"55-59 years","male",21,13788,"Work",237.927825927734,237.927825927734,"walking",0.166666666666667,1.12,"weekday",1,"40 to 64","1-2km","walking",1.12,0.166666666666667,1.16666666666667,1.16666666666667
"89975/1002",NA,89975,3936,"55-59 years","male",21,13789,"Work",237.927825927734,237.927825927734,"walking",0.166666666666667,1.12,"weekday",2,"40 to 64","1-2km","walking",1.12,0.166666666666667,1.16666666666667,1.16666666666667
"89975/1002",NA,89975,3936,"55-59 years","male",21,13790,"Work",237.927825927734,237.927825927734,"public.transport",0.416666666666667,17.05,"weekday",2,"40 to 64",">10km","public.transport",17.05,0.416666666666667,2.91666666666667,2.91666666666667
"89975/1002",NA,89975,3936,"55-59 years","male",21,13791,"Work",237.927825927734,237.927825927734,"walking",0.0833333333333333,0.31,"weekday",2,"40 to 64","<1km","walking",0.31,0.0833333333333333,0.583333333333333,0.583333333333333
"89975/1002",NA,89975,3936,"55-59 years","male",21,13792,"Work",237.927825927734,237.927825927734,"public.transport",0.583333333333333,19.24,"weekday",2,"40 to 64",">10km","public.transport",19.24,0.583333333333333,4.08333333333333,4.08333333333333
"89975/1002",NA,89975,3936,"55-59 years","male",21,13793,"Work",237.927825927734,237.927825927734,"car",0.166666666666667,4.25,"weekday",2,"40 to 64","3-5km","bicycle",4.25,0.386363636363636,1.16666666666667,2.70454545454545
"89975/1003",NA,89975,3937,"20-24 years","female",21,13794,"Other",251.227233886719,251.227233886719,"car",0.333333333333333,15.9,"weekday",1,"20 to 39",">10km","car",15.9,0.333333333333333,2.33333333333333,2.33333333333333
"89975/1003",NA,89975,3937,"20-24 years","female",21,13795,"Other",251.227233886719,251.227233886719,"car",0.5,11.36,"weekday",2,"20 to 39",">10km","car",11.36,0.5,3.5,3.5
"89975/1003",NA,89975,3937,"20-24 years","female",21,13796,"Other",251.227233886719,251.227233886719,"car",0.166666666666667,4.25,"weekday",3,"20 to 39","3-5km","bicycle",4.25,0.386363636363636,1.16666666666667,2.70454545454545
"89980/1000",NA,89980,3938,"45-49 years","female",21,13797,"Other",163.545227050781,163.545227050781,"car",0.5,24.91,"weekday",1,"40 to 64",">10km","car",24.91,0.5,3.5,3.5
"89980/1002",NA,89980,3939,"20-24 years","male",21,13798,"Other",228.728454589844,228.728454589844,"car",0.5,24.91,"weekday",1,"20 to 39",">10km","car",24.91,0.5,3.5,3.5
"89980/1002",NA,89980,3939,"20-24 years","male",21,13799,"Other",228.728454589844,228.728454589844,"car",0.666666666666667,24.82,"weekday",2,"20 to 39",">10km","car",24.82,0.666666666666667,4.66666666666667,4.66666666666667
"89980/1002",NA,89980,3939,"20-24 years","male",21,13800,"Work",228.728454589844,228.728454589844,"car",0.166666666666667,3.42,"weekday",3,"20 to 39","3-5km","bicycle",3.42,0.310909090909091,1.16666666666667,2.17636363636364
"89980/1002",NA,89980,3939,"20-24 years","male",21,13801,"Work",228.728454589844,228.728454589844,"car",0.333333333333333,7.34,"weekday",4,"20 to 39","6-10km","car",7.34,0.333333333333333,2.33333333333333,2.33333333333333
"89980/1002",NA,89980,3939,"20-24 years","male",21,13802,"Work",228.728454589844,228.728454589844,"car",0.333333333333333,9.67,"weekday",5,"20 to 39","6-10km","car",9.67,0.333333333333333,2.33333333333333,2.33333333333333
"89980/1003",NA,89980,3940,"20-24 years","male",21,13803,"Work",228.728454589844,228.728454589844,"car",0.833333333333333,68.08,"weekday",1,"20 to 39",">10km","car",68.08,0.833333333333333,5.83333333333333,5.83333333333333
"89980/1003",NA,89980,3940,"20-24 years","male",21,13804,"Work",228.728454589844,228.728454589844,"car",1.5,68.2,"weekday",2,"20 to 39",">10km","car",68.2,1.5,10.5,10.5
"89981/1000",NA,89981,3941,"40-44 years","male",21,13805,"Other",121.04647064209,121.04647064209,"car",0.5,18.28,"weekday",1,"40 to 64",">10km","car",18.28,0.5,3.5,3.5
"89981/1000",NA,89981,3941,"40-44 years","male",21,13806,"Other",121.04647064209,121.04647064209,"car",0.533333333333333,18.29,"weekday",2,"40 to 64",">10km","car",18.29,0.533333333333333,3.73333333333333,3.73333333333333
"89981/1001",NA,89981,3942,"40-44 years","female",21,13807,"Work",113.294410705566,113.294410705566,"car",0.25,5.48,"weekday",1,"40 to 64","6-10km","car",5.48,0.25,1.75,1.75
"89981/1001",NA,89981,3942,"40-44 years","female",21,13808,"Other",113.294410705566,113.294410705566,"car",0.416666666666667,15.6,"weekday",2,"40 to 64",">10km","car",15.6,0.416666666666667,2.91666666666667,2.91666666666667
"89981/1001",NA,89981,3942,"40-44 years","female",21,13809,"Other",113.294410705566,113.294410705566,"car",0.5,18.29,"weekday",3,"40 to 64",">10km","car",18.29,0.5,3.5,3.5
"89982/1000",NA,89982,3943,"50-54 years","female",21,13810,"Work",69.2914581298828,69.2914581298828,"car",1.08333333333333,23.58,"weekday",1,"40 to 64",">10km","car",23.58,1.08333333333333,7.58333333333333,7.58333333333333
"89982/1000",NA,89982,3943,"50-54 years","female",21,13811,"Work",69.2914581298828,69.2914581298828,"car",0.166666666666667,3.38,"weekday",2,"40 to 64","3-5km","bicycle",3.38,0.307272727272727,1.16666666666667,2.15090909090909
"89982/1000",NA,89982,3943,"50-54 years","female",21,13812,"Work",69.2914581298828,69.2914581298828,"car",0.166666666666667,3.13,"weekday",3,"40 to 64","3-5km","bicycle",3.13,0.284545454545455,1.16666666666667,1.99181818181818
"89982/1000",NA,89982,3943,"50-54 years","female",21,13813,"Work",69.2914581298828,69.2914581298828,"car",0.833333333333333,24.41,"weekday",4,"40 to 64",">10km","car",24.41,0.833333333333333,5.83333333333333,5.83333333333333
"89982/1001",NA,89982,3944,"50-54 years","male",21,13814,"Other",76.2739486694336,76.2739486694336,"car",0.25,9.12,"weekday",1,"40 to 64","6-10km","car",9.12,0.25,1.75,1.75
"89982/1001",NA,89982,3944,"50-54 years","male",21,13815,"Other",76.2739486694336,76.2739486694336,"car",0.333333333333333,9.23,"weekday",2,"40 to 64","6-10km","car",9.23,0.333333333333333,2.33333333333333,2.33333333333333
"89982/1001",NA,89982,3944,"50-54 years","male",21,13816,"Other",76.2739486694336,76.2739486694336,"car",0.166666666666667,4.35,"weekday",3,"40 to 64","3-5km","bicycle",4.35,0.395454545454545,1.16666666666667,2.76818181818182
"89982/1001",NA,89982,3944,"50-54 years","male",21,13817,"Work",76.2739486694336,76.2739486694336,"car",0.583333333333333,23.9,"weekday",4,"40 to 64",">10km","car",23.9,0.583333333333333,4.08333333333333,4.08333333333333
"89982/1001",NA,89982,3944,"50-54 years","male",21,13818,"Work",76.2739486694336,76.2739486694336,"car",0.916666666666667,24.03,"weekday",5,"40 to 64",">10km","car",24.03,0.916666666666667,6.41666666666667,6.41666666666667
"89983/1000",NA,89983,3945,"30-34 years","female",21,13819,"Other",111.729713439941,111.729713439941,"car",0.25,2.66,"weekday",1,"20 to 39","3-5km","bicycle",2.66,0.241818181818182,1.75,1.69272727272727
"89983/1000",NA,89983,3945,"30-34 years","female",21,13820,"Other",111.729713439941,111.729713439941,"car",0.0333333333333333,0.5,"weekday",2,"20 to 39","<1km","bicycle",0.5,0.0454545454545455,0.233333333333333,0.318181818181818
"89983/1000",NA,89983,3945,"30-34 years","female",21,13821,"Other",111.729713439941,111.729713439941,"car",0.4,2.57,"weekday",3,"20 to 39","3-5km","bicycle",2.57,0.233636363636364,2.8,1.63545454545455
"89983/1000",NA,89983,3945,"30-34 years","female",21,13822,"Other",111.729713439941,111.729713439941,"car",0.0833333333333333,2.66,"weekday",4,"20 to 39","3-5km","bicycle",2.66,0.241818181818182,0.583333333333333,1.69272727272727
"89983/1000",NA,89983,3945,"30-34 years","female",21,13823,"Other",111.729713439941,111.729713439941,"car",0.05,0.5,"weekday",5,"20 to 39","<1km","bicycle",0.5,0.0454545454545455,0.35,0.318181818181818
"89983/1000",NA,89983,3945,"30-34 years","female",21,13824,"Other",111.729713439941,111.729713439941,"car",0.25,2.57,"weekday",6,"20 to 39","3-5km","bicycle",2.57,0.233636363636364,1.75,1.63545454545455
"89986/1000",NA,89986,3946,"60-64 years","female",21,13825,"Work",132.794357299805,132.794357299805,"car",0.166666666666667,2.23,"weekday",1,"40 to 64","3-5km","bicycle",2.23,0.202727272727273,1.16666666666667,1.41909090909091
"89986/1000",NA,89986,3946,"60-64 years","female",21,13826,"Work",132.794357299805,132.794357299805,"car",0.166666666666667,2.23,"weekday",2,"40 to 64","3-5km","bicycle",2.23,0.202727272727273,1.16666666666667,1.41909090909091
"89986/1001",NA,89986,3947,"70-74 years","male",21,13827,"Other",105.506164550781,105.506164550781,"car",0.333333333333333,5.78,"weekday",1,"65 plus","6-10km","car",5.78,0.333333333333333,2.33333333333333,2.33333333333333
"89986/1001",NA,89986,3947,"70-74 years","male",21,13828,"Other",105.506164550781,105.506164550781,"car",0.0833333333333333,1.41,"weekday",2,"65 plus","1-2km","bicycle",1.41,0.128181818181818,0.583333333333333,0.897272727272727
"89986/1001",NA,89986,3947,"70-74 years","male",21,13829,"Other",105.506164550781,105.506164550781,"car",0.333333333333333,5.69,"weekday",3,"65 plus","6-10km","car",5.69,0.333333333333333,2.33333333333333,2.33333333333333
"89986/1002",NA,89986,3948,"35-39 years","male",21,13830,"Work",102.222640991211,102.222640991211,"car",0.483333333333333,26.27,"weekday",1,"20 to 39",">10km","car",26.27,0.483333333333333,3.38333333333333,3.38333333333333
"89986/1002",NA,89986,3948,"35-39 years","male",21,13831,"Work",102.222640991211,102.222640991211,"car",0.75,26.36,"weekday",2,"20 to 39",">10km","car",26.36,0.75,5.25,5.25
"89989/1000",NA,89989,3949,"30-34 years","female",21,13832,"Work",92.2150650024414,92.2150650024414,"car",0.166666666666667,5.08,"weekday",1,"20 to 39","6-10km","car",5.08,0.166666666666667,1.16666666666667,1.16666666666667
"89989/1000",NA,89989,3949,"30-34 years","female",21,13833,"Work",92.2150650024414,92.2150650024414,"car",0.166666666666667,5.11,"weekday",2,"20 to 39","6-10km","car",5.11,0.166666666666667,1.16666666666667,1.16666666666667
"89991/1000",NA,89991,3950,"25-29 years","male",21,13834,"Work",117.837989807129,117.837989807129,"car",0.75,25.71,"weekday",1,"20 to 39",">10km","car",25.71,0.75,5.25,5.25
"89991/1000",NA,89991,3950,"25-29 years","male",21,13835,"Work",117.837989807129,117.837989807129,"car",0.833333333333333,25.69,"weekday",2,"20 to 39",">10km","car",25.69,0.833333333333333,5.83333333333333,5.83333333333333
"89991/1001",NA,89991,3951,"30-34 years","male",21,13836,"Work",138.331512451172,138.331512451172,"car",0.416666666666667,15.77,"weekday",1,"20 to 39",">10km","car",15.77,0.416666666666667,2.91666666666667,2.91666666666667
"89991/1001",NA,89991,3951,"30-34 years","male",21,13837,"Work",138.331512451172,138.331512451172,"car",0.416666666666667,15.74,"weekday",2,"20 to 39",">10km","car",15.74,0.416666666666667,2.91666666666667,2.91666666666667
"89991/1002",NA,89991,3952,"55-59 years","male",21,13838,"Work",125.77254486084,125.77254486084,"car",0.25,11.71,"weekday",1,"40 to 64",">10km","car",11.71,0.25,1.75,1.75
"89991/1002",NA,89991,3952,"55-59 years","male",21,13839,"Work",125.77254486084,125.77254486084,"car",0.25,11.83,"weekday",2,"40 to 64",">10km","car",11.83,0.25,1.75,1.75
"89992/1000",NA,89992,3953,"65-69 years","female",21,13840,"Shopping",86.0002593994141,86.0002593994141,"car",0.25,5.29,"weekday",1,"65 plus","6-10km","car",5.29,0.25,1.75,1.75
"89992/1000",NA,89992,3953,"65-69 years","female",21,13841,"Shopping",86.0002593994141,86.0002593994141,"car",0.25,11.36,"weekday",2,"65 plus",">10km","car",11.36,0.25,1.75,1.75
"89992/1000",NA,89992,3953,"65-69 years","female",21,13842,"Shopping",86.0002593994141,86.0002593994141,"car",0.416666666666667,13.95,"weekday",3,"65 plus",">10km","car",13.95,0.416666666666667,2.91666666666667,2.91666666666667
"89992/1001",NA,89992,3954,"65-69 years","male",21,13843,"Other",91.5599975585938,91.5599975585938,"car",0.25,5.29,"weekday",1,"65 plus","6-10km","car",5.29,0.25,1.75,1.75
"89992/1001",NA,89992,3954,"65-69 years","male",21,13844,"Shopping",91.5599975585938,91.5599975585938,"car",0.25,11.36,"weekday",2,"65 plus",">10km","car",11.36,0.25,1.75,1.75
"89992/1001",NA,89992,3954,"65-69 years","male",21,13845,"Shopping",91.5599975585938,91.5599975585938,"car",0.416666666666667,13.95,"weekday",3,"65 plus",">10km","car",13.95,0.416666666666667,2.91666666666667,2.91666666666667
"89993/1000",NA,89993,3955,"40-44 years","female",21,13846,"Other",151.688049316406,151.688049316406,"car",0.25,4.58,"weekday",1,"40 to 64","3-5km","bicycle",4.58,0.416363636363636,1.75,2.91454545454545
"89993/1000",NA,89993,3955,"40-44 years","female",21,13847,"Other",151.688049316406,151.688049316406,"car",0.25,4.62,"weekday",2,"40 to 64","3-5km","bicycle",4.62,0.42,1.75,2.94
"89993/1000",NA,89993,3955,"40-44 years","female",21,13848,"Other",151.688049316406,151.688049316406,"car",0.166666666666667,4.58,"weekday",3,"40 to 64","3-5km","bicycle",4.58,0.416363636363636,1.16666666666667,2.91454545454545
"89993/1000",NA,89993,3955,"40-44 years","female",21,13849,"Other",151.688049316406,151.688049316406,"car",0.25,4.62,"weekday",4,"40 to 64","3-5km","bicycle",4.62,0.42,1.75,2.94
"89993/1001",NA,89993,3956,"40-44 years","male",21,13850,"Work",162.067153930664,162.067153930664,"other",0.75,23.46,"weekday",1,"40 to 64",">10km","other",23.46,0.75,5.25,5.25
"89993/1001",NA,89993,3956,"40-44 years","male",21,13851,"Work",162.067153930664,162.067153930664,"bicycle",1,23.64,"weekday",2,"40 to 64",">10km","bicycle",23.64,1,7,7
"89993/1002",NA,89993,3957,"15-19 years","female",21,13852,"Education",134.606628417969,134.606628417969,"car",0.25,4.58,"weekday",1,"15 to 19","3-5km","bicycle",4.58,0.416363636363636,1.75,2.91454545454545
"89993/1002",NA,89993,3957,"15-19 years","female",21,13853,"Education",134.606628417969,134.606628417969,"car",0.25,4.62,"weekday",2,"15 to 19","3-5km","bicycle",4.62,0.42,1.75,2.94
"89994/1000",NA,89994,3958,"45-49 years","female",21,13854,"Other",163.545227050781,163.545227050781,"car",0.166666666666667,3.47,"weekday",1,"40 to 64","3-5km","bicycle",3.47,0.315454545454545,1.16666666666667,2.20818181818182
"89994/1000",NA,89994,3958,"45-49 years","female",21,13855,"Work",163.545227050781,163.545227050781,"car",0.133333333333333,2.04,"weekday",2,"40 to 64","3-5km","bicycle",2.04,0.185454545454545,0.933333333333333,1.29818181818182
"89994/1000",NA,89994,3958,"45-49 years","female",21,13856,"Work",163.545227050781,163.545227050781,"car",0.166666666666667,5.15,"weekday",3,"40 to 64","6-10km","car",5.15,0.166666666666667,1.16666666666667,1.16666666666667
"89994/1000",NA,89994,3958,"45-49 years","female",21,13857,"Other",163.545227050781,163.545227050781,"car",0.666666666666667,20.73,"weekday",4,"40 to 64",">10km","car",20.73,0.666666666666667,4.66666666666667,4.66666666666667
"89994/1000",NA,89994,3958,"45-49 years","female",21,13858,"Other",163.545227050781,163.545227050781,"car",0.166666666666667,7.82,"weekday",5,"40 to 64","6-10km","car",7.82,0.166666666666667,1.16666666666667,1.16666666666667
"89994/1000",NA,89994,3958,"45-49 years","female",21,13859,"Work",163.545227050781,163.545227050781,"car",0.416666666666667,22.63,"weekday",6,"40 to 64",">10km","car",22.63,0.416666666666667,2.91666666666667,2.91666666666667
"89994/1000",NA,89994,3958,"45-49 years","female",21,13860,"Other",163.545227050781,163.545227050781,"car",0.25,5.11,"weekday",7,"40 to 64","6-10km","car",5.11,0.25,1.75,1.75
"89994/1000",NA,89994,3958,"45-49 years","female",21,13861,"Other",163.545227050781,163.545227050781,"car",0.2,1.4,"weekday",8,"40 to 64","1-2km","bicycle",1.4,0.127272727272727,1.4,0.890909090909091
"89994/1000",NA,89994,3958,"45-49 years","female",21,13862,"Other",163.545227050781,163.545227050781,"car",0.116666666666667,2.8,"weekday",9,"40 to 64","3-5km","bicycle",2.8,0.254545454545455,0.816666666666667,1.78181818181818
"89994/1000",NA,89994,3958,"45-49 years","female",21,13863,"Leisure",163.545227050781,163.545227050781,"car",0.166666666666667,1.5,"weekday",10,"40 to 64","1-2km","bicycle",1.5,0.136363636363636,1.16666666666667,0.954545454545454
"89994/1000",NA,89994,3958,"45-49 years","female",21,13864,"Leisure",163.545227050781,163.545227050781,"car",0.166666666666667,1.5,"weekday",11,"40 to 64","1-2km","bicycle",1.5,0.136363636363636,1.16666666666667,0.954545454545454
"89994/1001",NA,89994,3959,"45-49 years","male",21,13865,"Work",167.788757324219,167.788757324219,"car",0.166666666666667,3.02,"weekday",1,"40 to 64","3-5km","bicycle",3.02,0.274545454545455,1.16666666666667,1.92181818181818
"89994/1001",NA,89994,3959,"45-49 years","male",21,13866,"Work",167.788757324219,167.788757324219,"public.transport",0.833333333333333,32.41,"weekday",1,"40 to 64",">10km","public.transport",32.41,0.833333333333333,5.83333333333333,5.83333333333333
"89994/1001",NA,89994,3959,"45-49 years","male",21,13867,"Work",167.788757324219,167.788757324219,"walking",0.25,0.96,"weekday",1,"40 to 64","<1km","walking",0.96,0.25,1.75,1.75
"89994/1001",NA,89994,3959,"45-49 years","male",21,13868,"Shopping",167.788757324219,167.788757324219,"walking",0.166666666666667,1.01,"weekday",2,"40 to 64","1-2km","walking",1.01,0.166666666666667,1.16666666666667,1.16666666666667
"89994/1001",NA,89994,3959,"45-49 years","male",21,13869,"Work",167.788757324219,167.788757324219,"walking",0.166666666666667,1.01,"weekday",3,"40 to 64","1-2km","walking",1.01,0.166666666666667,1.16666666666667,1.16666666666667
"89994/1001",NA,89994,3959,"45-49 years","male",21,13870,"Work",167.788757324219,167.788757324219,"walking",0.166666666666667,0.96,"weekday",4,"40 to 64","<1km","walking",0.96,0.166666666666667,1.16666666666667,1.16666666666667
"89994/1001",NA,89994,3959,"45-49 years","male",21,13871,"Work",167.788757324219,167.788757324219,"public.transport",1.1,32.41,"weekday",4,"40 to 64",">10km","public.transport",32.41,1.1,7.7,7.7
"89994/1001",NA,89994,3959,"45-49 years","male",21,13872,"Work",167.788757324219,167.788757324219,"car",0.166666666666667,2.87,"weekday",4,"40 to 64","3-5km","bicycle",2.87,0.260909090909091,1.16666666666667,1.82636363636364
"89995/1000",NA,89995,3960,"40-44 years","male",21,13873,"Shopping",127.498237609863,127.498237609863,"car",0.25,4.87,"weekday",1,"40 to 64","3-5km","bicycle",4.87,0.442727272727273,1.75,3.09909090909091
"89995/1000",NA,89995,3960,"40-44 years","male",21,13874,"Shopping",127.498237609863,127.498237609863,"car",0.25,4.9,"weekday",2,"40 to 64","3-5km","bicycle",4.9,0.445454545454545,1.75,3.11818181818182
"89995/1000",NA,89995,3960,"40-44 years","male",21,13875,"Other",127.498237609863,127.498237609863,"car",0.25,1.98,"weekday",3,"40 to 64","1-2km","bicycle",1.98,0.18,1.75,1.26
"89995/1000",NA,89995,3960,"40-44 years","male",21,13876,"Other",127.498237609863,127.498237609863,"car",0.3,1.98,"weekday",4,"40 to 64","1-2km","bicycle",1.98,0.18,2.1,1.26
"89995/1001",NA,89995,3961,"40-44 years","female",21,13877,"Other",119.332992553711,119.332992553711,"car",0.166666666666667,1.98,"weekday",1,"40 to 64","1-2km","bicycle",1.98,0.18,1.16666666666667,1.26
"89995/1001",NA,89995,3961,"40-44 years","female",21,13878,"Work",119.332992553711,119.332992553711,"car",0.633333333333333,17.9,"weekday",2,"40 to 64",">10km","car",17.9,0.633333333333333,4.43333333333333,4.43333333333333
"89995/1001",NA,89995,3961,"40-44 years","female",21,13879,"Work",119.332992553711,119.332992553711,"car",0.5,18.34,"weekday",3,"40 to 64",">10km","car",18.34,0.5,3.5,3.5
"89996/1000",NA,89996,3962,"40-44 years","female",21,13880,"Other",113.294410705566,113.294410705566,"car",0.416666666666667,11.77,"weekday",1,"40 to 64",">10km","car",11.77,0.416666666666667,2.91666666666667,2.91666666666667
"89996/1000",NA,89996,3962,"40-44 years","female",21,13881,"Work",113.294410705566,113.294410705566,"car",0.333333333333333,14.54,"weekday",2,"40 to 64",">10km","car",14.54,0.333333333333333,2.33333333333333,2.33333333333333
"89996/1000",NA,89996,3962,"40-44 years","female",21,13882,"Other",113.294410705566,113.294410705566,"car",0.5,13.48,"weekday",3,"40 to 64",">10km","car",13.48,0.5,3.5,3.5
"89996/1000",NA,89996,3962,"40-44 years","female",21,13883,"Other",113.294410705566,113.294410705566,"car",0.5,12.71,"weekday",4,"40 to 64",">10km","car",12.71,0.5,3.5,3.5
"89996/1001",NA,89996,3963,"40-44 years","male",21,13884,"Work",121.04647064209,121.04647064209,"car",0.666666666666667,24.03,"weekday",1,"40 to 64",">10km","car",24.03,0.666666666666667,4.66666666666667,4.66666666666667
"89996/1001",NA,89996,3963,"40-44 years","male",21,13885,"Work",121.04647064209,121.04647064209,"car",0.666666666666667,23.8,"weekday",2,"40 to 64",">10km","car",23.8,0.666666666666667,4.66666666666667,4.66666666666667
"89997/1000",NA,89997,3964,"60-64 years","male",21,13886,"Work",93.5367965698242,93.5367965698242,"car",0.333333333333333,2.65,"weekday",1,"40 to 64","3-5km","bicycle",2.65,0.240909090909091,2.33333333333333,1.68636363636364
"89997/1000",NA,89997,3964,"60-64 years","male",21,13887,"Work",93.5367965698242,93.5367965698242,"car",0.25,2.64,"weekday",2,"40 to 64","3-5km","bicycle",2.64,0.24,1.75,1.68
"89997/1001",NA,89997,3965,"55-59 years","female",21,13888,"Work",94.9781875610352,94.9781875610352,"car",0.25,10.68,"weekday",1,"40 to 64",">10km","car",10.68,0.25,1.75,1.75
"89997/1001",NA,89997,3965,"55-59 years","female",21,13889,"Work",94.9781875610352,94.9781875610352,"car",0.166666666666667,10.65,"weekday",2,"40 to 64",">10km","car",10.65,0.166666666666667,1.16666666666667,1.16666666666667
"89998/1000",NA,89998,3966,"70-74 years","female",21,13890,"Leisure",74.8938827514648,74.8938827514648,"car",0.166666666666667,2.59,"weekday",1,"65 plus","3-5km","bicycle",2.59,0.235454545454545,1.16666666666667,1.64818181818182
"89998/1000",NA,89998,3966,"70-74 years","female",21,13891,"Shopping",74.8938827514648,74.8938827514648,"car",0.166666666666667,4.3,"weekday",2,"65 plus","3-5km","bicycle",4.3,0.390909090909091,1.16666666666667,2.73636363636364
"89998/1000",NA,89998,3966,"70-74 years","female",21,13892,"Shopping",74.8938827514648,74.8938827514648,"car",0.166666666666667,3.32,"weekday",3,"65 plus","3-5km","bicycle",3.32,0.301818181818182,1.16666666666667,2.11272727272727
"89999/1000",NA,89999,3968,"35-39 years","female",21,13895,"Other",69.9950256347656,69.9950256347656,"car",0.0833333333333333,2.46,"weekday",1,"20 to 39","3-5km","bicycle",2.46,0.223636363636364,0.583333333333333,1.56545454545455
"89999/1000",NA,89999,3968,"35-39 years","female",21,13896,"Work",69.9950256347656,69.9950256347656,"car",0.416666666666667,7.3,"weekday",2,"20 to 39","6-10km","car",7.3,0.416666666666667,2.91666666666667,2.91666666666667
"89999/1000",NA,89999,3968,"35-39 years","female",21,13897,"Other",69.9950256347656,69.9950256347656,"car",0.333333333333333,8.83,"weekday",3,"20 to 39","6-10km","car",8.83,0.333333333333333,2.33333333333333,2.33333333333333
"89999/1000",NA,89999,3968,"35-39 years","female",21,13898,"Other",69.9950256347656,69.9950256347656,"car",0.05,0.32,"weekday",4,"20 to 39","<1km","bicycle",0.32,0.0290909090909091,0.35,0.203636363636364
"90001/1001",NA,90001,3969,"45-49 years","female",21,13899,"Other",122.150421142578,122.150421142578,"car",0.3,8.67,"weekday",1,"40 to 64","6-10km","car",8.67,0.3,2.1,2.1
"90001/1001",NA,90001,3969,"45-49 years","female",21,13900,"Other",122.150421142578,122.150421142578,"car",0.25,8.68,"weekday",2,"40 to 64","6-10km","car",8.68,0.25,1.75,1.75
"90001/1001",NA,90001,3969,"45-49 years","female",21,13901,"Other",122.150421142578,122.150421142578,"car",0.216666666666667,3.21,"weekday",3,"40 to 64","3-5km","bicycle",3.21,0.291818181818182,1.51666666666667,2.04272727272727
"90001/1001",NA,90001,3969,"45-49 years","female",21,13902,"Other",122.150421142578,122.150421142578,"car",0.533333333333333,14.56,"weekday",4,"40 to 64",">10km","car",14.56,0.533333333333333,3.73333333333333,3.73333333333333
"90001/1001",NA,90001,3969,"45-49 years","female",21,13903,"Shopping",122.150421142578,122.150421142578,"car",0.25,10.63,"weekday",5,"40 to 64",">10km","car",10.63,0.25,1.75,1.75
"90001/1001",NA,90001,3969,"45-49 years","female",21,13904,"Shopping",122.150421142578,122.150421142578,"car",0.133333333333333,4.33,"weekday",6,"40 to 64","3-5km","bicycle",4.33,0.393636363636364,0.933333333333333,2.75545454545455
"90001/1001",NA,90001,3969,"45-49 years","female",21,13905,"Other",122.150421142578,122.150421142578,"car",0.15,3.21,"weekday",7,"40 to 64","3-5km","bicycle",3.21,0.291818181818182,1.05,2.04272727272727
"90001/1001",NA,90001,3969,"45-49 years","female",21,13906,"Other",122.150421142578,122.150421142578,"car",0.166666666666667,3.21,"weekday",8,"40 to 64","3-5km","bicycle",3.21,0.291818181818182,1.16666666666667,2.04272727272727
"90001/1001",NA,90001,3969,"45-49 years","female",21,13907,"Other",122.150421142578,122.150421142578,"car",0.3,8.67,"weekday",9,"40 to 64","6-10km","car",8.67,0.3,2.1,2.1
"90001/1001",NA,90001,3969,"45-49 years","female",21,13908,"Other",122.150421142578,122.150421142578,"car",0.283333333333333,8.68,"weekday",10,"40 to 64","6-10km","car",8.68,0.283333333333333,1.98333333333333,1.98333333333333
"90001/1001",NA,90001,3969,"45-49 years","female",21,13909,"Leisure",122.150421142578,122.150421142578,"car",0.05,0.65,"weekday",11,"40 to 64","<1km","bicycle",0.65,0.0590909090909091,0.35,0.413636363636364
"90001/1001",NA,90001,3969,"45-49 years","female",21,13910,"Leisure",122.150421142578,122.150421142578,"car",0.05,0.67,"weekday",12,"40 to 64","<1km","bicycle",0.67,0.0609090909090909,0.35,0.426363636363636
"90001/1002",NA,90001,3970,"15-19 years","male",21,13911,"Education",162.666137695312,162.666137695312,"car",0.3,8.67,"weekday",1,"15 to 19","6-10km","car",8.67,0.3,2.1,2.1
"90001/1002",NA,90001,3970,"15-19 years","male",21,13912,"Education",162.666137695312,162.666137695312,"public.transport",0.583333333333333,12.32,"weekday",1,"15 to 19",">10km","public.transport",12.32,0.583333333333333,4.08333333333333,4.08333333333333
"90001/1002",NA,90001,3970,"15-19 years","male",21,13913,"Education",162.666137695312,162.666137695312,"walking",0.05,0.08,"weekday",1,"15 to 19","<1km","walking",0.08,0.05,0.35,0.35
"90001/1002",NA,90001,3970,"15-19 years","male",21,13914,"Education",162.666137695312,162.666137695312,"walking",0.05,0.08,"weekday",2,"15 to 19","<1km","walking",0.08,0.05,0.35,0.35
"90001/1002",NA,90001,3970,"15-19 years","male",21,13915,"Education",162.666137695312,162.666137695312,"public.transport",0.583333333333333,13.1,"weekday",2,"15 to 19",">10km","public.transport",13.1,0.583333333333333,4.08333333333333,4.08333333333333
"90001/1002",NA,90001,3970,"15-19 years","male",21,13916,"Education",162.666137695312,162.666137695312,"car",0.283333333333333,8.68,"weekday",2,"15 to 19","6-10km","car",8.68,0.283333333333333,1.98333333333333,1.98333333333333
"90001/1003",NA,90001,3971,"15-19 years","male",21,13917,"Education",162.666137695312,162.666137695312,"car",0.3,8.67,"weekday",1,"15 to 19","6-10km","car",8.67,0.3,2.1,2.1
"90001/1003",NA,90001,3971,"15-19 years","male",21,13918,"Education",162.666137695312,162.666137695312,"public.transport",0.583333333333333,12.32,"weekday",1,"15 to 19",">10km","public.transport",12.32,0.583333333333333,4.08333333333333,4.08333333333333
"90001/1003",NA,90001,3971,"15-19 years","male",21,13919,"Education",162.666137695312,162.666137695312,"walking",0.05,0.08,"weekday",1,"15 to 19","<1km","walking",0.08,0.05,0.35,0.35
"90001/1003",NA,90001,3971,"15-19 years","male",21,13920,"Education",162.666137695312,162.666137695312,"walking",0.05,0.1,"weekday",2,"15 to 19","<1km","walking",0.1,0.05,0.35,0.35
"90001/1003",NA,90001,3971,"15-19 years","male",21,13921,"Education",162.666137695312,162.666137695312,"public.transport",0.583333333333333,13.07,"weekday",2,"15 to 19",">10km","public.transport",13.07,0.583333333333333,4.08333333333333,4.08333333333333
"90001/1003",NA,90001,3971,"15-19 years","male",21,13922,"Education",162.666137695312,162.666137695312,"car",0.283333333333333,8.68,"weekday",2,"15 to 19","6-10km","car",8.68,0.283333333333333,1.98333333333333,1.98333333333333
"90002/1000",NA,90002,3972,"30-34 years","female",21,13923,"Leisure",72.7955856323242,72.7955856323242,"car",0.25,5.88,"weekday",1,"20 to 39","6-10km","car",5.88,0.25,1.75,1.75
"90002/1000",NA,90002,3972,"30-34 years","female",21,13924,"Leisure",72.7955856323242,72.7955856323242,"car",0.25,6.02,"weekday",2,"20 to 39","6-10km","car",6.02,0.25,1.75,1.75
"90002/1000",NA,90002,3972,"30-34 years","female",21,13925,"Shopping",72.7955856323242,72.7955856323242,"car",0.166666666666667,2.66,"weekday",3,"20 to 39","3-5km","bicycle",2.66,0.241818181818182,1.16666666666667,1.69272727272727
"90002/1000",NA,90002,3972,"30-34 years","female",21,13926,"Shopping",72.7955856323242,72.7955856323242,"car",0.166666666666667,2.66,"weekday",4,"20 to 39","3-5km","bicycle",2.66,0.241818181818182,1.16666666666667,1.69272727272727
"90002/1001",NA,90002,3973,"30-34 years","male",21,13927,"Work",94.9313201904297,94.9313201904297,"car",0.25,7.93,"weekday",1,"20 to 39","6-10km","car",7.93,0.25,1.75,1.75
"90002/1001",NA,90002,3973,"30-34 years","male",21,13928,"Work",94.9313201904297,94.9313201904297,"car",0.25,7.92,"weekday",2,"20 to 39","6-10km","car",7.92,0.25,1.75,1.75
"90005/1000",NA,90005,3974,"45-49 years","female",21,13929,"Work",128.661026000977,128.661026000977,"car",0.583333333333333,14.32,"weekday",1,"40 to 64",">10km","car",14.32,0.583333333333333,4.08333333333333,4.08333333333333
"90005/1000",NA,90005,3974,"45-49 years","female",21,13930,"Work",128.661026000977,128.661026000977,"car",0.666666666666667,14.3,"weekday",2,"40 to 64",">10km","car",14.3,0.666666666666667,4.66666666666667,4.66666666666667
"90005/1001",NA,90005,3975,"15-19 years","female",21,13931,"Work",105.895034790039,105.895034790039,"car",0.166666666666667,3.25,"weekday",1,"15 to 19","3-5km","bicycle",3.25,0.295454545454545,1.16666666666667,2.06818181818182
"90005/1001",NA,90005,3975,"15-19 years","female",21,13932,"Work",105.895034790039,105.895034790039,"car",0.166666666666667,3.22,"weekday",2,"15 to 19","3-5km","bicycle",3.22,0.292727272727273,1.16666666666667,2.04909090909091
"90005/1001",NA,90005,3975,"15-19 years","female",21,13933,"Work",105.895034790039,105.895034790039,"car",0.25,3.25,"weekday",3,"15 to 19","3-5km","bicycle",3.25,0.295454545454545,1.75,2.06818181818182
"90005/1001",NA,90005,3975,"15-19 years","female",21,13934,"Work",105.895034790039,105.895034790039,"car",0.25,3.22,"weekday",4,"15 to 19","3-5km","bicycle",3.22,0.292727272727273,1.75,2.04909090909091
"90005/1002",NA,90005,3976,"15-19 years","male",21,13935,"Education",171.336227416992,171.336227416992,"walking",0.1,0.01,"weekday",1,"15 to 19","<1km","walking",0.01,0.1,0.7,0.7
"90005/1002",NA,90005,3976,"15-19 years","male",21,13936,"Education",171.336227416992,171.336227416992,"public.transport",0.833333333333333,11.48,"weekday",1,"15 to 19",">10km","public.transport",11.48,0.833333333333333,5.83333333333333,5.83333333333333
"90005/1002",NA,90005,3976,"15-19 years","male",21,13939,"Education",171.336227416992,171.336227416992,"public.transport",0.75,11.49,"weekday",2,"15 to 19",">10km","public.transport",11.49,0.75,5.25,5.25
"90005/1002",NA,90005,3976,"15-19 years","male",21,13940,"Education",171.336227416992,171.336227416992,"walking",0.05,0.01,"weekday",2,"15 to 19","<1km","walking",0.01,0.05,0.35,0.35
"90006/1000",NA,90006,3977,"20-24 years","male",21,13941,"Education",170.835174560547,170.835174560547,"car",0.5,22.35,"weekday",1,"20 to 39",">10km","car",22.35,0.5,3.5,3.5
"90006/1000",NA,90006,3977,"20-24 years","male",21,13942,"Education",170.835174560547,170.835174560547,"car",0.583333333333333,22.03,"weekday",2,"20 to 39",">10km","car",22.03,0.583333333333333,4.08333333333333,4.08333333333333
"90006/1001",NA,90006,3978,"55-59 years","male",21,13943,"Work",125.77254486084,125.77254486084,"car",0.5,23.53,"weekday",1,"40 to 64",">10km","car",23.53,0.5,3.5,3.5
"90006/1001",NA,90006,3978,"55-59 years","male",21,13944,"Work",125.77254486084,125.77254486084,"car",0.666666666666667,23.19,"weekday",2,"40 to 64",">10km","car",23.19,0.666666666666667,4.66666666666667,4.66666666666667
"90006/1003",NA,90006,3979,"45-49 years","female",21,13945,"Other",122.150421142578,122.150421142578,"car",0.166666666666667,3.55,"weekday",1,"40 to 64","3-5km","bicycle",3.55,0.322727272727273,1.16666666666667,2.25909090909091
"90006/1003",NA,90006,3979,"45-49 years","female",21,13946,"Work",122.150421142578,122.150421142578,"car",0.15,1.24,"weekday",2,"40 to 64","1-2km","bicycle",1.24,0.112727272727273,1.05,0.789090909090909
"90006/1003",NA,90006,3979,"45-49 years","female",21,13947,"Other",122.150421142578,122.150421142578,"car",0.25,1.28,"weekday",3,"40 to 64","1-2km","bicycle",1.28,0.116363636363636,1.75,0.814545454545455
"90006/1003",NA,90006,3979,"45-49 years","female",21,13948,"Other",122.150421142578,122.150421142578,"car",0.233333333333333,3.56,"weekday",4,"40 to 64","3-5km","bicycle",3.56,0.323636363636364,1.63333333333333,2.26545454545455
"90007/1000",NA,90007,3980,"30-34 years","female",21,13949,"Other",72.7955856323242,72.7955856323242,"car",0.166666666666667,7.76,"weekday",1,"20 to 39","6-10km","car",7.76,0.166666666666667,1.16666666666667,1.16666666666667
"90007/1000",NA,90007,3980,"30-34 years","female",21,13950,"Leisure",72.7955856323242,72.7955856323242,"car",0.166666666666667,5.29,"weekday",2,"20 to 39","6-10km","car",5.29,0.166666666666667,1.16666666666667,1.16666666666667
"90007/1000",NA,90007,3980,"30-34 years","female",21,13951,"Leisure",72.7955856323242,72.7955856323242,"car",0.166666666666667,8.4,"weekday",3,"20 to 39","6-10km","car",8.4,0.166666666666667,1.16666666666667,1.16666666666667
"90007/1000",NA,90007,3980,"30-34 years","female",21,13952,"Leisure",72.7955856323242,72.7955856323242,"walking",0.25,1.47,"weekday",4,"20 to 39","1-2km","walking",1.47,0.25,1.75,1.75
"90007/1000",NA,90007,3980,"30-34 years","female",21,13953,"Leisure",72.7955856323242,72.7955856323242,"walking",0.333333333333333,1.47,"weekday",5,"20 to 39","1-2km","walking",1.47,0.333333333333333,2.33333333333333,2.33333333333333
"90007/1001",NA,90007,3981,"35-39 years","male",21,13954,"Other",66.6014175415039,66.6014175415039,"car",0.166666666666667,7.76,"weekday",1,"20 to 39","6-10km","car",7.76,0.166666666666667,1.16666666666667,1.16666666666667
"90007/1001",NA,90007,3981,"35-39 years","male",21,13955,"Leisure",66.6014175415039,66.6014175415039,"car",0.166666666666667,5.29,"weekday",2,"20 to 39","6-10km","car",5.29,0.166666666666667,1.16666666666667,1.16666666666667
"90007/1001",NA,90007,3981,"35-39 years","male",21,13956,"Leisure",66.6014175415039,66.6014175415039,"car",0.166666666666667,8.4,"weekday",3,"20 to 39","6-10km","car",8.4,0.166666666666667,1.16666666666667,1.16666666666667
"90007/1001",NA,90007,3981,"35-39 years","male",21,13957,"Work",66.6014175415039,66.6014175415039,"car",0.916666666666667,23.31,"weekday",4,"20 to 39",">10km","car",23.31,0.916666666666667,6.41666666666667,6.41666666666667
"90008/1000",NA,90008,3982,"45-49 years","male",21,13958,"Work",131.999420166016,131.999420166016,"car",0.333333333333333,12.08,"weekday",1,"40 to 64",">10km","car",12.08,0.333333333333333,2.33333333333333,2.33333333333333
"90008/1000",NA,90008,3982,"45-49 years","male",21,13959,"Work",131.999420166016,131.999420166016,"car",0.5,12.2,"weekday",2,"40 to 64",">10km","car",12.2,0.5,3.5,3.5
"90008/1001",NA,90008,3983,"40-44 years","female",21,13960,"Other",119.332992553711,119.332992553711,"walking",0.0833333333333333,0.34,"weekday",1,"40 to 64","<1km","walking",0.34,0.0833333333333333,0.583333333333333,0.583333333333333
"90008/1001",NA,90008,3983,"40-44 years","female",21,13961,"Other",119.332992553711,119.332992553711,"walking",0.0333333333333333,0.34,"weekday",2,"40 to 64","<1km","walking",0.34,0.0333333333333333,0.233333333333333,0.233333333333333
"90008/1001",NA,90008,3983,"40-44 years","female",21,13962,"Other",119.332992553711,119.332992553711,"walking",0.0833333333333333,0.34,"weekday",3,"40 to 64","<1km","walking",0.34,0.0833333333333333,0.583333333333333,0.583333333333333
"90008/1001",NA,90008,3983,"40-44 years","female",21,13963,"Other",119.332992553711,119.332992553711,"walking",0.0333333333333333,0.34,"weekday",4,"40 to 64","<1km","walking",0.34,0.0333333333333333,0.233333333333333,0.233333333333333
"90009/1000",NA,90009,3984,"25-29 years","male",21,13964,"Work",80.8674468994141,80.8674468994141,"car",0.666666666666667,20.35,"weekday",1,"20 to 39",">10km","car",20.35,0.666666666666667,4.66666666666667,4.66666666666667
"90009/1000",NA,90009,3984,"25-29 years","male",21,13965,"Work",80.8674468994141,80.8674468994141,"car",0.583333333333333,20.59,"weekday",2,"20 to 39",">10km","car",20.59,0.583333333333333,4.08333333333333,4.08333333333333
"90009/1001",NA,90009,3985,"20-24 years","female",21,13966,"Work",91.6322708129883,91.6322708129883,"car",0.25,10.22,"weekday",1,"20 to 39",">10km","car",10.22,0.25,1.75,1.75
"90009/1001",NA,90009,3985,"20-24 years","female",21,13967,"Work",91.6322708129883,91.6322708129883,"car",0.25,10.26,"weekday",2,"20 to 39",">10km","car",10.26,0.25,1.75,1.75
"90070/1000",NA,90070,3986,"65-69 years","female",21,13968,"Shopping",158.535507202148,158.535507202148,"car",1.25,68.93,"weekday",1,"65 plus",">10km","car",68.93,1.25,8.75,8.75
"90070/1000",NA,90070,3986,"65-69 years","female",21,13970,"Leisure",158.535507202148,158.535507202148,"car",1,70.18,"weekday",3,"65 plus",">10km","car",70.18,1,7,7
"90070/1001",NA,90070,3987,"75-79 years","male",21,13971,"Shopping",146.185394287109,146.185394287109,"car",1.25,68.93,"weekday",1,"65 plus",">10km","car",68.93,1.25,8.75,8.75
"90070/1001",NA,90070,3987,"75-79 years","male",21,13973,"Leisure",146.185394287109,146.185394287109,"car",1,70.18,"weekday",3,"65 plus",">10km","car",70.18,1,7,7
"90071/1000",NA,90071,3988,"75-79 years","male",21,13974,"Other",146.185394287109,146.185394287109,"car",1,38.82,"weekday",1,"65 plus",">10km","car",38.82,1,7,7
"90071/1000",NA,90071,3988,"75-79 years","male",21,13975,"Other",146.185394287109,146.185394287109,"car",1,38.51,"weekday",2,"65 plus",">10km","car",38.51,1,7,7
"90071/1000",NA,90071,3988,"75-79 years","male",21,13976,"Shopping",146.185394287109,146.185394287109,"car",0.05,0.91,"weekday",3,"65 plus","<1km","bicycle",0.91,0.0827272727272727,0.35,0.579090909090909
"90071/1000",NA,90071,3988,"75-79 years","male",21,13977,"Shopping",146.185394287109,146.185394287109,"car",0.05,0.89,"weekday",4,"65 plus","<1km","bicycle",0.89,0.0809090909090909,0.35,0.566363636363636
"90072/1000",NA,90072,3989,"55-59 years","male",21,13978,"Other",333.321807861328,333.321807861328,"car",0.166666666666667,2.36,"weekday",1,"40 to 64","3-5km","bicycle",2.36,0.214545454545455,1.16666666666667,1.50181818181818
"90072/1000",NA,90072,3989,"55-59 years","male",21,13979,"Work",333.321807861328,333.321807861328,"car",0.416666666666667,8.27,"weekday",2,"40 to 64","6-10km","car",8.27,0.416666666666667,2.91666666666667,2.91666666666667
"90072/1000",NA,90072,3989,"55-59 years","male",21,13980,"Work",333.321807861328,333.321807861328,"car",0.416666666666667,10.23,"weekday",3,"40 to 64",">10km","car",10.23,0.416666666666667,2.91666666666667,2.91666666666667
"90074/1000",NA,90074,3990,"70-74 years","male",21,13981,"Other",152.162673950195,152.162673950195,"car",0.166666666666667,5.29,"weekday",1,"65 plus","6-10km","car",5.29,0.166666666666667,1.16666666666667,1.16666666666667
"90074/1000",NA,90074,3990,"70-74 years","male",21,13982,"Other",152.162673950195,152.162673950195,"car",0.166666666666667,5.25,"weekday",2,"65 plus","6-10km","car",5.25,0.166666666666667,1.16666666666667,1.16666666666667
"90075/1000",NA,90075,3991,"35-39 years","female",21,13983,"Other",320.457489013672,320.457489013672,"car",0.25,5.8,"weekday",1,"20 to 39","6-10km","car",5.8,0.25,1.75,1.75
"90075/1000",NA,90075,3991,"35-39 years","female",21,13984,"Other",320.457489013672,320.457489013672,"car",0.25,5.85,"weekday",2,"20 to 39","6-10km","car",5.85,0.25,1.75,1.75
"90075/1000",NA,90075,3991,"35-39 years","female",21,13985,"Other",320.457489013672,320.457489013672,"car",0.333333333333333,5.8,"weekday",3,"20 to 39","6-10km","car",5.8,0.333333333333333,2.33333333333333,2.33333333333333
"90075/1000",NA,90075,3991,"35-39 years","female",21,13986,"Other",320.457489013672,320.457489013672,"car",0.2,5.85,"weekday",4,"20 to 39","6-10km","car",5.85,0.2,1.4,1.4
"90075/1001",NA,90075,3992,"40-44 years","male",21,13987,"Work",387.342620849609,387.342620849609,"car",0.333333333333333,11.65,"weekday",1,"40 to 64",">10km","car",11.65,0.333333333333333,2.33333333333333,2.33333333333333
"90075/1001",NA,90075,3992,"40-44 years","male",21,13988,"Work",387.342620849609,387.342620849609,"car",0.416666666666667,11.6,"weekday",2,"40 to 64",">10km","car",11.6,0.416666666666667,2.91666666666667,2.91666666666667
"90076/1000",NA,90076,3993,"45-49 years","female",21,13989,"Work",402.263244628906,402.263244628906,"car",0.133333333333333,5.83,"weekday",1,"40 to 64","6-10km","car",5.83,0.133333333333333,0.933333333333333,0.933333333333333
"90076/1000",NA,90076,3993,"45-49 years","female",21,13990,"Work",402.263244628906,402.263244628906,"public.transport",0.683333333333333,35.77,"weekday",1,"40 to 64",">10km","public.transport",35.77,0.683333333333333,4.78333333333333,4.78333333333333
"90076/1000",NA,90076,3993,"45-49 years","female",21,13991,"Work",402.263244628906,402.263244628906,"walking",0.133333333333333,0.66,"weekday",1,"40 to 64","<1km","walking",0.66,0.133333333333333,0.933333333333333,0.933333333333333
"90076/1000",NA,90076,3993,"45-49 years","female",21,13992,"Work",402.263244628906,402.263244628906,"walking",0.133333333333333,0.66,"weekday",2,"40 to 64","<1km","walking",0.66,0.133333333333333,0.933333333333333,0.933333333333333
"90076/1000",NA,90076,3993,"45-49 years","female",21,13993,"Work",402.263244628906,402.263244628906,"public.transport",0.8,35.77,"weekday",2,"40 to 64",">10km","public.transport",35.77,0.8,5.6,5.6
"90076/1000",NA,90076,3993,"45-49 years","female",21,13994,"Work",402.263244628906,402.263244628906,"car",0.15,6,"weekday",2,"40 to 64","6-10km","car",6,0.15,1.05,1.05
"90076/1001",NA,90076,3994,"50-54 years","male",21,13995,"Other",402.633728027344,402.633728027344,"car",0.25,7.01,"weekday",1,"40 to 64","6-10km","car",7.01,0.25,1.75,1.75
"90076/1001",NA,90076,3994,"50-54 years","male",21,13996,"Work",402.633728027344,402.633728027344,"car",0.216666666666667,7.9,"weekday",2,"40 to 64","6-10km","car",7.9,0.216666666666667,1.51666666666667,1.51666666666667
"90076/1001",NA,90076,3994,"50-54 years","male",21,13997,"Work",402.633728027344,402.633728027344,"car",0.366666666666667,14.53,"weekday",3,"40 to 64",">10km","car",14.53,0.366666666666667,2.56666666666667,2.56666666666667
"90081/1000",NA,90081,3995,"45-49 years","female",21,13998,"Work",519.730773925781,519.730773925781,"car",0.666666666666667,21.73,"weekday",1,"40 to 64",">10km","car",21.73,0.666666666666667,4.66666666666667,4.66666666666667
"90081/1000",NA,90081,3995,"45-49 years","female",21,13999,"Work",519.730773925781,519.730773925781,"car",0.5,21.79,"weekday",2,"40 to 64",">10km","car",21.79,0.5,3.5,3.5
"90081/1000",NA,90081,3995,"45-49 years","female",21,14000,"Leisure",519.730773925781,519.730773925781,"car",0.666666666666667,23.9,"weekday",3,"40 to 64",">10km","car",23.9,0.666666666666667,4.66666666666667,4.66666666666667
"90081/1000",NA,90081,3995,"45-49 years","female",21,14001,"Leisure",519.730773925781,519.730773925781,"car",0.583333333333333,23.95,"weekday",4,"40 to 64",">10km","car",23.95,0.583333333333333,4.08333333333333,4.08333333333333
"90081/1001",NA,90081,3996,"45-49 years","male",21,14002,"Work",533.046752929688,533.046752929688,"car",1.16666666666667,47.94,"weekday",1,"40 to 64",">10km","car",47.94,1.16666666666667,8.16666666666667,8.16666666666667
"90081/1001",NA,90081,3996,"45-49 years","male",21,14003,"Other",533.046752929688,533.046752929688,"car",1.16666666666667,26.31,"weekday",2,"40 to 64",">10km","car",26.31,1.16666666666667,8.16666666666667,8.16666666666667
"90081/1001",NA,90081,3996,"45-49 years","male",21,14004,"Other",533.046752929688,533.046752929688,"car",0.75,23.95,"weekday",3,"40 to 64",">10km","car",23.95,0.75,5.25,5.25
"90081/1002",NA,90081,3997,"15-19 years","male",21,14005,"Education",431.189636230469,431.189636230469,"walking",0.333333333333333,0.92,"weekday",1,"15 to 19","<1km","walking",0.92,0.333333333333333,2.33333333333333,2.33333333333333
"90081/1002",NA,90081,3997,"15-19 years","male",21,14006,"Leisure",431.189636230469,431.189636230469,"car",0.666666666666667,23.14,"weekday",2,"15 to 19",">10km","car",23.14,0.666666666666667,4.66666666666667,4.66666666666667
"90081/1002",NA,90081,3997,"15-19 years","male",21,14007,"Leisure",431.189636230469,431.189636230469,"car",0.75,23.95,"weekday",3,"15 to 19",">10km","car",23.95,0.75,5.25,5.25
"90082/1001",NA,90082,3998,"45-49 years","female",21,14008,"Shopping",519.730773925781,519.730773925781,"car",0.05,1.27,"weekday",1,"40 to 64","1-2km","bicycle",1.27,0.115454545454545,0.35,0.808181818181818
"90082/1001",NA,90082,3998,"45-49 years","female",21,14009,"Shopping",519.730773925781,519.730773925781,"car",0.05,1.24,"weekday",2,"40 to 64","1-2km","bicycle",1.24,0.112727272727273,0.35,0.789090909090909
"90082/1002",NA,90082,3999,"15-19 years","female",21,14010,"Shopping",547.904968261719,547.904968261719,"car",0.05,1.27,"weekday",1,"15 to 19","1-2km","bicycle",1.27,0.115454545454545,0.35,0.808181818181818
"90082/1002",NA,90082,3999,"15-19 years","female",21,14011,"Shopping",547.904968261719,547.904968261719,"car",0.05,1.24,"weekday",2,"15 to 19","1-2km","bicycle",1.24,0.112727272727273,0.35,0.789090909090909
"90083/1000",NA,90083,4000,"30-34 years","male",21,14012,"Work",455.562774658203,455.562774658203,"car",0.5,21.58,"weekday",1,"20 to 39",">10km","car",21.58,0.5,3.5,3.5
"90083/1000",NA,90083,4000,"30-34 years","male",21,14013,"Work",455.562774658203,455.562774658203,"car",0.916666666666667,21.67,"weekday",2,"20 to 39",">10km","car",21.67,0.916666666666667,6.41666666666667,6.41666666666667
"90087/1000",NA,90087,4002,"75-79 years","female",21,14015,"Leisure",231.745056152344,231.745056152344,"walking",0.25,2.45,"weekday",1,"65 plus","3-5km","walking",2.45,0.25,1.75,1.75
"90087/1000",NA,90087,4002,"75-79 years","female",21,14016,"Leisure",231.745056152344,231.745056152344,"walking",0.25,2.45,"weekday",2,"65 plus","3-5km","walking",2.45,0.25,1.75,1.75
"90087/1000",NA,90087,4002,"75-79 years","female",21,14017,"Other",231.745056152344,231.745056152344,"car",0.3,7.98,"weekday",3,"65 plus","6-10km","car",7.98,0.3,2.1,2.1
"90087/1000",NA,90087,4002,"75-79 years","female",21,14018,"Other",231.745056152344,231.745056152344,"car",0.3,8.15,"weekday",4,"65 plus","6-10km","car",8.15,0.3,2.1,2.1
"90090/1000",NA,90090,4003,"35-39 years","male",21,14020,"Work",253.730651855469,253.730651855469,"car",0.333333333333333,12.38,"weekday",1,"20 to 39",">10km","car",12.38,0.333333333333333,2.33333333333333,2.33333333333333
"90090/1000",NA,90090,4003,"35-39 years","male",21,14021,"Work",253.730651855469,253.730651855469,"car",0.333333333333333,12.3,"weekday",2,"20 to 39",">10km","car",12.3,0.333333333333333,2.33333333333333,2.33333333333333
"90090/1001",NA,90090,4004,"35-39 years","female",21,14022,"Leisure",234.266296386719,234.266296386719,"car",0.0333333333333333,1.34,"weekday",1,"20 to 39","1-2km","bicycle",1.34,0.121818181818182,0.233333333333333,0.852727272727273
"90090/1001",NA,90090,4004,"35-39 years","female",21,14023,"Leisure",234.266296386719,234.266296386719,"car",0.0333333333333333,1.33,"weekday",2,"20 to 39","1-2km","bicycle",1.33,0.120909090909091,0.233333333333333,0.846363636363636
"90090/1001",NA,90090,4004,"35-39 years","female",21,14024,"Shopping",234.266296386719,234.266296386719,"car",0.0333333333333333,2.73,"weekday",3,"20 to 39","3-5km","bicycle",2.73,0.248181818181818,0.233333333333333,1.73727272727273
"90090/1001",NA,90090,4004,"35-39 years","female",21,14025,"Shopping",234.266296386719,234.266296386719,"car",0.0333333333333333,2.8,"weekday",4,"20 to 39","3-5km","bicycle",2.8,0.254545454545455,0.233333333333333,1.78181818181818
"90091/1000",NA,90091,4005,"55-59 years","male",21,14026,"Work",261.203918457031,261.203918457031,"car",0.5,19.46,"weekday",1,"40 to 64",">10km","car",19.46,0.5,3.5,3.5
"90091/1000",NA,90091,4005,"55-59 years","male",21,14027,"Work",261.203918457031,261.203918457031,"car",0.416666666666667,14.07,"weekday",2,"40 to 64",">10km","car",14.07,0.416666666666667,2.91666666666667,2.91666666666667
"90091/1000",NA,90091,4005,"55-59 years","male",21,14029,"Work",261.203918457031,261.203918457031,"car",0.5,29.73,"weekday",4,"40 to 64",">10km","car",29.73,0.5,3.5,3.5
"90091/1000",NA,90091,4005,"55-59 years","male",21,14030,"Work",261.203918457031,261.203918457031,"car",0.333333333333333,20.76,"weekday",5,"40 to 64",">10km","car",20.76,0.333333333333333,2.33333333333333,2.33333333333333
"90091/1000",NA,90091,4005,"55-59 years","male",21,14031,"Work",261.203918457031,261.203918457031,"car",0.583333333333333,19.52,"weekday",6,"40 to 64",">10km","car",19.52,0.583333333333333,4.08333333333333,4.08333333333333
"90091/1001",NA,90091,4006,"50-54 years","female",21,14032,"Work",193.905059814453,193.905059814453,"car",0.5,19.46,"weekday",1,"40 to 64",">10km","car",19.46,0.5,3.5,3.5
"90091/1001",NA,90091,4006,"50-54 years","female",21,14033,"Work",193.905059814453,193.905059814453,"car",0.166666666666667,1.25,"weekday",2,"40 to 64","1-2km","bicycle",1.25,0.113636363636364,1.16666666666667,0.795454545454545
"90091/1001",NA,90091,4006,"50-54 years","female",21,14034,"Work",193.905059814453,193.905059814453,"car",0.166666666666667,1.31,"weekday",3,"40 to 64","1-2km","bicycle",1.31,0.119090909090909,1.16666666666667,0.833636363636364
"90091/1001",NA,90091,4006,"50-54 years","female",21,14035,"Work",193.905059814453,193.905059814453,"car",0.583333333333333,19.52,"weekday",4,"40 to 64",">10km","car",19.52,0.583333333333333,4.08333333333333,4.08333333333333
"90093/1000",NA,90093,4007,"40-44 years","female",21,14036,"Other",460.510681152344,460.510681152344,"bicycle",0.133333333333333,5.56,"weekday",1,"40 to 64","6-10km","bicycle",5.56,0.133333333333333,0.933333333333333,0.933333333333333
"90093/1000",NA,90093,4007,"40-44 years","female",21,14037,"Other",460.510681152344,460.510681152344,"bicycle",0.0833333333333333,5.56,"weekday",2,"40 to 64","6-10km","bicycle",5.56,0.0833333333333333,0.583333333333333,0.583333333333333
"90093/1000",NA,90093,4007,"40-44 years","female",21,14038,"Other",460.510681152344,460.510681152344,"bicycle",0.166666666666667,5.56,"weekday",3,"40 to 64","6-10km","bicycle",5.56,0.166666666666667,1.16666666666667,1.16666666666667
"90093/1000",NA,90093,4007,"40-44 years","female",21,14039,"Other",460.510681152344,460.510681152344,"bicycle",0.166666666666667,5.56,"weekday",4,"40 to 64","6-10km","bicycle",5.56,0.166666666666667,1.16666666666667,1.16666666666667
"90093/1001",NA,90093,4008,"50-54 years","male",21,14041,"Shopping",402.633728027344,402.633728027344,"car",0.0833333333333333,2.02,"weekday",2,"40 to 64","3-5km","bicycle",2.02,0.183636363636364,0.583333333333333,1.28545454545455
"90093/1001",NA,90093,4008,"50-54 years","male",21,14042,"Shopping",402.633728027344,402.633728027344,"car",0.0833333333333333,2.09,"weekday",3,"40 to 64","3-5km","bicycle",2.09,0.19,0.583333333333333,1.33
"90094/1000",NA,90094,4009,"75-79 years","female",21,14043,"Other",181.604446411133,181.604446411133,"car",0.5,16.03,"weekday",1,"65 plus",">10km","car",16.03,0.5,3.5,3.5
"90094/1000",NA,90094,4009,"75-79 years","female",21,14044,"Other",181.604446411133,181.604446411133,"car",0.5,16.33,"weekday",2,"65 plus",">10km","car",16.33,0.5,3.5,3.5
"90094/1000",NA,90094,4009,"75-79 years","female",21,14045,"Shopping",181.604446411133,181.604446411133,"car",0.5,7.78,"weekday",3,"65 plus","6-10km","car",7.78,0.5,3.5,3.5
"90094/1000",NA,90094,4009,"75-79 years","female",21,14046,"Shopping",181.604446411133,181.604446411133,"car",0.5,7.96,"weekday",4,"65 plus","6-10km","car",7.96,0.5,3.5,3.5
"90094/1000",NA,90094,4009,"75-79 years","female",21,14047,"Other",181.604446411133,181.604446411133,"car",0.166666666666667,2.42,"weekday",5,"65 plus","3-5km","bicycle",2.42,0.22,1.16666666666667,1.54
"90094/1000",NA,90094,4009,"75-79 years","female",21,14048,"Other",181.604446411133,181.604446411133,"car",0.166666666666667,2.49,"weekday",6,"65 plus","3-5km","bicycle",2.49,0.226363636363636,1.16666666666667,1.58454545454545
"90094/1001",NA,90094,4010,"75-79 years","male",21,14049,"Other",146.185394287109,146.185394287109,"car",0.5,16.03,"weekday",1,"65 plus",">10km","car",16.03,0.5,3.5,3.5
"90094/1001",NA,90094,4010,"75-79 years","male",21,14050,"Other",146.185394287109,146.185394287109,"car",0.5,16.33,"weekday",2,"65 plus",">10km","car",16.33,0.5,3.5,3.5
"90094/1001",NA,90094,4010,"75-79 years","male",21,14051,"Shopping",146.185394287109,146.185394287109,"car",0.5,7.78,"weekday",3,"65 plus","6-10km","car",7.78,0.5,3.5,3.5
"90094/1001",NA,90094,4010,"75-79 years","male",21,14052,"Shopping",146.185394287109,146.185394287109,"car",0.5,7.96,"weekday",4,"65 plus","6-10km","car",7.96,0.5,3.5,3.5
"90098/1000",NA,90098,4011,"45-49 years","female",21,14053,"Work",402.263244628906,402.263244628906,"car",0.583333333333333,18.16,"weekday",1,"40 to 64",">10km","car",18.16,0.583333333333333,4.08333333333333,4.08333333333333
"90098/1000",NA,90098,4011,"45-49 years","female",21,14054,"Other",402.263244628906,402.263244628906,"car",0.583333333333333,15.42,"weekday",2,"40 to 64",">10km","car",15.42,0.583333333333333,4.08333333333333,4.08333333333333
"90098/1000",NA,90098,4011,"45-49 years","female",21,14055,"Other",402.263244628906,402.263244628906,"car",0.0833333333333333,2.87,"weekday",3,"40 to 64","3-5km","bicycle",2.87,0.260909090909091,0.583333333333333,1.82636363636364
"90098/1001",NA,90098,4012,"45-49 years","male",21,14056,"Leisure",412.569610595703,412.569610595703,"car",0.0833333333333333,1.41,"weekday",1,"40 to 64","1-2km","bicycle",1.41,0.128181818181818,0.583333333333333,0.897272727272727
"90098/1001",NA,90098,4012,"45-49 years","male",21,14057,"Leisure",412.569610595703,412.569610595703,"car",0.0833333333333333,1.4,"weekday",2,"40 to 64","1-2km","bicycle",1.4,0.127272727272727,0.583333333333333,0.890909090909091
"90098/1001",NA,90098,4012,"45-49 years","male",21,14058,"Work",412.569610595703,412.569610595703,"car",1.66666666666667,40.61,"weekday",3,"40 to 64",">10km","car",40.61,1.66666666666667,11.6666666666667,11.6666666666667
"90098/1001",NA,90098,4012,"45-49 years","male",21,14059,"Leisure",412.569610595703,412.569610595703,"car",1.16666666666667,29.07,"weekday",4,"40 to 64",">10km","car",29.07,1.16666666666667,8.16666666666667,8.16666666666667
"90098/1001",NA,90098,4012,"45-49 years","male",21,14060,"Leisure",412.569610595703,412.569610595703,"car",0.333333333333333,15.61,"weekday",5,"40 to 64",">10km","car",15.61,0.333333333333333,2.33333333333333,2.33333333333333
"90098/1002",NA,90098,4013,"15-19 years","male",21,14061,"Education",333.733825683594,333.733825683594,"car",0.583333333333333,15.92,"weekday",1,"15 to 19",">10km","car",15.92,0.583333333333333,4.08333333333333,4.08333333333333
"90098/1002",NA,90098,4013,"15-19 years","male",21,14062,"Leisure",333.733825683594,333.733825683594,"public.transport",0.583333333333333,5.57,"weekday",2,"15 to 19","6-10km","public.transport",5.57,0.583333333333333,4.08333333333333,4.08333333333333
"90098/1002",NA,90098,4013,"15-19 years","male",21,14063,"Leisure",333.733825683594,333.733825683594,"car",0.333333333333333,15.61,"weekday",3,"15 to 19",">10km","car",15.61,0.333333333333333,2.33333333333333,2.33333333333333
"90098/1003",NA,90098,4014,"15-19 years","female",21,14064,"Education",424.069610595703,424.069610595703,"car",0.583333333333333,15.92,"weekday",1,"15 to 19",">10km","car",15.92,0.583333333333333,4.08333333333333,4.08333333333333
"90098/1003",NA,90098,4014,"15-19 years","female",21,14065,"Education",424.069610595703,424.069610595703,"car",0.666666666666667,16.71,"weekday",2,"15 to 19",">10km","car",16.71,0.666666666666667,4.66666666666667,4.66666666666667
"90098/1003",NA,90098,4014,"15-19 years","female",21,14066,"Leisure",424.069610595703,424.069610595703,"car",0.333333333333333,15.73,"weekday",3,"15 to 19",">10km","car",15.73,0.333333333333333,2.33333333333333,2.33333333333333
"90098/1003",NA,90098,4014,"15-19 years","female",21,14067,"Leisure",424.069610595703,424.069610595703,"car",0.333333333333333,15.61,"weekday",4,"15 to 19",">10km","car",15.61,0.333333333333333,2.33333333333333,2.33333333333333
"90099/1000",NA,90099,4015,"40-44 years","female",21,14069,"Other",460.510681152344,460.510681152344,"bicycle",0.166666666666667,1.32,"weekday",2,"40 to 64","1-2km","bicycle",1.32,0.166666666666667,1.16666666666667,1.16666666666667
"90099/1000",NA,90099,4015,"40-44 years","female",21,14070,"Other",460.510681152344,460.510681152344,"bicycle",0.166666666666667,1.32,"weekday",3,"40 to 64","1-2km","bicycle",1.32,0.166666666666667,1.16666666666667,1.16666666666667
"90099/1000",NA,90099,4015,"40-44 years","female",21,14071,"Education",460.510681152344,460.510681152344,"walking",0.166666666666667,0.61,"weekday",4,"40 to 64","<1km","walking",0.61,0.166666666666667,1.16666666666667,1.16666666666667
"90099/1000",NA,90099,4015,"40-44 years","female",21,14072,"Education",460.510681152344,460.510681152344,"walking",0.166666666666667,0.61,"weekday",5,"40 to 64","<1km","walking",0.61,0.166666666666667,1.16666666666667,1.16666666666667
"90099/1003",NA,90099,4016,"45-49 years","male",21,14073,"Work",412.569610595703,412.569610595703,"car",0.166666666666667,6.49,"weekday",1,"40 to 64","6-10km","car",6.49,0.166666666666667,1.16666666666667,1.16666666666667
"90099/1003",NA,90099,4016,"45-49 years","male",21,14074,"Work",412.569610595703,412.569610595703,"car",0.25,6.72,"weekday",2,"40 to 64","6-10km","car",6.72,0.25,1.75,1.75
"90099/1003",NA,90099,4016,"45-49 years","male",21,14075,"Education",412.569610595703,412.569610595703,"car",0.166666666666667,4.9,"weekday",3,"40 to 64","3-5km","bicycle",4.9,0.445454545454545,1.16666666666667,3.11818181818182
"90099/1003",NA,90099,4016,"45-49 years","male",21,14076,"Shopping",412.569610595703,412.569610595703,"car",0.25,8.26,"weekday",4,"40 to 64","6-10km","car",8.26,0.25,1.75,1.75
"90099/1003",NA,90099,4016,"45-49 years","male",21,14077,"Other",412.569610595703,412.569610595703,"car",0.0833333333333333,4.94,"weekday",5,"40 to 64","3-5km","bicycle",4.94,0.449090909090909,0.583333333333333,3.14363636363636
"90099/1003",NA,90099,4016,"45-49 years","male",21,14078,"Other",412.569610595703,412.569610595703,"car",0.333333333333333,14.51,"weekday",6,"40 to 64",">10km","car",14.51,0.333333333333333,2.33333333333333,2.33333333333333
"90103/1001",NA,90103,4017,"30-34 years","male",21,14079,"Work",1001.68023681641,1001.68023681641,"car",0.333333333333333,4.16,"weekday",1,"20 to 39","3-5km","bicycle",4.16,0.378181818181818,2.33333333333333,2.64727272727273
"90103/1001",NA,90103,4017,"30-34 years","male",21,14080,"Work",1001.68023681641,1001.68023681641,"car",0.333333333333333,4.29,"weekday",2,"20 to 39","3-5km","bicycle",4.29,0.39,2.33333333333333,2.73
"90107/1000",NA,90107,4018,"25-29 years","male",21,14081,"Shopping",980.261657714844,980.261657714844,"walking",0.75,1.93,"weekday",1,"20 to 39","1-2km","walking",1.93,0.75,5.25,5.25
"90107/1000",NA,90107,4018,"25-29 years","male",21,14082,"Shopping",980.261657714844,980.261657714844,"walking",0.333333333333333,1.93,"weekday",2,"20 to 39","1-2km","walking",1.93,0.333333333333333,2.33333333333333,2.33333333333333
"90111/1000",NA,90111,4019,"25-29 years","male",21,14083,"Shopping",1061.46960449219,1061.46960449219,"car",0.0333333333333333,0.4,"weekday",1,"20 to 39","<1km","bicycle",0.4,0.0363636363636364,0.233333333333333,0.254545454545455
"90111/1000",NA,90111,4019,"25-29 years","male",21,14084,"Shopping",1061.46960449219,1061.46960449219,"car",0.0333333333333333,0.4,"weekday",2,"20 to 39","<1km","bicycle",0.4,0.0363636363636364,0.233333333333333,0.254545454545455
"90111/1000",NA,90111,4019,"25-29 years","male",21,14085,"Other",1061.46960449219,1061.46960449219,"car",0.166666666666667,3.84,"weekday",3,"20 to 39","3-5km","bicycle",3.84,0.349090909090909,1.16666666666667,2.44363636363636
"90111/1000",NA,90111,4019,"25-29 years","male",21,14086,"Other",1061.46960449219,1061.46960449219,"car",0.25,4.22,"weekday",4,"20 to 39","3-5km","bicycle",4.22,0.383636363636364,1.75,2.68545454545455
"90111/1000",NA,90111,4019,"25-29 years","male",21,14087,"Leisure",1061.46960449219,1061.46960449219,"car",0.25,5.3,"weekday",5,"20 to 39","6-10km","car",5.3,0.25,1.75,1.75
"90111/1000",NA,90111,4019,"25-29 years","male",21,14088,"Leisure",1061.46960449219,1061.46960449219,"car",0.25,5.65,"weekday",6,"20 to 39","6-10km","car",5.65,0.25,1.75,1.75
"90119/1000",NA,90119,4020,"30-34 years","male",21,14089,"Work",825.542541503906,825.542541503906,"car",0.5,13.34,"weekday",1,"20 to 39",">10km","car",13.34,0.5,3.5,3.5
"90119/1000",NA,90119,4020,"30-34 years","male",21,14090,"Work",825.542541503906,825.542541503906,"car",0.666666666666667,13.12,"weekday",2,"20 to 39",">10km","car",13.12,0.666666666666667,4.66666666666667,4.66666666666667
"90128/1000",NA,90128,4021,"30-34 years","female",21,14091,"Leisure",721.209655761719,721.209655761719,"car",0.25,1.31,"weekday",1,"20 to 39","1-2km","bicycle",1.31,0.119090909090909,1.75,0.833636363636364
"90128/1000",NA,90128,4021,"30-34 years","female",21,14092,"Shopping",721.209655761719,721.209655761719,"car",0.25,2.46,"weekday",2,"20 to 39","3-5km","bicycle",2.46,0.223636363636364,1.75,1.56545454545455
"90128/1000",NA,90128,4021,"30-34 years","female",21,14093,"Other",721.209655761719,721.209655761719,"car",0.25,4.6,"weekday",3,"20 to 39","3-5km","bicycle",4.6,0.418181818181818,1.75,2.92727272727273
"90128/1000",NA,90128,4021,"30-34 years","female",21,14094,"Other",721.209655761719,721.209655761719,"car",0.333333333333333,5.22,"weekday",4,"20 to 39","6-10km","car",5.22,0.333333333333333,2.33333333333333,2.33333333333333
"90130/1000",NA,90130,4022,"50-54 years","male",21,14095,"Other",215.5634765625,215.5634765625,"car",0.25,4.28,"weekday",1,"40 to 64","3-5km","bicycle",4.28,0.389090909090909,1.75,2.72363636363636
"90130/1000",NA,90130,4022,"50-54 years","male",21,14096,"Other",215.5634765625,215.5634765625,"car",0.25,4.33,"weekday",2,"40 to 64","3-5km","bicycle",4.33,0.393636363636364,1.75,2.75545454545455
"90130/1002",NA,90130,4023,"15-19 years","female",21,14097,"Education",203.25634765625,203.25634765625,"walking",0.25,0.86,"weekday",1,"15 to 19","<1km","walking",0.86,0.25,1.75,1.75
"90130/1002",NA,90130,4023,"15-19 years","female",21,14098,"Education",203.25634765625,203.25634765625,"walking",0.0833333333333333,0.86,"weekday",2,"15 to 19","<1km","walking",0.86,0.0833333333333333,0.583333333333333,0.583333333333333
"90131/1000",NA,90131,4024,"55-59 years","male",21,14099,"Other",159.136917114258,159.136917114258,"car",0.0833333333333333,2.16,"weekday",1,"40 to 64","3-5km","bicycle",2.16,0.196363636363636,0.583333333333333,1.37454545454545
"90131/1000",NA,90131,4024,"55-59 years","male",21,14100,"Other",159.136917114258,159.136917114258,"car",0.0833333333333333,2.15,"weekday",2,"40 to 64","3-5km","bicycle",2.15,0.195454545454545,0.583333333333333,1.36818181818182
"90131/1001",NA,90131,4025,"55-59 years","female",21,14101,"Other",151.029312133789,151.029312133789,"car",0.0833333333333333,2.16,"weekday",1,"40 to 64","3-5km","bicycle",2.16,0.196363636363636,0.583333333333333,1.37454545454545
"90131/1001",NA,90131,4025,"55-59 years","female",21,14102,"Other",151.029312133789,151.029312133789,"car",0.0833333333333333,2.15,"weekday",2,"40 to 64","3-5km","bicycle",2.15,0.195454545454545,0.583333333333333,1.36818181818182
"90132/1000",NA,90132,4026,"45-49 years","male",21,14103,"Leisure",130.098175048828,130.098175048828,"car",0.0833333333333333,1,"weekday",1,"40 to 64","1-2km","bicycle",1,0.0909090909090909,0.583333333333333,0.636363636363636
"90132/1000",NA,90132,4026,"45-49 years","male",21,14104,"Leisure",130.098175048828,130.098175048828,"car",0.0833333333333333,1.01,"weekday",2,"40 to 64","1-2km","bicycle",1.01,0.0918181818181818,0.583333333333333,0.642727272727273
"90134/1000",NA,90134,4027,"45-49 years","male",21,14105,"Work",171.093643188477,171.093643188477,"car",0.333333333333333,23.23,"weekday",1,"40 to 64",">10km","car",23.23,0.333333333333333,2.33333333333333,2.33333333333333
"90134/1000",NA,90134,4027,"45-49 years","male",21,14106,"Work",171.093643188477,171.093643188477,"car",0.5,22.54,"weekday",2,"40 to 64",">10km","car",22.54,0.5,3.5,3.5
"90134/1002",NA,90134,4028,"15-19 years","male",21,14107,"Education",191.803237915039,191.803237915039,"walking",0.166666666666667,1.05,"weekday",1,"15 to 19","1-2km","walking",1.05,0.166666666666667,1.16666666666667,1.16666666666667
"90134/1002",NA,90134,4028,"15-19 years","male",21,14108,"Education",191.803237915039,191.803237915039,"walking",0.166666666666667,1.05,"weekday",2,"15 to 19","1-2km","walking",1.05,0.166666666666667,1.16666666666667,1.16666666666667
"90136/1000",NA,90136,4029,"50-54 years","female",21,14109,"Other",170.989166259766,170.989166259766,"car",0.25,8.05,"weekday",1,"40 to 64","6-10km","car",8.05,0.25,1.75,1.75
"90136/1000",NA,90136,4029,"50-54 years","female",21,14110,"Other",170.989166259766,170.989166259766,"car",0.25,7.82,"weekday",2,"40 to 64","6-10km","car",7.82,0.25,1.75,1.75
"90136/1001",NA,90136,4030,"15-19 years","female",21,14111,"Education",203.25634765625,203.25634765625,"car",0.25,8.05,"weekday",1,"15 to 19","6-10km","car",8.05,0.25,1.75,1.75
"90136/1001",NA,90136,4030,"15-19 years","female",21,14112,"Education",203.25634765625,203.25634765625,"public.transport",0.666666666666667,7.89,"weekday",2,"15 to 19","6-10km","public.transport",7.89,0.666666666666667,4.66666666666667,4.66666666666667
"90136/1002",NA,90136,4031,"15-19 years","male",21,14113,"Education",191.803237915039,191.803237915039,"car",0.25,8.05,"weekday",1,"15 to 19","6-10km","car",8.05,0.25,1.75,1.75
"90136/1002",NA,90136,4031,"15-19 years","male",21,14114,"Education",191.803237915039,191.803237915039,"public.transport",0.666666666666667,7.89,"weekday",2,"15 to 19","6-10km","public.transport",7.89,0.666666666666667,4.66666666666667,4.66666666666667
"90138/1001",NA,90138,4033,"20-24 years","male",21,14116,"Work",233.046676635742,233.046676635742,"car",0.5,13.91,"weekday",1,"20 to 39",">10km","car",13.91,0.5,3.5,3.5
"90138/1001",NA,90138,4033,"20-24 years","male",21,14117,"Work",233.046676635742,233.046676635742,"car",0.5,14.01,"weekday",2,"20 to 39",">10km","car",14.01,0.5,3.5,3.5
"90138/1001",NA,90138,4033,"20-24 years","male",21,14118,"Other",233.046676635742,233.046676635742,"car",0.833333333333333,29.17,"weekday",3,"20 to 39",">10km","car",29.17,0.833333333333333,5.83333333333333,5.83333333333333
"90138/1001",NA,90138,4033,"20-24 years","male",21,14119,"Other",233.046676635742,233.046676635742,"car",0.833333333333333,29.18,"weekday",4,"20 to 39",">10km","car",29.18,0.833333333333333,5.83333333333333,5.83333333333333
"90141/1000",NA,90141,4034,"45-49 years","female",21,14120,"Other",159.034194946289,159.034194946289,"car",0.0833333333333333,1.58,"weekday",1,"40 to 64","1-2km","bicycle",1.58,0.143636363636364,0.583333333333333,1.00545454545455
"90141/1000",NA,90141,4034,"45-49 years","female",21,14121,"Other",159.034194946289,159.034194946289,"car",0.0833333333333333,1.58,"weekday",2,"40 to 64","1-2km","bicycle",1.58,0.143636363636364,0.583333333333333,1.00545454545455
"90141/1000",NA,90141,4034,"45-49 years","female",21,14122,"Leisure",159.034194946289,159.034194946289,"car",0.0833333333333333,3.26,"weekday",3,"40 to 64","3-5km","bicycle",3.26,0.296363636363636,0.583333333333333,2.07454545454545
"90141/1000",NA,90141,4034,"45-49 years","female",21,14123,"Leisure",159.034194946289,159.034194946289,"car",0.0833333333333333,3.18,"weekday",4,"40 to 64","3-5km","bicycle",3.18,0.289090909090909,0.583333333333333,2.02363636363636
"90141/1000",NA,90141,4034,"45-49 years","female",21,14124,"Other",159.034194946289,159.034194946289,"car",0.0833333333333333,1.58,"weekday",5,"40 to 64","1-2km","bicycle",1.58,0.143636363636364,0.583333333333333,1.00545454545455
"90141/1000",NA,90141,4034,"45-49 years","female",21,14125,"Shopping",159.034194946289,159.034194946289,"car",0.0333333333333333,0.35,"weekday",6,"40 to 64","<1km","bicycle",0.35,0.0318181818181818,0.233333333333333,0.222727272727273
"90141/1000",NA,90141,4034,"45-49 years","female",21,14126,"Shopping",159.034194946289,159.034194946289,"car",0.0833333333333333,1.39,"weekday",7,"40 to 64","1-2km","bicycle",1.39,0.126363636363636,0.583333333333333,0.884545454545454
"90143/1001",NA,90143,4035,"50-54 years","male",21,14127,"Work",215.5634765625,215.5634765625,"car",0.583333333333333,16.8,"weekday",1,"40 to 64",">10km","car",16.8,0.583333333333333,4.08333333333333,4.08333333333333
"90143/1001",NA,90143,4035,"50-54 years","male",21,14128,"Work",215.5634765625,215.5634765625,"car",0.3,16.98,"weekday",2,"40 to 64",">10km","car",16.98,0.3,2.1,2.1
"90143/1002",NA,90143,4036,"15-19 years","male",21,14129,"Education",191.803237915039,191.803237915039,"walking",0.333333333333333,1.1,"weekday",1,"15 to 19","1-2km","walking",1.1,0.333333333333333,2.33333333333333,2.33333333333333
"90143/1002",NA,90143,4036,"15-19 years","male",21,14130,"Education",191.803237915039,191.803237915039,"walking",0.366666666666667,1.1,"weekday",2,"15 to 19","1-2km","walking",1.1,0.366666666666667,2.56666666666667,2.56666666666667
"90148/1000",NA,90148,4037,"30-34 years","female",21,14131,"Work",166.980453491211,166.980453491211,"walking",0.0833333333333333,0.24,"weekday",1,"20 to 39","<1km","walking",0.24,0.0833333333333333,0.583333333333333,0.583333333333333
"90148/1000",NA,90148,4037,"30-34 years","female",21,14132,"Work",166.980453491211,166.980453491211,"walking",0.0833333333333333,0.24,"weekday",2,"20 to 39","<1km","walking",0.24,0.0833333333333333,0.583333333333333,0.583333333333333
"90148/1001",NA,90148,4038,"60-64 years","female",21,14133,"Other",210.729476928711,210.729476928711,"car",0.0833333333333333,2.45,"weekday",1,"40 to 64","3-5km","bicycle",2.45,0.222727272727273,0.583333333333333,1.55909090909091
"90148/1001",NA,90148,4038,"60-64 years","female",21,14134,"Other",210.729476928711,210.729476928711,"car",0.0833333333333333,2.52,"weekday",2,"40 to 64","3-5km","bicycle",2.52,0.229090909090909,0.583333333333333,1.60363636363636
"90148/1001",NA,90148,4038,"60-64 years","female",21,14135,"Other",210.729476928711,210.729476928711,"car",0.0833333333333333,2.45,"weekday",3,"40 to 64","3-5km","bicycle",2.45,0.222727272727273,0.583333333333333,1.55909090909091
"90148/1001",NA,90148,4038,"60-64 years","female",21,14136,"Other",210.729476928711,210.729476928711,"car",0.0833333333333333,2.52,"weekday",4,"40 to 64","3-5km","bicycle",2.52,0.229090909090909,0.583333333333333,1.60363636363636
"90153/1000",NA,90153,4039,"25-29 years","female",21,14137,"Other",474.986541748047,474.986541748047,"car",0.0833333333333333,1.65,"weekday",1,"20 to 39","1-2km","bicycle",1.65,0.15,0.583333333333333,1.05
"90153/1000",NA,90153,4039,"25-29 years","female",21,14138,"Other",474.986541748047,474.986541748047,"car",0.0833333333333333,1.65,"weekday",2,"20 to 39","1-2km","bicycle",1.65,0.15,0.583333333333333,1.05
"90153/1000",NA,90153,4039,"25-29 years","female",21,14139,"Other",474.986541748047,474.986541748047,"car",0.0833333333333333,1.65,"weekday",3,"20 to 39","1-2km","bicycle",1.65,0.15,0.583333333333333,1.05
"90153/1000",NA,90153,4039,"25-29 years","female",21,14140,"Other",474.986541748047,474.986541748047,"car",0.116666666666667,1.65,"weekday",4,"20 to 39","1-2km","bicycle",1.65,0.15,0.816666666666667,1.05
"90153/1001",NA,90153,4040,"30-34 years","male",21,14141,"Work",313.588012695312,313.588012695312,"car",0.25,10.87,"weekday",1,"20 to 39",">10km","car",10.87,0.25,1.75,1.75
"90153/1001",NA,90153,4040,"30-34 years","male",21,14142,"Work",313.588012695312,313.588012695312,"car",0.383333333333333,10.5,"weekday",2,"20 to 39",">10km","car",10.5,0.383333333333333,2.68333333333333,2.68333333333333
"90154/1000",NA,90154,4041,"45-49 years","male",21,14143,"Work",130.098175048828,130.098175048828,"car",0.0833333333333333,2.83,"weekday",1,"40 to 64","3-5km","bicycle",2.83,0.257272727272727,0.583333333333333,1.80090909090909
"90154/1000",NA,90154,4041,"45-49 years","male",21,14144,"Work",130.098175048828,130.098175048828,"car",0.0833333333333333,2.83,"weekday",2,"40 to 64","3-5km","bicycle",2.83,0.257272727272727,0.583333333333333,1.80090909090909
"90158/1000",NA,90158,4042,"35-39 years","female",21,14145,"Leisure",126.796051025391,126.796051025391,"car",0.416666666666667,22.4,"weekday",1,"20 to 39",">10km","car",22.4,0.416666666666667,2.91666666666667,2.91666666666667
"90158/1000",NA,90158,4042,"35-39 years","female",21,14146,"Leisure",126.796051025391,126.796051025391,"car",0.416666666666667,22.32,"weekday",2,"20 to 39",">10km","car",22.32,0.416666666666667,2.91666666666667,2.91666666666667
"90158/1000",NA,90158,4042,"35-39 years","female",21,14147,"Work",126.796051025391,126.796051025391,"car",0.25,4.38,"weekday",3,"20 to 39","3-5km","bicycle",4.38,0.398181818181818,1.75,2.78727272727273
"90158/1000",NA,90158,4042,"35-39 years","female",21,14148,"Work",126.796051025391,126.796051025391,"car",0.166666666666667,4.4,"weekday",4,"20 to 39","3-5km","bicycle",4.4,0.4,1.16666666666667,2.8
"90159/1000",NA,90159,4043,"35-39 years","male",21,14149,"Work",124.57698059082,124.57698059082,"car",0.25,6.93,"weekday",1,"20 to 39","6-10km","car",6.93,0.25,1.75,1.75
"90159/1000",NA,90159,4043,"35-39 years","male",21,14150,"Work",124.57698059082,124.57698059082,"car",0.333333333333333,6.98,"weekday",2,"20 to 39","6-10km","car",6.98,0.333333333333333,2.33333333333333,2.33333333333333
"90161/1000",NA,90161,4044,"65-69 years","female",21,14151,"Shopping",129.623992919922,129.623992919922,"car",0.0333333333333333,0.34,"weekday",1,"65 plus","<1km","bicycle",0.34,0.0309090909090909,0.233333333333333,0.216363636363636
"90161/1000",NA,90161,4044,"65-69 years","female",21,14152,"Shopping",129.623992919922,129.623992919922,"car",0.05,0.34,"weekday",2,"65 plus","<1km","bicycle",0.34,0.0309090909090909,0.35,0.216363636363636
"90161/1001",NA,90161,4045,"75-79 years","male",21,14154,"Shopping",121.247848510742,121.247848510742,"car",0.2,4.76,"weekday",2,"65 plus","3-5km","bicycle",4.76,0.432727272727273,1.4,3.02909090909091
"90161/1001",NA,90161,4045,"75-79 years","male",21,14155,"Shopping",121.247848510742,121.247848510742,"car",0.15,4.66,"weekday",3,"65 plus","3-5km","bicycle",4.66,0.423636363636364,1.05,2.96545454545455
"90163/1000",NA,90163,4046,"30-34 years","male",21,14156,"Work",139.366546630859,139.366546630859,"car",0.25,8.21,"weekday",1,"20 to 39","6-10km","car",8.21,0.25,1.75,1.75
"90163/1000",NA,90163,4046,"30-34 years","male",21,14157,"Work",139.366546630859,139.366546630859,"car",0.333333333333333,8.24,"weekday",2,"20 to 39","6-10km","car",8.24,0.333333333333333,2.33333333333333,2.33333333333333
"90163/1001",NA,90163,4047,"30-34 years","female",21,14158,"Work",190.952270507812,190.952270507812,"car",0.5,10.02,"weekday",1,"20 to 39",">10km","car",10.02,0.5,3.5,3.5
"90163/1001",NA,90163,4047,"30-34 years","female",21,14159,"Work",190.952270507812,190.952270507812,"car",0.583333333333333,9.73,"weekday",2,"20 to 39","6-10km","car",9.73,0.583333333333333,4.08333333333333,4.08333333333333
"90166/1002",NA,90166,4048,"15-19 years","male",21,14160,"Education",317.808868408203,317.808868408203,"walking",0.0833333333333333,2.53,"weekday",1,"15 to 19","3-5km","walking",2.53,0.0833333333333333,0.583333333333333,0.583333333333333
"90166/1002",NA,90166,4048,"15-19 years","male",21,14161,"Education",317.808868408203,317.808868408203,"walking",0.0833333333333333,2.53,"weekday",2,"15 to 19","3-5km","walking",2.53,0.0833333333333333,0.583333333333333,0.583333333333333
"90168/1000",NA,90168,4049,"40-44 years","female",21,14162,"Work",183.191558837891,183.191558837891,"car",0.75,17.65,"weekday",1,"40 to 64",">10km","car",17.65,0.75,5.25,5.25
"90168/1000",NA,90168,4049,"40-44 years","female",21,14163,"Work",183.191558837891,183.191558837891,"car",0.75,17.36,"weekday",2,"40 to 64",">10km","car",17.36,0.75,5.25,5.25
"90169/1000",NA,90169,4050,"75-79 years","female",21,14164,"Shopping",102.54719543457,102.54719543457,"car",0.0833333333333333,2.08,"weekday",1,"65 plus","3-5km","bicycle",2.08,0.189090909090909,0.583333333333333,1.32363636363636
"90169/1000",NA,90169,4050,"75-79 years","female",21,14165,"Shopping",102.54719543457,102.54719543457,"car",0.133333333333333,2.13,"weekday",2,"65 plus","3-5km","bicycle",2.13,0.193636363636364,0.933333333333333,1.35545454545455
"90169/1000",NA,90169,4050,"75-79 years","female",21,14166,"Shopping",102.54719543457,102.54719543457,"car",0.166666666666667,3.88,"weekday",3,"65 plus","3-5km","bicycle",3.88,0.352727272727273,1.16666666666667,2.46909090909091
"90169/1000",NA,90169,4050,"75-79 years","female",21,14167,"Shopping",102.54719543457,102.54719543457,"car",0.25,3.96,"weekday",4,"65 plus","3-5km","bicycle",3.96,0.36,1.75,2.52
"90169/1000",NA,90169,4050,"75-79 years","female",21,14168,"Shopping",102.54719543457,102.54719543457,"car",0.233333333333333,2.08,"weekday",5,"65 plus","3-5km","bicycle",2.08,0.189090909090909,1.63333333333333,1.32363636363636
"90169/1000",NA,90169,4050,"75-79 years","female",21,14169,"Shopping",102.54719543457,102.54719543457,"car",0.25,2.13,"weekday",6,"65 plus","3-5km","bicycle",2.13,0.193636363636364,1.75,1.35545454545455
"90169/1001",NA,90169,4051,"55-59 years","male",21,14170,"Work",136.198272705078,136.198272705078,"car",0.166666666666667,4.29,"weekday",1,"40 to 64","3-5km","bicycle",4.29,0.39,1.16666666666667,2.73
"90169/1001",NA,90169,4051,"55-59 years","male",21,14171,"Work",136.198272705078,136.198272705078,"car",0.25,4.26,"weekday",2,"40 to 64","3-5km","bicycle",4.26,0.387272727272727,1.75,2.71090909090909
"90169/1001",NA,90169,4051,"55-59 years","male",21,14172,"Shopping",136.198272705078,136.198272705078,"car",0.233333333333333,2.08,"weekday",3,"40 to 64","3-5km","bicycle",2.08,0.189090909090909,1.63333333333333,1.32363636363636
"90169/1001",NA,90169,4051,"55-59 years","male",21,14173,"Shopping",136.198272705078,136.198272705078,"car",0.25,2.13,"weekday",4,"40 to 64","3-5km","bicycle",2.13,0.193636363636364,1.75,1.35545454545455
"90171/1000",NA,90171,4052,"35-39 years","female",21,14174,"Other",205.37922668457,205.37922668457,"car",0.333333333333333,13.11,"weekday",1,"20 to 39",">10km","car",13.11,0.333333333333333,2.33333333333333,2.33333333333333
"90171/1000",NA,90171,4052,"35-39 years","female",21,14175,"Other",205.37922668457,205.37922668457,"car",0.416666666666667,13.13,"weekday",2,"20 to 39",">10km","car",13.13,0.416666666666667,2.91666666666667,2.91666666666667
"90171/1000",NA,90171,4052,"35-39 years","female",21,14176,"Other",205.37922668457,205.37922668457,"car",0.333333333333333,13.11,"weekday",3,"20 to 39",">10km","car",13.11,0.333333333333333,2.33333333333333,2.33333333333333
"90171/1000",NA,90171,4052,"35-39 years","female",21,14177,"Other",205.37922668457,205.37922668457,"car",0.166666666666667,1.32,"weekday",4,"20 to 39","1-2km","bicycle",1.32,0.12,1.16666666666667,0.84
"90171/1000",NA,90171,4052,"35-39 years","female",21,14178,"Other",205.37922668457,205.37922668457,"car",0.333333333333333,13.84,"weekday",5,"20 to 39",">10km","car",13.84,0.333333333333333,2.33333333333333,2.33333333333333
"90171/1000",NA,90171,4052,"35-39 years","female",21,14179,"Other",205.37922668457,205.37922668457,"car",0.333333333333333,14.07,"weekday",6,"20 to 39",">10km","car",14.07,0.333333333333333,2.33333333333333,2.33333333333333
"90171/1000",NA,90171,4052,"35-39 years","female",21,14180,"Other",205.37922668457,205.37922668457,"car",0.25,13.84,"weekday",7,"20 to 39",">10km","car",13.84,0.25,1.75,1.75
"90171/1002",NA,90171,4053,"25-29 years","male",21,14181,"Work",311.684387207031,311.684387207031,"car",0.166666666666667,2.72,"weekday",1,"20 to 39","3-5km","bicycle",2.72,0.247272727272727,1.16666666666667,1.73090909090909
"90171/1002",NA,90171,4053,"25-29 years","male",21,14182,"Work",311.684387207031,311.684387207031,"car",0.116666666666667,2.77,"weekday",2,"20 to 39","3-5km","bicycle",2.77,0.251818181818182,0.816666666666667,1.76272727272727
"90172/1000",NA,90172,4054,"20-24 years","female",21,14183,"Other",251.227233886719,251.227233886719,"car",0.05,0.7,"weekday",1,"20 to 39","<1km","bicycle",0.7,0.0636363636363636,0.35,0.445454545454545
"90172/1000",NA,90172,4054,"20-24 years","female",21,14184,"Education",251.227233886719,251.227233886719,"car",0.0833333333333333,5.2,"weekday",2,"20 to 39","6-10km","car",5.2,0.0833333333333333,0.583333333333333,0.583333333333333
"90172/1000",NA,90172,4054,"20-24 years","female",21,14185,"Education",251.227233886719,251.227233886719,"public.transport",0.416666666666667,15.51,"weekday",2,"20 to 39",">10km","public.transport",15.51,0.416666666666667,2.91666666666667,2.91666666666667
"90172/1000",NA,90172,4054,"20-24 years","female",21,14186,"Education",251.227233886719,251.227233886719,"walking",0.05,0.49,"weekday",2,"20 to 39","<1km","walking",0.49,0.05,0.35,0.35
"90172/1000",NA,90172,4054,"20-24 years","female",21,14187,"Education",251.227233886719,251.227233886719,"walking",0.05,0.49,"weekday",3,"20 to 39","<1km","walking",0.49,0.05,0.35,0.35
"90172/1000",NA,90172,4054,"20-24 years","female",21,14188,"Education",251.227233886719,251.227233886719,"public.transport",0.333333333333333,14.63,"weekday",3,"20 to 39",">10km","public.transport",14.63,0.333333333333333,2.33333333333333,2.33333333333333
"90172/1000",NA,90172,4054,"20-24 years","female",21,14189,"Education",251.227233886719,251.227233886719,"car",0.25,5.43,"weekday",3,"20 to 39","6-10km","car",5.43,0.25,1.75,1.75
"90172/1000",NA,90172,4054,"20-24 years","female",21,14190,"Other",251.227233886719,251.227233886719,"car",0.05,0.7,"weekday",4,"20 to 39","<1km","bicycle",0.7,0.0636363636363636,0.35,0.445454545454545
"90172/1000",NA,90172,4054,"20-24 years","female",21,14191,"Other",251.227233886719,251.227233886719,"car",0.0833333333333333,0.7,"weekday",5,"20 to 39","<1km","bicycle",0.7,0.0636363636363636,0.583333333333333,0.445454545454545
"90172/1001",NA,90172,4055,"40-44 years","female",21,14192,"Work",259.748474121094,259.748474121094,"car",1,49.44,"weekday",1,"40 to 64",">10km","car",49.44,1,7,7
"90172/1001",NA,90172,4055,"40-44 years","female",21,14193,"Work",259.748474121094,259.748474121094,"car",1,49.73,"weekday",2,"40 to 64",">10km","car",49.73,1,7,7
"90172/1003",NA,90172,4056,"50-54 years","male",21,14194,"Work",205.661956787109,205.661956787109,"car",1,49.44,"weekday",1,"40 to 64",">10km","car",49.44,1,7,7
"90172/1003",NA,90172,4056,"50-54 years","male",21,14195,"Work",205.661956787109,205.661956787109,"car",1,49.73,"weekday",2,"40 to 64",">10km","car",49.73,1,7,7
"90173/1002",NA,90173,4057,"35-39 years","male",21,14196,"Work",148.682647705078,148.682647705078,"car",0.5,19.87,"weekday",1,"20 to 39",">10km","car",19.87,0.5,3.5,3.5
"90173/1002",NA,90173,4057,"35-39 years","male",21,14197,"Work",148.682647705078,148.682647705078,"car",0.666666666666667,19.81,"weekday",2,"20 to 39",">10km","car",19.81,0.666666666666667,4.66666666666667,4.66666666666667
"90175/1000",NA,90175,4058,"60-64 years","male",21,14198,"Leisure",144.323944091797,144.323944091797,"car",0.166666666666667,5.05,"weekday",1,"40 to 64","6-10km","car",5.05,0.166666666666667,1.16666666666667,1.16666666666667
"90175/1000",NA,90175,4058,"60-64 years","male",21,14199,"Leisure",144.323944091797,144.323944091797,"car",0.166666666666667,5.07,"weekday",2,"40 to 64","6-10km","car",5.07,0.166666666666667,1.16666666666667,1.16666666666667
"90175/1000",NA,90175,4058,"60-64 years","male",21,14200,"Leisure",144.323944091797,144.323944091797,"car",0.166666666666667,3.89,"weekday",3,"40 to 64","3-5km","bicycle",3.89,0.353636363636364,1.16666666666667,2.47545454545455
"90175/1000",NA,90175,4058,"60-64 years","male",21,14201,"Leisure",144.323944091797,144.323944091797,"car",0.166666666666667,3.89,"weekday",4,"40 to 64","3-5km","bicycle",3.89,0.353636363636364,1.16666666666667,2.47545454545455
"90175/1001",NA,90175,4059,"65-69 years","female",21,14202,"Other",129.623992919922,129.623992919922,"car",0.25,2.99,"weekday",1,"65 plus","3-5km","bicycle",2.99,0.271818181818182,1.75,1.90272727272727
"90175/1001",NA,90175,4059,"65-69 years","female",21,14203,"Other",129.623992919922,129.623992919922,"car",0.0333333333333333,0.3,"weekday",2,"65 plus","<1km","bicycle",0.3,0.0272727272727273,0.233333333333333,0.190909090909091
"90175/1001",NA,90175,4059,"65-69 years","female",21,14204,"Other",129.623992919922,129.623992919922,"car",0.166666666666667,2.81,"weekday",3,"65 plus","3-5km","bicycle",2.81,0.255454545454545,1.16666666666667,1.78818181818182
"90175/1001",NA,90175,4059,"65-69 years","female",21,14205,"Other",129.623992919922,129.623992919922,"car",0.3,7.11,"weekday",4,"65 plus","6-10km","car",7.11,0.3,2.1,2.1
"90175/1001",NA,90175,4059,"65-69 years","female",21,14206,"Other",129.623992919922,129.623992919922,"car",0.333333333333333,7.08,"weekday",5,"65 plus","6-10km","car",7.08,0.333333333333333,2.33333333333333,2.33333333333333
"90176/1000",NA,90176,4060,"30-34 years","male",21,14207,"Work",139.366546630859,139.366546630859,"car",0.5,21.73,"weekday",1,"20 to 39",">10km","car",21.73,0.5,3.5,3.5
"90176/1000",NA,90176,4060,"30-34 years","male",21,14208,"Work",139.366546630859,139.366546630859,"car",0.5,21.22,"weekday",2,"20 to 39",">10km","car",21.22,0.5,3.5,3.5
"90176/1001",NA,90176,4061,"25-29 years","female",21,14209,"Shopping",178.791854858398,178.791854858398,"car",0.0833333333333333,4.48,"weekday",1,"20 to 39","3-5km","bicycle",4.48,0.407272727272727,0.583333333333333,2.85090909090909
"90176/1001",NA,90176,4061,"25-29 years","female",21,14210,"Shopping",178.791854858398,178.791854858398,"car",0.116666666666667,4.36,"weekday",2,"20 to 39","3-5km","bicycle",4.36,0.396363636363636,0.816666666666667,2.77454545454545
"90177/1000",NA,90177,4062,"60-64 years","female",21,14211,"Work",204.986328125,204.986328125,"car",0.166666666666667,6.62,"weekday",1,"40 to 64","6-10km","car",6.62,0.166666666666667,1.16666666666667,1.16666666666667
"90177/1000",NA,90177,4062,"60-64 years","female",21,14212,"Work",204.986328125,204.986328125,"public.transport",0.333333333333333,15.08,"weekday",1,"40 to 64",">10km","public.transport",15.08,0.333333333333333,2.33333333333333,2.33333333333333
"90177/1000",NA,90177,4062,"60-64 years","female",21,14213,"Work",204.986328125,204.986328125,"walking",0.05,0.45,"weekday",1,"40 to 64","<1km","walking",0.45,0.05,0.35,0.35
"90177/1000",NA,90177,4062,"60-64 years","female",21,14214,"Work",204.986328125,204.986328125,"walking",0.0666666666666667,0.06,"weekday",2,"40 to 64","<1km","walking",0.06,0.0666666666666667,0.466666666666667,0.466666666666667
"90177/1000",NA,90177,4062,"60-64 years","female",21,14215,"Work",204.986328125,204.986328125,"public.transport",0.416666666666667,15.77,"weekday",2,"40 to 64",">10km","public.transport",15.77,0.416666666666667,2.91666666666667,2.91666666666667
"90177/1000",NA,90177,4062,"60-64 years","female",21,14216,"Work",204.986328125,204.986328125,"car",0.166666666666667,4.73,"weekday",2,"40 to 64","3-5km","bicycle",4.73,0.43,1.16666666666667,3.01
"90179/1000",NA,90179,4063,"65-69 years","female",21,14217,"Work",274.936340332031,274.936340332031,"walking",0.0833333333333333,1.04,"weekday",1,"65 plus","1-2km","walking",1.04,0.0833333333333333,0.583333333333333,0.583333333333333
"90179/1000",NA,90179,4063,"65-69 years","female",21,14218,"Work",274.936340332031,274.936340332031,"public.transport",0.25,3.46,"weekday",1,"65 plus","3-5km","public.transport",3.46,0.25,1.75,1.75
"90179/1000",NA,90179,4063,"65-69 years","female",21,14219,"Work",274.936340332031,274.936340332031,"walking",0.0833333333333333,0.12,"weekday",1,"65 plus","<1km","walking",0.12,0.0833333333333333,0.583333333333333,0.583333333333333
"90179/1000",NA,90179,4063,"65-69 years","female",21,14220,"Work",274.936340332031,274.936340332031,"walking",0.0666666666666667,0.12,"weekday",2,"65 plus","<1km","walking",0.12,0.0666666666666667,0.466666666666667,0.466666666666667
"90179/1000",NA,90179,4063,"65-69 years","female",21,14221,"Work",274.936340332031,274.936340332031,"public.transport",0.25,3.48,"weekday",2,"65 plus","3-5km","public.transport",3.48,0.25,1.75,1.75
"90179/1000",NA,90179,4063,"65-69 years","female",21,14222,"Work",274.936340332031,274.936340332031,"walking",0.116666666666667,1.04,"weekday",2,"65 plus","1-2km","walking",1.04,0.116666666666667,0.816666666666667,0.816666666666667
"90179/1003",NA,90179,4064,"30-34 years","female",21,14223,"Work",405.015441894531,405.015441894531,"car",0.166666666666667,3.86,"weekday",1,"20 to 39","3-5km","bicycle",3.86,0.350909090909091,1.16666666666667,2.45636363636364
"90179/1003",NA,90179,4064,"30-34 years","female",21,14224,"Work",405.015441894531,405.015441894531,"car",0.166666666666667,3.94,"weekday",2,"20 to 39","3-5km","bicycle",3.94,0.358181818181818,1.16666666666667,2.50727272727273
"90179/1003",NA,90179,4064,"30-34 years","female",21,14225,"Work",405.015441894531,405.015441894531,"car",0.166666666666667,3.86,"weekday",3,"20 to 39","3-5km","bicycle",3.86,0.350909090909091,1.16666666666667,2.45636363636364
"90179/1003",NA,90179,4064,"30-34 years","female",21,14226,"Work",405.015441894531,405.015441894531,"car",0.166666666666667,3.94,"weekday",4,"20 to 39","3-5km","bicycle",3.94,0.358181818181818,1.16666666666667,2.50727272727273
"90179/1004",NA,90179,4065,"35-39 years","female",21,14227,"Other",298.092132568359,298.092132568359,"car",0.166666666666667,4.4,"weekday",1,"20 to 39","3-5km","bicycle",4.4,0.4,1.16666666666667,2.8
"90179/1004",NA,90179,4065,"35-39 years","female",21,14228,"Other",298.092132568359,298.092132568359,"car",0.216666666666667,4.39,"weekday",2,"20 to 39","3-5km","bicycle",4.39,0.399090909090909,1.51666666666667,2.79363636363636
"90179/1004",NA,90179,4065,"35-39 years","female",21,14229,"Other",298.092132568359,298.092132568359,"car",0.166666666666667,4.4,"weekday",3,"20 to 39","3-5km","bicycle",4.4,0.4,1.16666666666667,2.8
"90179/1004",NA,90179,4065,"35-39 years","female",21,14230,"Other",298.092132568359,298.092132568359,"car",0.0833333333333333,4.39,"weekday",4,"20 to 39","3-5km","bicycle",4.39,0.399090909090909,0.583333333333333,2.79363636363636
"90179/1005",NA,90179,4066,"30-34 years","male",21,14231,"Work",295.600555419922,295.600555419922,"car",0.666666666666667,22.12,"weekday",1,"20 to 39",">10km","car",22.12,0.666666666666667,4.66666666666667,4.66666666666667
"90179/1005",NA,90179,4066,"30-34 years","male",21,14232,"Work",295.600555419922,295.600555419922,"car",0.833333333333333,21.92,"weekday",2,"20 to 39",">10km","car",21.92,0.833333333333333,5.83333333333333,5.83333333333333
"90182/1001",NA,90182,4067,"35-39 years","male",21,14233,"Work",217.276641845703,217.276641845703,"car",0.416666666666667,12.33,"weekday",1,"20 to 39",">10km","car",12.33,0.416666666666667,2.91666666666667,2.91666666666667
"90182/1001",NA,90182,4067,"35-39 years","male",21,14234,"Work",217.276641845703,217.276641845703,"car",0.166666666666667,12.38,"weekday",2,"20 to 39",">10km","car",12.38,0.166666666666667,1.16666666666667,1.16666666666667
"90183/1000",NA,90183,4068,"40-44 years","female",21,14235,"Work",315.374176025391,315.374176025391,"car",0.25,6.05,"weekday",1,"40 to 64","6-10km","car",6.05,0.25,1.75,1.75
"90183/1000",NA,90183,4068,"40-44 years","female",21,14236,"Work",315.374176025391,315.374176025391,"car",0.25,6.22,"weekday",2,"40 to 64","6-10km","car",6.22,0.25,1.75,1.75
"90184/1000",NA,90184,4069,"55-59 years","male",21,14237,"Work",136.198272705078,136.198272705078,"car",0.116666666666667,2.45,"weekday",1,"40 to 64","3-5km","bicycle",2.45,0.222727272727273,0.816666666666667,1.55909090909091
"90184/1000",NA,90184,4069,"55-59 years","male",21,14238,"Shopping",136.198272705078,136.198272705078,"car",0.0833333333333333,3.94,"weekday",2,"40 to 64","3-5km","bicycle",3.94,0.358181818181818,0.583333333333333,2.50727272727273
"90184/1000",NA,90184,4069,"55-59 years","male",21,14239,"Shopping",136.198272705078,136.198272705078,"car",0.133333333333333,3.59,"weekday",3,"40 to 64","3-5km","bicycle",3.59,0.326363636363636,0.933333333333333,2.28454545454545
"90184/1001",NA,90184,4070,"50-54 years","female",21,14240,"Work",120.97093963623,120.97093963623,"car",0.166666666666667,6.45,"weekday",1,"40 to 64","6-10km","car",6.45,0.166666666666667,1.16666666666667,1.16666666666667
"90184/1001",NA,90184,4070,"50-54 years","female",21,14241,"Work",120.97093963623,120.97093963623,"public.transport",0.666666666666667,15.51,"weekday",1,"40 to 64",">10km","public.transport",15.51,0.666666666666667,4.66666666666667,4.66666666666667
"90184/1001",NA,90184,4070,"50-54 years","female",21,14242,"Work",120.97093963623,120.97093963623,"bicycle",0.0833333333333333,0.63,"weekday",1,"40 to 64","<1km","bicycle",0.63,0.0833333333333333,0.583333333333333,0.583333333333333
"90184/1001",NA,90184,4070,"50-54 years","female",21,14243,"Work",120.97093963623,120.97093963623,"walking",0.0833333333333333,0.63,"weekday",2,"40 to 64","<1km","walking",0.63,0.0833333333333333,0.583333333333333,0.583333333333333
"90184/1001",NA,90184,4070,"50-54 years","female",21,14244,"Work",120.97093963623,120.97093963623,"public.transport",0.55,14.63,"weekday",2,"40 to 64",">10km","public.transport",14.63,0.55,3.85,3.85
"90184/1001",NA,90184,4070,"50-54 years","female",21,14245,"Work",120.97093963623,120.97093963623,"car",0.25,4.86,"weekday",2,"40 to 64","3-5km","bicycle",4.86,0.441818181818182,1.75,3.09272727272727
"90186/1000",NA,90186,4071,"35-39 years","female",21,14246,"Other",245.514633178711,245.514633178711,"car",0.0833333333333333,1.13,"weekday",1,"20 to 39","1-2km","bicycle",1.13,0.102727272727273,0.583333333333333,0.719090909090909
"90186/1000",NA,90186,4071,"35-39 years","female",21,14247,"Other",245.514633178711,245.514633178711,"car",0.05,1.14,"weekday",2,"20 to 39","1-2km","bicycle",1.14,0.103636363636364,0.35,0.725454545454545
"90186/1000",NA,90186,4071,"35-39 years","female",21,14248,"Shopping",245.514633178711,245.514633178711,"car",0.2,6.23,"weekday",3,"20 to 39","6-10km","car",6.23,0.2,1.4,1.4
"90186/1000",NA,90186,4071,"35-39 years","female",21,14249,"Shopping",245.514633178711,245.514633178711,"car",0.2,3.97,"weekday",4,"20 to 39","3-5km","bicycle",3.97,0.360909090909091,1.4,2.52636363636364
"90186/1000",NA,90186,4071,"35-39 years","female",21,14250,"Shopping",245.514633178711,245.514633178711,"car",0.15,3.96,"weekday",5,"20 to 39","3-5km","bicycle",3.96,0.36,1.05,2.52
"90186/1000",NA,90186,4071,"35-39 years","female",21,14251,"Other",245.514633178711,245.514633178711,"car",0.0333333333333333,1.13,"weekday",6,"20 to 39","1-2km","bicycle",1.13,0.102727272727273,0.233333333333333,0.719090909090909
"90186/1000",NA,90186,4071,"35-39 years","female",21,14252,"Other",245.514633178711,245.514633178711,"car",0.05,1.14,"weekday",7,"20 to 39","1-2km","bicycle",1.14,0.103636363636364,0.35,0.725454545454545
"90186/1000",NA,90186,4071,"35-39 years","female",21,14253,"Work",245.514633178711,245.514633178711,"car",0.283333333333333,16.71,"weekday",8,"20 to 39",">10km","car",16.71,0.283333333333333,1.98333333333333,1.98333333333333
"90186/1001",NA,90186,4072,"35-39 years","male",21,14254,"Shopping",259.737060546875,259.737060546875,"car",0.2,6.23,"weekday",1,"20 to 39","6-10km","car",6.23,0.2,1.4,1.4
"90186/1001",NA,90186,4072,"35-39 years","male",21,14255,"Shopping",259.737060546875,259.737060546875,"car",0.2,3.97,"weekday",2,"20 to 39","3-5km","bicycle",3.97,0.360909090909091,1.4,2.52636363636364
"90186/1001",NA,90186,4072,"35-39 years","male",21,14256,"Shopping",259.737060546875,259.737060546875,"car",0.15,3.96,"weekday",3,"20 to 39","3-5km","bicycle",3.96,0.36,1.05,2.52
"90186/1001",NA,90186,4072,"35-39 years","male",21,14257,"Leisure",259.737060546875,259.737060546875,"car",0.166666666666667,4.53,"weekday",4,"20 to 39","3-5km","bicycle",4.53,0.411818181818182,1.16666666666667,2.88272727272727
"90186/1001",NA,90186,4072,"35-39 years","male",21,14258,"Shopping",259.737060546875,259.737060546875,"car",0.216666666666667,4.09,"weekday",5,"20 to 39","3-5km","bicycle",4.09,0.371818181818182,1.51666666666667,2.60272727272727
"90186/1001",NA,90186,4072,"35-39 years","male",21,14259,"Shopping",259.737060546875,259.737060546875,"car",0.283333333333333,4.11,"weekday",6,"20 to 39","3-5km","bicycle",4.11,0.373636363636364,1.98333333333333,2.61545454545455
"90186/1002",NA,90186,4073,"30-34 years","male",21,14260,"Work",243.462539672852,243.462539672852,"car",0.4,24.96,"weekday",1,"20 to 39",">10km","car",24.96,0.4,2.8,2.8
"90186/1002",NA,90186,4073,"30-34 years","male",21,14261,"Work",243.462539672852,243.462539672852,"car",0.416666666666667,22.93,"weekday",2,"20 to 39",">10km","car",22.93,0.416666666666667,2.91666666666667,2.91666666666667
"90186/1002",NA,90186,4073,"30-34 years","male",21,14262,"Work",243.462539672852,243.462539672852,"car",0.5,22.18,"weekday",3,"20 to 39",">10km","car",22.18,0.5,3.5,3.5
"90186/1002",NA,90186,4073,"30-34 years","male",21,14263,"Work",243.462539672852,243.462539672852,"car",0.5,13.33,"weekday",4,"20 to 39",">10km","car",13.33,0.5,3.5,3.5
"90186/1003",NA,90186,4074,"30-34 years","female",21,14264,"Work",333.578796386719,333.578796386719,"car",0.4,24.96,"weekday",1,"20 to 39",">10km","car",24.96,0.4,2.8,2.8
"90186/1003",NA,90186,4074,"30-34 years","female",21,14265,"Work",333.578796386719,333.578796386719,"car",0.416666666666667,22.93,"weekday",2,"20 to 39",">10km","car",22.93,0.416666666666667,2.91666666666667,2.91666666666667
"90186/1003",NA,90186,4074,"30-34 years","female",21,14266,"Work",333.578796386719,333.578796386719,"car",0.5,22.18,"weekday",3,"20 to 39",">10km","car",22.18,0.5,3.5,3.5
"90186/1003",NA,90186,4074,"30-34 years","female",21,14267,"Work",333.578796386719,333.578796386719,"car",0.5,13.33,"weekday",4,"20 to 39",">10km","car",13.33,0.5,3.5,3.5
"90187/1000",NA,90187,4075,"50-54 years","male",21,14268,"Work",117.728157043457,117.728157043457,"car",4.75,169.22,"weekday",1,"40 to 64",">10km","car",169.22,4.75,33.25,33.25
"90187/1000",NA,90187,4075,"50-54 years","male",21,14269,"Work",117.728157043457,117.728157043457,"car",4.58333333333333,169.31,"weekday",2,"40 to 64",">10km","car",169.31,4.58333333333333,32.0833333333333,32.0833333333333
"90187/1001",NA,90187,4076,"20-24 years","female",21,14270,"Education",143.811325073242,143.811325073242,"walking",0.0833333333333333,0.69,"weekday",1,"20 to 39","<1km","walking",0.69,0.0833333333333333,0.583333333333333,0.583333333333333
"90187/1001",NA,90187,4076,"20-24 years","female",21,14271,"Education",143.811325073242,143.811325073242,"public.transport",0.533333333333333,17.74,"weekday",1,"20 to 39",">10km","public.transport",17.74,0.533333333333333,3.73333333333333,3.73333333333333
"90187/1001",NA,90187,4076,"20-24 years","female",21,14272,"Education",143.811325073242,143.811325073242,"walking",0.1,0.39,"weekday",1,"20 to 39","<1km","walking",0.39,0.1,0.7,0.7
"90187/1001",NA,90187,4076,"20-24 years","female",21,14273,"Education",143.811325073242,143.811325073242,"public.transport",0.116666666666667,2.56,"weekday",1,"20 to 39","3-5km","public.transport",2.56,0.116666666666667,0.816666666666667,0.816666666666667
"90187/1001",NA,90187,4076,"20-24 years","female",21,14274,"Education",143.811325073242,143.811325073242,"walking",0.116666666666667,0.61,"weekday",1,"20 to 39","<1km","walking",0.61,0.116666666666667,0.816666666666667,0.816666666666667
"90187/1001",NA,90187,4076,"20-24 years","female",21,14275,"Education",143.811325073242,143.811325073242,"walking",0.116666666666667,0.61,"weekday",2,"20 to 39","<1km","walking",0.61,0.116666666666667,0.816666666666667,0.816666666666667
"90187/1001",NA,90187,4076,"20-24 years","female",21,14276,"Education",143.811325073242,143.811325073242,"public.transport",0.25,2.91,"weekday",2,"20 to 39","3-5km","public.transport",2.91,0.25,1.75,1.75
"90187/1001",NA,90187,4076,"20-24 years","female",21,14277,"Education",143.811325073242,143.811325073242,"public.transport",0.366666666666667,15.5,"weekday",2,"20 to 39",">10km","public.transport",15.5,0.366666666666667,2.56666666666667,2.56666666666667
"90187/1001",NA,90187,4076,"20-24 years","female",21,14278,"Education",143.811325073242,143.811325073242,"public.transport",0.133333333333333,2.42,"weekday",2,"20 to 39","3-5km","public.transport",2.42,0.133333333333333,0.933333333333333,0.933333333333333
"90187/1001",NA,90187,4076,"20-24 years","female",21,14279,"Education",143.811325073242,143.811325073242,"walking",0.1,0.69,"weekday",2,"20 to 39","<1km","walking",0.69,0.1,0.7,0.7
"90188/1000",NA,90188,4077,"45-49 years","female",21,14280,"Work",253.594482421875,253.594482421875,"car",0.383333333333333,17.45,"weekday",1,"40 to 64",">10km","car",17.45,0.383333333333333,2.68333333333333,2.68333333333333
"90188/1000",NA,90188,4077,"45-49 years","female",21,14281,"Work",253.594482421875,253.594482421875,"car",0.183333333333333,6.11,"weekday",2,"40 to 64","6-10km","car",6.11,0.183333333333333,1.28333333333333,1.28333333333333
"90188/1000",NA,90188,4077,"45-49 years","female",21,14282,"Other",253.594482421875,253.594482421875,"car",0.183333333333333,4.41,"weekday",3,"40 to 64","3-5km","bicycle",4.41,0.400909090909091,1.28333333333333,2.80636363636364
"90188/1000",NA,90188,4077,"45-49 years","female",21,14283,"Other",253.594482421875,253.594482421875,"car",0.383333333333333,15.85,"weekday",4,"40 to 64",">10km","car",15.85,0.383333333333333,2.68333333333333,2.68333333333333
"90188/1001",NA,90188,4078,"45-49 years","male",21,14284,"Work",185.775009155273,185.775009155273,"car",0.333333333333333,6.5,"weekday",1,"40 to 64","6-10km","car",6.5,0.333333333333333,2.33333333333333,2.33333333333333
"90188/1001",NA,90188,4078,"45-49 years","male",21,14285,"Work",185.775009155273,185.775009155273,"car",0.25,6.4,"weekday",2,"40 to 64","6-10km","car",6.4,0.25,1.75,1.75
"90188/1002",NA,90188,4079,"15-19 years","male",21,14286,"Education",218.963638305664,218.963638305664,"bicycle",0.266666666666667,2.31,"weekday",1,"15 to 19","3-5km","bicycle",2.31,0.266666666666667,1.86666666666667,1.86666666666667
"90188/1002",NA,90188,4079,"15-19 years","male",21,14287,"Education",218.963638305664,218.963638305664,"bicycle",0.25,2.31,"weekday",2,"15 to 19","3-5km","bicycle",2.31,0.25,1.75,1.75
"90193/1000",NA,90193,4080,"55-59 years","male",21,14288,"Work",125.77254486084,125.77254486084,"car",0.75,28.58,"weekday",1,"40 to 64",">10km","car",28.58,0.75,5.25,5.25
"90193/1000",NA,90193,4080,"55-59 years","male",21,14289,"Work",125.77254486084,125.77254486084,"car",0.583333333333333,29.28,"weekday",2,"40 to 64",">10km","car",29.28,0.583333333333333,4.08333333333333,4.08333333333333
"90193/1001",NA,90193,4081,"45-49 years","female",21,14290,"Work",122.150421142578,122.150421142578,"car",0.1,2.03,"weekday",1,"40 to 64","3-5km","bicycle",2.03,0.184545454545455,0.7,1.29181818181818
"90193/1001",NA,90193,4081,"45-49 years","female",21,14291,"Work",122.150421142578,122.150421142578,"car",0.166666666666667,2.03,"weekday",2,"40 to 64","3-5km","bicycle",2.03,0.184545454545455,1.16666666666667,1.29181818181818
"90193/1002",NA,90193,4082,"20-24 years","female",21,14292,"Work",133.524215698242,133.524215698242,"car",0.333333333333333,8.82,"weekday",1,"20 to 39","6-10km","car",8.82,0.333333333333333,2.33333333333333,2.33333333333333
"90193/1002",NA,90193,4082,"20-24 years","female",21,14293,"Work",133.524215698242,133.524215698242,"car",0.333333333333333,8.67,"weekday",2,"20 to 39","6-10km","car",8.67,0.333333333333333,2.33333333333333,2.33333333333333
"90193/1003",NA,90193,4083,"15-19 years","female",21,14294,"Education",100.53645324707,100.53645324707,"car",0.583333333333333,16.72,"weekday",1,"15 to 19",">10km","car",16.72,0.583333333333333,4.08333333333333,4.08333333333333
"90193/1003",NA,90193,4083,"15-19 years","female",21,14295,"Education",100.53645324707,100.53645324707,"car",0.5,16.72,"weekday",2,"15 to 19",">10km","car",16.72,0.5,3.5,3.5
"90194/1000",NA,90194,4084,"55-59 years","female",21,14296,"Work",94.9781875610352,94.9781875610352,"car",0.333333333333333,14.23,"weekday",1,"40 to 64",">10km","car",14.23,0.333333333333333,2.33333333333333,2.33333333333333
"90194/1000",NA,90194,4084,"55-59 years","female",21,14297,"Work",94.9781875610352,94.9781875610352,"car",0.416666666666667,14.22,"weekday",2,"40 to 64",">10km","car",14.22,0.416666666666667,2.91666666666667,2.91666666666667
"90194/1001",NA,90194,4085,"55-59 years","male",21,14298,"Work",86.312614440918,86.312614440918,"car",1,34.1,"weekday",1,"40 to 64",">10km","car",34.1,1,7,7
"90194/1001",NA,90194,4085,"55-59 years","male",21,14299,"Work",86.312614440918,86.312614440918,"car",1,33.62,"weekday",2,"40 to 64",">10km","car",33.62,1,7,7
"90195/1000",NA,90195,4086,"50-54 years","female",21,14300,"Other",135.186767578125,135.186767578125,"car",0.283333333333333,9.06,"weekday",1,"40 to 64","6-10km","car",9.06,0.283333333333333,1.98333333333333,1.98333333333333
"90195/1000",NA,90195,4086,"50-54 years","female",21,14301,"Leisure",135.186767578125,135.186767578125,"car",0.183333333333333,4.36,"weekday",2,"40 to 64","3-5km","bicycle",4.36,0.396363636363636,1.28333333333333,2.77454545454545
"90195/1000",NA,90195,4086,"50-54 years","female",21,14302,"Work",135.186767578125,135.186767578125,"car",0.416666666666667,15.3,"weekday",3,"40 to 64",">10km","car",15.3,0.416666666666667,2.91666666666667,2.91666666666667
"90195/1000",NA,90195,4086,"50-54 years","female",21,14303,"Work",135.186767578125,135.186767578125,"car",0.2,12.43,"weekday",4,"40 to 64",">10km","car",12.43,0.2,1.4,1.4
"90195/1000",NA,90195,4086,"50-54 years","female",21,14304,"Other",135.186767578125,135.186767578125,"car",0.283333333333333,9.06,"weekday",5,"40 to 64","6-10km","car",9.06,0.283333333333333,1.98333333333333,1.98333333333333
"90195/1000",NA,90195,4086,"50-54 years","female",21,14305,"Other",135.186767578125,135.186767578125,"car",0.3,8.85,"weekday",6,"40 to 64","6-10km","car",8.85,0.3,2.1,2.1
"90195/1001",NA,90195,4087,"55-59 years","male",21,14306,"Work",168.394836425781,168.394836425781,"car",0.6,20.52,"weekday",1,"40 to 64",">10km","car",20.52,0.6,4.2,4.2
"90195/1001",NA,90195,4087,"55-59 years","male",21,14307,"Work",168.394836425781,168.394836425781,"car",0.5,17.71,"weekday",2,"40 to 64",">10km","car",17.71,0.5,3.5,3.5
"90195/1001",NA,90195,4087,"55-59 years","male",21,14308,"Work",168.394836425781,168.394836425781,"car",0.5,16.84,"weekday",3,"40 to 64",">10km","car",16.84,0.5,3.5,3.5
"90195/1001",NA,90195,4087,"55-59 years","male",21,14309,"Work",168.394836425781,168.394836425781,"car",0.5,11.88,"weekday",4,"40 to 64",">10km","car",11.88,0.5,3.5,3.5
"90195/1001",NA,90195,4087,"55-59 years","male",21,14310,"Work",168.394836425781,168.394836425781,"car",1,40.42,"weekday",5,"40 to 64",">10km","car",40.42,1,7,7
"90195/1002",NA,90195,4088,"25-29 years","male",21,14311,"Work",157.771377563477,157.771377563477,"car",0.333333333333333,11.02,"weekday",1,"20 to 39",">10km","car",11.02,0.333333333333333,2.33333333333333,2.33333333333333
"90195/1002",NA,90195,4088,"25-29 years","male",21,14312,"Work",157.771377563477,157.771377563477,"car",0.666666666666667,15.08,"weekday",2,"20 to 39",">10km","car",15.08,0.666666666666667,4.66666666666667,4.66666666666667
"90195/1002",NA,90195,4088,"25-29 years","male",21,14313,"Work",157.771377563477,157.771377563477,"car",0.833333333333333,15.16,"weekday",3,"20 to 39",">10km","car",15.16,0.833333333333333,5.83333333333333,5.83333333333333
"90195/1002",NA,90195,4088,"25-29 years","male",21,14314,"Work",157.771377563477,157.771377563477,"car",0.333333333333333,11.1,"weekday",4,"20 to 39",">10km","car",11.1,0.333333333333333,2.33333333333333,2.33333333333333
"90195/1003",NA,90195,4089,"20-24 years","female",21,14315,"Education",178.773422241211,178.773422241211,"car",0.7,25.48,"weekday",1,"20 to 39",">10km","car",25.48,0.7,4.9,4.9
"90195/1003",NA,90195,4089,"20-24 years","female",21,14316,"Other",178.773422241211,178.773422241211,"car",1,25.34,"weekday",2,"20 to 39",">10km","car",25.34,1,7,7
"90195/1003",NA,90195,4089,"20-24 years","female",21,14317,"Education",178.773422241211,178.773422241211,"car",0.15,2.85,"weekday",3,"20 to 39","3-5km","bicycle",2.85,0.259090909090909,1.05,1.81363636363636
"90195/1003",NA,90195,4089,"20-24 years","female",21,14318,"Education",178.773422241211,178.773422241211,"car",0.233333333333333,10.49,"weekday",4,"20 to 39",">10km","car",10.49,0.233333333333333,1.63333333333333,1.63333333333333
"90195/1004",NA,90195,4090,"15-19 years","male",21,14319,"Education",217.791061401367,217.791061401367,"car",0.283333333333333,9.06,"weekday",1,"15 to 19","6-10km","car",9.06,0.283333333333333,1.98333333333333,1.98333333333333
"90195/1004",NA,90195,4090,"15-19 years","male",21,14320,"Education",217.791061401367,217.791061401367,"car",0.3,8.85,"weekday",2,"15 to 19","6-10km","car",8.85,0.3,2.1,2.1
"90195/1004",NA,90195,4090,"15-19 years","male",21,14321,"Leisure",217.791061401367,217.791061401367,"other",0.183333333333333,3.72,"weekday",3,"15 to 19","3-5km","other",3.72,0.183333333333333,1.28333333333333,1.28333333333333
"90195/1004",NA,90195,4090,"15-19 years","male",21,14322,"Leisure",217.791061401367,217.791061401367,"other",0.133333333333333,3.75,"weekday",4,"15 to 19","3-5km","other",3.75,0.133333333333333,0.933333333333333,0.933333333333333
"90197/1000",NA,90197,4091,"70-74 years","male",21,14323,"Shopping",68.7407379150391,68.7407379150391,"car",0.5,13.34,"weekday",1,"65 plus",">10km","car",13.34,0.5,3.5,3.5
"90197/1000",NA,90197,4091,"70-74 years","male",21,14324,"Shopping",68.7407379150391,68.7407379150391,"car",0.416666666666667,13.19,"weekday",2,"65 plus",">10km","car",13.19,0.416666666666667,2.91666666666667,2.91666666666667
"90197/1000",NA,90197,4091,"70-74 years","male",21,14325,"Shopping",68.7407379150391,68.7407379150391,"car",0.333333333333333,4.93,"weekday",3,"65 plus","3-5km","bicycle",4.93,0.448181818181818,2.33333333333333,3.13727272727273
"90197/1000",NA,90197,4091,"70-74 years","male",21,14326,"Shopping",68.7407379150391,68.7407379150391,"car",0.333333333333333,5.28,"weekday",4,"65 plus","6-10km","car",5.28,0.333333333333333,2.33333333333333,2.33333333333333
"90197/1000",NA,90197,4091,"70-74 years","male",21,14327,"Shopping",68.7407379150391,68.7407379150391,"car",0.25,8.24,"weekday",5,"65 plus","6-10km","car",8.24,0.25,1.75,1.75
"90197/1000",NA,90197,4091,"70-74 years","male",21,14328,"Shopping",68.7407379150391,68.7407379150391,"car",0.25,8.08,"weekday",6,"65 plus","6-10km","car",8.08,0.25,1.75,1.75
"90197/1001",NA,90197,4092,"70-74 years","female",21,14329,"Shopping",74.8938827514648,74.8938827514648,"car",0.25,8.24,"weekday",1,"65 plus","6-10km","car",8.24,0.25,1.75,1.75
"90197/1001",NA,90197,4092,"70-74 years","female",21,14330,"Shopping",74.8938827514648,74.8938827514648,"car",0.25,8.08,"weekday",2,"65 plus","6-10km","car",8.08,0.25,1.75,1.75
"90199/1000",NA,90199,4093,"45-49 years","female",21,14331,"Work",122.150421142578,122.150421142578,"car",0.833333333333333,35.48,"weekday",1,"40 to 64",">10km","car",35.48,0.833333333333333,5.83333333333333,5.83333333333333
"90199/1000",NA,90199,4093,"45-49 years","female",21,14332,"Other",122.150421142578,122.150421142578,"car",0.75,25.25,"weekday",2,"40 to 64",">10km","car",25.25,0.75,5.25,5.25
"90199/1000",NA,90199,4093,"45-49 years","female",21,14333,"Other",122.150421142578,122.150421142578,"car",0.666666666666667,18.6,"weekday",3,"40 to 64",">10km","car",18.6,0.666666666666667,4.66666666666667,4.66666666666667
"90199/1001",NA,90199,4094,"50-54 years","male",21,14334,"Other",111.144454956055,111.144454956055,"car",0.5,15.86,"weekday",1,"40 to 64",">10km","car",15.86,0.5,3.5,3.5
"90199/1001",NA,90199,4094,"50-54 years","male",21,14335,"Other",111.144454956055,111.144454956055,"car",0.266666666666667,4.67,"weekday",2,"40 to 64","3-5km","bicycle",4.67,0.424545454545455,1.86666666666667,2.97181818181818
"90199/1001",NA,90199,4094,"50-54 years","male",21,14336,"Other",111.144454956055,111.144454956055,"car",0.25,4.74,"weekday",3,"40 to 64","3-5km","bicycle",4.74,0.430909090909091,1.75,3.01636363636364
"90199/1001",NA,90199,4094,"50-54 years","male",21,14337,"Other",111.144454956055,111.144454956055,"car",0.166666666666667,6.92,"weekday",4,"40 to 64","6-10km","car",6.92,0.166666666666667,1.16666666666667,1.16666666666667
"90199/1001",NA,90199,4094,"50-54 years","male",21,14338,"Other",111.144454956055,111.144454956055,"car",0.666666666666667,18.6,"weekday",5,"40 to 64",">10km","car",18.6,0.666666666666667,4.66666666666667,4.66666666666667
"90201/1000",NA,90201,4095,"60-64 years","male",21,14339,"Work",136.299453735352,136.299453735352,"car",0.25,12.42,"weekday",1,"40 to 64",">10km","car",12.42,0.25,1.75,1.75
"90201/1000",NA,90201,4095,"60-64 years","male",21,14340,"Work",136.299453735352,136.299453735352,"car",0.333333333333333,12.47,"weekday",2,"40 to 64",">10km","car",12.47,0.333333333333333,2.33333333333333,2.33333333333333
"90201/1001",NA,90201,4096,"55-59 years","female",21,14341,"Work",138.399810791016,138.399810791016,"car",0.633333333333333,9.89,"weekday",1,"40 to 64","6-10km","car",9.89,0.633333333333333,4.43333333333333,4.43333333333333
"90201/1001",NA,90201,4096,"55-59 years","female",21,14342,"Work",138.399810791016,138.399810791016,"car",0.266666666666667,9.84,"weekday",2,"40 to 64","6-10km","car",9.84,0.266666666666667,1.86666666666667,1.86666666666667
"90201/1001",NA,90201,4096,"55-59 years","female",21,14343,"Other",138.399810791016,138.399810791016,"car",0.916666666666667,32.24,"weekday",3,"40 to 64",">10km","car",32.24,0.916666666666667,6.41666666666667,6.41666666666667
"90201/1001",NA,90201,4096,"55-59 years","female",21,14344,"Shopping",138.399810791016,138.399810791016,"car",0.833333333333333,34.38,"weekday",4,"40 to 64",">10km","car",34.38,0.833333333333333,5.83333333333333,5.83333333333333
"90201/1001",NA,90201,4096,"55-59 years","female",21,14345,"Shopping",138.399810791016,138.399810791016,"car",0.2,4.7,"weekday",5,"40 to 64","3-5km","bicycle",4.7,0.427272727272727,1.4,2.99090909090909
"90201/1002",NA,90201,4097,"20-24 years","female",21,14346,"Other",133.524215698242,133.524215698242,"car",0.266666666666667,8.75,"weekday",1,"20 to 39","6-10km","car",8.75,0.266666666666667,1.86666666666667,1.86666666666667
"90201/1002",NA,90201,4097,"20-24 years","female",21,14347,"Other",133.524215698242,133.524215698242,"car",0.366666666666667,8.92,"weekday",2,"20 to 39","6-10km","car",8.92,0.366666666666667,2.56666666666667,2.56666666666667
"90201/1003",NA,90201,4098,"15-19 years","male",21,14348,"Education",162.666137695312,162.666137695312,"car",0.35,11.58,"weekday",1,"15 to 19",">10km","car",11.58,0.35,2.45,2.45
"90201/1003",NA,90201,4098,"15-19 years","male",21,14349,"Education",162.666137695312,162.666137695312,"car",0.333333333333333,11.61,"weekday",2,"15 to 19",">10km","car",11.61,0.333333333333333,2.33333333333333,2.33333333333333
"90201/1003",NA,90201,4098,"15-19 years","male",21,14350,"Leisure",162.666137695312,162.666137695312,"car",0.333333333333333,9.4,"weekday",3,"15 to 19","6-10km","car",9.4,0.333333333333333,2.33333333333333,2.33333333333333
"90201/1003",NA,90201,4098,"15-19 years","male",21,14351,"Leisure",162.666137695312,162.666137695312,"car",0.366666666666667,9.37,"weekday",4,"15 to 19","6-10km","car",9.37,0.366666666666667,2.56666666666667,2.56666666666667
"90204/1000",NA,90204,4099,"55-59 years","female",21,14352,"Work",120.31526184082,120.31526184082,"car",0.5,15.13,"weekday",1,"40 to 64",">10km","car",15.13,0.5,3.5,3.5
"90204/1000",NA,90204,4099,"55-59 years","female",21,14353,"Shopping",120.31526184082,120.31526184082,"car",0.75,15.71,"weekday",2,"40 to 64",">10km","car",15.71,0.75,5.25,5.25
"90204/1000",NA,90204,4099,"55-59 years","female",21,14354,"Shopping",120.31526184082,120.31526184082,"car",0.25,5.14,"weekday",3,"40 to 64","6-10km","car",5.14,0.25,1.75,1.75
"90206/1000",NA,90206,4100,"65-69 years","male",21,14355,"Work",91.5599975585938,91.5599975585938,"car",0.5,15.43,"weekday",1,"65 plus",">10km","car",15.43,0.5,3.5,3.5
"90206/1000",NA,90206,4100,"65-69 years","male",21,14356,"Shopping",91.5599975585938,91.5599975585938,"car",0.75,19.83,"weekday",2,"65 plus",">10km","car",19.83,0.75,5.25,5.25
"90206/1000",NA,90206,4100,"65-69 years","male",21,14357,"Shopping",91.5599975585938,91.5599975585938,"car",0.5,8.17,"weekday",3,"65 plus","6-10km","car",8.17,0.5,3.5,3.5
"90213/1000",NA,90213,4101,"50-54 years","male",21,14358,"Work",117.068450927734,117.068450927734,"car",0.95,33.88,"weekday",1,"40 to 64",">10km","car",33.88,0.95,6.65,6.65
"90213/1000",NA,90213,4101,"50-54 years","male",21,14359,"Work",117.068450927734,117.068450927734,"car",1.23333333333333,33.5,"weekday",2,"40 to 64",">10km","car",33.5,1.23333333333333,8.63333333333333,8.63333333333333
"90213/1001",NA,90213,4102,"50-54 years","female",21,14360,"Other",106.351432800293,106.351432800293,"car",0.566666666666667,16.54,"weekday",1,"40 to 64",">10km","car",16.54,0.566666666666667,3.96666666666667,3.96666666666667
"90213/1001",NA,90213,4102,"50-54 years","female",21,14361,"Work",106.351432800293,106.351432800293,"car",0.75,27.61,"weekday",2,"40 to 64",">10km","car",27.61,0.75,5.25,5.25
"90213/1001",NA,90213,4102,"50-54 years","female",21,14362,"Other",106.351432800293,106.351432800293,"car",0.75,27.26,"weekday",3,"40 to 64",">10km","car",27.26,0.75,5.25,5.25
"90213/1001",NA,90213,4102,"50-54 years","female",21,14363,"Other",106.351432800293,106.351432800293,"car",0.533333333333333,16.54,"weekday",4,"40 to 64",">10km","car",16.54,0.533333333333333,3.73333333333333,3.73333333333333
"90214/1000",NA,90214,4103,"30-34 years","female",21,14364,"Other",106.075881958008,106.075881958008,"walking",0.25,1.49,"weekday",1,"20 to 39","1-2km","walking",1.49,0.25,1.75,1.75
"90214/1000",NA,90214,4103,"30-34 years","female",21,14365,"Other",106.075881958008,106.075881958008,"walking",0.333333333333333,1.49,"weekday",2,"20 to 39","1-2km","walking",1.49,0.333333333333333,2.33333333333333,2.33333333333333
"90214/1000",NA,90214,4103,"30-34 years","female",21,14366,"Other",106.075881958008,106.075881958008,"car",0.25,8.22,"weekday",3,"20 to 39","6-10km","car",8.22,0.25,1.75,1.75
"90214/1000",NA,90214,4103,"30-34 years","female",21,14367,"Other",106.075881958008,106.075881958008,"car",0.25,11.2,"weekday",4,"20 to 39",">10km","car",11.2,0.25,1.75,1.75
"90214/1000",NA,90214,4103,"30-34 years","female",21,14368,"Leisure",106.075881958008,106.075881958008,"car",0.25,8.93,"weekday",5,"20 to 39","6-10km","car",8.93,0.25,1.75,1.75
"90214/1000",NA,90214,4103,"30-34 years","female",21,14369,"Other",106.075881958008,106.075881958008,"car",0.25,9.43,"weekday",6,"20 to 39","6-10km","car",9.43,0.25,1.75,1.75
"90214/1000",NA,90214,4103,"30-34 years","female",21,14370,"Other",106.075881958008,106.075881958008,"car",0.5,13.1,"weekday",7,"20 to 39",">10km","car",13.1,0.5,3.5,3.5
"90214/1001",NA,90214,4104,"45-49 years","male",21,14371,"Work",125.319877624512,125.319877624512,"car",0.583333333333333,22.22,"weekday",1,"40 to 64",">10km","car",22.22,0.583333333333333,4.08333333333333,4.08333333333333
"90214/1001",NA,90214,4104,"45-49 years","male",21,14372,"Work",125.319877624512,125.319877624512,"car",2.25,72.71,"weekday",2,"40 to 64",">10km","car",72.71,2.25,15.75,15.75
"90214/1001",NA,90214,4104,"45-49 years","male",21,14373,"Other",125.319877624512,125.319877624512,"car",1,50.33,"weekday",3,"40 to 64",">10km","car",50.33,1,7,7
"90214/1001",NA,90214,4104,"45-49 years","male",21,14374,"Other",125.319877624512,125.319877624512,"car",0.166666666666667,4.42,"weekday",4,"40 to 64","3-5km","bicycle",4.42,0.401818181818182,1.16666666666667,2.81272727272727
"90214/1002",NA,90214,4105,"70-74 years","male",21,14375,"Shopping",100.167259216309,100.167259216309,"car",0.25,8.46,"weekday",1,"65 plus","6-10km","car",8.46,0.25,1.75,1.75
"90214/1002",NA,90214,4105,"70-74 years","male",21,14376,"Shopping",100.167259216309,100.167259216309,"car",0.25,8.29,"weekday",2,"65 plus","6-10km","car",8.29,0.25,1.75,1.75
"90214/1002",NA,90214,4105,"70-74 years","male",21,14377,"Shopping",100.167259216309,100.167259216309,"car",0.25,8.34,"weekday",3,"65 plus","6-10km","car",8.34,0.25,1.75,1.75
"90214/1002",NA,90214,4105,"70-74 years","male",21,14378,"Shopping",100.167259216309,100.167259216309,"car",0.25,8.3,"weekday",4,"65 plus","6-10km","car",8.3,0.25,1.75,1.75
"90214/1003",NA,90214,4106,"55-59 years","male",21,14379,"Leisure",125.77254486084,125.77254486084,"walking",0.583333333333333,1.49,"weekday",1,"40 to 64","1-2km","walking",1.49,0.583333333333333,4.08333333333333,4.08333333333333
"90214/1003",NA,90214,4106,"55-59 years","male",21,14380,"Leisure",125.77254486084,125.77254486084,"walking",0.5,1.49,"weekday",2,"40 to 64","1-2km","walking",1.49,0.5,3.5,3.5
"90214/1003",NA,90214,4106,"55-59 years","male",21,14381,"Shopping",125.77254486084,125.77254486084,"car",0.25,8.34,"weekday",3,"40 to 64","6-10km","car",8.34,0.25,1.75,1.75
"90214/1003",NA,90214,4106,"55-59 years","male",21,14382,"Shopping",125.77254486084,125.77254486084,"car",0.25,8.3,"weekday",4,"40 to 64","6-10km","car",8.3,0.25,1.75,1.75
"90215/1000",NA,90215,4107,"20-24 years","female",21,14383,"Work",140.641052246094,140.641052246094,"car",0.45,14.38,"weekday",1,"20 to 39",">10km","car",14.38,0.45,3.15,3.15
"90215/1000",NA,90215,4107,"20-24 years","female",21,14384,"Work",140.641052246094,140.641052246094,"car",0.333333333333333,14.06,"weekday",2,"20 to 39",">10km","car",14.06,0.333333333333333,2.33333333333333,2.33333333333333
"90215/1000",NA,90215,4107,"20-24 years","female",21,14385,"Other",140.641052246094,140.641052246094,"car",0.25,13.92,"weekday",3,"20 to 39",">10km","car",13.92,0.25,1.75,1.75
"90215/1000",NA,90215,4107,"20-24 years","female",21,14386,"Shopping",140.641052246094,140.641052246094,"car",0.666666666666667,22.07,"weekday",4,"20 to 39",">10km","car",22.07,0.666666666666667,4.66666666666667,4.66666666666667
"90215/1000",NA,90215,4107,"20-24 years","female",21,14387,"Shopping",140.641052246094,140.641052246094,"car",0.0833333333333333,1.07,"weekday",5,"20 to 39","1-2km","bicycle",1.07,0.0972727272727273,0.583333333333333,0.680909090909091
"90215/1000",NA,90215,4107,"20-24 years","female",21,14388,"Shopping",140.641052246094,140.641052246094,"car",0.5,23.26,"weekday",6,"20 to 39",">10km","car",23.26,0.5,3.5,3.5
"90215/1001",NA,90215,4108,"60-64 years","male",21,14389,"Other",143.564193725586,143.564193725586,"car",0.433333333333333,13.92,"weekday",1,"40 to 64",">10km","car",13.92,0.433333333333333,3.03333333333333,3.03333333333333
"90215/1001",NA,90215,4108,"60-64 years","male",21,14390,"Leisure",143.564193725586,143.564193725586,"car",0.0666666666666667,0.94,"weekday",2,"40 to 64","<1km","bicycle",0.94,0.0854545454545454,0.466666666666667,0.598181818181818
"90215/1001",NA,90215,4108,"60-64 years","male",21,14391,"Leisure",143.564193725586,143.564193725586,"walking",0.5,1.36,"weekday",3,"40 to 64","1-2km","walking",1.36,0.5,3.5,3.5
"90215/1001",NA,90215,4108,"60-64 years","male",21,14392,"Leisure",143.564193725586,143.564193725586,"walking",0.5,1.36,"weekday",4,"40 to 64","1-2km","walking",1.36,0.5,3.5,3.5
"90215/1001",NA,90215,4108,"60-64 years","male",21,14393,"Leisure",143.564193725586,143.564193725586,"car",0.416666666666667,14.28,"weekday",5,"40 to 64",">10km","car",14.28,0.416666666666667,2.91666666666667,2.91666666666667
"90215/1001",NA,90215,4108,"60-64 years","male",21,14394,"Other",143.564193725586,143.564193725586,"car",0.25,13.92,"weekday",6,"40 to 64",">10km","car",13.92,0.25,1.75,1.75
"90215/1001",NA,90215,4108,"60-64 years","male",21,14395,"Shopping",143.564193725586,143.564193725586,"car",0.666666666666667,22.07,"weekday",7,"40 to 64",">10km","car",22.07,0.666666666666667,4.66666666666667,4.66666666666667
"90215/1001",NA,90215,4108,"60-64 years","male",21,14396,"Shopping",143.564193725586,143.564193725586,"car",0.0833333333333333,1.07,"weekday",8,"40 to 64","1-2km","bicycle",1.07,0.0972727272727273,0.583333333333333,0.680909090909091
"90215/1001",NA,90215,4108,"60-64 years","male",21,14397,"Shopping",143.564193725586,143.564193725586,"car",0.5,23.26,"weekday",9,"40 to 64",">10km","car",23.26,0.5,3.5,3.5
"90215/1002",NA,90215,4109,"20-24 years","female",21,14398,"Work",140.641052246094,140.641052246094,"car",0.433333333333333,13.92,"weekday",1,"20 to 39",">10km","car",13.92,0.433333333333333,3.03333333333333,3.03333333333333
"90215/1002",NA,90215,4109,"20-24 years","female",21,14399,"Shopping",140.641052246094,140.641052246094,"car",0.666666666666667,22.07,"weekday",2,"20 to 39",">10km","car",22.07,0.666666666666667,4.66666666666667,4.66666666666667
"90215/1002",NA,90215,4109,"20-24 years","female",21,14400,"Shopping",140.641052246094,140.641052246094,"car",0.0833333333333333,1.07,"weekday",3,"20 to 39","1-2km","bicycle",1.07,0.0972727272727273,0.583333333333333,0.680909090909091
"90215/1002",NA,90215,4109,"20-24 years","female",21,14401,"Shopping",140.641052246094,140.641052246094,"car",0.5,23.26,"weekday",4,"20 to 39",">10km","car",23.26,0.5,3.5,3.5
"90217/1000",NA,90217,4110,"65-69 years","female",21,14402,"Shopping",86.0002593994141,86.0002593994141,"car",0.25,9.26,"weekday",1,"65 plus","6-10km","car",9.26,0.25,1.75,1.75
"90217/1000",NA,90217,4110,"65-69 years","female",21,14403,"Shopping",86.0002593994141,86.0002593994141,"car",0.25,5.61,"weekday",2,"65 plus","6-10km","car",5.61,0.25,1.75,1.75
"90217/1000",NA,90217,4110,"65-69 years","female",21,14404,"Shopping",86.0002593994141,86.0002593994141,"car",0.0833333333333333,0.95,"weekday",3,"65 plus","<1km","bicycle",0.95,0.0863636363636364,0.583333333333333,0.604545454545454
"90217/1000",NA,90217,4110,"65-69 years","female",21,14405,"Shopping",86.0002593994141,86.0002593994141,"car",0.416666666666667,12.58,"weekday",4,"65 plus",">10km","car",12.58,0.416666666666667,2.91666666666667,2.91666666666667
"90217/1001",NA,90217,4111,"45-49 years","female",21,14406,"Work",83.8268890380859,83.8268890380859,"car",0.583333333333333,21.78,"weekday",1,"40 to 64",">10km","car",21.78,0.583333333333333,4.08333333333333,4.08333333333333
"90217/1001",NA,90217,4111,"45-49 years","female",21,14407,"Work",83.8268890380859,83.8268890380859,"walking",0.133333333333333,0.42,"weekday",1,"40 to 64","<1km","walking",0.42,0.133333333333333,0.933333333333333,0.933333333333333
"90217/1001",NA,90217,4111,"45-49 years","female",21,14408,"Work",83.8268890380859,83.8268890380859,"public.transport",0.333333333333333,15.81,"weekday",1,"40 to 64",">10km","public.transport",15.81,0.333333333333333,2.33333333333333,2.33333333333333
"90217/1001",NA,90217,4111,"45-49 years","female",21,14409,"Work",83.8268890380859,83.8268890380859,"walking",0.133333333333333,0.29,"weekday",1,"40 to 64","<1km","walking",0.29,0.133333333333333,0.933333333333333,0.933333333333333
"90217/1001",NA,90217,4111,"45-49 years","female",21,14410,"Shopping",83.8268890380859,83.8268890380859,"walking",0.133333333333333,0.15,"weekday",2,"40 to 64","<1km","walking",0.15,0.133333333333333,0.933333333333333,0.933333333333333
"90217/1001",NA,90217,4111,"45-49 years","female",21,14411,"Shopping",83.8268890380859,83.8268890380859,"public.transport",0.316666666666667,15.61,"weekday",2,"40 to 64",">10km","public.transport",15.61,0.316666666666667,2.21666666666667,2.21666666666667
"90217/1001",NA,90217,4111,"45-49 years","female",21,14412,"Shopping",83.8268890380859,83.8268890380859,"walking",0.15,0.39,"weekday",2,"40 to 64","<1km","walking",0.39,0.15,1.05,1.05
"90217/1001",NA,90217,4111,"45-49 years","female",21,14413,"Shopping",83.8268890380859,83.8268890380859,"car",0.45,23.45,"weekday",2,"40 to 64",">10km","car",23.45,0.45,3.15,3.15
"90217/1001",NA,90217,4111,"45-49 years","female",21,14414,"Shopping",83.8268890380859,83.8268890380859,"car",0.116666666666667,3.89,"weekday",3,"40 to 64","3-5km","bicycle",3.89,0.353636363636364,0.816666666666667,2.47545454545455
"90219/1000",NA,90219,4112,"70-74 years","male",21,14415,"Shopping",87.0785217285156,87.0785217285156,"car",0.25,3.49,"weekday",1,"65 plus","3-5km","bicycle",3.49,0.317272727272727,1.75,2.22090909090909
"90219/1000",NA,90219,4112,"70-74 years","male",21,14416,"Shopping",87.0785217285156,87.0785217285156,"car",0.233333333333333,3.57,"weekday",2,"65 plus","3-5km","bicycle",3.57,0.324545454545455,1.63333333333333,2.27181818181818
"90281/1000",NA,90281,4113,"65-69 years","female",21,14417,"Other",158.535507202148,158.535507202148,"car",0.666666666666667,19.85,"weekday",1,"65 plus",">10km","car",19.85,0.666666666666667,4.66666666666667,4.66666666666667
"90281/1000",NA,90281,4113,"65-69 years","female",21,14418,"Leisure",158.535507202148,158.535507202148,"car",0.333333333333333,10.89,"weekday",2,"65 plus",">10km","car",10.89,0.333333333333333,2.33333333333333,2.33333333333333
"90281/1000",NA,90281,4113,"65-69 years","female",21,14419,"Leisure",158.535507202148,158.535507202148,"car",0.283333333333333,11.67,"weekday",3,"65 plus",">10km","car",11.67,0.283333333333333,1.98333333333333,1.98333333333333
"90281/1001",NA,90281,4114,"65-69 years","male",21,14420,"Other",151.590209960938,151.590209960938,"car",0.666666666666667,19.85,"weekday",1,"65 plus",">10km","car",19.85,0.666666666666667,4.66666666666667,4.66666666666667
"90281/1001",NA,90281,4114,"65-69 years","male",21,14421,"Other",151.590209960938,151.590209960938,"car",0.333333333333333,10.89,"weekday",2,"65 plus",">10km","car",10.89,0.333333333333333,2.33333333333333,2.33333333333333
"90281/1001",NA,90281,4114,"65-69 years","male",21,14422,"Other",151.590209960938,151.590209960938,"car",0.316666666666667,11.67,"weekday",3,"65 plus",">10km","car",11.67,0.316666666666667,2.21666666666667,2.21666666666667
"90281/1001",NA,90281,4114,"65-69 years","male",21,14423,"Other",151.590209960938,151.590209960938,"car",0.216666666666667,11.77,"weekday",4,"65 plus",">10km","car",11.77,0.216666666666667,1.51666666666667,1.51666666666667
"90281/1001",NA,90281,4114,"65-69 years","male",21,14424,"Other",151.590209960938,151.590209960938,"car",0.283333333333333,11.67,"weekday",5,"65 plus",">10km","car",11.67,0.283333333333333,1.98333333333333,1.98333333333333
"90281/1001",NA,90281,4114,"65-69 years","male",21,14425,"Other",151.590209960938,151.590209960938,"car",0.766666666666667,19.85,"weekday",6,"65 plus",">10km","car",19.85,0.766666666666667,5.36666666666667,5.36666666666667
"90281/1001",NA,90281,4114,"65-69 years","male",21,14426,"Other",151.590209960938,151.590209960938,"car",0.6,20.16,"weekday",7,"65 plus",">10km","car",20.16,0.6,4.2,4.2
"90282/1000",NA,90282,4115,"35-39 years","female",21,14427,"Other",414.036376953125,414.036376953125,"car",0.2,2.46,"weekday",1,"20 to 39","3-5km","bicycle",2.46,0.223636363636364,1.4,1.56545454545455
"90282/1000",NA,90282,4115,"35-39 years","female",21,14428,"Other",414.036376953125,414.036376953125,"car",0.383333333333333,9.6,"weekday",2,"20 to 39","6-10km","car",9.6,0.383333333333333,2.68333333333333,2.68333333333333
"90282/1000",NA,90282,4115,"35-39 years","female",21,14429,"Shopping",414.036376953125,414.036376953125,"car",0.0666666666666667,1.51,"weekday",3,"20 to 39","1-2km","bicycle",1.51,0.137272727272727,0.466666666666667,0.960909090909091
"90282/1000",NA,90282,4115,"35-39 years","female",21,14431,"Other",414.036376953125,414.036376953125,"car",0.4,14.79,"weekday",5,"20 to 39",">10km","car",14.79,0.4,2.8,2.8
"90282/1000",NA,90282,4115,"35-39 years","female",21,14432,"Other",414.036376953125,414.036376953125,"car",0.5,13.79,"weekday",6,"20 to 39",">10km","car",13.79,0.5,3.5,3.5
"90282/1000",NA,90282,4115,"35-39 years","female",21,14433,"Work",414.036376953125,414.036376953125,"car",0.05,2.57,"weekday",7,"20 to 39","3-5km","bicycle",2.57,0.233636363636364,0.35,1.63545454545455
"90282/1000",NA,90282,4115,"35-39 years","female",21,14434,"Work",414.036376953125,414.036376953125,"car",0.0666666666666667,2.45,"weekday",8,"20 to 39","3-5km","bicycle",2.45,0.222727272727273,0.466666666666667,1.55909090909091
"90282/1001",NA,90282,4116,"15-19 years","female",21,14435,"Work",547.904968261719,547.904968261719,"car",0.05,2.57,"weekday",1,"15 to 19","3-5km","bicycle",2.57,0.233636363636364,0.35,1.63545454545455
"90282/1001",NA,90282,4116,"15-19 years","female",21,14436,"Work",547.904968261719,547.904968261719,"car",0.0666666666666667,2.45,"weekday",2,"15 to 19","3-5km","bicycle",2.45,0.222727272727273,0.466666666666667,1.55909090909091
"90282/1002",NA,90282,4117,"15-19 years","male",21,14437,"Other",431.189636230469,431.189636230469,"car",0.2,2.46,"weekday",1,"15 to 19","3-5km","bicycle",2.46,0.223636363636364,1.4,1.56545454545455
"90282/1002",NA,90282,4117,"15-19 years","male",21,14438,"Education",431.189636230469,431.189636230469,"car",0.383333333333333,9.6,"weekday",2,"15 to 19","6-10km","car",9.6,0.383333333333333,2.68333333333333,2.68333333333333
"90282/1002",NA,90282,4117,"15-19 years","male",21,14439,"Education",431.189636230469,431.189636230469,"walking",0.0833333333333333,0.57,"weekday",3,"15 to 19","<1km","walking",0.57,0.0833333333333333,0.583333333333333,0.583333333333333
"90282/1002",NA,90282,4117,"15-19 years","male",21,14440,"Education",431.189636230469,431.189636230469,"public.transport",0.333333333333333,4.39,"weekday",3,"15 to 19","3-5km","public.transport",4.39,0.333333333333333,2.33333333333333,2.33333333333333
"90282/1002",NA,90282,4117,"15-19 years","male",21,14441,"Education",431.189636230469,431.189636230469,"walking",0.0166666666666667,0.09,"weekday",3,"15 to 19","<1km","walking",0.09,0.0166666666666667,0.116666666666667,0.116666666666667
"90282/1002",NA,90282,4117,"15-19 years","male",21,14442,"Education",431.189636230469,431.189636230469,"public.transport",0.316666666666667,8.78,"weekday",3,"15 to 19","6-10km","public.transport",8.78,0.316666666666667,2.21666666666667,2.21666666666667
"90282/1002",NA,90282,4117,"15-19 years","male",21,14443,"Education",431.189636230469,431.189636230469,"public.transport",0.166666666666667,8.22,"weekday",3,"15 to 19","6-10km","public.transport",8.22,0.166666666666667,1.16666666666667,1.16666666666667
"90282/1002",NA,90282,4117,"15-19 years","male",21,14444,"Education",431.189636230469,431.189636230469,"walking",0.333333333333333,1.93,"weekday",3,"15 to 19","1-2km","walking",1.93,0.333333333333333,2.33333333333333,2.33333333333333
"90282/1004",NA,90282,4118,"65-69 years","female",21,14445,"Other",446.09912109375,446.09912109375,"car",0.416666666666667,13.74,"weekday",1,"65 plus",">10km","car",13.74,0.416666666666667,2.91666666666667,2.91666666666667
"90282/1004",NA,90282,4118,"65-69 years","female",21,14446,"Other",446.09912109375,446.09912109375,"car",0.5,13.79,"weekday",2,"65 plus",">10km","car",13.79,0.5,3.5,3.5
"90282/1004",NA,90282,4118,"65-69 years","female",21,14447,"Other",446.09912109375,446.09912109375,"car",0.283333333333333,2.46,"weekday",3,"65 plus","3-5km","bicycle",2.46,0.223636363636364,1.98333333333333,1.56545454545455
"90282/1004",NA,90282,4118,"65-69 years","female",21,14448,"Other",446.09912109375,446.09912109375,"car",0.283333333333333,2.46,"weekday",4,"65 plus","3-5km","bicycle",2.46,0.223636363636364,1.98333333333333,1.56545454545455
"90282/1004",NA,90282,4118,"65-69 years","female",21,14449,"Other",446.09912109375,446.09912109375,"car",0.05,2.57,"weekday",5,"65 plus","3-5km","bicycle",2.57,0.233636363636364,0.35,1.63545454545455
"90282/1004",NA,90282,4118,"65-69 years","female",21,14450,"Other",446.09912109375,446.09912109375,"car",0.0666666666666667,2.45,"weekday",6,"65 plus","3-5km","bicycle",2.45,0.222727272727273,0.466666666666667,1.55909090909091
"90283/1000",NA,90283,4119,"35-39 years","male",21,14451,"Other",347.083160400391,347.083160400391,"car",0.333333333333333,6.73,"weekday",1,"20 to 39","6-10km","car",6.73,0.333333333333333,2.33333333333333,2.33333333333333
"90283/1000",NA,90283,4119,"35-39 years","male",21,14452,"Other",347.083160400391,347.083160400391,"car",0.25,6.66,"weekday",2,"20 to 39","6-10km","car",6.66,0.25,1.75,1.75
"90283/1000",NA,90283,4119,"35-39 years","male",21,14453,"Other",347.083160400391,347.083160400391,"car",0.25,6.73,"weekday",3,"20 to 39","6-10km","car",6.73,0.25,1.75,1.75
"90283/1000",NA,90283,4119,"35-39 years","male",21,14454,"Other",347.083160400391,347.083160400391,"car",0.3,6.66,"weekday",4,"20 to 39","6-10km","car",6.66,0.3,2.1,2.1
"90283/1001",NA,90283,4120,"30-34 years","female",21,14455,"Work",540.867980957031,540.867980957031,"car",0.2,4.14,"weekday",1,"20 to 39","3-5km","bicycle",4.14,0.376363636363636,1.4,2.63454545454545
"90283/1001",NA,90283,4120,"30-34 years","female",21,14456,"Work",540.867980957031,540.867980957031,"car",0.1,4.09,"weekday",2,"20 to 39","3-5km","bicycle",4.09,0.371818181818182,0.7,2.60272727272727
"90284/1000",NA,90284,4121,"30-34 years","female",21,14457,"Other",248.344512939453,248.344512939453,"car",0.416666666666667,20.1,"weekday",1,"20 to 39",">10km","car",20.1,0.416666666666667,2.91666666666667,2.91666666666667
"90284/1000",NA,90284,4121,"30-34 years","female",21,14458,"Other",248.344512939453,248.344512939453,"car",0.416666666666667,20.15,"weekday",2,"20 to 39",">10km","car",20.15,0.416666666666667,2.91666666666667,2.91666666666667
"90285/1000",NA,90285,4122,"60-64 years","male",21,14459,"Work",143.074340820312,143.074340820312,"car",0.75,29.09,"weekday",1,"40 to 64",">10km","car",29.09,0.75,5.25,5.25
"90285/1000",NA,90285,4122,"60-64 years","male",21,14460,"Work",143.074340820312,143.074340820312,"car",1.13333333333333,28.53,"weekday",2,"40 to 64",">10km","car",28.53,1.13333333333333,7.93333333333333,7.93333333333333
"90285/1001",NA,90285,4123,"55-59 years","female",21,14461,"Work",179.280990600586,179.280990600586,"car",0.0833333333333333,4.08,"weekday",1,"40 to 64","3-5km","bicycle",4.08,0.370909090909091,0.583333333333333,2.59636363636364
"90285/1001",NA,90285,4123,"55-59 years","female",21,14462,"Shopping",179.280990600586,179.280990600586,"car",0.0166666666666667,0.04,"weekday",2,"40 to 64","<1km","bicycle",0.04,0.00363636363636364,0.116666666666667,0.0254545454545455
"90285/1001",NA,90285,4123,"55-59 years","female",21,14463,"Shopping",179.280990600586,179.280990600586,"car",0.0833333333333333,4.02,"weekday",3,"40 to 64","3-5km","bicycle",4.02,0.365454545454545,0.583333333333333,2.55818181818182
"90286/1000",NA,90286,4124,"70-74 years","male",21,14464,"Leisure",194.17448425293,194.17448425293,"car",0.05,2.56,"weekday",1,"65 plus","3-5km","bicycle",2.56,0.232727272727273,0.35,1.62909090909091
"90286/1000",NA,90286,4124,"70-74 years","male",21,14465,"Leisure",194.17448425293,194.17448425293,"car",0.05,2.44,"weekday",2,"65 plus","3-5km","bicycle",2.44,0.221818181818182,0.35,1.55272727272727
"90286/1000",NA,90286,4124,"70-74 years","male",21,14466,"Shopping",194.17448425293,194.17448425293,"car",0.166666666666667,4.03,"weekday",3,"65 plus","3-5km","bicycle",4.03,0.366363636363636,1.16666666666667,2.56454545454545
"90286/1000",NA,90286,4124,"70-74 years","male",21,14467,"Shopping",194.17448425293,194.17448425293,"car",0.166666666666667,3.97,"weekday",4,"65 plus","3-5km","bicycle",3.97,0.360909090909091,1.16666666666667,2.52636363636364
"90287/1000",NA,90287,4125,"55-59 years","female",21,14468,"Work",285.437072753906,285.437072753906,"car",0.283333333333333,9.75,"weekday",1,"40 to 64","6-10km","car",9.75,0.283333333333333,1.98333333333333,1.98333333333333
"90287/1000",NA,90287,4125,"55-59 years","female",21,14469,"Leisure",285.437072753906,285.437072753906,"car",0.333333333333333,8.56,"weekday",2,"40 to 64","6-10km","car",8.56,0.333333333333333,2.33333333333333,2.33333333333333
"90287/1000",NA,90287,4125,"55-59 years","female",21,14470,"Leisure",285.437072753906,285.437072753906,"car",0.166666666666667,2.22,"weekday",3,"40 to 64","3-5km","bicycle",2.22,0.201818181818182,1.16666666666667,1.41272727272727
"90287/1001",NA,90287,4126,"60-64 years","male",21,14471,"Work",227.791702270508,227.791702270508,"car",0.666666666666667,19.96,"weekday",1,"40 to 64",">10km","car",19.96,0.666666666666667,4.66666666666667,4.66666666666667
"90287/1001",NA,90287,4126,"60-64 years","male",21,14472,"Work",227.791702270508,227.791702270508,"car",0.666666666666667,20.03,"weekday",2,"40 to 64",">10km","car",20.03,0.666666666666667,4.66666666666667,4.66666666666667
"90290/1000",NA,90290,4127,"60-64 years","male",21,14473,"Work",182.576873779297,182.576873779297,"car",0.0833333333333333,2.45,"weekday",1,"40 to 64","3-5km","bicycle",2.45,0.222727272727273,0.583333333333333,1.55909090909091
"90290/1000",NA,90290,4127,"60-64 years","male",21,14474,"Work",182.576873779297,182.576873779297,"car",0.166666666666667,2.33,"weekday",2,"40 to 64","3-5km","bicycle",2.33,0.211818181818182,1.16666666666667,1.48272727272727
"90291/1000",NA,90291,4128,"25-29 years","male",21,14475,"Other",964.048278808594,964.048278808594,"car",0.166666666666667,2.1,"weekday",1,"20 to 39","3-5km","bicycle",2.1,0.190909090909091,1.16666666666667,1.33636363636364
"90291/1000",NA,90291,4128,"25-29 years","male",21,14476,"Other",964.048278808594,964.048278808594,"car",0.0833333333333333,2.1,"weekday",2,"20 to 39","3-5km","bicycle",2.1,0.190909090909091,0.583333333333333,1.33636363636364
"90291/1000",NA,90291,4128,"25-29 years","male",21,14477,"Other",964.048278808594,964.048278808594,"car",0.166666666666667,2.1,"weekday",3,"20 to 39","3-5km","bicycle",2.1,0.190909090909091,1.16666666666667,1.33636363636364
"90291/1000",NA,90291,4128,"25-29 years","male",21,14478,"Other",964.048278808594,964.048278808594,"car",0.166666666666667,2.1,"weekday",4,"20 to 39","3-5km","bicycle",2.1,0.190909090909091,1.16666666666667,1.33636363636364
"90291/1001",NA,90291,4129,"25-29 years","female",21,14479,"Work",781.433410644531,781.433410644531,"car",0.183333333333333,2.72,"weekday",1,"20 to 39","3-5km","bicycle",2.72,0.247272727272727,1.28333333333333,1.73090909090909
"90291/1001",NA,90291,4129,"25-29 years","female",21,14480,"Work",781.433410644531,781.433410644531,"car",0.116666666666667,2.64,"weekday",2,"20 to 39","3-5km","bicycle",2.64,0.24,0.816666666666667,1.68
"90293/1000",NA,90293,4130,"20-24 years","male",21,14481,"Other",589.546936035156,589.546936035156,"car",0.333333333333333,11.94,"weekday",1,"20 to 39",">10km","car",11.94,0.333333333333333,2.33333333333333,2.33333333333333
"90293/1000",NA,90293,4130,"20-24 years","male",21,14482,"Other",589.546936035156,589.546936035156,"car",0.166666666666667,1.08,"weekday",2,"20 to 39","1-2km","bicycle",1.08,0.0981818181818182,1.16666666666667,0.687272727272727
"90293/1000",NA,90293,4130,"20-24 years","male",21,14483,"Other",589.546936035156,589.546936035156,"car",0.333333333333333,12.43,"weekday",3,"20 to 39",">10km","car",12.43,0.333333333333333,2.33333333333333,2.33333333333333
"90293/1000",NA,90293,4130,"20-24 years","male",21,14484,"Leisure",589.546936035156,589.546936035156,"car",0.166666666666667,11.94,"weekday",4,"20 to 39",">10km","car",11.94,0.166666666666667,1.16666666666667,1.16666666666667
"90293/1000",NA,90293,4130,"20-24 years","male",21,14485,"Leisure",589.546936035156,589.546936035156,"car",0.166666666666667,12.01,"weekday",5,"20 to 39",">10km","car",12.01,0.166666666666667,1.16666666666667,1.16666666666667
"90293/1001",NA,90293,4131,"55-59 years","female",21,14486,"Shopping",285.437072753906,285.437072753906,"car",0.333333333333333,12.42,"weekday",1,"40 to 64",">10km","car",12.42,0.333333333333333,2.33333333333333,2.33333333333333
"90293/1001",NA,90293,4131,"55-59 years","female",21,14487,"Shopping",285.437072753906,285.437072753906,"car",0.333333333333333,12.43,"weekday",2,"40 to 64",">10km","car",12.43,0.333333333333333,2.33333333333333,2.33333333333333
"90293/1002",NA,90293,4132,"50-54 years","male",21,14488,"Work",294.340179443359,294.340179443359,"car",0.416666666666667,15.27,"weekday",1,"40 to 64",">10km","car",15.27,0.416666666666667,2.91666666666667,2.91666666666667
"90293/1002",NA,90293,4132,"50-54 years","male",21,14489,"Work",294.340179443359,294.340179443359,"car",0.416666666666667,15.29,"weekday",2,"40 to 64",">10km","car",15.29,0.416666666666667,2.91666666666667,2.91666666666667
"90294/1000",NA,90294,4133,"60-64 years","male",21,14490,"Work",143.074340820312,143.074340820312,"car",0.583333333333333,27.29,"weekday",1,"40 to 64",">10km","car",27.29,0.583333333333333,4.08333333333333,4.08333333333333
"90294/1000",NA,90294,4133,"60-64 years","male",21,14491,"Work",143.074340820312,143.074340820312,"car",0.75,26.58,"weekday",2,"40 to 64",">10km","car",26.58,0.75,5.25,5.25
"90294/1001",NA,90294,4134,"55-59 years","female",21,14492,"Work",179.280990600586,179.280990600586,"car",0.333333333333333,12.36,"weekday",1,"40 to 64",">10km","car",12.36,0.333333333333333,2.33333333333333,2.33333333333333
"90294/1001",NA,90294,4134,"55-59 years","female",21,14493,"Shopping",179.280990600586,179.280990600586,"car",0.25,10.09,"weekday",2,"40 to 64",">10km","car",10.09,0.25,1.75,1.75
"90294/1001",NA,90294,4134,"55-59 years","female",21,14494,"Shopping",179.280990600586,179.280990600586,"car",0.0833333333333333,2.49,"weekday",3,"40 to 64","3-5km","bicycle",2.49,0.226363636363636,0.583333333333333,1.58454545454545
"90297/1004",NA,90297,4135,"50-54 years","female",21,14495,"Shopping",193.905059814453,193.905059814453,"car",0.25,8.27,"weekday",1,"40 to 64","6-10km","car",8.27,0.25,1.75,1.75
"90297/1004",NA,90297,4135,"50-54 years","female",21,14496,"Shopping",193.905059814453,193.905059814453,"car",0.333333333333333,8.01,"weekday",2,"40 to 64","6-10km","car",8.01,0.333333333333333,2.33333333333333,2.33333333333333
"90297/1004",NA,90297,4135,"50-54 years","female",21,14497,"Leisure",193.905059814453,193.905059814453,"car",0.5,28.12,"weekday",3,"40 to 64",">10km","car",28.12,0.5,3.5,3.5
"90297/1004",NA,90297,4135,"50-54 years","female",21,14498,"Leisure",193.905059814453,193.905059814453,"car",0.666666666666667,27.85,"weekday",4,"40 to 64",">10km","car",27.85,0.666666666666667,4.66666666666667,4.66666666666667
"90298/1000",NA,90298,4136,"35-39 years","male",21,14499,"Work",347.083160400391,347.083160400391,"car",0.333333333333333,15.36,"weekday",1,"20 to 39",">10km","car",15.36,0.333333333333333,2.33333333333333,2.33333333333333
"90298/1000",NA,90298,4136,"35-39 years","male",21,14500,"Other",347.083160400391,347.083160400391,"car",0.416666666666667,13.48,"weekday",2,"20 to 39",">10km","car",13.48,0.416666666666667,2.91666666666667,2.91666666666667
"90298/1000",NA,90298,4136,"35-39 years","male",21,14501,"Other",347.083160400391,347.083160400391,"car",0.0833333333333333,2.3,"weekday",3,"20 to 39","3-5km","bicycle",2.3,0.209090909090909,0.583333333333333,1.46363636363636
"90298/1001",NA,90298,4137,"35-39 years","female",21,14502,"Other",320.457489013672,320.457489013672,"car",0.0833333333333333,2.18,"weekday",1,"20 to 39","3-5km","bicycle",2.18,0.198181818181818,0.583333333333333,1.38727272727273
"90298/1001",NA,90298,4137,"35-39 years","female",21,14503,"Work",320.457489013672,320.457489013672,"car",0.0833333333333333,3.87,"weekday",2,"20 to 39","3-5km","bicycle",3.87,0.351818181818182,0.583333333333333,2.46272727272727
"90298/1001",NA,90298,4137,"35-39 years","female",21,14504,"Work",320.457489013672,320.457489013672,"car",0.166666666666667,2.02,"weekday",3,"20 to 39","3-5km","bicycle",2.02,0.183636363636364,1.16666666666667,1.28545454545455
"90299/1000",NA,90299,4138,"65-69 years","female",21,14506,"Shopping",158.535507202148,158.535507202148,"car",0.166666666666667,10.49,"weekday",2,"65 plus",">10km","car",10.49,0.166666666666667,1.16666666666667,1.16666666666667
"90299/1000",NA,90299,4138,"65-69 years","female",21,14507,"Shopping",158.535507202148,158.535507202148,"car",0.25,10.31,"weekday",3,"65 plus",">10km","car",10.31,0.25,1.75,1.75
"90299/1001",NA,90299,4139,"65-69 years","male",21,14509,"Shopping",151.590209960938,151.590209960938,"car",0.166666666666667,10.49,"weekday",2,"65 plus",">10km","car",10.49,0.166666666666667,1.16666666666667,1.16666666666667
"90299/1001",NA,90299,4139,"65-69 years","male",21,14510,"Shopping",151.590209960938,151.590209960938,"car",0.25,10.31,"weekday",3,"65 plus",">10km","car",10.31,0.25,1.75,1.75
"90307/1000",NA,90307,4140,"35-39 years","male",21,14511,"Work",253.730651855469,253.730651855469,"car",0.25,12.29,"weekday",1,"20 to 39",">10km","car",12.29,0.25,1.75,1.75
"90307/1000",NA,90307,4140,"35-39 years","male",21,14512,"Other",253.730651855469,253.730651855469,"car",0.316666666666667,12.19,"weekday",2,"20 to 39",">10km","car",12.19,0.316666666666667,2.21666666666667,2.21666666666667
"90307/1000",NA,90307,4140,"35-39 years","male",21,14513,"Other",253.730651855469,253.730651855469,"car",0.0833333333333333,1.87,"weekday",3,"20 to 39","1-2km","bicycle",1.87,0.17,0.583333333333333,1.19
"90307/1001",NA,90307,4141,"35-39 years","female",21,14514,"Other",234.266296386719,234.266296386719,"car",0.0833333333333333,1.87,"weekday",1,"20 to 39","1-2km","bicycle",1.87,0.17,0.583333333333333,1.19
"90307/1001",NA,90307,4141,"35-39 years","female",21,14515,"Work",234.266296386719,234.266296386719,"car",0.0833333333333333,3.87,"weekday",2,"20 to 39","3-5km","bicycle",3.87,0.351818181818182,0.583333333333333,2.46272727272727
"90307/1001",NA,90307,4141,"35-39 years","female",21,14516,"Work",234.266296386719,234.266296386719,"car",0.0833333333333333,2.42,"weekday",3,"20 to 39","3-5km","bicycle",2.42,0.22,0.583333333333333,1.54
"90308/1000",NA,90308,4142,"15-19 years","male",21,14517,"Work",195.545349121094,195.545349121094,"walking",0.216666666666667,1.41,"weekday",1,"15 to 19","1-2km","walking",1.41,0.216666666666667,1.51666666666667,1.51666666666667
"90308/1000",NA,90308,4142,"15-19 years","male",21,14518,"Work",195.545349121094,195.545349121094,"public.transport",0.15,8.22,"weekday",1,"15 to 19","6-10km","public.transport",8.22,0.15,1.05,1.05
"90308/1000",NA,90308,4142,"15-19 years","male",21,14519,"Work",195.545349121094,195.545349121094,"public.transport",0.366666666666667,16.31,"weekday",1,"15 to 19",">10km","public.transport",16.31,0.366666666666667,2.56666666666667,2.56666666666667
"90308/1000",NA,90308,4142,"15-19 years","male",21,14520,"Work",195.545349121094,195.545349121094,"walking",0.05,0.32,"weekday",1,"15 to 19","<1km","walking",0.32,0.05,0.35,0.35
"90308/1000",NA,90308,4142,"15-19 years","male",21,14521,"Work",195.545349121094,195.545349121094,"walking",0.05,0.32,"weekday",2,"15 to 19","<1km","walking",0.32,0.05,0.35,0.35
"90308/1000",NA,90308,4142,"15-19 years","male",21,14522,"Work",195.545349121094,195.545349121094,"public.transport",0.0666666666666667,1.36,"weekday",2,"15 to 19","1-2km","public.transport",1.36,0.0666666666666667,0.466666666666667,0.466666666666667
"90308/1000",NA,90308,4142,"15-19 years","male",21,14523,"Work",195.545349121094,195.545349121094,"public.transport",0.45,25.9,"weekday",2,"15 to 19",">10km","public.transport",25.9,0.45,3.15,3.15
"90308/1000",NA,90308,4142,"15-19 years","male",21,14524,"Work",195.545349121094,195.545349121094,"walking",0.2,1.41,"weekday",2,"15 to 19","1-2km","walking",1.41,0.2,1.4,1.4
"90309/1000",NA,90309,4143,"30-34 years","male",21,14525,"Work",286.1357421875,286.1357421875,"car",1,42.42,"weekday",1,"20 to 39",">10km","car",42.42,1,7,7
"90309/1000",NA,90309,4143,"30-34 years","male",21,14526,"Work",286.1357421875,286.1357421875,"car",1.75,42.18,"weekday",2,"20 to 39",">10km","car",42.18,1.75,12.25,12.25
"90311/1000",NA,90311,4144,"50-54 years","female",21,14527,"Work",484.974609375,484.974609375,"car",0.416666666666667,6.89,"weekday",1,"40 to 64","6-10km","car",6.89,0.416666666666667,2.91666666666667,2.91666666666667
"90311/1000",NA,90311,4144,"50-54 years","female",21,14528,"Work",484.974609375,484.974609375,"car",0.416666666666667,6.53,"weekday",2,"40 to 64","6-10km","car",6.53,0.416666666666667,2.91666666666667,2.91666666666667
"90311/1000",NA,90311,4144,"50-54 years","female",21,14529,"Leisure",484.974609375,484.974609375,"car",0.166666666666667,4.56,"weekday",3,"40 to 64","3-5km","bicycle",4.56,0.414545454545454,1.16666666666667,2.90181818181818
"90311/1000",NA,90311,4144,"50-54 years","female",21,14530,"Leisure",484.974609375,484.974609375,"walking",0.166666666666667,0.27,"weekday",4,"40 to 64","<1km","walking",0.27,0.166666666666667,1.16666666666667,1.16666666666667
"90311/1000",NA,90311,4144,"50-54 years","female",21,14531,"Leisure",484.974609375,484.974609375,"walking",0.166666666666667,0.27,"weekday",5,"40 to 64","<1km","walking",0.27,0.166666666666667,1.16666666666667,1.16666666666667
"90311/1000",NA,90311,4144,"50-54 years","female",21,14532,"Leisure",484.974609375,484.974609375,"car",0.166666666666667,4.47,"weekday",6,"40 to 64","3-5km","bicycle",4.47,0.406363636363636,1.16666666666667,2.84454545454545
"90311/1001",NA,90311,4145,"55-59 years","male",21,14533,"Work",532.142456054688,532.142456054688,"car",0.5,6.89,"weekday",1,"40 to 64","6-10km","car",6.89,0.5,3.5,3.5
"90311/1001",NA,90311,4145,"55-59 years","male",21,14534,"Work",532.142456054688,532.142456054688,"car",0.25,1.47,"weekday",2,"40 to 64","1-2km","bicycle",1.47,0.133636363636364,1.75,0.935454545454545
"90311/1001",NA,90311,4145,"55-59 years","male",21,14535,"Work",532.142456054688,532.142456054688,"car",0.333333333333333,6.53,"weekday",3,"40 to 64","6-10km","car",6.53,0.333333333333333,2.33333333333333,2.33333333333333
"90311/1002",NA,90311,4146,"20-24 years","male",21,14536,"Work",967.1748046875,967.1748046875,"car",0.5,7.96,"weekday",1,"20 to 39","6-10km","car",7.96,0.5,3.5,3.5
"90311/1002",NA,90311,4146,"20-24 years","male",21,14537,"Work",967.1748046875,967.1748046875,"car",0.5,7.62,"weekday",2,"20 to 39","6-10km","car",7.62,0.5,3.5,3.5
"90311/1003",NA,90311,4147,"20-24 years","female",21,14538,"Education",856.685302734375,856.685302734375,"car",0.166666666666667,4.27,"weekday",1,"20 to 39","3-5km","bicycle",4.27,0.388181818181818,1.16666666666667,2.71727272727273
"90311/1003",NA,90311,4147,"20-24 years","female",21,14539,"Leisure",856.685302734375,856.685302734375,"car",0.166666666666667,4.42,"weekday",2,"20 to 39","3-5km","bicycle",4.42,0.401818181818182,1.16666666666667,2.81272727272727
"90311/1003",NA,90311,4147,"20-24 years","female",21,14540,"Work",856.685302734375,856.685302734375,"car",0.5,18.91,"weekday",3,"20 to 39",">10km","car",18.91,0.5,3.5,3.5
"90311/1003",NA,90311,4147,"20-24 years","female",21,14541,"Shopping",856.685302734375,856.685302734375,"car",0.166666666666667,1.96,"weekday",4,"20 to 39","1-2km","bicycle",1.96,0.178181818181818,1.16666666666667,1.24727272727273
"90311/1003",NA,90311,4147,"20-24 years","female",21,14542,"Leisure",856.685302734375,856.685302734375,"car",0.5,17.5,"weekday",5,"20 to 39",">10km","car",17.5,0.5,3.5,3.5
"90318/1000",NA,90318,4148,"25-29 years","female",21,14543,"Work",1022.24871826172,1022.24871826172,"car",0.416666666666667,16.44,"weekday",1,"20 to 39",">10km","car",16.44,0.416666666666667,2.91666666666667,2.91666666666667
"90318/1000",NA,90318,4148,"25-29 years","female",21,14544,"Work",1022.24871826172,1022.24871826172,"car",0.666666666666667,16.61,"weekday",2,"20 to 39",">10km","car",16.61,0.666666666666667,4.66666666666667,4.66666666666667
"90318/1001",NA,90318,4149,"25-29 years","male",21,14545,"Leisure",980.261657714844,980.261657714844,"car",0.25,8.81,"weekday",1,"20 to 39","6-10km","car",8.81,0.25,1.75,1.75
"90318/1001",NA,90318,4149,"25-29 years","male",21,14546,"Work",980.261657714844,980.261657714844,"car",0.166666666666667,5.45,"weekday",2,"20 to 39","6-10km","car",5.45,0.166666666666667,1.16666666666667,1.16666666666667
"90318/1001",NA,90318,4149,"25-29 years","male",21,14547,"Work",980.261657714844,980.261657714844,"car",0.5,7.05,"weekday",3,"20 to 39","6-10km","car",7.05,0.5,3.5,3.5
"90322/1000",NA,90322,4150,"45-49 years","male",21,14548,"Leisure",455.289733886719,455.289733886719,"bicycle",0.75,5.79,"weekday",1,"40 to 64","6-10km","bicycle",5.79,0.75,5.25,5.25
"90322/1000",NA,90322,4150,"45-49 years","male",21,14549,"Leisure",455.289733886719,455.289733886719,"bicycle",0.75,5.79,"weekday",2,"40 to 64","6-10km","bicycle",5.79,0.75,5.25,5.25
"90326/1000",NA,90326,4151,"50-54 years","female",21,14550,"Shopping",484.974609375,484.974609375,"car",0.05,0.75,"weekday",1,"40 to 64","<1km","bicycle",0.75,0.0681818181818182,0.35,0.477272727272727
"90326/1000",NA,90326,4151,"50-54 years","female",21,14551,"Shopping",484.974609375,484.974609375,"car",0.05,0.75,"weekday",2,"40 to 64","<1km","bicycle",0.75,0.0681818181818182,0.35,0.477272727272727
"90326/1000",NA,90326,4151,"50-54 years","female",21,14552,"Work",484.974609375,484.974609375,"car",0.166666666666667,6.73,"weekday",3,"40 to 64","6-10km","car",6.73,0.166666666666667,1.16666666666667,1.16666666666667
"90326/1000",NA,90326,4151,"50-54 years","female",21,14553,"Work",484.974609375,484.974609375,"car",0.25,6.6,"weekday",4,"40 to 64","6-10km","car",6.6,0.25,1.75,1.75
"90326/1001",NA,90326,4152,"50-54 years","male",21,14554,"Shopping",488.224273681641,488.224273681641,"car",0.25,6.83,"weekday",1,"40 to 64","6-10km","car",6.83,0.25,1.75,1.75
"90326/1001",NA,90326,4152,"50-54 years","male",21,14555,"Other",488.224273681641,488.224273681641,"car",0.0166666666666667,0.02,"weekday",2,"40 to 64","<1km","bicycle",0.02,0.00181818181818182,0.116666666666667,0.0127272727272727
"90326/1001",NA,90326,4152,"50-54 years","male",21,14556,"Shopping",488.224273681641,488.224273681641,"car",0.1,3.19,"weekday",3,"40 to 64","3-5km","bicycle",3.19,0.29,0.7,2.03
"90326/1001",NA,90326,4152,"50-54 years","male",21,14557,"Shopping",488.224273681641,488.224273681641,"car",0.133333333333333,1.42,"weekday",4,"40 to 64","1-2km","bicycle",1.42,0.129090909090909,0.933333333333333,0.903636363636364
"90326/1001",NA,90326,4152,"50-54 years","male",21,14558,"Shopping",488.224273681641,488.224273681641,"car",0.166666666666667,3.48,"weekday",5,"40 to 64","3-5km","bicycle",3.48,0.316363636363636,1.16666666666667,2.21454545454545
"90326/1002",NA,90326,4153,"20-24 years","female",21,14559,"Work",856.685302734375,856.685302734375,"car",0.25,4.4,"weekday",1,"20 to 39","3-5km","bicycle",4.4,0.4,1.75,2.8
"90326/1002",NA,90326,4153,"20-24 years","female",21,14560,"Work",856.685302734375,856.685302734375,"public.transport",0.283333333333333,6.54,"weekday",1,"20 to 39","6-10km","public.transport",6.54,0.283333333333333,1.98333333333333,1.98333333333333
"90326/1002",NA,90326,4153,"20-24 years","female",21,14561,"Work",856.685302734375,856.685302734375,"walking",0.133333333333333,0.75,"weekday",1,"20 to 39","<1km","walking",0.75,0.133333333333333,0.933333333333333,0.933333333333333
"90326/1002",NA,90326,4153,"20-24 years","female",21,14562,"Work",856.685302734375,856.685302734375,"walking",0.166666666666667,0.75,"weekday",2,"20 to 39","<1km","walking",0.75,0.166666666666667,1.16666666666667,1.16666666666667
"90326/1002",NA,90326,4153,"20-24 years","female",21,14563,"Work",856.685302734375,856.685302734375,"public.transport",0.25,6.54,"weekday",2,"20 to 39","6-10km","public.transport",6.54,0.25,1.75,1.75
"90326/1002",NA,90326,4153,"20-24 years","female",21,14564,"Work",856.685302734375,856.685302734375,"car",0.416666666666667,10.29,"weekday",2,"20 to 39",">10km","car",10.29,0.416666666666667,2.91666666666667,2.91666666666667
"90326/1002",NA,90326,4153,"20-24 years","female",21,14565,"Other",856.685302734375,856.685302734375,"car",0.25,7.23,"weekday",3,"20 to 39","6-10km","car",7.23,0.25,1.75,1.75
"90326/1002",NA,90326,4153,"20-24 years","female",21,14566,"Other",856.685302734375,856.685302734375,"car",0.333333333333333,10.14,"weekday",4,"20 to 39",">10km","car",10.14,0.333333333333333,2.33333333333333,2.33333333333333
"90326/1003",NA,90326,4154,"15-19 years","female",21,14567,"Shopping",456.759735107422,456.759735107422,"car",0.25,6.83,"weekday",1,"15 to 19","6-10km","car",6.83,0.25,1.75,1.75
"90326/1003",NA,90326,4154,"15-19 years","female",21,14568,"Shopping",456.759735107422,456.759735107422,"car",0.0166666666666667,0.02,"weekday",2,"15 to 19","<1km","bicycle",0.02,0.00181818181818182,0.116666666666667,0.0127272727272727
"90326/1003",NA,90326,4154,"15-19 years","female",21,14569,"Shopping",456.759735107422,456.759735107422,"car",0.1,3.19,"weekday",3,"15 to 19","3-5km","bicycle",3.19,0.29,0.7,2.03
"90326/1003",NA,90326,4154,"15-19 years","female",21,14570,"Other",456.759735107422,456.759735107422,"car",0.133333333333333,1.42,"weekday",4,"15 to 19","1-2km","bicycle",1.42,0.129090909090909,0.933333333333333,0.903636363636364
"90326/1003",NA,90326,4154,"15-19 years","female",21,14571,"Other",456.759735107422,456.759735107422,"car",0.166666666666667,3.48,"weekday",5,"15 to 19","3-5km","bicycle",3.48,0.316363636363636,1.16666666666667,2.21454545454545
"90328/1000",NA,90328,4155,"65-69 years","male",21,14572,"Other",351.451293945312,351.451293945312,"car",0.0833333333333333,1.54,"weekday",1,"65 plus","1-2km","bicycle",1.54,0.14,0.583333333333333,0.98
"90328/1000",NA,90328,4155,"65-69 years","male",21,14573,"Other",351.451293945312,351.451293945312,"car",0.0833333333333333,1.92,"weekday",2,"65 plus","1-2km","bicycle",1.92,0.174545454545455,0.583333333333333,1.22181818181818
"90328/1000",NA,90328,4155,"65-69 years","male",21,14574,"Shopping",351.451293945312,351.451293945312,"car",0.133333333333333,1.63,"weekday",3,"65 plus","1-2km","bicycle",1.63,0.148181818181818,0.933333333333333,1.03727272727273
"90328/1000",NA,90328,4155,"65-69 years","male",21,14575,"Shopping",351.451293945312,351.451293945312,"car",0.116666666666667,1.6,"weekday",4,"65 plus","1-2km","bicycle",1.6,0.145454545454545,0.816666666666667,1.01818181818182
"90328/1001",NA,90328,4156,"65-69 years","female",21,14576,"Leisure",304.822784423828,304.822784423828,"car",0.116666666666667,0.78,"weekday",1,"65 plus","<1km","bicycle",0.78,0.0709090909090909,0.816666666666667,0.496363636363636
"90328/1001",NA,90328,4156,"65-69 years","female",21,14577,"Leisure",304.822784423828,304.822784423828,"car",0.133333333333333,0.8,"weekday",2,"65 plus","<1km","bicycle",0.8,0.0727272727272727,0.933333333333333,0.509090909090909
"90328/1001",NA,90328,4156,"65-69 years","female",21,14578,"Leisure",304.822784423828,304.822784423828,"car",0.25,7.85,"weekday",3,"65 plus","6-10km","car",7.85,0.25,1.75,1.75
"90328/1001",NA,90328,4156,"65-69 years","female",21,14579,"Leisure",304.822784423828,304.822784423828,"car",0.5,8.01,"weekday",4,"65 plus","6-10km","car",8.01,0.5,3.5,3.5
"90328/1001",NA,90328,4156,"65-69 years","female",21,14580,"Leisure",304.822784423828,304.822784423828,"car",0.333333333333333,8.01,"weekday",5,"65 plus","6-10km","car",8.01,0.333333333333333,2.33333333333333,2.33333333333333
"90328/1001",NA,90328,4156,"65-69 years","female",21,14581,"Leisure",304.822784423828,304.822784423828,"car",0.333333333333333,7.84,"weekday",6,"65 plus","6-10km","car",7.84,0.333333333333333,2.33333333333333,2.33333333333333
"90328/1001",NA,90328,4156,"65-69 years","female",21,14582,"Shopping",304.822784423828,304.822784423828,"walking",0.25,0.78,"weekday",7,"65 plus","<1km","walking",0.78,0.25,1.75,1.75
"90328/1001",NA,90328,4156,"65-69 years","female",21,14583,"Shopping",304.822784423828,304.822784423828,"walking",0.25,0.78,"weekday",8,"65 plus","<1km","walking",0.78,0.25,1.75,1.75
"90329/1000",NA,90329,4157,"40-44 years","male",21,14584,"Work",554.12841796875,554.12841796875,"walking",0.0833333333333333,0.41,"weekday",1,"40 to 64","<1km","walking",0.41,0.0833333333333333,0.583333333333333,0.583333333333333
"90329/1000",NA,90329,4157,"40-44 years","male",21,14585,"Work",554.12841796875,554.12841796875,"walking",0.0333333333333333,0.41,"weekday",2,"40 to 64","<1km","walking",0.41,0.0333333333333333,0.233333333333333,0.233333333333333
"90329/1000",NA,90329,4157,"40-44 years","male",21,14586,"Work",554.12841796875,554.12841796875,"walking",0.05,0.41,"weekday",3,"40 to 64","<1km","walking",0.41,0.05,0.35,0.35
"90329/1000",NA,90329,4157,"40-44 years","male",21,14587,"Work",554.12841796875,554.12841796875,"walking",0.166666666666667,0.41,"weekday",4,"40 to 64","<1km","walking",0.41,0.166666666666667,1.16666666666667,1.16666666666667
"90329/1001",NA,90329,4158,"50-54 years","female",21,14588,"Other",484.974609375,484.974609375,"car",0.166666666666667,2.42,"weekday",1,"40 to 64","3-5km","bicycle",2.42,0.22,1.16666666666667,1.54
"90329/1001",NA,90329,4158,"50-54 years","female",21,14589,"Other",484.974609375,484.974609375,"car",0.166666666666667,2.17,"weekday",2,"40 to 64","3-5km","bicycle",2.17,0.197272727272727,1.16666666666667,1.38090909090909
"90329/1001",NA,90329,4158,"50-54 years","female",21,14592,"Shopping",484.974609375,484.974609375,"car",0.0833333333333333,1.8,"weekday",5,"40 to 64","1-2km","bicycle",1.8,0.163636363636364,0.583333333333333,1.14545454545455
"90329/1001",NA,90329,4158,"50-54 years","female",21,14593,"Shopping",484.974609375,484.974609375,"car",0.0833333333333333,1.78,"weekday",6,"40 to 64","1-2km","bicycle",1.78,0.161818181818182,0.583333333333333,1.13272727272727
"90331/1000",NA,90331,4159,"70-74 years","male",21,14594,"Leisure",368.036743164062,368.036743164062,"car",0.25,6.24,"weekday",1,"65 plus","6-10km","car",6.24,0.25,1.75,1.75
"90331/1000",NA,90331,4159,"70-74 years","male",21,14595,"Leisure",368.036743164062,368.036743164062,"car",0.75,35.27,"weekday",2,"65 plus",">10km","car",35.27,0.75,5.25,5.25
"90331/1000",NA,90331,4159,"70-74 years","male",21,14596,"Leisure",368.036743164062,368.036743164062,"car",0.75,29.33,"weekday",3,"65 plus",">10km","car",29.33,0.75,5.25,5.25
"90331/1001",NA,90331,4160,"70-74 years","female",21,14597,"Leisure",410.921569824219,410.921569824219,"car",0.25,6.24,"weekday",1,"65 plus","6-10km","car",6.24,0.25,1.75,1.75
"90331/1001",NA,90331,4160,"70-74 years","female",21,14598,"Leisure",410.921569824219,410.921569824219,"car",0.75,35.27,"weekday",2,"65 plus",">10km","car",35.27,0.75,5.25,5.25
"90331/1001",NA,90331,4160,"70-74 years","female",21,14599,"Leisure",410.921569824219,410.921569824219,"car",0.75,29.33,"weekday",3,"65 plus",">10km","car",29.33,0.75,5.25,5.25
"90332/1000",NA,90332,4161,"55-59 years","male",21,14600,"Other",768.28955078125,768.28955078125,"car",0.133333333333333,2.93,"weekday",1,"40 to 64","3-5km","bicycle",2.93,0.266363636363636,0.933333333333333,1.86454545454545
"90332/1000",NA,90332,4161,"55-59 years","male",21,14601,"Shopping",768.28955078125,768.28955078125,"car",0.166666666666667,2.93,"weekday",2,"40 to 64","3-5km","bicycle",2.93,0.266363636363636,1.16666666666667,1.86454545454545
"90332/1000",NA,90332,4161,"55-59 years","male",21,14602,"Shopping",768.28955078125,768.28955078125,"car",0.333333333333333,5.65,"weekday",3,"40 to 64","6-10km","car",5.65,0.333333333333333,2.33333333333333,2.33333333333333
"90332/1001",NA,90332,4162,"55-59 years","female",21,14604,"Shopping",729.069885253906,729.069885253906,"car",0.0833333333333333,2.19,"weekday",2,"40 to 64","3-5km","bicycle",2.19,0.199090909090909,0.583333333333333,1.39363636363636
"90332/1001",NA,90332,4162,"55-59 years","female",21,14606,"Leisure",729.069885253906,729.069885253906,"car",0.0833333333333333,2.19,"weekday",4,"40 to 64","3-5km","bicycle",2.19,0.199090909090909,0.583333333333333,1.39363636363636
"90332/1002",NA,90332,4163,"25-29 years","female",21,14607,"Leisure",1591.18872070312,1591.18872070312,"car",0.1,1.84,"weekday",1,"20 to 39","1-2km","bicycle",1.84,0.167272727272727,0.7,1.17090909090909
"90332/1002",NA,90332,4163,"25-29 years","female",21,14608,"Leisure",1591.18872070312,1591.18872070312,"car",0.0833333333333333,1.86,"weekday",2,"20 to 39","1-2km","bicycle",1.86,0.169090909090909,0.583333333333333,1.18363636363636
"90332/1002",NA,90332,4163,"25-29 years","female",21,14609,"Other",1591.18872070312,1591.18872070312,"car",0.116666666666667,3.59,"weekday",3,"20 to 39","3-5km","bicycle",3.59,0.326363636363636,0.816666666666667,2.28454545454545
"90332/1002",NA,90332,4163,"25-29 years","female",21,14610,"Other",1591.18872070312,1591.18872070312,"car",0.133333333333333,3.58,"weekday",4,"20 to 39","3-5km","bicycle",3.58,0.325454545454545,0.933333333333333,2.27818181818182
"90332/1003",NA,90332,4164,"30-34 years","male",21,14611,"Work",1285.00427246094,1285.00427246094,"car",0.583333333333333,8.39,"weekday",1,"20 to 39","6-10km","car",8.39,0.583333333333333,4.08333333333333,4.08333333333333
"90332/1003",NA,90332,4164,"30-34 years","male",21,14612,"Work",1285.00427246094,1285.00427246094,"car",0.333333333333333,8.05,"weekday",2,"20 to 39","6-10km","car",8.05,0.333333333333333,2.33333333333333,2.33333333333333
"90336/1000",NA,90336,4165,"35-39 years","male",21,14613,"Work",670.438781738281,670.438781738281,"walking",0.0833333333333333,0.49,"weekday",1,"20 to 39","<1km","walking",0.49,0.0833333333333333,0.583333333333333,0.583333333333333
"90336/1000",NA,90336,4165,"35-39 years","male",21,14614,"Work",670.438781738281,670.438781738281,"walking",0.0833333333333333,0.49,"weekday",2,"20 to 39","<1km","walking",0.49,0.0833333333333333,0.583333333333333,0.583333333333333
"90336/1001",NA,90336,4166,"30-34 years","female",21,14615,"Shopping",718.065612792969,718.065612792969,"car",0.166666666666667,1.69,"weekday",1,"20 to 39","1-2km","bicycle",1.69,0.153636363636364,1.16666666666667,1.07545454545455
"90336/1001",NA,90336,4166,"30-34 years","female",21,14616,"Shopping",718.065612792969,718.065612792969,"car",0.0833333333333333,1.67,"weekday",2,"20 to 39","1-2km","bicycle",1.67,0.151818181818182,0.583333333333333,1.06272727272727
"90337/1000",NA,90337,4167,"60-64 years","male",21,14617,"Other",407.964630126953,407.964630126953,"car",0.25,1.32,"weekday",1,"40 to 64","1-2km","bicycle",1.32,0.12,1.75,0.84
"90337/1000",NA,90337,4167,"60-64 years","male",21,14618,"Other",407.964630126953,407.964630126953,"car",0.25,1.7,"weekday",2,"40 to 64","1-2km","bicycle",1.7,0.154545454545455,1.75,1.08181818181818
"90337/1000",NA,90337,4167,"60-64 years","male",21,14619,"Leisure",407.964630126953,407.964630126953,"bicycle",0.416666666666667,0.87,"weekday",3,"40 to 64","<1km","bicycle",0.87,0.416666666666667,2.91666666666667,2.91666666666667
"90337/1000",NA,90337,4167,"60-64 years","male",21,14620,"Leisure",407.964630126953,407.964630126953,"bicycle",0.416666666666667,0.87,"weekday",4,"40 to 64","<1km","bicycle",0.87,0.416666666666667,2.91666666666667,2.91666666666667
"90337/1001",NA,90337,4168,"85-89 years","female",21,14621,"Other",496.336608886719,496.336608886719,"car",0.25,1.32,"weekday",1,"65 plus","1-2km","bicycle",1.32,0.12,1.75,0.84
"90337/1001",NA,90337,4168,"85-89 years","female",21,14622,"Other",496.336608886719,496.336608886719,"car",0.25,1.7,"weekday",2,"65 plus","1-2km","bicycle",1.7,0.154545454545455,1.75,1.08181818181818
"90338/1000",NA,90338,4169,"55-59 years","female",21,14623,"Work",468.386108398438,468.386108398438,"car",0.216666666666667,7.17,"weekday",1,"40 to 64","6-10km","car",7.17,0.216666666666667,1.51666666666667,1.51666666666667
"90338/1000",NA,90338,4169,"55-59 years","female",21,14624,"Work",468.386108398438,468.386108398438,"car",0.2,2.75,"weekday",2,"40 to 64","3-5km","bicycle",2.75,0.25,1.4,1.75
"90338/1000",NA,90338,4169,"55-59 years","female",21,14625,"Work",468.386108398438,468.386108398438,"car",0.1,1,"weekday",3,"40 to 64","1-2km","bicycle",1,0.0909090909090909,0.7,0.636363636363636
"90338/1000",NA,90338,4169,"55-59 years","female",21,14626,"Work",468.386108398438,468.386108398438,"car",0.2,3.33,"weekday",4,"40 to 64","3-5km","bicycle",3.33,0.302727272727273,1.4,2.11909090909091
"90338/1001",NA,90338,4170,"20-24 years","male",21,14627,"Leisure",897.091674804688,897.091674804688,"car",0.166666666666667,3.64,"weekday",1,"20 to 39","3-5km","bicycle",3.64,0.330909090909091,1.16666666666667,2.31636363636364
"90338/1001",NA,90338,4170,"20-24 years","male",21,14628,"Leisure",897.091674804688,897.091674804688,"car",0.25,3.62,"weekday",2,"20 to 39","3-5km","bicycle",3.62,0.329090909090909,1.75,2.30363636363636
"90339/1000",NA,90339,4171,"60-64 years","female",21,14629,"Leisure",437.736572265625,437.736572265625,"car",0.333333333333333,6.63,"weekday",1,"40 to 64","6-10km","car",6.63,0.333333333333333,2.33333333333333,2.33333333333333
"90339/1000",NA,90339,4171,"60-64 years","female",21,14630,"Leisure",437.736572265625,437.736572265625,"car",0.333333333333333,6.56,"weekday",2,"40 to 64","6-10km","car",6.56,0.333333333333333,2.33333333333333,2.33333333333333
"90339/1000",NA,90339,4171,"60-64 years","female",21,14631,"Shopping",437.736572265625,437.736572265625,"car",0.333333333333333,6.96,"weekday",3,"40 to 64","6-10km","car",6.96,0.333333333333333,2.33333333333333,2.33333333333333
"90339/1000",NA,90339,4171,"60-64 years","female",21,14632,"Other",437.736572265625,437.736572265625,"car",0.166666666666667,3.06,"weekday",4,"40 to 64","3-5km","bicycle",3.06,0.278181818181818,1.16666666666667,1.94727272727273
"90339/1000",NA,90339,4171,"60-64 years","female",21,14633,"Shopping",437.736572265625,437.736572265625,"car",0.25,2.54,"weekday",5,"40 to 64","3-5km","bicycle",2.54,0.230909090909091,1.75,1.61636363636364
"90339/1000",NA,90339,4171,"60-64 years","female",21,14634,"Shopping",437.736572265625,437.736572265625,"car",0.416666666666667,7.47,"weekday",6,"40 to 64","6-10km","car",7.47,0.416666666666667,2.91666666666667,2.91666666666667
"90339/1000",NA,90339,4171,"60-64 years","female",21,14635,"Leisure",437.736572265625,437.736572265625,"walking",0.333333333333333,0.91,"weekday",7,"40 to 64","<1km","walking",0.91,0.333333333333333,2.33333333333333,2.33333333333333
"90339/1000",NA,90339,4171,"60-64 years","female",21,14636,"Leisure",437.736572265625,437.736572265625,"walking",0.416666666666667,0.91,"weekday",8,"40 to 64","<1km","walking",0.91,0.416666666666667,2.91666666666667,2.91666666666667
"90339/1001",NA,90339,4172,"60-64 years","male",21,14637,"Leisure",407.964630126953,407.964630126953,"car",0.166666666666667,2.47,"weekday",1,"40 to 64","3-5km","bicycle",2.47,0.224545454545455,1.16666666666667,1.57181818181818
"90339/1001",NA,90339,4172,"60-64 years","male",21,14638,"Leisure",407.964630126953,407.964630126953,"car",0.25,2.45,"weekday",2,"40 to 64","3-5km","bicycle",2.45,0.222727272727273,1.75,1.55909090909091
"90339/1001",NA,90339,4172,"60-64 years","male",21,14639,"Leisure",407.964630126953,407.964630126953,"walking",0.333333333333333,0.91,"weekday",3,"40 to 64","<1km","walking",0.91,0.333333333333333,2.33333333333333,2.33333333333333
"90339/1001",NA,90339,4172,"60-64 years","male",21,14640,"Leisure",407.964630126953,407.964630126953,"walking",0.416666666666667,0.91,"weekday",4,"40 to 64","<1km","walking",0.91,0.416666666666667,2.91666666666667,2.91666666666667
"90341/1000",NA,90341,4173,"65-69 years","female",21,14641,"Leisure",101.395683288574,101.395683288574,"walking",0.416666666666667,1.21,"weekday",1,"65 plus","1-2km","walking",1.21,0.416666666666667,2.91666666666667,2.91666666666667
"90341/1000",NA,90341,4173,"65-69 years","female",21,14642,"Leisure",101.395683288574,101.395683288574,"walking",0.166666666666667,1.21,"weekday",2,"65 plus","1-2km","walking",1.21,0.166666666666667,1.16666666666667,1.16666666666667
"90341/1000",NA,90341,4173,"65-69 years","female",21,14643,"Other",101.395683288574,101.395683288574,"car",0.116666666666667,2.62,"weekday",3,"65 plus","3-5km","bicycle",2.62,0.238181818181818,0.816666666666667,1.66727272727273
"90341/1000",NA,90341,4173,"65-69 years","female",21,14644,"Other",101.395683288574,101.395683288574,"car",0.116666666666667,2.4,"weekday",4,"65 plus","3-5km","bicycle",2.4,0.218181818181818,0.816666666666667,1.52727272727273
"90341/1001",NA,90341,4174,"65-69 years","male",21,14645,"Leisure",141.843811035156,141.843811035156,"car",0.0833333333333333,4.22,"weekday",1,"65 plus","3-5km","bicycle",4.22,0.383636363636364,0.583333333333333,2.68545454545455
"90341/1001",NA,90341,4174,"65-69 years","male",21,14646,"Leisure",141.843811035156,141.843811035156,"car",0.1,3.93,"weekday",2,"65 plus","3-5km","bicycle",3.93,0.357272727272727,0.7,2.50090909090909
"90341/1001",NA,90341,4174,"65-69 years","male",21,14647,"Other",141.843811035156,141.843811035156,"car",0.116666666666667,2.62,"weekday",3,"65 plus","3-5km","bicycle",2.62,0.238181818181818,0.816666666666667,1.66727272727273
"90341/1001",NA,90341,4174,"65-69 years","male",21,14648,"Other",141.843811035156,141.843811035156,"car",0.116666666666667,2.4,"weekday",4,"65 plus","3-5km","bicycle",2.4,0.218181818181818,0.816666666666667,1.52727272727273
"90341/1001",NA,90341,4174,"65-69 years","male",21,14649,"Other",141.843811035156,141.843811035156,"car",0.15,3.94,"weekday",5,"65 plus","3-5km","bicycle",3.94,0.358181818181818,1.05,2.50727272727273
"90341/1001",NA,90341,4174,"65-69 years","male",21,14650,"Other",141.843811035156,141.843811035156,"car",0.116666666666667,3.93,"weekday",6,"65 plus","3-5km","bicycle",3.93,0.357272727272727,0.816666666666667,2.50090909090909
"90344/1000",NA,90344,4175,"45-49 years","male",21,14651,"Other",171.093643188477,171.093643188477,"car",0.0833333333333333,1.81,"weekday",1,"40 to 64","1-2km","bicycle",1.81,0.164545454545455,0.583333333333333,1.15181818181818
"90344/1000",NA,90344,4175,"45-49 years","male",21,14652,"Work",171.093643188477,171.093643188477,"car",0.333333333333333,12.51,"weekday",2,"40 to 64",">10km","car",12.51,0.333333333333333,2.33333333333333,2.33333333333333
"90344/1000",NA,90344,4175,"45-49 years","male",21,14653,"Work",171.093643188477,171.093643188477,"car",0.333333333333333,13.09,"weekday",3,"40 to 64",">10km","car",13.09,0.333333333333333,2.33333333333333,2.33333333333333
"90344/1001",NA,90344,4176,"55-59 years","female",21,14654,"Leisure",176.243804931641,176.243804931641,"walking",0.416666666666667,1.32,"weekday",1,"40 to 64","1-2km","walking",1.32,0.416666666666667,2.91666666666667,2.91666666666667
"90344/1001",NA,90344,4176,"55-59 years","female",21,14655,"Leisure",176.243804931641,176.243804931641,"walking",0.416666666666667,1.32,"weekday",2,"40 to 64","1-2km","walking",1.32,0.416666666666667,2.91666666666667,2.91666666666667
"90344/1001",NA,90344,4176,"55-59 years","female",21,14656,"Work",176.243804931641,176.243804931641,"car",0.0833333333333333,1.81,"weekday",3,"40 to 64","1-2km","bicycle",1.81,0.164545454545455,0.583333333333333,1.15181818181818
"90344/1001",NA,90344,4176,"55-59 years","female",21,14657,"Work",176.243804931641,176.243804931641,"walking",0.5,1.81,"weekday",4,"40 to 64","1-2km","walking",1.81,0.5,3.5,3.5
"90344/1002",NA,90344,4177,"25-29 years","male",21,14658,"Work",228.088623046875,228.088623046875,"car",0.25,4.44,"weekday",1,"20 to 39","3-5km","bicycle",4.44,0.403636363636364,1.75,2.82545454545455
"90344/1002",NA,90344,4177,"25-29 years","male",21,14659,"Work",228.088623046875,228.088623046875,"car",0.166666666666667,4.48,"weekday",2,"20 to 39","3-5km","bicycle",4.48,0.407272727272727,1.16666666666667,2.85090909090909
"90345/1000",NA,90345,4178,"85-89 years","male",21,14660,"Shopping",52.3616409301758,52.3616409301758,"car",0.0833333333333333,1.05,"weekday",1,"65 plus","1-2km","bicycle",1.05,0.0954545454545455,0.583333333333333,0.668181818181818
"90345/1000",NA,90345,4178,"85-89 years","male",21,14661,"Shopping",52.3616409301758,52.3616409301758,"car",0.0833333333333333,1.05,"weekday",2,"65 plus","1-2km","bicycle",1.05,0.0954545454545455,0.583333333333333,0.668181818181818
"90345/1000",NA,90345,4178,"85-89 years","male",21,14662,"Shopping",52.3616409301758,52.3616409301758,"car",0.166666666666667,3.9,"weekday",3,"65 plus","3-5km","bicycle",3.9,0.354545454545455,1.16666666666667,2.48181818181818
"90345/1000",NA,90345,4178,"85-89 years","male",21,14663,"Shopping",52.3616409301758,52.3616409301758,"car",0.166666666666667,3.89,"weekday",4,"65 plus","3-5km","bicycle",3.89,0.353636363636364,1.16666666666667,2.47545454545455
"90346/1000",NA,90346,4179,"60-64 years","male",21,14664,"Work",147.764495849609,147.764495849609,"car",0.416666666666667,20.98,"weekday",1,"40 to 64",">10km","car",20.98,0.416666666666667,2.91666666666667,2.91666666666667
"90346/1000",NA,90346,4179,"60-64 years","male",21,14665,"Work",147.764495849609,147.764495849609,"car",0.5,21.09,"weekday",2,"40 to 64",">10km","car",21.09,0.5,3.5,3.5
"90346/1001",NA,90346,4180,"55-59 years","female",21,14666,"Shopping",176.243804931641,176.243804931641,"car",0.0833333333333333,3.67,"weekday",1,"40 to 64","3-5km","bicycle",3.67,0.333636363636364,0.583333333333333,2.33545454545455
"90346/1001",NA,90346,4180,"55-59 years","female",21,14667,"Shopping",176.243804931641,176.243804931641,"car",0.333333333333333,3.5,"weekday",2,"40 to 64","3-5km","bicycle",3.5,0.318181818181818,2.33333333333333,2.22727272727273
"90346/1002",NA,90346,4181,"20-24 years","male",21,14668,"Shopping",233.046676635742,233.046676635742,"car",0.0833333333333333,3.67,"weekday",1,"20 to 39","3-5km","bicycle",3.67,0.333636363636364,0.583333333333333,2.33545454545455
"90346/1002",NA,90346,4181,"20-24 years","male",21,14669,"Shopping",233.046676635742,233.046676635742,"car",0.333333333333333,3.5,"weekday",2,"20 to 39","3-5km","bicycle",3.5,0.318181818181818,2.33333333333333,2.22727272727273
"90347/1000",NA,90347,4182,"55-59 years","female",21,14670,"Shopping",151.029312133789,151.029312133789,"car",0.1,2.58,"weekday",1,"40 to 64","3-5km","bicycle",2.58,0.234545454545455,0.7,1.64181818181818
"90347/1000",NA,90347,4182,"55-59 years","female",21,14671,"Shopping",151.029312133789,151.029312133789,"car",0.1,2.6,"weekday",2,"40 to 64","3-5km","bicycle",2.6,0.236363636363636,0.7,1.65454545454545
"90349/1000",NA,90349,4183,"55-59 years","male",21,14672,"Work",185.705001831055,185.705001831055,"car",0.316666666666667,21.64,"weekday",1,"40 to 64",">10km","car",21.64,0.316666666666667,2.21666666666667,2.21666666666667
"90349/1000",NA,90349,4183,"55-59 years","male",21,14673,"Shopping",185.705001831055,185.705001831055,"car",0.25,16.42,"weekday",2,"40 to 64",">10km","car",16.42,0.25,1.75,1.75
"90349/1000",NA,90349,4183,"55-59 years","male",21,14674,"Shopping",185.705001831055,185.705001831055,"car",0.233333333333333,6.87,"weekday",3,"40 to 64","6-10km","car",6.87,0.233333333333333,1.63333333333333,1.63333333333333
"90349/1000",NA,90349,4183,"55-59 years","male",21,14675,"Other",185.705001831055,185.705001831055,"car",0.666666666666667,41.83,"weekday",4,"40 to 64",">10km","car",41.83,0.666666666666667,4.66666666666667,4.66666666666667
"90349/1000",NA,90349,4183,"55-59 years","male",21,14676,"Other",185.705001831055,185.705001831055,"car",0.583333333333333,40.43,"weekday",5,"40 to 64",">10km","car",40.43,0.583333333333333,4.08333333333333,4.08333333333333
"90349/1001",NA,90349,4184,"55-59 years","female",21,14677,"Work",176.243804931641,176.243804931641,"car",0.166666666666667,2.12,"weekday",1,"40 to 64","3-5km","bicycle",2.12,0.192727272727273,1.16666666666667,1.34909090909091
"90349/1001",NA,90349,4184,"55-59 years","female",21,14678,"Work",176.243804931641,176.243804931641,"car",0.25,2.11,"weekday",2,"40 to 64","3-5km","bicycle",2.11,0.191818181818182,1.75,1.34272727272727
"90349/1001",NA,90349,4184,"55-59 years","female",21,14679,"Leisure",176.243804931641,176.243804931641,"car",0.333333333333333,3.78,"weekday",3,"40 to 64","3-5km","bicycle",3.78,0.343636363636364,2.33333333333333,2.40545454545455
"90349/1001",NA,90349,4184,"55-59 years","female",21,14680,"Leisure",176.243804931641,176.243804931641,"car",0.333333333333333,3.76,"weekday",4,"40 to 64","3-5km","bicycle",3.76,0.341818181818182,2.33333333333333,2.39272727272727
"90349/1002",NA,90349,4185,"20-24 years","male",21,14681,"Education",233.046676635742,233.046676635742,"car",0.833333333333333,37.45,"weekday",1,"20 to 39",">10km","car",37.45,0.833333333333333,5.83333333333333,5.83333333333333
"90349/1002",NA,90349,4185,"20-24 years","male",21,14682,"Education",233.046676635742,233.046676635742,"car",0.666666666666667,37.63,"weekday",2,"20 to 39",">10km","car",37.63,0.666666666666667,4.66666666666667,4.66666666666667
"90351/1000",NA,90351,4186,"70-74 years","female",21,14683,"Shopping",119.05738067627,119.05738067627,"walking",0.516666666666667,2.25,"weekday",1,"65 plus","3-5km","walking",2.25,0.516666666666667,3.61666666666667,3.61666666666667
"90351/1000",NA,90351,4186,"70-74 years","female",21,14684,"Shopping",119.05738067627,119.05738067627,"walking",0.333333333333333,1.09,"weekday",2,"65 plus","1-2km","walking",1.09,0.333333333333333,2.33333333333333,2.33333333333333
"90351/1000",NA,90351,4186,"70-74 years","female",21,14685,"Shopping",119.05738067627,119.05738067627,"walking",0.5,1.75,"weekday",3,"65 plus","1-2km","walking",1.75,0.5,3.5,3.5
"90351/1001",NA,90351,4187,"75-79 years","male",21,14686,"Shopping",94.0405426025391,94.0405426025391,"walking",0.516666666666667,2.25,"weekday",1,"65 plus","3-5km","walking",2.25,0.516666666666667,3.61666666666667,3.61666666666667
"90351/1001",NA,90351,4187,"75-79 years","male",21,14687,"Shopping",94.0405426025391,94.0405426025391,"walking",0.333333333333333,1.09,"weekday",2,"65 plus","1-2km","walking",1.09,0.333333333333333,2.33333333333333,2.33333333333333
"90351/1001",NA,90351,4187,"75-79 years","male",21,14688,"Shopping",94.0405426025391,94.0405426025391,"walking",0.5,1.75,"weekday",3,"65 plus","1-2km","walking",1.75,0.5,3.5,3.5
"90353/1000",NA,90353,4188,"65-69 years","female",21,14689,"Other",101.395683288574,101.395683288574,"car",0.666666666666667,31.78,"weekday",1,"65 plus",">10km","car",31.78,0.666666666666667,4.66666666666667,4.66666666666667
"90353/1000",NA,90353,4188,"65-69 years","female",21,14690,"Other",101.395683288574,101.395683288574,"car",1.08333333333333,31.77,"weekday",2,"65 plus",">10km","car",31.77,1.08333333333333,7.58333333333333,7.58333333333333
"90353/1000",NA,90353,4188,"65-69 years","female",21,14691,"Leisure",101.395683288574,101.395683288574,"car",0.333333333333333,2.22,"weekday",3,"65 plus","3-5km","bicycle",2.22,0.201818181818182,2.33333333333333,1.41272727272727
"90353/1000",NA,90353,4188,"65-69 years","female",21,14692,"Leisure",101.395683288574,101.395683288574,"walking",1.83333333333333,0.05,"weekday",4,"65 plus","<1km","walking",0.05,1.83333333333333,12.8333333333333,12.8333333333333
"90353/1000",NA,90353,4188,"65-69 years","female",21,14693,"Leisure",101.395683288574,101.395683288574,"car",0.0833333333333333,2.21,"weekday",5,"65 plus","3-5km","bicycle",2.21,0.200909090909091,0.583333333333333,1.40636363636364
"90353/1000",NA,90353,4188,"65-69 years","female",21,14694,"Shopping",101.395683288574,101.395683288574,"car",0.166666666666667,2.58,"weekday",6,"65 plus","3-5km","bicycle",2.58,0.234545454545455,1.16666666666667,1.64181818181818
"90353/1000",NA,90353,4188,"65-69 years","female",21,14695,"Shopping",101.395683288574,101.395683288574,"car",0.116666666666667,3.06,"weekday",7,"65 plus","3-5km","bicycle",3.06,0.278181818181818,0.816666666666667,1.94727272727273
"90353/1000",NA,90353,4188,"65-69 years","female",21,14696,"Other",101.395683288574,101.395683288574,"car",0.833333333333333,31.78,"weekday",8,"65 plus",">10km","car",31.78,0.833333333333333,5.83333333333333,5.83333333333333
"90353/1000",NA,90353,4188,"65-69 years","female",21,14697,"Other",101.395683288574,101.395683288574,"car",0.75,30.25,"weekday",9,"65 plus",">10km","car",30.25,0.75,5.25,5.25
"90353/1000",NA,90353,4188,"65-69 years","female",21,14698,"Other",101.395683288574,101.395683288574,"car",0.0833333333333333,1.7,"weekday",10,"65 plus","1-2km","bicycle",1.7,0.154545454545455,0.583333333333333,1.08181818181818
"90353/1001",NA,90353,4189,"60-64 years","male",21,14699,"Other",126.624420166016,126.624420166016,"car",0.666666666666667,31.78,"weekday",1,"40 to 64",">10km","car",31.78,0.666666666666667,4.66666666666667,4.66666666666667
"90353/1001",NA,90353,4189,"60-64 years","male",21,14700,"Other",126.624420166016,126.624420166016,"car",1.08333333333333,31.77,"weekday",2,"40 to 64",">10km","car",31.77,1.08333333333333,7.58333333333333,7.58333333333333
"90353/1001",NA,90353,4189,"60-64 years","male",21,14701,"Other",126.624420166016,126.624420166016,"car",0.0833333333333333,2.45,"weekday",3,"40 to 64","3-5km","bicycle",2.45,0.222727272727273,0.583333333333333,1.55909090909091
"90353/1001",NA,90353,4189,"60-64 years","male",21,14702,"Shopping",126.624420166016,126.624420166016,"car",0.0833333333333333,1.78,"weekday",4,"40 to 64","1-2km","bicycle",1.78,0.161818181818182,0.583333333333333,1.13272727272727
"90353/1001",NA,90353,4189,"60-64 years","male",21,14703,"Shopping",126.624420166016,126.624420166016,"car",0.0833333333333333,1.26,"weekday",5,"40 to 64","1-2km","bicycle",1.26,0.114545454545455,0.583333333333333,0.801818181818182
"90353/1001",NA,90353,4189,"60-64 years","male",21,14704,"Other",126.624420166016,126.624420166016,"car",0.0833333333333333,1.75,"weekday",6,"40 to 64","1-2km","bicycle",1.75,0.159090909090909,0.583333333333333,1.11363636363636
"90353/1001",NA,90353,4189,"60-64 years","male",21,14705,"Other",126.624420166016,126.624420166016,"car",0.0833333333333333,2.35,"weekday",7,"40 to 64","3-5km","bicycle",2.35,0.213636363636364,0.583333333333333,1.49545454545455
"90353/1001",NA,90353,4189,"60-64 years","male",21,14706,"Other",126.624420166016,126.624420166016,"car",0.0833333333333333,1.68,"weekday",8,"40 to 64","1-2km","bicycle",1.68,0.152727272727273,0.583333333333333,1.06909090909091
"90353/1001",NA,90353,4189,"60-64 years","male",21,14707,"Other",126.624420166016,126.624420166016,"car",0.0833333333333333,2.08,"weekday",9,"40 to 64","3-5km","bicycle",2.08,0.189090909090909,0.583333333333333,1.32363636363636
"90353/1001",NA,90353,4189,"60-64 years","male",21,14708,"Other",126.624420166016,126.624420166016,"car",0.833333333333333,31.78,"weekday",10,"40 to 64",">10km","car",31.78,0.833333333333333,5.83333333333333,5.83333333333333
"90353/1001",NA,90353,4189,"60-64 years","male",21,14709,"Other",126.624420166016,126.624420166016,"car",0.75,30.25,"weekday",11,"40 to 64",">10km","car",30.25,0.75,5.25,5.25
"90353/1001",NA,90353,4189,"60-64 years","male",21,14710,"Other",126.624420166016,126.624420166016,"car",0.0833333333333333,1.7,"weekday",12,"40 to 64","1-2km","bicycle",1.7,0.154545454545455,0.583333333333333,1.08181818181818
"90354/1000",NA,90354,4190,"80-84 years","female",21,14711,"Shopping",115.143058776855,115.143058776855,"car",0.1,0.8,"weekday",1,"65 plus","<1km","bicycle",0.8,0.0727272727272727,0.7,0.509090909090909
"90354/1000",NA,90354,4190,"80-84 years","female",21,14712,"Shopping",115.143058776855,115.143058776855,"car",0.166666666666667,0.83,"weekday",2,"65 plus","<1km","bicycle",0.83,0.0754545454545455,1.16666666666667,0.528181818181818
"90355/1000",NA,90355,4191,"50-54 years","female",21,14713,"Other",181.629013061523,181.629013061523,"car",0.25,4.52,"weekday",1,"40 to 64","3-5km","bicycle",4.52,0.410909090909091,1.75,2.87636363636364
"90355/1000",NA,90355,4191,"50-54 years","female",21,14714,"Other",181.629013061523,181.629013061523,"car",0.25,4.56,"weekday",2,"40 to 64","3-5km","bicycle",4.56,0.414545454545454,1.75,2.90181818181818
"90355/1000",NA,90355,4191,"50-54 years","female",21,14715,"Shopping",181.629013061523,181.629013061523,"car",0.333333333333333,3.61,"weekday",3,"40 to 64","3-5km","bicycle",3.61,0.328181818181818,2.33333333333333,2.29727272727273
"90355/1000",NA,90355,4191,"50-54 years","female",21,14716,"Shopping",181.629013061523,181.629013061523,"car",0.333333333333333,3.43,"weekday",4,"40 to 64","3-5km","bicycle",3.43,0.311818181818182,2.33333333333333,2.18272727272727
"90355/1001",NA,90355,4192,"30-34 years","male",21,14717,"Other",198.818878173828,198.818878173828,"car",0.25,4.52,"weekday",1,"20 to 39","3-5km","bicycle",4.52,0.410909090909091,1.75,2.87636363636364
"90355/1001",NA,90355,4192,"30-34 years","male",21,14718,"Other",198.818878173828,198.818878173828,"car",0.25,4.56,"weekday",2,"20 to 39","3-5km","bicycle",4.56,0.414545454545454,1.75,2.90181818181818
"90355/1001",NA,90355,4192,"30-34 years","male",21,14719,"Other",198.818878173828,198.818878173828,"car",0.333333333333333,3.61,"weekday",3,"20 to 39","3-5km","bicycle",3.61,0.328181818181818,2.33333333333333,2.29727272727273
"90355/1001",NA,90355,4192,"30-34 years","male",21,14720,"Other",198.818878173828,198.818878173828,"car",0.333333333333333,3.43,"weekday",4,"20 to 39","3-5km","bicycle",3.43,0.311818181818182,2.33333333333333,2.18272727272727
"90355/1002",NA,90355,4193,"20-24 years","male",21,14721,"Work",247.548080444336,247.548080444336,"car",0.166666666666667,4.48,"weekday",1,"20 to 39","3-5km","bicycle",4.48,0.407272727272727,1.16666666666667,2.85090909090909
"90355/1002",NA,90355,4193,"20-24 years","male",21,14722,"Work",247.548080444336,247.548080444336,"public.transport",0.916666666666667,34.86,"weekday",1,"20 to 39",">10km","public.transport",34.86,0.916666666666667,6.41666666666667,6.41666666666667
"90355/1002",NA,90355,4193,"20-24 years","male",21,14723,"Work",247.548080444336,247.548080444336,"walking",0.166666666666667,2.09,"weekday",1,"20 to 39","3-5km","walking",2.09,0.166666666666667,1.16666666666667,1.16666666666667
"90355/1002",NA,90355,4193,"20-24 years","male",21,14724,"Work",247.548080444336,247.548080444336,"walking",0.25,2.09,"weekday",2,"20 to 39","3-5km","walking",2.09,0.25,1.75,1.75
"90355/1002",NA,90355,4193,"20-24 years","male",21,14725,"Work",247.548080444336,247.548080444336,"public.transport",0.416666666666667,34.86,"weekday",2,"20 to 39",">10km","public.transport",34.86,0.416666666666667,2.91666666666667,2.91666666666667
"90355/1002",NA,90355,4193,"20-24 years","male",21,14726,"Work",247.548080444336,247.548080444336,"car",0.25,4.53,"weekday",2,"20 to 39","3-5km","bicycle",4.53,0.411818181818182,1.75,2.88272727272727
"90355/1003",NA,90355,4194,"20-24 years","female",21,14727,"Other",288.452209472656,288.452209472656,"car",0.25,4.52,"weekday",1,"20 to 39","3-5km","bicycle",4.52,0.410909090909091,1.75,2.87636363636364
"90355/1003",NA,90355,4194,"20-24 years","female",21,14728,"Education",288.452209472656,288.452209472656,"walking",0.166666666666667,0.26,"weekday",2,"20 to 39","<1km","walking",0.26,0.166666666666667,1.16666666666667,1.16666666666667
"90355/1003",NA,90355,4194,"20-24 years","female",21,14729,"Education",288.452209472656,288.452209472656,"public.transport",0.583333333333333,34.86,"weekday",2,"20 to 39",">10km","public.transport",34.86,0.583333333333333,4.08333333333333,4.08333333333333
"90355/1003",NA,90355,4194,"20-24 years","female",21,14730,"Education",288.452209472656,288.452209472656,"walking",0.0333333333333333,0.18,"weekday",2,"20 to 39","<1km","walking",0.18,0.0333333333333333,0.233333333333333,0.233333333333333
"90355/1003",NA,90355,4194,"20-24 years","female",21,14731,"Education",288.452209472656,288.452209472656,"public.transport",0.25,1.93,"weekday",2,"20 to 39","1-2km","public.transport",1.93,0.25,1.75,1.75
"90355/1003",NA,90355,4194,"20-24 years","female",21,14732,"Education",288.452209472656,288.452209472656,"walking",0.166666666666667,0.61,"weekday",2,"20 to 39","<1km","walking",0.61,0.166666666666667,1.16666666666667,1.16666666666667
"90355/1003",NA,90355,4194,"20-24 years","female",21,14733,"Education",288.452209472656,288.452209472656,"walking",0.0833333333333333,0.52,"weekday",3,"20 to 39","<1km","walking",0.52,0.0833333333333333,0.583333333333333,0.583333333333333
"90355/1003",NA,90355,4194,"20-24 years","female",21,14734,"Education",288.452209472656,288.452209472656,"public.transport",0.5,2.31,"weekday",3,"20 to 39","3-5km","public.transport",2.31,0.5,3.5,3.5
"90355/1003",NA,90355,4194,"20-24 years","female",21,14735,"Education",288.452209472656,288.452209472656,"walking",0.05,0.18,"weekday",3,"20 to 39","<1km","walking",0.18,0.05,0.35,0.35
"90355/1003",NA,90355,4194,"20-24 years","female",21,14736,"Education",288.452209472656,288.452209472656,"public.transport",0.5,34.86,"weekday",3,"20 to 39",">10km","public.transport",34.86,0.5,3.5,3.5
"90355/1003",NA,90355,4194,"20-24 years","female",21,14737,"Education",288.452209472656,288.452209472656,"car",0.25,4.53,"weekday",3,"20 to 39","3-5km","bicycle",4.53,0.411818181818182,1.75,2.88272727272727
"90359/1000",NA,90359,4195,"70-74 years","male",21,14738,"Other",91.9685287475586,91.9685287475586,"car",0.166666666666667,4.14,"weekday",1,"65 plus","3-5km","bicycle",4.14,0.376363636363636,1.16666666666667,2.63454545454545
"90359/1000",NA,90359,4195,"70-74 years","male",21,14739,"Shopping",91.9685287475586,91.9685287475586,"car",0.0333333333333333,0.51,"weekday",2,"65 plus","<1km","bicycle",0.51,0.0463636363636364,0.233333333333333,0.324545454545455
"90359/1000",NA,90359,4195,"70-74 years","male",21,14740,"Shopping",91.9685287475586,91.9685287475586,"car",0.166666666666667,3.79,"weekday",3,"65 plus","3-5km","bicycle",3.79,0.344545454545455,1.16666666666667,2.41181818181818
"90361/1000",NA,90361,4196,"20-24 years","male",21,14741,"Work",177.206741333008,177.206741333008,"car",0.75,28.12,"weekday",1,"20 to 39",">10km","car",28.12,0.75,5.25,5.25
"90361/1000",NA,90361,4196,"20-24 years","male",21,14742,"Work",177.206741333008,177.206741333008,"car",0.75,29.11,"weekday",2,"20 to 39",">10km","car",29.11,0.75,5.25,5.25
"90363/1000",NA,90363,4197,"35-39 years","male",21,14743,"Work",124.57698059082,124.57698059082,"car",0.166666666666667,3.89,"weekday",1,"20 to 39","3-5km","bicycle",3.89,0.353636363636364,1.16666666666667,2.47545454545455
"90363/1000",NA,90363,4197,"35-39 years","male",21,14744,"Work",124.57698059082,124.57698059082,"car",0.5,16.12,"weekday",2,"20 to 39",">10km","car",16.12,0.5,3.5,3.5
"90363/1000",NA,90363,4197,"35-39 years","male",21,14745,"Work",124.57698059082,124.57698059082,"car",0.333333333333333,12.9,"weekday",3,"20 to 39",">10km","car",12.9,0.333333333333333,2.33333333333333,2.33333333333333
"90366/1000",NA,90366,4198,"55-59 years","male",21,14746,"Work",159.136917114258,159.136917114258,"car",0.0833333333333333,2.3,"weekday",1,"40 to 64","3-5km","bicycle",2.3,0.209090909090909,0.583333333333333,1.46363636363636
"90366/1000",NA,90366,4198,"55-59 years","male",21,14747,"Work",159.136917114258,159.136917114258,"car",0.166666666666667,2.49,"weekday",2,"40 to 64","3-5km","bicycle",2.49,0.226363636363636,1.16666666666667,1.58454545454545
"90366/1001",NA,90366,4199,"55-59 years","female",21,14748,"Work",151.029312133789,151.029312133789,"car",0.75,47.26,"weekday",1,"40 to 64",">10km","car",47.26,0.75,5.25,5.25
"90366/1001",NA,90366,4199,"55-59 years","female",21,14749,"Work",151.029312133789,151.029312133789,"car",0.75,47.55,"weekday",2,"40 to 64",">10km","car",47.55,0.75,5.25,5.25
"90370/1000",NA,90370,4200,"60-64 years","male",21,14750,"Leisure",144.323944091797,144.323944091797,"car",0.5,23.2,"weekday",1,"40 to 64",">10km","car",23.2,0.5,3.5,3.5
"90370/1000",NA,90370,4200,"60-64 years","male",21,14751,"Shopping",144.323944091797,144.323944091797,"car",0.583333333333333,51.09,"weekday",2,"40 to 64",">10km","car",51.09,0.583333333333333,4.08333333333333,4.08333333333333
"90370/1000",NA,90370,4200,"60-64 years","male",21,14752,"Shopping",144.323944091797,144.323944091797,"car",0.333333333333333,31.97,"weekday",3,"40 to 64",">10km","car",31.97,0.333333333333333,2.33333333333333,2.33333333333333
"90370/1001",NA,90370,4201,"65-69 years","male",21,14753,"Other",136.799423217773,136.799423217773,"car",0.5,23.2,"weekday",1,"65 plus",">10km","car",23.2,0.5,3.5,3.5
"90370/1001",NA,90370,4201,"65-69 years","male",21,14754,"Shopping",136.799423217773,136.799423217773,"car",0.583333333333333,51.09,"weekday",2,"65 plus",">10km","car",51.09,0.583333333333333,4.08333333333333,4.08333333333333
"90370/1001",NA,90370,4201,"65-69 years","male",21,14755,"Shopping",136.799423217773,136.799423217773,"car",0.333333333333333,31.97,"weekday",3,"65 plus",">10km","car",31.97,0.333333333333333,2.33333333333333,2.33333333333333
"90371/1000",NA,90371,4202,"30-34 years","male",21,14756,"Work",139.366546630859,139.366546630859,"car",0.416666666666667,13.9,"weekday",1,"20 to 39",">10km","car",13.9,0.416666666666667,2.91666666666667,2.91666666666667
"90371/1000",NA,90371,4202,"30-34 years","male",21,14757,"Work",139.366546630859,139.366546630859,"car",0.416666666666667,13.86,"weekday",2,"20 to 39",">10km","car",13.86,0.416666666666667,2.91666666666667,2.91666666666667
"90372/1000",NA,90372,4203,"25-29 years","female",21,14758,"Other",178.791854858398,178.791854858398,"walking",0.0333333333333333,0.45,"weekday",1,"20 to 39","<1km","walking",0.45,0.0333333333333333,0.233333333333333,0.233333333333333
"90372/1000",NA,90372,4203,"25-29 years","female",21,14759,"Other",178.791854858398,178.791854858398,"walking",0.0333333333333333,0.45,"weekday",2,"20 to 39","<1km","walking",0.45,0.0333333333333333,0.233333333333333,0.233333333333333
"90372/1000",NA,90372,4203,"25-29 years","female",21,14760,"Shopping",178.791854858398,178.791854858398,"car",0.0666666666666667,0.8,"weekday",3,"20 to 39","<1km","bicycle",0.8,0.0727272727272727,0.466666666666667,0.509090909090909
"90372/1000",NA,90372,4203,"25-29 years","female",21,14761,"Shopping",178.791854858398,178.791854858398,"car",0.0166666666666667,0.73,"weekday",4,"20 to 39","<1km","bicycle",0.73,0.0663636363636364,0.116666666666667,0.464545454545455
"90372/1000",NA,90372,4203,"25-29 years","female",21,14762,"Shopping",178.791854858398,178.791854858398,"car",0.0833333333333333,1.38,"weekday",5,"20 to 39","1-2km","bicycle",1.38,0.125454545454545,0.583333333333333,0.878181818181818
"90372/1000",NA,90372,4203,"25-29 years","female",21,14763,"Other",178.791854858398,178.791854858398,"walking",0.116666666666667,0.45,"weekday",6,"20 to 39","<1km","walking",0.45,0.116666666666667,0.816666666666667,0.816666666666667
"90372/1000",NA,90372,4203,"25-29 years","female",21,14764,"Other",178.791854858398,178.791854858398,"walking",0.0333333333333333,0.45,"weekday",7,"20 to 39","<1km","walking",0.45,0.0333333333333333,0.233333333333333,0.233333333333333
"90374/1000",NA,90374,4204,"50-54 years","male",21,14765,"Other",172.041442871094,172.041442871094,"car",0.333333333333333,16.21,"weekday",1,"40 to 64",">10km","car",16.21,0.333333333333333,2.33333333333333,2.33333333333333
"90374/1000",NA,90374,4204,"50-54 years","male",21,14766,"Work",172.041442871094,172.041442871094,"car",0.4,7.14,"weekday",2,"40 to 64","6-10km","car",7.14,0.4,2.8,2.8
"90374/1000",NA,90374,4204,"50-54 years","male",21,14767,"Other",172.041442871094,172.041442871094,"car",0.333333333333333,7.06,"weekday",3,"40 to 64","6-10km","car",7.06,0.333333333333333,2.33333333333333,2.33333333333333
"90374/1000",NA,90374,4204,"50-54 years","male",21,14768,"Other",172.041442871094,172.041442871094,"car",0.55,16.57,"weekday",4,"40 to 64",">10km","car",16.57,0.55,3.85,3.85
"90374/1001",NA,90374,4205,"40-44 years","female",21,14769,"Work",217.286178588867,217.286178588867,"car",0.5,18.79,"weekday",1,"40 to 64",">10km","car",18.79,0.5,3.5,3.5
"90374/1001",NA,90374,4205,"40-44 years","female",21,14770,"Work",217.286178588867,217.286178588867,"car",0.416666666666667,18.76,"weekday",2,"40 to 64",">10km","car",18.76,0.416666666666667,2.91666666666667,2.91666666666667
"90375/1001",NA,90375,4206,"30-34 years","male",21,14771,"Work",139.366546630859,139.366546630859,"car",0.75,39.4,"weekday",1,"20 to 39",">10km","car",39.4,0.75,5.25,5.25
"90375/1001",NA,90375,4206,"30-34 years","male",21,14772,"Work",139.366546630859,139.366546630859,"car",1,40.15,"weekday",2,"20 to 39",">10km","car",40.15,1,7,7
"90376/1000",NA,90376,4207,"50-54 years","female",21,14773,"Work",211.326843261719,211.326843261719,"car",0.75,38.8,"weekday",1,"40 to 64",">10km","car",38.8,0.75,5.25,5.25
"90376/1000",NA,90376,4207,"50-54 years","female",21,14774,"Work",211.326843261719,211.326843261719,"car",0.75,38.52,"weekday",2,"40 to 64",">10km","car",38.52,0.75,5.25,5.25
"90376/1000",NA,90376,4207,"50-54 years","female",21,14775,"Work",211.326843261719,211.326843261719,"car",0.666666666666667,31.21,"weekday",3,"40 to 64",">10km","car",31.21,0.666666666666667,4.66666666666667,4.66666666666667
"90376/1000",NA,90376,4207,"50-54 years","female",21,14776,"Work",211.326843261719,211.326843261719,"car",0.666666666666667,31.26,"weekday",4,"40 to 64",">10km","car",31.26,0.666666666666667,4.66666666666667,4.66666666666667
"90376/1001",NA,90376,4208,"55-59 years","female",21,14777,"Other",217.49284362793,217.49284362793,"car",0.0833333333333333,1.13,"weekday",1,"40 to 64","1-2km","bicycle",1.13,0.102727272727273,0.583333333333333,0.719090909090909
"90376/1001",NA,90376,4208,"55-59 years","female",21,14778,"Other",217.49284362793,217.49284362793,"car",0.0833333333333333,1.35,"weekday",2,"40 to 64","1-2km","bicycle",1.35,0.122727272727273,0.583333333333333,0.859090909090909
"90376/1001",NA,90376,4208,"55-59 years","female",21,14779,"Other",217.49284362793,217.49284362793,"car",0.0833333333333333,1.13,"weekday",3,"40 to 64","1-2km","bicycle",1.13,0.102727272727273,0.583333333333333,0.719090909090909
"90376/1001",NA,90376,4208,"55-59 years","female",21,14780,"Other",217.49284362793,217.49284362793,"car",0.0833333333333333,1.35,"weekday",4,"40 to 64","1-2km","bicycle",1.35,0.122727272727273,0.583333333333333,0.859090909090909
"90382/1000",NA,90382,4209,"35-39 years","male",21,14781,"Work",183.183502197266,183.183502197266,"car",0.333333333333333,17.64,"weekday",1,"20 to 39",">10km","car",17.64,0.333333333333333,2.33333333333333,2.33333333333333
"90382/1000",NA,90382,4209,"35-39 years","male",21,14782,"Work",183.183502197266,183.183502197266,"car",0.5,17.63,"weekday",2,"20 to 39",">10km","car",17.63,0.5,3.5,3.5
"90385/1000",NA,90385,4210,"40-44 years","male",21,14783,"Work",448.764221191406,448.764221191406,"car",0.416666666666667,23.8,"weekday",1,"40 to 64",">10km","car",23.8,0.416666666666667,2.91666666666667,2.91666666666667
"90385/1000",NA,90385,4210,"40-44 years","male",21,14784,"Work",448.764221191406,448.764221191406,"car",0.5,23.94,"weekday",2,"40 to 64",">10km","car",23.94,0.5,3.5,3.5
"90385/1002",NA,90385,4211,"15-19 years","male",21,14785,"Education",317.808868408203,317.808868408203,"walking",0.333333333333333,1.75,"weekday",1,"15 to 19","1-2km","walking",1.75,0.333333333333333,2.33333333333333,2.33333333333333
"90385/1002",NA,90385,4211,"15-19 years","male",21,14786,"Education",317.808868408203,317.808868408203,"walking",0.166666666666667,1.75,"weekday",2,"15 to 19","1-2km","walking",1.75,0.166666666666667,1.16666666666667,1.16666666666667
"90385/1003",NA,90385,4212,"15-19 years","female",21,14787,"Education",282.893920898438,282.893920898438,"walking",0.333333333333333,1.75,"weekday",1,"15 to 19","1-2km","walking",1.75,0.333333333333333,2.33333333333333,2.33333333333333
"90385/1003",NA,90385,4212,"15-19 years","female",21,14788,"Education",282.893920898438,282.893920898438,"walking",0.166666666666667,1.75,"weekday",2,"15 to 19","1-2km","walking",1.75,0.166666666666667,1.16666666666667,1.16666666666667
"90386/1000",NA,90386,4213,"80-84 years","male",21,14789,"Shopping",85.9947814941406,85.9947814941406,"car",0.0833333333333333,1.15,"weekday",1,"65 plus","1-2km","bicycle",1.15,0.104545454545455,0.583333333333333,0.731818181818182
"90386/1000",NA,90386,4213,"80-84 years","male",21,14790,"Shopping",85.9947814941406,85.9947814941406,"car",0.0833333333333333,1.15,"weekday",2,"65 plus","1-2km","bicycle",1.15,0.104545454545455,0.583333333333333,0.731818181818182
"90386/1000",NA,90386,4213,"80-84 years","male",21,14791,"Other",85.9947814941406,85.9947814941406,"car",1,31.7,"weekday",3,"65 plus",">10km","car",31.7,1,7,7
"90386/1000",NA,90386,4213,"80-84 years","male",21,14792,"Other",85.9947814941406,85.9947814941406,"car",1,32.31,"weekday",4,"65 plus",">10km","car",32.31,1,7,7
"90387/1000",NA,90387,4214,"20-24 years","female",21,14793,"Work",251.227233886719,251.227233886719,"car",0.416666666666667,24.61,"weekday",1,"20 to 39",">10km","car",24.61,0.416666666666667,2.91666666666667,2.91666666666667
"90387/1000",NA,90387,4214,"20-24 years","female",21,14794,"Work",251.227233886719,251.227233886719,"walking",0.0833333333333333,0.21,"weekday",2,"20 to 39","<1km","walking",0.21,0.0833333333333333,0.583333333333333,0.583333333333333
"90387/1000",NA,90387,4214,"20-24 years","female",21,14795,"Work",251.227233886719,251.227233886719,"public.transport",0.266666666666667,7.08,"weekday",2,"20 to 39","6-10km","public.transport",7.08,0.266666666666667,1.86666666666667,1.86666666666667
"90387/1000",NA,90387,4214,"20-24 years","female",21,14796,"Work",251.227233886719,251.227233886719,"public.transport",0.15,3.09,"weekday",2,"20 to 39","3-5km","public.transport",3.09,0.15,1.05,1.05
"90387/1000",NA,90387,4214,"20-24 years","female",21,14797,"Work",251.227233886719,251.227233886719,"public.transport",0.516666666666667,17.24,"weekday",2,"20 to 39",">10km","public.transport",17.24,0.516666666666667,3.61666666666667,3.61666666666667
"90387/1000",NA,90387,4214,"20-24 years","female",21,14798,"Work",251.227233886719,251.227233886719,"walking",0.1,0.56,"weekday",2,"20 to 39","<1km","walking",0.56,0.1,0.7,0.7
"90387/1001",NA,90387,4215,"45-49 years","female",21,14799,"Other",303.152160644531,303.152160644531,"car",0.416666666666667,24.61,"weekday",1,"40 to 64",">10km","car",24.61,0.416666666666667,2.91666666666667,2.91666666666667
"90387/1001",NA,90387,4215,"45-49 years","female",21,14800,"Work",303.152160644531,303.152160644531,"car",0.0833333333333333,2.64,"weekday",2,"40 to 64","3-5km","bicycle",2.64,0.24,0.583333333333333,1.68
"90387/1001",NA,90387,4215,"45-49 years","female",21,14801,"Work",303.152160644531,303.152160644531,"car",0.5,23.1,"weekday",3,"40 to 64",">10km","car",23.1,0.5,3.5,3.5
"90387/1002",NA,90387,4216,"15-19 years","female",21,14802,"Education",232.997085571289,232.997085571289,"walking",0.0833333333333333,0.56,"weekday",1,"15 to 19","<1km","walking",0.56,0.0833333333333333,0.583333333333333,0.583333333333333
"90387/1002",NA,90387,4216,"15-19 years","female",21,14803,"Education",232.997085571289,232.997085571289,"public.transport",0.416666666666667,19.53,"weekday",1,"15 to 19",">10km","public.transport",19.53,0.416666666666667,2.91666666666667,2.91666666666667
"90387/1002",NA,90387,4216,"15-19 years","female",21,14804,"Education",232.997085571289,232.997085571289,"walking",0.0166666666666667,0.16,"weekday",1,"15 to 19","<1km","walking",0.16,0.0166666666666667,0.116666666666667,0.116666666666667
"90387/1002",NA,90387,4216,"15-19 years","female",21,14805,"Education",232.997085571289,232.997085571289,"public.transport",0.416666666666667,5.3,"weekday",1,"15 to 19","6-10km","public.transport",5.3,0.416666666666667,2.91666666666667,2.91666666666667
"90387/1002",NA,90387,4216,"15-19 years","female",21,14806,"Education",232.997085571289,232.997085571289,"walking",0.0833333333333333,1.04,"weekday",1,"15 to 19","1-2km","walking",1.04,0.0833333333333333,0.583333333333333,0.583333333333333
"90387/1002",NA,90387,4216,"15-19 years","female",21,14807,"Education",232.997085571289,232.997085571289,"walking",0.0833333333333333,1.04,"weekday",2,"15 to 19","1-2km","walking",1.04,0.0833333333333333,0.583333333333333,0.583333333333333
"90387/1002",NA,90387,4216,"15-19 years","female",21,14808,"Education",232.997085571289,232.997085571289,"public.transport",0.45,5.3,"weekday",2,"15 to 19","6-10km","public.transport",5.3,0.45,3.15,3.15
"90387/1002",NA,90387,4216,"15-19 years","female",21,14809,"Education",232.997085571289,232.997085571289,"walking",0.0166666666666667,0.16,"weekday",2,"15 to 19","<1km","walking",0.16,0.0166666666666667,0.116666666666667,0.116666666666667
"90387/1002",NA,90387,4216,"15-19 years","female",21,14810,"Education",232.997085571289,232.997085571289,"public.transport",0.416666666666667,19.41,"weekday",2,"15 to 19",">10km","public.transport",19.41,0.416666666666667,2.91666666666667,2.91666666666667
"90387/1002",NA,90387,4216,"15-19 years","female",21,14811,"Education",232.997085571289,232.997085571289,"walking",0.0833333333333333,0.56,"weekday",2,"15 to 19","<1km","walking",0.56,0.0833333333333333,0.583333333333333,0.583333333333333
"90387/1003",NA,90387,4217,"20-24 years","female",21,14812,"Work",251.227233886719,251.227233886719,"walking",0.116666666666667,0.87,"weekday",1,"20 to 39","<1km","walking",0.87,0.116666666666667,0.816666666666667,0.816666666666667
"90387/1003",NA,90387,4217,"20-24 years","female",21,14813,"Work",251.227233886719,251.227233886719,"walking",0.116666666666667,0.87,"weekday",2,"20 to 39","<1km","walking",0.87,0.116666666666667,0.816666666666667,0.816666666666667
"90390/1000",NA,90390,4218,"60-64 years","female",21,14814,"Work",166.379119873047,166.379119873047,"car",0.583333333333333,29.13,"weekday",1,"40 to 64",">10km","car",29.13,0.583333333333333,4.08333333333333,4.08333333333333
"90390/1000",NA,90390,4218,"60-64 years","female",21,14815,"Work",166.379119873047,166.379119873047,"car",0.666666666666667,29.11,"weekday",2,"40 to 64",">10km","car",29.11,0.666666666666667,4.66666666666667,4.66666666666667
"90390/1001",NA,90390,4219,"30-34 years","female",21,14816,"Work",190.952270507812,190.952270507812,"car",0.833333333333333,46.14,"weekday",1,"20 to 39",">10km","car",46.14,0.833333333333333,5.83333333333333,5.83333333333333
"90390/1001",NA,90390,4219,"30-34 years","female",21,14817,"Work",190.952270507812,190.952270507812,"car",0.833333333333333,46.19,"weekday",2,"20 to 39",">10km","car",46.19,0.833333333333333,5.83333333333333,5.83333333333333
"90391/1000",NA,90391,4220,"25-29 years","male",21,14818,"Work",213.285980224609,213.285980224609,"car",1,24.03,"weekday",1,"20 to 39",">10km","car",24.03,1,7,7
"90391/1000",NA,90391,4220,"25-29 years","male",21,14819,"Work",213.285980224609,213.285980224609,"car",1,23.91,"weekday",2,"20 to 39",">10km","car",23.91,1,7,7
"90391/1001",NA,90391,4221,"25-29 years","female",21,14820,"Shopping",178.791854858398,178.791854858398,"car",0.333333333333333,6.42,"weekday",1,"20 to 39","6-10km","car",6.42,0.333333333333333,2.33333333333333,2.33333333333333
"90391/1001",NA,90391,4221,"25-29 years","female",21,14821,"Shopping",178.791854858398,178.791854858398,"car",0.333333333333333,4.41,"weekday",2,"20 to 39","3-5km","bicycle",4.41,0.400909090909091,2.33333333333333,2.80636363636364
"90392/1000",NA,90392,4222,"35-39 years","female",21,14822,"Other",205.37922668457,205.37922668457,"car",0.0833333333333333,1.79,"weekday",1,"20 to 39","1-2km","bicycle",1.79,0.162727272727273,0.583333333333333,1.13909090909091
"90392/1000",NA,90392,4222,"35-39 years","female",21,14823,"Other",205.37922668457,205.37922668457,"car",0.05,0.72,"weekday",2,"20 to 39","<1km","bicycle",0.72,0.0654545454545454,0.35,0.458181818181818
"90392/1000",NA,90392,4222,"35-39 years","female",21,14824,"Other",205.37922668457,205.37922668457,"car",0.05,1.55,"weekday",3,"20 to 39","1-2km","bicycle",1.55,0.140909090909091,0.35,0.986363636363636
"90392/1000",NA,90392,4222,"35-39 years","female",21,14825,"Work",205.37922668457,205.37922668457,"car",0.25,14.07,"weekday",4,"20 to 39",">10km","car",14.07,0.25,1.75,1.75
"90392/1000",NA,90392,4222,"35-39 years","female",21,14826,"Other",205.37922668457,205.37922668457,"car",0.333333333333333,14.49,"weekday",5,"20 to 39",">10km","car",14.49,0.333333333333333,2.33333333333333,2.33333333333333
"90392/1000",NA,90392,4222,"35-39 years","female",21,14827,"Other",205.37922668457,205.37922668457,"car",0.0333333333333333,1.55,"weekday",6,"20 to 39","1-2km","bicycle",1.55,0.140909090909091,0.233333333333333,0.986363636363636
"90393/1001",NA,90393,4223,"50-54 years","male",21,14828,"Shopping",117.728157043457,117.728157043457,"car",0.05,1.16,"weekday",1,"40 to 64","1-2km","bicycle",1.16,0.105454545454545,0.35,0.738181818181818
"90393/1001",NA,90393,4223,"50-54 years","male",21,14829,"Shopping",117.728157043457,117.728157043457,"car",0.0666666666666667,1.16,"weekday",2,"40 to 64","1-2km","bicycle",1.16,0.105454545454545,0.466666666666667,0.738181818181818
"90395/1000",NA,90395,4224,"75-79 years","male",21,14830,"Shopping",121.247848510742,121.247848510742,"car",0.0833333333333333,1.04,"weekday",1,"65 plus","1-2km","bicycle",1.04,0.0945454545454545,0.583333333333333,0.661818181818182
"90395/1000",NA,90395,4224,"75-79 years","male",21,14831,"Shopping",121.247848510742,121.247848510742,"car",0.0833333333333333,1.14,"weekday",2,"65 plus","1-2km","bicycle",1.14,0.103636363636364,0.583333333333333,0.725454545454545
"90395/1001",NA,90395,4225,"75-79 years","female",21,14832,"Shopping",102.54719543457,102.54719543457,"car",0.0833333333333333,1.04,"weekday",1,"65 plus","1-2km","bicycle",1.04,0.0945454545454545,0.583333333333333,0.661818181818182
"90395/1001",NA,90395,4225,"75-79 years","female",21,14833,"Shopping",102.54719543457,102.54719543457,"car",0.0833333333333333,1.14,"weekday",2,"65 plus","1-2km","bicycle",1.14,0.103636363636364,0.583333333333333,0.725454545454545
"90396/1001",NA,90396,4226,"30-34 years","female",21,14834,"Work",190.952270507812,190.952270507812,"car",0.25,6.69,"weekday",1,"20 to 39","6-10km","car",6.69,0.25,1.75,1.75
"90396/1001",NA,90396,4226,"30-34 years","female",21,14835,"Work",190.952270507812,190.952270507812,"car",0.25,4.71,"weekday",2,"20 to 39","3-5km","bicycle",4.71,0.428181818181818,1.75,2.99727272727273
"90397/1000",NA,90397,4227,"30-34 years","female",21,14836,"Other",190.952270507812,190.952270507812,"car",0.05,1.11,"weekday",1,"20 to 39","1-2km","bicycle",1.11,0.100909090909091,0.35,0.706363636363636
"90397/1000",NA,90397,4227,"30-34 years","female",21,14837,"Other",190.952270507812,190.952270507812,"car",0.05,1.31,"weekday",2,"20 to 39","1-2km","bicycle",1.31,0.119090909090909,0.35,0.833636363636364
"90397/1000",NA,90397,4227,"30-34 years","female",21,14838,"Shopping",190.952270507812,190.952270507812,"car",0.0833333333333333,0.95,"weekday",3,"20 to 39","<1km","bicycle",0.95,0.0863636363636364,0.583333333333333,0.604545454545454
"90397/1000",NA,90397,4227,"30-34 years","female",21,14839,"Shopping",190.952270507812,190.952270507812,"car",0.0666666666666667,0.98,"weekday",4,"20 to 39","<1km","bicycle",0.98,0.0890909090909091,0.466666666666667,0.623636363636364
"90397/1000",NA,90397,4227,"30-34 years","female",21,14840,"Other",190.952270507812,190.952270507812,"car",0.05,1.11,"weekday",5,"20 to 39","1-2km","bicycle",1.11,0.100909090909091,0.35,0.706363636363636
"90397/1000",NA,90397,4227,"30-34 years","female",21,14841,"Other",190.952270507812,190.952270507812,"car",0.0666666666666667,1.31,"weekday",6,"20 to 39","1-2km","bicycle",1.31,0.119090909090909,0.466666666666667,0.833636363636364
"90398/1000",NA,90398,4228,"35-39 years","male",21,14842,"Work",148.682647705078,148.682647705078,"car",1,47.65,"weekday",1,"20 to 39",">10km","car",47.65,1,7,7
"90398/1000",NA,90398,4228,"35-39 years","male",21,14843,"Work",148.682647705078,148.682647705078,"car",1.41666666666667,47.01,"weekday",2,"20 to 39",">10km","car",47.01,1.41666666666667,9.91666666666667,9.91666666666667
"90398/1001",NA,90398,4229,"30-34 years","female",21,14844,"Work",190.952270507812,190.952270507812,"car",0.883333333333333,25.2,"weekday",1,"20 to 39",">10km","car",25.2,0.883333333333333,6.18333333333333,6.18333333333333
"90398/1001",NA,90398,4229,"30-34 years","female",21,14845,"Work",190.952270507812,190.952270507812,"car",0.733333333333333,25.25,"weekday",2,"20 to 39",">10km","car",25.25,0.733333333333333,5.13333333333333,5.13333333333333
"90399/1000",NA,90399,4230,"25-29 years","male",21,14846,"Work",262.777618408203,262.777618408203,"car",0.5,23.64,"weekday",1,"20 to 39",">10km","car",23.64,0.5,3.5,3.5
"90399/1000",NA,90399,4230,"25-29 years","male",21,14847,"Work",262.777618408203,262.777618408203,"car",0.416666666666667,23.47,"weekday",2,"20 to 39",">10km","car",23.47,0.416666666666667,2.91666666666667,2.91666666666667
"90400/1000",NA,90400,4231,"45-49 years","male",21,14848,"Work",108.944473266602,108.944473266602,"car",1,56.43,"weekday",1,"40 to 64",">10km","car",56.43,1,7,7
"90400/1000",NA,90400,4231,"45-49 years","male",21,14849,"Leisure",108.944473266602,108.944473266602,"car",1.25,48.33,"weekday",2,"40 to 64",">10km","car",48.33,1.25,8.75,8.75
"90400/1000",NA,90400,4231,"45-49 years","male",21,14850,"Leisure",108.944473266602,108.944473266602,"car",0.5,11.66,"weekday",3,"40 to 64",">10km","car",11.66,0.5,3.5,3.5
"90401/1000",NA,90401,4232,"30-34 years","male",21,14851,"Other",145.704574584961,145.704574584961,"car",0.7,16.79,"weekday",1,"20 to 39",">10km","car",16.79,0.7,4.9,4.9
"90401/1000",NA,90401,4232,"30-34 years","male",21,14852,"Other",145.704574584961,145.704574584961,"car",0.4,16.07,"weekday",2,"20 to 39",">10km","car",16.07,0.4,2.8,2.8
"90401/1000",NA,90401,4232,"30-34 years","male",21,14853,"Shopping",145.704574584961,145.704574584961,"car",0.0833333333333333,1.77,"weekday",3,"20 to 39","1-2km","bicycle",1.77,0.160909090909091,0.583333333333333,1.12636363636364
"90401/1000",NA,90401,4232,"30-34 years","male",21,14854,"Shopping",145.704574584961,145.704574584961,"car",0.1,1.75,"weekday",4,"20 to 39","1-2km","bicycle",1.75,0.159090909090909,0.7,1.11363636363636
"90401/1000",NA,90401,4232,"30-34 years","male",21,14855,"Shopping",145.704574584961,145.704574584961,"car",0.133333333333333,2.23,"weekday",5,"20 to 39","3-5km","bicycle",2.23,0.202727272727273,0.933333333333333,1.41909090909091
"90401/1000",NA,90401,4232,"30-34 years","male",21,14856,"Shopping",145.704574584961,145.704574584961,"car",0.0666666666666667,2.27,"weekday",6,"20 to 39","3-5km","bicycle",2.27,0.206363636363636,0.466666666666667,1.44454545454545
"90401/1001",NA,90401,4233,"30-34 years","female",21,14857,"Work",111.729713439941,111.729713439941,"car",0.4,7.9,"weekday",1,"20 to 39","6-10km","car",7.9,0.4,2.8,2.8
"90401/1001",NA,90401,4233,"30-34 years","female",21,14858,"Work",111.729713439941,111.729713439941,"car",0.416666666666667,7.85,"weekday",2,"20 to 39","6-10km","car",7.85,0.416666666666667,2.91666666666667,2.91666666666667
"90402/1000",NA,90402,4234,"30-34 years","male",21,14859,"Work",94.9313201904297,94.9313201904297,"car",1,51.22,"weekday",1,"20 to 39",">10km","car",51.22,1,7,7
"90402/1000",NA,90402,4234,"30-34 years","male",21,14860,"Work",94.9313201904297,94.9313201904297,"car",0.983333333333333,51.04,"weekday",2,"20 to 39",">10km","car",51.04,0.983333333333333,6.88333333333333,6.88333333333333
"90402/1001",NA,90402,4235,"30-34 years","female",21,14861,"Leisure",72.7955856323242,72.7955856323242,"walking",0.416666666666667,1.04,"weekday",1,"20 to 39","1-2km","walking",1.04,0.416666666666667,2.91666666666667,2.91666666666667
"90402/1001",NA,90402,4235,"30-34 years","female",21,14862,"Leisure",72.7955856323242,72.7955856323242,"walking",0.333333333333333,1.04,"weekday",2,"20 to 39","1-2km","walking",1.04,0.333333333333333,2.33333333333333,2.33333333333333
"90404/1000",NA,90404,4236,"25-29 years","male",21,14863,"Work",117.837989807129,117.837989807129,"car",0.416666666666667,21.33,"weekday",1,"20 to 39",">10km","car",21.33,0.416666666666667,2.91666666666667,2.91666666666667
"90404/1000",NA,90404,4236,"25-29 years","male",21,14864,"Work",117.837989807129,117.837989807129,"car",0.75,21.46,"weekday",2,"20 to 39",">10km","car",21.46,0.75,5.25,5.25
"90404/1001",NA,90404,4237,"25-29 years","female",21,14865,"Other",131.627136230469,131.627136230469,"car",0.166666666666667,2.34,"weekday",1,"20 to 39","3-5km","bicycle",2.34,0.212727272727273,1.16666666666667,1.48909090909091
"90404/1001",NA,90404,4237,"25-29 years","female",21,14866,"Other",131.627136230469,131.627136230469,"car",0.166666666666667,2.33,"weekday",2,"20 to 39","3-5km","bicycle",2.33,0.211818181818182,1.16666666666667,1.48272727272727
"90404/1001",NA,90404,4237,"25-29 years","female",21,14867,"Other",131.627136230469,131.627136230469,"car",0.25,2.34,"weekday",3,"20 to 39","3-5km","bicycle",2.34,0.212727272727273,1.75,1.48909090909091
"90404/1001",NA,90404,4237,"25-29 years","female",21,14868,"Other",131.627136230469,131.627136230469,"car",0.25,2.33,"weekday",4,"20 to 39","3-5km","bicycle",2.33,0.211818181818182,1.75,1.48272727272727
"90406/1000",NA,90406,4238,"55-59 years","male",21,14869,"Work",86.312614440918,86.312614440918,"car",0.25,4.52,"weekday",1,"40 to 64","3-5km","bicycle",4.52,0.410909090909091,1.75,2.87636363636364
"90406/1000",NA,90406,4238,"55-59 years","male",21,14870,"Work",86.312614440918,86.312614440918,"car",0.25,4.45,"weekday",2,"40 to 64","3-5km","bicycle",4.45,0.404545454545455,1.75,2.83181818181818
"90406/1000",NA,90406,4238,"55-59 years","male",21,14871,"Work",86.312614440918,86.312614440918,"car",0.75,22.01,"weekday",3,"40 to 64",">10km","car",22.01,0.75,5.25,5.25
"90406/1000",NA,90406,4238,"55-59 years","male",21,14872,"Work",86.312614440918,86.312614440918,"car",0.75,22.04,"weekday",4,"40 to 64",">10km","car",22.04,0.75,5.25,5.25
"90406/1001",NA,90406,4239,"45-49 years","female",21,14873,"Work",83.8268890380859,83.8268890380859,"car",0.5,6.51,"weekday",1,"40 to 64","6-10km","car",6.51,0.5,3.5,3.5
"90406/1001",NA,90406,4239,"45-49 years","female",21,14874,"Work",83.8268890380859,83.8268890380859,"car",0.25,6.18,"weekday",2,"40 to 64","6-10km","car",6.18,0.25,1.75,1.75
"90407/1000",NA,90407,4240,"65-69 years","male",21,14875,"Other",133.418899536133,133.418899536133,"car",0.35,12.78,"weekday",1,"65 plus",">10km","car",12.78,0.35,2.45,2.45
"90407/1000",NA,90407,4240,"65-69 years","male",21,14876,"Other",133.418899536133,133.418899536133,"car",0.333333333333333,12.56,"weekday",2,"65 plus",">10km","car",12.56,0.333333333333333,2.33333333333333,2.33333333333333
"90407/1001",NA,90407,4241,"60-64 years","female",21,14877,"Leisure",126.074600219727,126.074600219727,"car",0.266666666666667,3.11,"weekday",1,"40 to 64","3-5km","bicycle",3.11,0.282727272727273,1.86666666666667,1.97909090909091
"90407/1001",NA,90407,4241,"60-64 years","female",21,14878,"Shopping",126.074600219727,126.074600219727,"car",0.0833333333333333,3.67,"weekday",2,"40 to 64","3-5km","bicycle",3.67,0.333636363636364,0.583333333333333,2.33545454545455
"90407/1001",NA,90407,4241,"60-64 years","female",21,14879,"Shopping",126.074600219727,126.074600219727,"car",0.166666666666667,1.84,"weekday",3,"40 to 64","1-2km","bicycle",1.84,0.167272727272727,1.16666666666667,1.17090909090909
"90407/1001",NA,90407,4241,"60-64 years","female",21,14880,"Other",126.074600219727,126.074600219727,"car",0.333333333333333,6.39,"weekday",4,"40 to 64","6-10km","car",6.39,0.333333333333333,2.33333333333333,2.33333333333333
"90407/1001",NA,90407,4241,"60-64 years","female",21,14881,"Other",126.074600219727,126.074600219727,"car",0.25,4.83,"weekday",5,"40 to 64","3-5km","bicycle",4.83,0.439090909090909,1.75,3.07363636363636
"90407/1001",NA,90407,4241,"60-64 years","female",21,14882,"Other",126.074600219727,126.074600219727,"car",0.0833333333333333,0.91,"weekday",6,"40 to 64","<1km","bicycle",0.91,0.0827272727272727,0.583333333333333,0.579090909090909
"90407/1001",NA,90407,4241,"60-64 years","female",21,14883,"Leisure",126.074600219727,126.074600219727,"car",0.216666666666667,6.9,"weekday",7,"40 to 64","6-10km","car",6.9,0.216666666666667,1.51666666666667,1.51666666666667
"90407/1001",NA,90407,4241,"60-64 years","female",21,14884,"Leisure",126.074600219727,126.074600219727,"car",0.5,16.9,"weekday",8,"40 to 64",">10km","car",16.9,0.5,3.5,3.5
"90407/1002",NA,90407,4242,"35-39 years","female",21,14885,"Other",101.994979858398,101.994979858398,"car",0.166666666666667,2.21,"weekday",1,"20 to 39","3-5km","bicycle",2.21,0.200909090909091,1.16666666666667,1.40636363636364
"90407/1002",NA,90407,4242,"35-39 years","female",21,14886,"Work",101.994979858398,101.994979858398,"car",0.266666666666667,7.05,"weekday",2,"20 to 39","6-10km","car",7.05,0.266666666666667,1.86666666666667,1.86666666666667
"90407/1002",NA,90407,4242,"35-39 years","female",21,14887,"Other",101.994979858398,101.994979858398,"car",0.333333333333333,7.04,"weekday",3,"20 to 39","6-10km","car",7.04,0.333333333333333,2.33333333333333,2.33333333333333
"90407/1002",NA,90407,4242,"35-39 years","female",21,14888,"Other",101.994979858398,101.994979858398,"car",0.166666666666667,2.21,"weekday",4,"20 to 39","3-5km","bicycle",2.21,0.200909090909091,1.16666666666667,1.40636363636364
"90409/1000",NA,90409,4243,"65-69 years","male",21,14889,"Leisure",91.5599975585938,91.5599975585938,"car",0.5,20.24,"weekday",1,"65 plus",">10km","car",20.24,0.5,3.5,3.5
"90409/1000",NA,90409,4243,"65-69 years","male",21,14890,"Leisure",91.5599975585938,91.5599975585938,"car",0.583333333333333,20.12,"weekday",2,"65 plus",">10km","car",20.12,0.583333333333333,4.08333333333333,4.08333333333333
"90409/1001",NA,90409,4244,"65-69 years","female",21,14891,"Leisure",86.0002593994141,86.0002593994141,"car",0.5,20.24,"weekday",1,"65 plus",">10km","car",20.24,0.5,3.5,3.5
"90409/1001",NA,90409,4244,"65-69 years","female",21,14892,"Leisure",86.0002593994141,86.0002593994141,"car",0.583333333333333,20.12,"weekday",2,"65 plus",">10km","car",20.12,0.583333333333333,4.08333333333333,4.08333333333333
"90411/1000",NA,90411,4245,"40-44 years","male",21,14893,"Work",121.04647064209,121.04647064209,"car",0.5,17.4,"weekday",1,"40 to 64",">10km","car",17.4,0.5,3.5,3.5
"90411/1000",NA,90411,4245,"40-44 years","male",21,14894,"Other",121.04647064209,121.04647064209,"car",0.416666666666667,16.14,"weekday",2,"40 to 64",">10km","car",16.14,0.416666666666667,2.91666666666667,2.91666666666667
"90411/1000",NA,90411,4245,"40-44 years","male",21,14895,"Other",121.04647064209,121.04647064209,"car",0.333333333333333,2.88,"weekday",3,"40 to 64","3-5km","bicycle",2.88,0.261818181818182,2.33333333333333,1.83272727272727
"90411/1001",NA,90411,4246,"40-44 years","female",21,14896,"Work",113.294410705566,113.294410705566,"car",0.75,28.61,"weekday",1,"40 to 64",">10km","car",28.61,0.75,5.25,5.25
"90411/1001",NA,90411,4246,"40-44 years","female",21,14897,"Work",113.294410705566,113.294410705566,"car",0.666666666666667,28.6,"weekday",2,"40 to 64",">10km","car",28.6,0.666666666666667,4.66666666666667,4.66666666666667
"90411/1001",NA,90411,4246,"40-44 years","female",21,14898,"Other",113.294410705566,113.294410705566,"car",0.166666666666667,2.03,"weekday",3,"40 to 64","3-5km","bicycle",2.03,0.184545454545455,1.16666666666667,1.29181818181818
"90411/1001",NA,90411,4246,"40-44 years","female",21,14899,"Other",113.294410705566,113.294410705566,"car",0.166666666666667,2.29,"weekday",4,"40 to 64","3-5km","bicycle",2.29,0.208181818181818,1.16666666666667,1.45727272727273
"90411/1002",NA,90411,4247,"15-19 years","male",21,14900,"Education",162.666137695312,162.666137695312,"walking",0.166666666666667,1.62,"weekday",1,"15 to 19","1-2km","walking",1.62,0.166666666666667,1.16666666666667,1.16666666666667
"90411/1002",NA,90411,4247,"15-19 years","male",21,14901,"Education",162.666137695312,162.666137695312,"walking",0.333333333333333,1.62,"weekday",2,"15 to 19","1-2km","walking",1.62,0.333333333333333,2.33333333333333,2.33333333333333
"90411/1003",NA,90411,4248,"15-19 years","female",21,14902,"Education",100.53645324707,100.53645324707,"walking",0.166666666666667,1.62,"weekday",1,"15 to 19","1-2km","walking",1.62,0.166666666666667,1.16666666666667,1.16666666666667
"90411/1003",NA,90411,4248,"15-19 years","female",21,14903,"Education",100.53645324707,100.53645324707,"walking",0.333333333333333,1.62,"weekday",2,"15 to 19","1-2km","walking",1.62,0.333333333333333,2.33333333333333,2.33333333333333
"90411/1003",NA,90411,4248,"15-19 years","female",21,14904,"Other",100.53645324707,100.53645324707,"car",0.166666666666667,2.03,"weekday",3,"15 to 19","3-5km","bicycle",2.03,0.184545454545455,1.16666666666667,1.29181818181818
"90411/1003",NA,90411,4248,"15-19 years","female",21,14905,"Other",100.53645324707,100.53645324707,"car",0.166666666666667,2.29,"weekday",4,"15 to 19","3-5km","bicycle",2.29,0.208181818181818,1.16666666666667,1.45727272727273
"90416/1000",NA,90416,4249,"30-34 years","male",21,14906,"Work",94.9313201904297,94.9313201904297,"car",0.666666666666667,25.48,"weekday",1,"20 to 39",">10km","car",25.48,0.666666666666667,4.66666666666667,4.66666666666667
"90416/1000",NA,90416,4249,"30-34 years","male",21,14907,"Work",94.9313201904297,94.9313201904297,"car",1,25.33,"weekday",2,"20 to 39",">10km","car",25.33,1,7,7
"90416/1001",NA,90416,4250,"25-29 years","male",21,14908,"Work",80.8674468994141,80.8674468994141,"car",0.666666666666667,25.48,"weekday",1,"20 to 39",">10km","car",25.48,0.666666666666667,4.66666666666667,4.66666666666667
"90416/1001",NA,90416,4250,"25-29 years","male",21,14909,"Work",80.8674468994141,80.8674468994141,"car",1,25.33,"weekday",2,"20 to 39",">10km","car",25.33,1,7,7
"90417/1000",NA,90417,4251,"45-49 years","male",21,14910,"Work",131.999420166016,131.999420166016,"car",0.166666666666667,2.78,"weekday",1,"40 to 64","3-5km","bicycle",2.78,0.252727272727273,1.16666666666667,1.76909090909091
"90417/1000",NA,90417,4251,"45-49 years","male",21,14911,"Work",131.999420166016,131.999420166016,"car",0.25,4.13,"weekday",2,"40 to 64","3-5km","bicycle",4.13,0.375454545454545,1.75,2.62818181818182
"90417/1000",NA,90417,4251,"45-49 years","male",21,14912,"Leisure",131.999420166016,131.999420166016,"car",0.283333333333333,4,"weekday",3,"40 to 64","3-5km","bicycle",4,0.363636363636364,1.98333333333333,2.54545454545455
"90417/1000",NA,90417,4251,"45-49 years","male",21,14913,"Leisure",131.999420166016,131.999420166016,"car",0.0833333333333333,4.12,"weekday",4,"40 to 64","3-5km","bicycle",4.12,0.374545454545455,0.583333333333333,2.62181818181818
"90420/1001",NA,90420,4252,"50-54 years","male",21,14914,"Shopping",76.2739486694336,76.2739486694336,"car",0.133333333333333,4.38,"weekday",1,"40 to 64","3-5km","bicycle",4.38,0.398181818181818,0.933333333333333,2.78727272727273
"90420/1001",NA,90420,4252,"50-54 years","male",21,14915,"Shopping",76.2739486694336,76.2739486694336,"car",0.0833333333333333,2.57,"weekday",2,"40 to 64","3-5km","bicycle",2.57,0.233636363636364,0.583333333333333,1.63545454545455
"90423/1000",NA,90423,4253,"55-59 years","female",21,14916,"Other",145.776504516602,145.776504516602,"car",0.166666666666667,1.16,"weekday",1,"40 to 64","1-2km","bicycle",1.16,0.105454545454545,1.16666666666667,0.738181818181818
"90423/1000",NA,90423,4253,"55-59 years","female",21,14917,"Shopping",145.776504516602,145.776504516602,"car",0.0833333333333333,0.7,"weekday",2,"40 to 64","<1km","bicycle",0.7,0.0636363636363636,0.583333333333333,0.445454545454545
"90423/1000",NA,90423,4253,"55-59 years","female",21,14918,"Other",145.776504516602,145.776504516602,"car",0.0833333333333333,0.96,"weekday",3,"40 to 64","<1km","bicycle",0.96,0.0872727272727273,0.583333333333333,0.610909090909091
"90423/1000",NA,90423,4253,"55-59 years","female",21,14919,"Shopping",145.776504516602,145.776504516602,"car",0.133333333333333,1.36,"weekday",4,"40 to 64","1-2km","bicycle",1.36,0.123636363636364,0.933333333333333,0.865454545454545
"90423/1000",NA,90423,4253,"55-59 years","female",21,14920,"Shopping",145.776504516602,145.776504516602,"car",0.166666666666667,1.39,"weekday",5,"40 to 64","1-2km","bicycle",1.39,0.126363636363636,1.16666666666667,0.884545454545454
"90423/1001",NA,90423,4254,"25-29 years","male",21,14921,"Work",124.118743896484,124.118743896484,"car",1,69.3,"weekday",1,"20 to 39",">10km","car",69.3,1,7,7
"90423/1001",NA,90423,4254,"25-29 years","male",21,14922,"Other",124.118743896484,124.118743896484,"car",1,69.51,"weekday",2,"20 to 39",">10km","car",69.51,1,7,7
"90423/1002",NA,90423,4255,"20-24 years","male",21,14923,"Other",179.940673828125,179.940673828125,"car",0.166666666666667,1.16,"weekday",1,"20 to 39","1-2km","bicycle",1.16,0.105454545454545,1.16666666666667,0.738181818181818
"90423/1002",NA,90423,4255,"20-24 years","male",21,14924,"Shopping",179.940673828125,179.940673828125,"car",0.0833333333333333,0.7,"weekday",2,"20 to 39","<1km","bicycle",0.7,0.0636363636363636,0.583333333333333,0.445454545454545
"90423/1002",NA,90423,4255,"20-24 years","male",21,14925,"Other",179.940673828125,179.940673828125,"car",0.0833333333333333,0.96,"weekday",3,"20 to 39","<1km","bicycle",0.96,0.0872727272727273,0.583333333333333,0.610909090909091
"90423/1002",NA,90423,4255,"20-24 years","male",21,14926,"Shopping",179.940673828125,179.940673828125,"car",0.133333333333333,1.36,"weekday",4,"20 to 39","1-2km","bicycle",1.36,0.123636363636364,0.933333333333333,0.865454545454545
"90423/1002",NA,90423,4255,"20-24 years","male",21,14927,"Shopping",179.940673828125,179.940673828125,"car",0.166666666666667,1.39,"weekday",5,"20 to 39","1-2km","bicycle",1.39,0.126363636363636,1.16666666666667,0.884545454545454
"90425/1000",NA,90425,4256,"45-49 years","male",21,14928,"Work",125.319877624512,125.319877624512,"car",0.5,22.39,"weekday",1,"40 to 64",">10km","car",22.39,0.5,3.5,3.5
"90425/1000",NA,90425,4256,"45-49 years","male",21,14929,"Other",125.319877624512,125.319877624512,"car",0.75,23.78,"weekday",2,"40 to 64",">10km","car",23.78,0.75,5.25,5.25
"90425/1000",NA,90425,4256,"45-49 years","male",21,14930,"Other",125.319877624512,125.319877624512,"car",0.0833333333333333,2.21,"weekday",3,"40 to 64","3-5km","bicycle",2.21,0.200909090909091,0.583333333333333,1.40636363636364
"90425/1001",NA,90425,4257,"45-49 years","female",21,14931,"Work",122.150421142578,122.150421142578,"car",0.5,22.39,"weekday",1,"40 to 64",">10km","car",22.39,0.5,3.5,3.5
"90425/1001",NA,90425,4257,"45-49 years","female",21,14932,"Work",122.150421142578,122.150421142578,"car",0.75,23.78,"weekday",2,"40 to 64",">10km","car",23.78,0.75,5.25,5.25
"90425/1001",NA,90425,4257,"45-49 years","female",21,14933,"Work",122.150421142578,122.150421142578,"car",0.0833333333333333,2.21,"weekday",3,"40 to 64","3-5km","bicycle",2.21,0.200909090909091,0.583333333333333,1.40636363636364
"90426/1000",NA,90426,4258,"60-64 years","female",21,14934,"Other",109.600570678711,109.600570678711,"car",0.5,12.6,"weekday",1,"40 to 64",">10km","car",12.6,0.5,3.5,3.5
"90426/1000",NA,90426,4258,"60-64 years","female",21,14935,"Other",109.600570678711,109.600570678711,"car",0.25,12.58,"weekday",2,"40 to 64",">10km","car",12.58,0.25,1.75,1.75
"90428/1000",NA,90428,4259,"50-54 years","female",21,14936,"Shopping",69.2914581298828,69.2914581298828,"car",0.5,11.81,"weekday",1,"40 to 64",">10km","car",11.81,0.5,3.5,3.5
"90428/1000",NA,90428,4259,"50-54 years","female",21,14937,"Shopping",69.2914581298828,69.2914581298828,"car",0.25,6.66,"weekday",2,"40 to 64","6-10km","car",6.66,0.25,1.75,1.75
"90428/1000",NA,90428,4259,"50-54 years","female",21,14938,"Shopping",69.2914581298828,69.2914581298828,"car",0.416666666666667,4.39,"weekday",3,"40 to 64","3-5km","bicycle",4.39,0.399090909090909,2.91666666666667,2.79363636363636
"90428/1000",NA,90428,4259,"50-54 years","female",21,14939,"Shopping",69.2914581298828,69.2914581298828,"car",0.5,11.93,"weekday",4,"40 to 64",">10km","car",11.93,0.5,3.5,3.5
"90428/1000",NA,90428,4259,"50-54 years","female",21,14940,"Shopping",69.2914581298828,69.2914581298828,"car",0.75,22.01,"weekday",5,"40 to 64",">10km","car",22.01,0.75,5.25,5.25
"90428/1000",NA,90428,4259,"50-54 years","female",21,14941,"Shopping",69.2914581298828,69.2914581298828,"car",0.766666666666667,22.32,"weekday",6,"40 to 64",">10km","car",22.32,0.766666666666667,5.36666666666667,5.36666666666667
"90493/1001",NA,90493,4260,"60-64 years","male",21,14942,"Work",311.600738525391,311.600738525391,"car",0.166666666666667,2.67,"weekday",1,"40 to 64","3-5km","bicycle",2.67,0.242727272727273,1.16666666666667,1.69909090909091
"90493/1001",NA,90493,4260,"60-64 years","male",21,14944,"Work",311.600738525391,311.600738525391,"car",0.183333333333333,3.17,"weekday",3,"40 to 64","3-5km","bicycle",3.17,0.288181818181818,1.28333333333333,2.01727272727273
"90493/1001",NA,90493,4260,"60-64 years","male",21,14946,"Work",311.600738525391,311.600738525391,"car",0.166666666666667,2.86,"weekday",5,"40 to 64","3-5km","bicycle",2.86,0.26,1.16666666666667,1.82
"90493/1002",NA,90493,4261,"40-44 years","female",21,14947,"Work",460.510681152344,460.510681152344,"car",0.166666666666667,1.73,"weekday",1,"40 to 64","1-2km","bicycle",1.73,0.157272727272727,1.16666666666667,1.10090909090909
"90493/1002",NA,90493,4261,"40-44 years","female",21,14948,"Work",460.510681152344,460.510681152344,"public.transport",1.25,52.37,"weekday",1,"40 to 64",">10km","public.transport",52.37,1.25,8.75,8.75
"90493/1002",NA,90493,4261,"40-44 years","female",21,14949,"Work",460.510681152344,460.510681152344,"walking",0.166666666666667,0.37,"weekday",1,"40 to 64","<1km","walking",0.37,0.166666666666667,1.16666666666667,1.16666666666667
"90493/1002",NA,90493,4261,"40-44 years","female",21,14950,"Work",460.510681152344,460.510681152344,"walking",0.166666666666667,0.37,"weekday",2,"40 to 64","<1km","walking",0.37,0.166666666666667,1.16666666666667,1.16666666666667
"90493/1002",NA,90493,4261,"40-44 years","female",21,14951,"Work",460.510681152344,460.510681152344,"public.transport",1.16666666666667,52.37,"weekday",2,"40 to 64",">10km","public.transport",52.37,1.16666666666667,8.16666666666667,8.16666666666667
"90493/1002",NA,90493,4261,"40-44 years","female",21,14952,"Work",460.510681152344,460.510681152344,"car",0.0833333333333333,1.77,"weekday",2,"40 to 64","1-2km","bicycle",1.77,0.160909090909091,0.583333333333333,1.12636363636364
"90495/1000",NA,90495,4262,"30-34 years","female",21,14953,"Work",698.810424804688,698.810424804688,"car",0.166666666666667,2.92,"weekday",1,"20 to 39","3-5km","bicycle",2.92,0.265454545454545,1.16666666666667,1.85818181818182
"90495/1000",NA,90495,4262,"30-34 years","female",21,14954,"Work",698.810424804688,698.810424804688,"car",0.133333333333333,3.02,"weekday",2,"20 to 39","3-5km","bicycle",3.02,0.274545454545455,0.933333333333333,1.92181818181818
"90495/1001",NA,90495,4263,"40-44 years","male",21,14955,"Other",500.453094482422,500.453094482422,"car",0.166666666666667,2.92,"weekday",1,"40 to 64","3-5km","bicycle",2.92,0.265454545454545,1.16666666666667,1.85818181818182
"90495/1001",NA,90495,4263,"40-44 years","male",21,14956,"Other",500.453094482422,500.453094482422,"car",0.116666666666667,3.02,"weekday",2,"40 to 64","3-5km","bicycle",3.02,0.274545454545455,0.816666666666667,1.92181818181818
"90495/1001",NA,90495,4263,"40-44 years","male",21,14957,"Other",500.453094482422,500.453094482422,"walking",0.166666666666667,0.61,"weekday",3,"40 to 64","<1km","walking",0.61,0.166666666666667,1.16666666666667,1.16666666666667
"90495/1001",NA,90495,4263,"40-44 years","male",21,14958,"Other",500.453094482422,500.453094482422,"walking",0.0833333333333333,0.61,"weekday",4,"40 to 64","<1km","walking",0.61,0.0833333333333333,0.583333333333333,0.583333333333333
"90495/1001",NA,90495,4263,"40-44 years","male",21,14959,"Other",500.453094482422,500.453094482422,"walking",0.166666666666667,0.61,"weekday",5,"40 to 64","<1km","walking",0.61,0.166666666666667,1.16666666666667,1.16666666666667
"90495/1001",NA,90495,4263,"40-44 years","male",21,14960,"Other",500.453094482422,500.453094482422,"walking",0.216666666666667,0.61,"weekday",6,"40 to 64","<1km","walking",0.61,0.216666666666667,1.51666666666667,1.51666666666667
"90495/1001",NA,90495,4263,"40-44 years","male",21,14961,"Other",500.453094482422,500.453094482422,"car",0.133333333333333,2.79,"weekday",7,"40 to 64","3-5km","bicycle",2.79,0.253636363636364,0.933333333333333,1.77545454545455
"90495/1001",NA,90495,4263,"40-44 years","male",21,14962,"Other",500.453094482422,500.453094482422,"car",0.15,2.85,"weekday",8,"40 to 64","3-5km","bicycle",2.85,0.259090909090909,1.05,1.81363636363636
"90495/1001",NA,90495,4263,"40-44 years","male",21,14963,"Shopping",500.453094482422,500.453094482422,"car",0.05,0.41,"weekday",9,"40 to 64","<1km","bicycle",0.41,0.0372727272727273,0.35,0.260909090909091
"90495/1001",NA,90495,4263,"40-44 years","male",21,14964,"Shopping",500.453094482422,500.453094482422,"car",0.05,0.41,"weekday",10,"40 to 64","<1km","bicycle",0.41,0.0372727272727273,0.35,0.260909090909091
"90496/1000",NA,90496,4264,"45-49 years","female",21,14965,"Shopping",184.702865600586,184.702865600586,"car",0.166666666666667,1.13,"weekday",1,"40 to 64","1-2km","bicycle",1.13,0.102727272727273,1.16666666666667,0.719090909090909
"90496/1000",NA,90496,4264,"45-49 years","female",21,14966,"Leisure",184.702865600586,184.702865600586,"car",0.25,2.05,"weekday",2,"40 to 64","3-5km","bicycle",2.05,0.186363636363636,1.75,1.30454545454545
"90496/1000",NA,90496,4264,"45-49 years","female",21,14967,"Leisure",184.702865600586,184.702865600586,"car",0.25,2.86,"weekday",3,"40 to 64","3-5km","bicycle",2.86,0.26,1.75,1.82
"90496/1001",NA,90496,4265,"15-19 years","male",21,14968,"Education",153.236953735352,153.236953735352,"walking",0.333333333333333,0.58,"weekday",1,"15 to 19","<1km","walking",0.58,0.333333333333333,2.33333333333333,2.33333333333333
"90496/1001",NA,90496,4265,"15-19 years","male",21,14969,"Education",153.236953735352,153.236953735352,"walking",0.25,0.58,"weekday",2,"15 to 19","<1km","walking",0.58,0.25,1.75,1.75
"90497/1001",NA,90497,4266,"25-29 years","male",21,14970,"Shopping",442.651611328125,442.651611328125,"walking",0.166666666666667,0.14,"weekday",1,"20 to 39","<1km","walking",0.14,0.166666666666667,1.16666666666667,1.16666666666667
"90497/1001",NA,90497,4266,"25-29 years","male",21,14971,"Shopping",442.651611328125,442.651611328125,"walking",0.283333333333333,0.14,"weekday",2,"20 to 39","<1km","walking",0.14,0.283333333333333,1.98333333333333,1.98333333333333
"90505/1000",NA,90505,4267,"70-74 years","male",21,14972,"Work",194.17448425293,194.17448425293,"car",1,56.41,"weekday",1,"65 plus",">10km","car",56.41,1,7,7
"90505/1000",NA,90505,4267,"70-74 years","male",21,14973,"Work",194.17448425293,194.17448425293,"car",1.16666666666667,56.47,"weekday",2,"65 plus",">10km","car",56.47,1.16666666666667,8.16666666666667,8.16666666666667
"90508/1000",NA,90508,4268,"55-59 years","female",21,14974,"Shopping",179.280990600586,179.280990600586,"car",0.166666666666667,1.03,"weekday",1,"40 to 64","1-2km","bicycle",1.03,0.0936363636363636,1.16666666666667,0.655454545454546
"90508/1000",NA,90508,4268,"55-59 years","female",21,14975,"Shopping",179.280990600586,179.280990600586,"car",0.166666666666667,1.03,"weekday",2,"40 to 64","1-2km","bicycle",1.03,0.0936363636363636,1.16666666666667,0.655454545454546
"90508/1001",NA,90508,4269,"15-19 years","male",21,14976,"Work",153.236953735352,153.236953735352,"car",0.25,2.84,"weekday",1,"15 to 19","3-5km","bicycle",2.84,0.258181818181818,1.75,1.80727272727273
"90508/1001",NA,90508,4269,"15-19 years","male",21,14977,"Work",153.236953735352,153.236953735352,"car",1.25,76.95,"weekday",1,"15 to 19",">10km","car",76.95,1.25,8.75,8.75
"90508/1001",NA,90508,4269,"15-19 years","male",21,14978,"Work",153.236953735352,153.236953735352,"car",2,74.24,"weekday",2,"15 to 19",">10km","car",74.24,2,14,14
"90508/1001",NA,90508,4269,"15-19 years","male",21,14979,"Leisure",153.236953735352,153.236953735352,"car",0.25,2.84,"weekday",3,"15 to 19","3-5km","bicycle",2.84,0.258181818181818,1.75,1.80727272727273
"90508/1001",NA,90508,4269,"15-19 years","male",21,14980,"Leisure",153.236953735352,153.236953735352,"car",0.25,2.84,"weekday",4,"15 to 19","3-5km","bicycle",2.84,0.258181818181818,1.75,1.80727272727273
"90509/1000",NA,90509,4270,"65-69 years","male",21,14981,"Other",151.590209960938,151.590209960938,"car",0.116666666666667,1.76,"weekday",1,"65 plus","1-2km","bicycle",1.76,0.16,0.816666666666667,1.12
"90509/1000",NA,90509,4270,"65-69 years","male",21,14982,"Other",151.590209960938,151.590209960938,"car",0.0666666666666667,1.79,"weekday",2,"65 plus","1-2km","bicycle",1.79,0.162727272727273,0.466666666666667,1.13909090909091
"90509/1000",NA,90509,4270,"65-69 years","male",21,14983,"Other",151.590209960938,151.590209960938,"car",0.133333333333333,1.76,"weekday",3,"65 plus","1-2km","bicycle",1.76,0.16,0.933333333333333,1.12
"90509/1000",NA,90509,4270,"65-69 years","male",21,14984,"Other",151.590209960938,151.590209960938,"car",0.0833333333333333,1.79,"weekday",4,"65 plus","1-2km","bicycle",1.79,0.162727272727273,0.583333333333333,1.13909090909091
"90509/1001",NA,90509,4271,"55-59 years","female",21,14985,"Work",179.280990600586,179.280990600586,"car",0.116666666666667,1.76,"weekday",1,"40 to 64","1-2km","bicycle",1.76,0.16,0.816666666666667,1.12
"90509/1001",NA,90509,4271,"55-59 years","female",21,14986,"Work",179.280990600586,179.280990600586,"public.transport",0.766666666666667,46.46,"weekday",1,"40 to 64",">10km","public.transport",46.46,0.766666666666667,5.36666666666667,5.36666666666667
"90509/1001",NA,90509,4271,"55-59 years","female",21,14987,"Work",179.280990600586,179.280990600586,"walking",0.166666666666667,0.75,"weekday",1,"40 to 64","<1km","walking",0.75,0.166666666666667,1.16666666666667,1.16666666666667
"90509/1001",NA,90509,4271,"55-59 years","female",21,14988,"Work",179.280990600586,179.280990600586,"walking",0.166666666666667,0.75,"weekday",2,"40 to 64","<1km","walking",0.75,0.166666666666667,1.16666666666667,1.16666666666667
"90509/1001",NA,90509,4271,"55-59 years","female",21,14989,"Work",179.280990600586,179.280990600586,"public.transport",0.733333333333333,46.46,"weekday",2,"40 to 64",">10km","public.transport",46.46,0.733333333333333,5.13333333333333,5.13333333333333
"90509/1001",NA,90509,4271,"55-59 years","female",21,14990,"Work",179.280990600586,179.280990600586,"car",0.0833333333333333,1.79,"weekday",2,"40 to 64","1-2km","bicycle",1.79,0.162727272727273,0.583333333333333,1.13909090909091
"90513/1000",NA,90513,4272,"50-54 years","male",21,14991,"Work",184.872970581055,184.872970581055,"car",0.233333333333333,2.33,"weekday",1,"40 to 64","3-5km","bicycle",2.33,0.211818181818182,1.63333333333333,1.48272727272727
"90513/1000",NA,90513,4272,"50-54 years","male",21,14992,"Work",184.872970581055,184.872970581055,"car",12.25,941.71,"weekday",2,"40 to 64",">10km","car",941.71,12.25,85.75,85.75
"90514/1000",NA,90514,4274,"70-74 years","male",21,14999,"Leisure",152.162673950195,152.162673950195,"bicycle",0.333333333333333,2.65,"weekday",1,"65 plus","3-5km","bicycle",2.65,0.333333333333333,2.33333333333333,2.33333333333333
"90514/1000",NA,90514,4274,"70-74 years","male",21,15000,"Leisure",152.162673950195,152.162673950195,"bicycle",0.35,2.65,"weekday",2,"65 plus","3-5km","bicycle",2.65,0.35,2.45,2.45
"90518/1002",NA,90518,4275,"25-29 years","male",21,15001,"Work",704.755065917969,704.755065917969,"car",1.25,51.39,"weekday",1,"20 to 39",">10km","car",51.39,1.25,8.75,8.75
"90518/1002",NA,90518,4275,"25-29 years","male",21,15002,"Work",704.755065917969,704.755065917969,"car",0.75,13.95,"weekday",2,"20 to 39",">10km","car",13.95,0.75,5.25,5.25
"90518/1002",NA,90518,4275,"25-29 years","male",21,15003,"Work",704.755065917969,704.755065917969,"car",1.16666666666667,39.08,"weekday",3,"20 to 39",">10km","car",39.08,1.16666666666667,8.16666666666667,8.16666666666667
"90522/1000",NA,90522,4276,"40-44 years","male",21,15004,"Other",554.12841796875,554.12841796875,"car",0.166666666666667,2.73,"weekday",1,"40 to 64","3-5km","bicycle",2.73,0.248181818181818,1.16666666666667,1.73727272727273
"90522/1000",NA,90522,4276,"40-44 years","male",21,15005,"Work",554.12841796875,554.12841796875,"car",0.0166666666666667,0.86,"weekday",2,"40 to 64","<1km","bicycle",0.86,0.0781818181818182,0.116666666666667,0.547272727272727
"90522/1000",NA,90522,4276,"40-44 years","male",21,15006,"Work",554.12841796875,554.12841796875,"public.transport",0.816666666666667,22.41,"weekday",2,"40 to 64",">10km","public.transport",22.41,0.816666666666667,5.71666666666667,5.71666666666667
"90522/1000",NA,90522,4276,"40-44 years","male",21,15007,"Work",554.12841796875,554.12841796875,"walking",0.05,0.37,"weekday",2,"40 to 64","<1km","walking",0.37,0.05,0.35,0.35
"90522/1000",NA,90522,4276,"40-44 years","male",21,15008,"Shopping",554.12841796875,554.12841796875,"walking",0.25,0.53,"weekday",3,"40 to 64","<1km","walking",0.53,0.25,1.75,1.75
"90522/1000",NA,90522,4276,"40-44 years","male",21,15009,"Work",554.12841796875,554.12841796875,"walking",0.15,0.53,"weekday",4,"40 to 64","<1km","walking",0.53,0.15,1.05,1.05
"90522/1000",NA,90522,4276,"40-44 years","male",21,15010,"Leisure",554.12841796875,554.12841796875,"walking",0.133333333333333,0.37,"weekday",5,"40 to 64","<1km","walking",0.37,0.133333333333333,0.933333333333333,0.933333333333333
"90522/1000",NA,90522,4276,"40-44 years","male",21,15011,"Leisure",554.12841796875,554.12841796875,"public.transport",0.766666666666667,22.41,"weekday",5,"40 to 64",">10km","public.transport",22.41,0.766666666666667,5.36666666666667,5.36666666666667
"90522/1000",NA,90522,4276,"40-44 years","male",21,15012,"Leisure",554.12841796875,554.12841796875,"car",0.15,3.9,"weekday",5,"40 to 64","3-5km","bicycle",3.9,0.354545454545455,1.05,2.48181818181818
"90522/1000",NA,90522,4276,"40-44 years","male",21,15013,"Leisure",554.12841796875,554.12841796875,"car",0.216666666666667,2.23,"weekday",6,"40 to 64","3-5km","bicycle",2.23,0.202727272727273,1.51666666666667,1.41909090909091
"90522/1000",NA,90522,4276,"40-44 years","male",21,15014,"Leisure",554.12841796875,554.12841796875,"walking",0.133333333333333,0.56,"weekday",7,"40 to 64","<1km","walking",0.56,0.133333333333333,0.933333333333333,0.933333333333333
"90522/1000",NA,90522,4276,"40-44 years","male",21,15015,"Leisure",554.12841796875,554.12841796875,"walking",0.166666666666667,0.56,"weekday",8,"40 to 64","<1km","walking",0.56,0.166666666666667,1.16666666666667,1.16666666666667
"90522/1001",NA,90522,4277,"35-39 years","female",21,15016,"Other",563.662841796875,563.662841796875,"car",0.133333333333333,2.73,"weekday",1,"20 to 39","3-5km","bicycle",2.73,0.248181818181818,0.933333333333333,1.73727272727273
"90522/1001",NA,90522,4277,"35-39 years","female",21,15017,"Other",563.662841796875,563.662841796875,"car",0.266666666666667,2.73,"weekday",2,"20 to 39","3-5km","bicycle",2.73,0.248181818181818,1.86666666666667,1.73727272727273
"90522/1001",NA,90522,4277,"35-39 years","female",21,15018,"Leisure",563.662841796875,563.662841796875,"car",0.0833333333333333,2.23,"weekday",3,"20 to 39","3-5km","bicycle",2.23,0.202727272727273,0.583333333333333,1.41909090909091
"90522/1001",NA,90522,4277,"35-39 years","female",21,15019,"Leisure",563.662841796875,563.662841796875,"car",0.166666666666667,2.23,"weekday",4,"20 to 39","3-5km","bicycle",2.23,0.202727272727273,1.16666666666667,1.41909090909091
"90522/1001",NA,90522,4277,"35-39 years","female",21,15020,"Shopping",563.662841796875,563.662841796875,"car",0.166666666666667,2.85,"weekday",5,"20 to 39","3-5km","bicycle",2.85,0.259090909090909,1.16666666666667,1.81363636363636
"90522/1001",NA,90522,4277,"35-39 years","female",21,15021,"Shopping",563.662841796875,563.662841796875,"car",0.216666666666667,2.85,"weekday",6,"20 to 39","3-5km","bicycle",2.85,0.259090909090909,1.51666666666667,1.81363636363636
"90523/1000",NA,90523,4278,"45-49 years","male",21,15022,"Work",552.430297851562,552.430297851562,"car",0.833333333333333,30.25,"weekday",1,"40 to 64",">10km","car",30.25,0.833333333333333,5.83333333333333,5.83333333333333
"90523/1000",NA,90523,4278,"45-49 years","male",21,15023,"Work",552.430297851562,552.430297851562,"car",1.16666666666667,30.7,"weekday",2,"40 to 64",">10km","car",30.7,1.16666666666667,8.16666666666667,8.16666666666667
"90523/1000",NA,90523,4278,"45-49 years","male",21,15024,"Shopping",552.430297851562,552.430297851562,"car",0.233333333333333,3.18,"weekday",3,"40 to 64","3-5km","bicycle",3.18,0.289090909090909,1.63333333333333,2.02363636363636
"90523/1000",NA,90523,4278,"45-49 years","male",21,15025,"Shopping",552.430297851562,552.430297851562,"car",0.25,3.18,"weekday",4,"40 to 64","3-5km","bicycle",3.18,0.289090909090909,1.75,2.02363636363636
"90529/1000",NA,90529,4279,"70-74 years","male",21,15026,"Leisure",572.870300292969,572.870300292969,"car",0.333333333333333,17.89,"weekday",1,"65 plus",">10km","car",17.89,0.333333333333333,2.33333333333333,2.33333333333333
"90529/1000",NA,90529,4279,"70-74 years","male",21,15027,"Leisure",572.870300292969,572.870300292969,"car",0.5,17.65,"weekday",2,"65 plus",">10km","car",17.65,0.5,3.5,3.5
"90529/1001",NA,90529,4280,"35-39 years","female",21,15028,"Work",813.797668457031,813.797668457031,"car",0.25,2.68,"weekday",1,"20 to 39","3-5km","bicycle",2.68,0.243636363636364,1.75,1.70545454545455
"90529/1001",NA,90529,4280,"35-39 years","female",21,15029,"Work",813.797668457031,813.797668457031,"car",0.233333333333333,2.68,"weekday",2,"20 to 39","3-5km","bicycle",2.68,0.243636363636364,1.63333333333333,1.70545454545455
"90529/1002",NA,90529,4281,"25-29 years","female",21,15030,"Work",1591.18872070312,1591.18872070312,"car",0.166666666666667,2.83,"weekday",1,"20 to 39","3-5km","bicycle",2.83,0.257272727272727,1.16666666666667,1.80090909090909
"90529/1002",NA,90529,4281,"25-29 years","female",21,15031,"Work",1591.18872070312,1591.18872070312,"car",0.25,2.83,"weekday",2,"20 to 39","3-5km","bicycle",2.83,0.257272727272727,1.75,1.80090909090909
"90532/1000",NA,90532,4282,"75-79 years","male",21,15032,"Shopping",388.227874755859,388.227874755859,"car",0.25,2.44,"weekday",1,"65 plus","3-5km","bicycle",2.44,0.221818181818182,1.75,1.55272727272727
"90532/1000",NA,90532,4282,"75-79 years","male",21,15033,"Shopping",388.227874755859,388.227874755859,"car",0.25,2.47,"weekday",2,"65 plus","3-5km","bicycle",2.47,0.224545454545455,1.75,1.57181818181818
"90532/1001",NA,90532,4283,"70-74 years","female",21,15034,"Shopping",498.595764160156,498.595764160156,"walking",0.333333333333333,0.43,"weekday",1,"65 plus","<1km","walking",0.43,0.333333333333333,2.33333333333333,2.33333333333333
"90532/1001",NA,90532,4283,"70-74 years","female",21,15035,"Shopping",498.595764160156,498.595764160156,"walking",0.25,1.17,"weekday",2,"65 plus","1-2km","walking",1.17,0.25,1.75,1.75
"90532/1001",NA,90532,4283,"70-74 years","female",21,15036,"Shopping",498.595764160156,498.595764160156,"walking",0.333333333333333,0.76,"weekday",3,"65 plus","<1km","walking",0.76,0.333333333333333,2.33333333333333,2.33333333333333
"90532/1001",NA,90532,4283,"70-74 years","female",21,15037,"Shopping",498.595764160156,498.595764160156,"walking",0.25,0.31,"weekday",4,"65 plus","<1km","walking",0.31,0.25,1.75,1.75
"90532/1001",NA,90532,4283,"70-74 years","female",21,15038,"Shopping",498.595764160156,498.595764160156,"walking",0.25,0.31,"weekday",5,"65 plus","<1km","walking",0.31,0.25,1.75,1.75
"90532/1002",NA,90532,4284,"40-44 years","female",21,15039,"Shopping",647.70849609375,647.70849609375,"walking",0.333333333333333,0.43,"weekday",1,"40 to 64","<1km","walking",0.43,0.333333333333333,2.33333333333333,2.33333333333333
"90532/1002",NA,90532,4284,"40-44 years","female",21,15040,"Shopping",647.70849609375,647.70849609375,"walking",0.25,1.17,"weekday",2,"40 to 64","1-2km","walking",1.17,0.25,1.75,1.75
"90532/1002",NA,90532,4284,"40-44 years","female",21,15041,"Shopping",647.70849609375,647.70849609375,"walking",0.333333333333333,0.76,"weekday",3,"40 to 64","<1km","walking",0.76,0.333333333333333,2.33333333333333,2.33333333333333
"90532/1002",NA,90532,4284,"40-44 years","female",21,15042,"Shopping",647.70849609375,647.70849609375,"walking",0.25,0.31,"weekday",4,"40 to 64","<1km","walking",0.31,0.25,1.75,1.75
"90532/1002",NA,90532,4284,"40-44 years","female",21,15043,"Shopping",647.70849609375,647.70849609375,"walking",0.25,0.31,"weekday",5,"40 to 64","<1km","walking",0.31,0.25,1.75,1.75
"90536/1000",NA,90536,4285,"55-59 years","female",21,15044,"Leisure",568.320922851562,568.320922851562,"car",0.05,1.18,"weekday",1,"40 to 64","1-2km","bicycle",1.18,0.107272727272727,0.35,0.750909090909091
"90536/1000",NA,90536,4285,"55-59 years","female",21,15045,"Leisure",568.320922851562,568.320922851562,"car",0.0666666666666667,1.18,"weekday",2,"40 to 64","1-2km","bicycle",1.18,0.107272727272727,0.466666666666667,0.750909090909091
"90536/1000",NA,90536,4285,"55-59 years","female",21,15046,"Shopping",568.320922851562,568.320922851562,"car",0.25,2.88,"weekday",3,"40 to 64","3-5km","bicycle",2.88,0.261818181818182,1.75,1.83272727272727
"90536/1000",NA,90536,4285,"55-59 years","female",21,15047,"Leisure",568.320922851562,568.320922851562,"car",0.0833333333333333,3.6,"weekday",4,"40 to 64","3-5km","bicycle",3.6,0.327272727272727,0.583333333333333,2.29090909090909
"90536/1000",NA,90536,4285,"55-59 years","female",21,15048,"Leisure",568.320922851562,568.320922851562,"car",0.166666666666667,2.56,"weekday",5,"40 to 64","3-5km","bicycle",2.56,0.232727272727273,1.16666666666667,1.62909090909091
"90536/1000",NA,90536,4285,"55-59 years","female",21,15049,"Other",568.320922851562,568.320922851562,"car",0.0833333333333333,2.28,"weekday",6,"40 to 64","3-5km","bicycle",2.28,0.207272727272727,0.583333333333333,1.45090909090909
"90536/1000",NA,90536,4285,"55-59 years","female",21,15050,"Other",568.320922851562,568.320922851562,"car",0.0833333333333333,2.28,"weekday",7,"40 to 64","3-5km","bicycle",2.28,0.207272727272727,0.583333333333333,1.45090909090909
"90537/1000",NA,90537,4286,"75-79 years","male",21,15051,"Shopping",319.961029052734,319.961029052734,"car",0.133333333333333,2.53,"weekday",1,"65 plus","3-5km","bicycle",2.53,0.23,0.933333333333333,1.61
"90537/1000",NA,90537,4286,"75-79 years","male",21,15052,"Shopping",319.961029052734,319.961029052734,"car",0.116666666666667,2.53,"weekday",2,"65 plus","3-5km","bicycle",2.53,0.23,0.816666666666667,1.61
"90537/1000",NA,90537,4286,"75-79 years","male",21,15053,"Other",319.961029052734,319.961029052734,"car",0.0833333333333333,1.35,"weekday",3,"65 plus","1-2km","bicycle",1.35,0.122727272727273,0.583333333333333,0.859090909090909
"90537/1000",NA,90537,4286,"75-79 years","male",21,15054,"Shopping",319.961029052734,319.961029052734,"walking",0.0666666666666667,0.3,"weekday",4,"65 plus","<1km","walking",0.3,0.0666666666666667,0.466666666666667,0.466666666666667
"90537/1000",NA,90537,4286,"75-79 years","male",21,15055,"Shopping",319.961029052734,319.961029052734,"walking",0.0666666666666667,0.09,"weekday",5,"65 plus","<1km","walking",0.09,0.0666666666666667,0.466666666666667,0.466666666666667
"90537/1000",NA,90537,4286,"75-79 years","male",21,15056,"Shopping",319.961029052734,319.961029052734,"car",0.0833333333333333,1.58,"weekday",5,"65 plus","1-2km","bicycle",1.58,0.143636363636364,0.583333333333333,1.00545454545455
"90537/1001",NA,90537,4287,"70-74 years","female",21,15057,"Shopping",410.921569824219,410.921569824219,"car",0.133333333333333,2.53,"weekday",1,"65 plus","3-5km","bicycle",2.53,0.23,0.933333333333333,1.61
"90537/1001",NA,90537,4287,"70-74 years","female",21,15058,"Shopping",410.921569824219,410.921569824219,"car",0.116666666666667,2.53,"weekday",2,"65 plus","3-5km","bicycle",2.53,0.23,0.816666666666667,1.61
"90537/1001",NA,90537,4287,"70-74 years","female",21,15059,"Other",410.921569824219,410.921569824219,"car",0.116666666666667,2.02,"weekday",3,"65 plus","3-5km","bicycle",2.02,0.183636363636364,0.816666666666667,1.28545454545455
"90537/1001",NA,90537,4287,"70-74 years","female",21,15060,"Leisure",410.921569824219,410.921569824219,"car",0.566666666666667,17.96,"weekday",4,"65 plus",">10km","car",17.96,0.566666666666667,3.96666666666667,3.96666666666667
"90537/1001",NA,90537,4287,"70-74 years","female",21,15061,"Leisure",410.921569824219,410.921569824219,"car",0.633333333333333,16.44,"weekday",5,"65 plus",">10km","car",16.44,0.633333333333333,4.43333333333333,4.43333333333333
"90537/1001",NA,90537,4287,"70-74 years","female",21,15062,"Other",410.921569824219,410.921569824219,"car",0.0833333333333333,1.35,"weekday",6,"65 plus","1-2km","bicycle",1.35,0.122727272727273,0.583333333333333,0.859090909090909
"90537/1001",NA,90537,4287,"70-74 years","female",21,15063,"Shopping",410.921569824219,410.921569824219,"walking",0.0666666666666667,0.3,"weekday",7,"65 plus","<1km","walking",0.3,0.0666666666666667,0.466666666666667,0.466666666666667
"90537/1001",NA,90537,4287,"70-74 years","female",21,15064,"Shopping",410.921569824219,410.921569824219,"walking",0.0666666666666667,0.09,"weekday",8,"65 plus","<1km","walking",0.09,0.0666666666666667,0.466666666666667,0.466666666666667
"90537/1001",NA,90537,4287,"70-74 years","female",21,15065,"Shopping",410.921569824219,410.921569824219,"car",0.0833333333333333,1.58,"weekday",8,"65 plus","1-2km","bicycle",1.58,0.143636363636364,0.583333333333333,1.00545454545455
"90538/1000",NA,90538,4288,"45-49 years","female",21,15066,"Other",661.040344238281,661.040344238281,"car",0.166666666666667,2.97,"weekday",1,"40 to 64","3-5km","bicycle",2.97,0.27,1.16666666666667,1.89
"90538/1000",NA,90538,4288,"45-49 years","female",21,15067,"Other",661.040344238281,661.040344238281,"car",0.15,2.97,"weekday",2,"40 to 64","3-5km","bicycle",2.97,0.27,1.05,1.89
"90538/1000",NA,90538,4288,"45-49 years","female",21,15068,"Other",661.040344238281,661.040344238281,"car",0.116666666666667,2.97,"weekday",3,"40 to 64","3-5km","bicycle",2.97,0.27,0.816666666666667,1.89
"90538/1000",NA,90538,4288,"45-49 years","female",21,15069,"Other",661.040344238281,661.040344238281,"car",0.133333333333333,2.97,"weekday",4,"40 to 64","3-5km","bicycle",2.97,0.27,0.933333333333333,1.89
"90538/1000",NA,90538,4288,"45-49 years","female",21,15070,"Other",661.040344238281,661.040344238281,"car",0.116666666666667,2.97,"weekday",5,"40 to 64","3-5km","bicycle",2.97,0.27,0.816666666666667,1.89
"90538/1000",NA,90538,4288,"45-49 years","female",21,15071,"Other",661.040344238281,661.040344238281,"car",0.183333333333333,2.97,"weekday",6,"40 to 64","3-5km","bicycle",2.97,0.27,1.28333333333333,1.89
"90538/1002",NA,90538,4289,"15-19 years","male",21,15072,"Other",609.817321777344,609.817321777344,"car",0.166666666666667,2.97,"weekday",1,"15 to 19","3-5km","bicycle",2.97,0.27,1.16666666666667,1.89
"90538/1002",NA,90538,4289,"15-19 years","male",21,15073,"Other",609.817321777344,609.817321777344,"car",0.15,2.97,"weekday",2,"15 to 19","3-5km","bicycle",2.97,0.27,1.05,1.89
"90538/1002",NA,90538,4289,"15-19 years","male",21,15074,"Education",609.817321777344,609.817321777344,"car",0.116666666666667,2.97,"weekday",3,"15 to 19","3-5km","bicycle",2.97,0.27,0.816666666666667,1.89
"90538/1002",NA,90538,4289,"15-19 years","male",21,15075,"Education",609.817321777344,609.817321777344,"car",0.183333333333333,2.97,"weekday",4,"15 to 19","3-5km","bicycle",2.97,0.27,1.28333333333333,1.89
"90539/1000",NA,90539,4290,"55-59 years","male",21,15076,"Work",532.142456054688,532.142456054688,"car",0.5,14.17,"weekday",1,"40 to 64",">10km","car",14.17,0.5,3.5,3.5
"90539/1000",NA,90539,4290,"55-59 years","male",21,15077,"Work",532.142456054688,532.142456054688,"car",0.5,13.97,"weekday",2,"40 to 64",">10km","car",13.97,0.5,3.5,3.5
"90539/1001",NA,90539,4291,"55-59 years","female",21,15078,"Work",504.977630615234,504.977630615234,"walking",0.166666666666667,0.77,"weekday",1,"40 to 64","<1km","walking",0.77,0.166666666666667,1.16666666666667,1.16666666666667
"90539/1001",NA,90539,4291,"55-59 years","female",21,15079,"Work",504.977630615234,504.977630615234,"public.transport",1,24.08,"weekday",1,"40 to 64",">10km","public.transport",24.08,1,7,7
"90539/1001",NA,90539,4291,"55-59 years","female",21,15080,"Work",504.977630615234,504.977630615234,"walking",0.25,0.64,"weekday",1,"40 to 64","<1km","walking",0.64,0.25,1.75,1.75
"90539/1001",NA,90539,4291,"55-59 years","female",21,15081,"Work",504.977630615234,504.977630615234,"walking",0.166666666666667,0.64,"weekday",2,"40 to 64","<1km","walking",0.64,0.166666666666667,1.16666666666667,1.16666666666667
"90539/1001",NA,90539,4291,"55-59 years","female",21,15082,"Work",504.977630615234,504.977630615234,"public.transport",1,24.08,"weekday",2,"40 to 64",">10km","public.transport",24.08,1,7,7
"90539/1001",NA,90539,4291,"55-59 years","female",21,15083,"Work",504.977630615234,504.977630615234,"walking",0.133333333333333,0.77,"weekday",2,"40 to 64","<1km","walking",0.77,0.133333333333333,0.933333333333333,0.933333333333333
"90539/1002",NA,90539,4292,"25-29 years","male",21,15084,"Work",1056.84216308594,1056.84216308594,"car",0.833333333333333,52.29,"weekday",1,"20 to 39",">10km","car",52.29,0.833333333333333,5.83333333333333,5.83333333333333
"90539/1002",NA,90539,4292,"25-29 years","male",21,15085,"Work",1056.84216308594,1056.84216308594,"car",0.75,51.94,"weekday",2,"20 to 39",">10km","car",51.94,0.75,5.25,5.25
"90542/1000",NA,90542,4293,"70-74 years","female",21,15086,"Leisure",444.963592529297,444.963592529297,"car",0.0833333333333333,4.76,"weekday",1,"65 plus","3-5km","bicycle",4.76,0.432727272727273,0.583333333333333,3.02909090909091
"90542/1000",NA,90542,4293,"70-74 years","female",21,15087,"Shopping",444.963592529297,444.963592529297,"car",0.25,11.94,"weekday",2,"65 plus",">10km","car",11.94,0.25,1.75,1.75
"90542/1000",NA,90542,4293,"70-74 years","female",21,15088,"Leisure",444.963592529297,444.963592529297,"car",0.333333333333333,11.77,"weekday",3,"65 plus",">10km","car",11.77,0.333333333333333,2.33333333333333,2.33333333333333
"90542/1000",NA,90542,4293,"70-74 years","female",21,15089,"Leisure",444.963592529297,444.963592529297,"car",0.333333333333333,4.81,"weekday",4,"65 plus","3-5km","bicycle",4.81,0.437272727272727,2.33333333333333,3.06090909090909
"90543/1000",NA,90543,4294,"65-69 years","female",21,15090,"Other",304.822784423828,304.822784423828,"car",0.25,4.08,"weekday",1,"65 plus","3-5km","bicycle",4.08,0.370909090909091,1.75,2.59636363636364
"90543/1000",NA,90543,4294,"65-69 years","female",21,15091,"Other",304.822784423828,304.822784423828,"car",0.333333333333333,5.42,"weekday",2,"65 plus","6-10km","car",5.42,0.333333333333333,2.33333333333333,2.33333333333333
"90543/1000",NA,90543,4294,"65-69 years","female",21,15092,"Shopping",304.822784423828,304.822784423828,"car",0.166666666666667,2.19,"weekday",3,"65 plus","3-5km","bicycle",2.19,0.199090909090909,1.16666666666667,1.39363636363636
"90543/1000",NA,90543,4294,"65-69 years","female",21,15093,"Shopping",304.822784423828,304.822784423828,"car",0.166666666666667,2.59,"weekday",4,"65 plus","3-5km","bicycle",2.59,0.235454545454545,1.16666666666667,1.64818181818182
"90543/1000",NA,90543,4294,"65-69 years","female",21,15094,"Leisure",304.822784423828,304.822784423828,"car",0.333333333333333,21.83,"weekday",5,"65 plus",">10km","car",21.83,0.333333333333333,2.33333333333333,2.33333333333333
"90543/1000",NA,90543,4294,"65-69 years","female",21,15095,"Shopping",304.822784423828,304.822784423828,"car",0.5,10.6,"weekday",6,"65 plus",">10km","car",10.6,0.5,3.5,3.5
"90543/1000",NA,90543,4294,"65-69 years","female",21,15096,"Shopping",304.822784423828,304.822784423828,"car",0.5,11.17,"weekday",7,"65 plus",">10km","car",11.17,0.5,3.5,3.5
"90543/1001",NA,90543,4295,"65-69 years","male",21,15097,"Other",351.451293945312,351.451293945312,"car",0.166666666666667,1.24,"weekday",1,"65 plus","1-2km","bicycle",1.24,0.112727272727273,1.16666666666667,0.789090909090909
"90543/1001",NA,90543,4295,"65-69 years","male",21,15098,"Other",351.451293945312,351.451293945312,"public.transport",0.5,16.2,"weekday",1,"65 plus",">10km","public.transport",16.2,0.5,3.5,3.5
"90543/1001",NA,90543,4295,"65-69 years","male",21,15099,"Other",351.451293945312,351.451293945312,"walking",0.216666666666667,0.85,"weekday",1,"65 plus","<1km","walking",0.85,0.216666666666667,1.51666666666667,1.51666666666667
"90543/1001",NA,90543,4295,"65-69 years","male",21,15100,"Leisure",351.451293945312,351.451293945312,"car",0.0333333333333333,0.3,"weekday",2,"65 plus","<1km","bicycle",0.3,0.0272727272727273,0.233333333333333,0.190909090909091
"90543/1001",NA,90543,4295,"65-69 years","male",21,15101,"Leisure",351.451293945312,351.451293945312,"car",0.75,14.32,"weekday",3,"65 plus",">10km","car",14.32,0.75,5.25,5.25
"90544/1000",NA,90544,4296,"70-74 years","male",21,15102,"Other",368.036743164062,368.036743164062,"car",0.333333333333333,5.63,"weekday",1,"65 plus","6-10km","car",5.63,0.333333333333333,2.33333333333333,2.33333333333333
"90544/1000",NA,90544,4296,"70-74 years","male",21,15103,"Other",368.036743164062,368.036743164062,"car",0.416666666666667,5.61,"weekday",2,"65 plus","6-10km","car",5.61,0.416666666666667,2.91666666666667,2.91666666666667
"90544/1001",NA,90544,4297,"70-74 years","female",21,15104,"Leisure",410.921569824219,410.921569824219,"car",0.333333333333333,5.63,"weekday",1,"65 plus","6-10km","car",5.63,0.333333333333333,2.33333333333333,2.33333333333333
"90544/1001",NA,90544,4297,"70-74 years","female",21,15105,"Leisure",410.921569824219,410.921569824219,"car",0.416666666666667,5.61,"weekday",2,"65 plus","6-10km","car",5.61,0.416666666666667,2.91666666666667,2.91666666666667
"90546/1000",NA,90546,4298,"65-69 years","female",21,15106,"Work",330.075256347656,330.075256347656,"car",0.416666666666667,8.32,"weekday",1,"65 plus","6-10km","car",8.32,0.416666666666667,2.91666666666667,2.91666666666667
"90546/1000",NA,90546,4298,"65-69 years","female",21,15107,"Work",330.075256347656,330.075256347656,"car",0.5,7.75,"weekday",2,"65 plus","6-10km","car",7.75,0.5,3.5,3.5
"90548/1000",NA,90548,4299,"35-39 years","male",21,15108,"Work",754.537231445312,754.537231445312,"car",0.333333333333333,16.2,"weekday",1,"20 to 39",">10km","car",16.2,0.333333333333333,2.33333333333333,2.33333333333333
"90548/1000",NA,90548,4299,"35-39 years","male",21,15109,"Work",754.537231445312,754.537231445312,"car",0.416666666666667,16.53,"weekday",2,"20 to 39",">10km","car",16.53,0.416666666666667,2.91666666666667,2.91666666666667
"90548/1001",NA,90548,4300,"30-34 years","female",21,15110,"Other",808.138244628906,808.138244628906,"walking",0.25,0.61,"weekday",1,"20 to 39","<1km","walking",0.61,0.25,1.75,1.75
"90548/1001",NA,90548,4300,"30-34 years","female",21,15111,"Other",808.138244628906,808.138244628906,"walking",0.25,0.61,"weekday",2,"20 to 39","<1km","walking",0.61,0.25,1.75,1.75
"90548/1001",NA,90548,4300,"30-34 years","female",21,15112,"Other",808.138244628906,808.138244628906,"walking",0.166666666666667,0.61,"weekday",3,"20 to 39","<1km","walking",0.61,0.166666666666667,1.16666666666667,1.16666666666667
"90548/1001",NA,90548,4300,"30-34 years","female",21,15113,"Other",808.138244628906,808.138244628906,"walking",0.166666666666667,0.61,"weekday",4,"20 to 39","<1km","walking",0.61,0.166666666666667,1.16666666666667,1.16666666666667
"90553/1000",NA,90553,4301,"30-34 years","male",21,15114,"Work",139.366546630859,139.366546630859,"car",0.5,23.59,"weekday",1,"20 to 39",">10km","car",23.59,0.5,3.5,3.5
"90553/1000",NA,90553,4301,"30-34 years","male",21,15115,"Work",139.366546630859,139.366546630859,"car",0.666666666666667,23.41,"weekday",2,"20 to 39",">10km","car",23.41,0.666666666666667,4.66666666666667,4.66666666666667
"90554/1000",NA,90554,4302,"80-84 years","male",21,15116,"Leisure",105.949317932129,105.949317932129,"car",0.0833333333333333,2.07,"weekday",1,"65 plus","3-5km","bicycle",2.07,0.188181818181818,0.583333333333333,1.31727272727273
"90554/1000",NA,90554,4302,"80-84 years","male",21,15117,"Leisure",105.949317932129,105.949317932129,"car",0.166666666666667,1.86,"weekday",2,"65 plus","1-2km","bicycle",1.86,0.169090909090909,1.16666666666667,1.18363636363636
"90556/1000",NA,90556,4303,"65-69 years","male",21,15118,"Leisure",168.542846679688,168.542846679688,"car",0.25,6.94,"weekday",1,"65 plus","6-10km","car",6.94,0.25,1.75,1.75
"90556/1000",NA,90556,4303,"65-69 years","male",21,15119,"Leisure",168.542846679688,168.542846679688,"car",0.25,7.2,"weekday",2,"65 plus","6-10km","car",7.2,0.25,1.75,1.75
"90557/1000",NA,90557,4304,"60-64 years","female",21,15120,"Shopping",204.986328125,204.986328125,"car",0.1,2.18,"weekday",1,"40 to 64","3-5km","bicycle",2.18,0.198181818181818,0.7,1.38727272727273
"90557/1000",NA,90557,4304,"60-64 years","female",21,15121,"Shopping",204.986328125,204.986328125,"car",0.0666666666666667,1.41,"weekday",2,"40 to 64","1-2km","bicycle",1.41,0.128181818181818,0.466666666666667,0.897272727272727
"90557/1000",NA,90557,4304,"60-64 years","female",21,15122,"Shopping",204.986328125,204.986328125,"car",0.133333333333333,2.43,"weekday",3,"40 to 64","3-5km","bicycle",2.43,0.220909090909091,0.933333333333333,1.54636363636364
"90557/1000",NA,90557,4304,"60-64 years","female",21,15123,"Other",204.986328125,204.986328125,"car",0.233333333333333,3.23,"weekday",4,"40 to 64","3-5km","bicycle",3.23,0.293636363636364,1.63333333333333,2.05545454545455
"90557/1000",NA,90557,4304,"60-64 years","female",21,15124,"Other",204.986328125,204.986328125,"car",0.133333333333333,2.79,"weekday",5,"40 to 64","3-5km","bicycle",2.79,0.253636363636364,0.933333333333333,1.77545454545455
"90559/1001",NA,90559,4305,"55-59 years","female",21,15125,"Work",124.50057220459,124.50057220459,"walking",0.416666666666667,1.71,"weekday",1,"40 to 64","1-2km","walking",1.71,0.416666666666667,2.91666666666667,2.91666666666667
"90559/1001",NA,90559,4305,"55-59 years","female",21,15126,"Work",124.50057220459,124.50057220459,"public.transport",0.7,20.02,"weekday",1,"40 to 64",">10km","public.transport",20.02,0.7,4.9,4.9
"90559/1001",NA,90559,4305,"55-59 years","female",21,15127,"Work",124.50057220459,124.50057220459,"walking",0.216666666666667,0.25,"weekday",1,"40 to 64","<1km","walking",0.25,0.216666666666667,1.51666666666667,1.51666666666667
"90559/1001",NA,90559,4305,"55-59 years","female",21,15128,"Work",124.50057220459,124.50057220459,"walking",0.25,0.25,"weekday",2,"40 to 64","<1km","walking",0.25,0.25,1.75,1.75
"90559/1001",NA,90559,4305,"55-59 years","female",21,15129,"Work",124.50057220459,124.50057220459,"public.transport",0.516666666666667,20.59,"weekday",2,"40 to 64",">10km","public.transport",20.59,0.516666666666667,3.61666666666667,3.61666666666667
"90559/1001",NA,90559,4305,"55-59 years","female",21,15130,"Work",124.50057220459,124.50057220459,"walking",0.416666666666667,1.71,"weekday",2,"40 to 64","1-2km","walking",1.71,0.416666666666667,2.91666666666667,2.91666666666667
"90560/1000",NA,90560,4306,"45-49 years","male",21,15132,"Shopping",127.12606048584,127.12606048584,"car",0.166666666666667,1.47,"weekday",2,"40 to 64","1-2km","bicycle",1.47,0.133636363636364,1.16666666666667,0.935454545454545
"90560/1000",NA,90560,4306,"45-49 years","male",21,15133,"Shopping",127.12606048584,127.12606048584,"car",0.166666666666667,1.47,"weekday",3,"40 to 64","1-2km","bicycle",1.47,0.133636363636364,1.16666666666667,0.935454545454545
"90560/1001",NA,90560,4307,"35-39 years","female",21,15134,"Work",140.541229248047,140.541229248047,"car",0.416666666666667,11.54,"weekday",1,"20 to 39",">10km","car",11.54,0.416666666666667,2.91666666666667,2.91666666666667
"90560/1001",NA,90560,4307,"35-39 years","female",21,15135,"Work",140.541229248047,140.541229248047,"car",0.416666666666667,11.78,"weekday",2,"20 to 39",">10km","car",11.78,0.416666666666667,2.91666666666667,2.91666666666667
"90560/1001",NA,90560,4307,"35-39 years","female",21,15136,"Shopping",140.541229248047,140.541229248047,"car",0.166666666666667,1.47,"weekday",3,"20 to 39","1-2km","bicycle",1.47,0.133636363636364,1.16666666666667,0.935454545454545
"90560/1001",NA,90560,4307,"35-39 years","female",21,15137,"Shopping",140.541229248047,140.541229248047,"car",0.166666666666667,1.47,"weekday",4,"20 to 39","1-2km","bicycle",1.47,0.133636363636364,1.16666666666667,0.935454545454545
"90563/1000",NA,90563,4308,"30-34 years","female",21,15138,"Other",279.047119140625,279.047119140625,"car",0.166666666666667,1.91,"weekday",1,"20 to 39","1-2km","bicycle",1.91,0.173636363636364,1.16666666666667,1.21545454545455
"90563/1000",NA,90563,4308,"30-34 years","female",21,15139,"Other",279.047119140625,279.047119140625,"car",0.0833333333333333,1.91,"weekday",2,"20 to 39","1-2km","bicycle",1.91,0.173636363636364,0.583333333333333,1.21545454545455
"90563/1000",NA,90563,4308,"30-34 years","female",21,15140,"Other",279.047119140625,279.047119140625,"car",0.0833333333333333,1.91,"weekday",3,"20 to 39","1-2km","bicycle",1.91,0.173636363636364,0.583333333333333,1.21545454545455
"90563/1000",NA,90563,4308,"30-34 years","female",21,15141,"Other",279.047119140625,279.047119140625,"car",0.116666666666667,1.91,"weekday",4,"20 to 39","1-2km","bicycle",1.91,0.173636363636364,0.816666666666667,1.21545454545455
"90564/1000",NA,90564,4309,"80-84 years","male",21,15142,"Shopping",105.949317932129,105.949317932129,"car",0.0833333333333333,1.21,"weekday",1,"65 plus","1-2km","bicycle",1.21,0.11,0.583333333333333,0.77
"90564/1000",NA,90564,4309,"80-84 years","male",21,15143,"Shopping",105.949317932129,105.949317932129,"car",0.05,0.33,"weekday",2,"65 plus","<1km","bicycle",0.33,0.03,0.35,0.21
"90564/1000",NA,90564,4309,"80-84 years","male",21,15144,"Shopping",105.949317932129,105.949317932129,"car",0.133333333333333,1.42,"weekday",3,"65 plus","1-2km","bicycle",1.42,0.129090909090909,0.933333333333333,0.903636363636364
"90568/1000",NA,90568,4310,"70-74 years","male",21,15145,"Leisure",123.979629516602,123.979629516602,"car",0.25,7.49,"weekday",1,"65 plus","6-10km","car",7.49,0.25,1.75,1.75
"90568/1000",NA,90568,4310,"70-74 years","male",21,15146,"Leisure",123.979629516602,123.979629516602,"car",0.25,7.52,"weekday",2,"65 plus","6-10km","car",7.52,0.25,1.75,1.75
"90568/1001",NA,90568,4311,"65-69 years","female",21,15147,"Leisure",129.623992919922,129.623992919922,"car",0.25,7.49,"weekday",1,"65 plus","6-10km","car",7.49,0.25,1.75,1.75
"90568/1001",NA,90568,4311,"65-69 years","female",21,15148,"Leisure",129.623992919922,129.623992919922,"car",0.25,7.52,"weekday",2,"65 plus","6-10km","car",7.52,0.25,1.75,1.75
"90569/1000",NA,90569,4312,"40-44 years","male",21,15149,"Work",260.673889160156,260.673889160156,"car",0.0833333333333333,3.54,"weekday",1,"40 to 64","3-5km","bicycle",3.54,0.321818181818182,0.583333333333333,2.25272727272727
"90569/1000",NA,90569,4312,"40-44 years","male",21,15150,"Work",260.673889160156,260.673889160156,"car",0.166666666666667,3.1,"weekday",2,"40 to 64","3-5km","bicycle",3.1,0.281818181818182,1.16666666666667,1.97272727272727
"90570/1000",NA,90570,4313,"55-59 years","female",21,15151,"Other",124.50057220459,124.50057220459,"car",0.166666666666667,6.36,"weekday",1,"40 to 64","6-10km","car",6.36,0.166666666666667,1.16666666666667,1.16666666666667
"90570/1000",NA,90570,4313,"55-59 years","female",21,15152,"Other",124.50057220459,124.50057220459,"car",0.333333333333333,7.18,"weekday",2,"40 to 64","6-10km","car",7.18,0.333333333333333,2.33333333333333,2.33333333333333
"90570/1000",NA,90570,4313,"55-59 years","female",21,15153,"Shopping",124.50057220459,124.50057220459,"car",0.25,7.3,"weekday",3,"40 to 64","6-10km","car",7.3,0.25,1.75,1.75
"90570/1000",NA,90570,4313,"55-59 years","female",21,15154,"Other",124.50057220459,124.50057220459,"car",0.0833333333333333,1.72,"weekday",4,"40 to 64","1-2km","bicycle",1.72,0.156363636363636,0.583333333333333,1.09454545454545
"90570/1000",NA,90570,4313,"55-59 years","female",21,15155,"Other",124.50057220459,124.50057220459,"car",0.25,6.33,"weekday",5,"40 to 64","6-10km","car",6.33,0.25,1.75,1.75
"90571/1000",NA,90571,4314,"30-34 years","female",21,15156,"Other",333.578796386719,333.578796386719,"car",0.166666666666667,1.56,"weekday",1,"20 to 39","1-2km","bicycle",1.56,0.141818181818182,1.16666666666667,0.992727272727273
"90571/1000",NA,90571,4314,"30-34 years","female",21,15157,"Other",333.578796386719,333.578796386719,"car",0.166666666666667,1.56,"weekday",2,"20 to 39","1-2km","bicycle",1.56,0.141818181818182,1.16666666666667,0.992727272727273
"90571/1000",NA,90571,4314,"30-34 years","female",21,15158,"Other",333.578796386719,333.578796386719,"car",0.25,2.98,"weekday",3,"20 to 39","3-5km","bicycle",2.98,0.270909090909091,1.75,1.89636363636364
"90571/1000",NA,90571,4314,"30-34 years","female",21,15159,"Other",333.578796386719,333.578796386719,"car",0.25,3.07,"weekday",4,"20 to 39","3-5km","bicycle",3.07,0.279090909090909,1.75,1.95363636363636
"90571/1000",NA,90571,4314,"30-34 years","female",21,15160,"Other",333.578796386719,333.578796386719,"car",0.5,31.13,"weekday",5,"20 to 39",">10km","car",31.13,0.5,3.5,3.5
"90571/1000",NA,90571,4314,"30-34 years","female",21,15161,"Other",333.578796386719,333.578796386719,"car",0.566666666666667,31.87,"weekday",6,"20 to 39",">10km","car",31.87,0.566666666666667,3.96666666666667,3.96666666666667
"90571/1000",NA,90571,4314,"30-34 years","female",21,15162,"Other",333.578796386719,333.578796386719,"car",0.133333333333333,1.56,"weekday",7,"20 to 39","1-2km","bicycle",1.56,0.141818181818182,0.933333333333333,0.992727272727273
"90571/1000",NA,90571,4314,"30-34 years","female",21,15163,"Other",333.578796386719,333.578796386719,"car",0.166666666666667,1.56,"weekday",8,"20 to 39","1-2km","bicycle",1.56,0.141818181818182,1.16666666666667,0.992727272727273
"90571/1001",NA,90571,4315,"30-34 years","male",21,15164,"Other",243.462539672852,243.462539672852,"car",0.5,31.13,"weekday",1,"20 to 39",">10km","car",31.13,0.5,3.5,3.5
"90571/1001",NA,90571,4315,"30-34 years","male",21,15165,"Other",243.462539672852,243.462539672852,"car",0.566666666666667,31.87,"weekday",2,"20 to 39",">10km","car",31.87,0.566666666666667,3.96666666666667,3.96666666666667
"90572/1000",NA,90572,4316,"30-34 years","male",21,15166,"Work",139.366546630859,139.366546630859,"car",0.25,9.91,"weekday",1,"20 to 39","6-10km","car",9.91,0.25,1.75,1.75
"90572/1000",NA,90572,4316,"30-34 years","male",21,15167,"Work",139.366546630859,139.366546630859,"car",0.333333333333333,10.05,"weekday",2,"20 to 39",">10km","car",10.05,0.333333333333333,2.33333333333333,2.33333333333333
"90572/1001",NA,90572,4317,"25-29 years","female",21,15168,"Work",178.791854858398,178.791854858398,"car",0.5,21.39,"weekday",1,"20 to 39",">10km","car",21.39,0.5,3.5,3.5
"90572/1001",NA,90572,4317,"25-29 years","female",21,15169,"Work",178.791854858398,178.791854858398,"car",0.75,21.55,"weekday",2,"20 to 39",">10km","car",21.55,0.75,5.25,5.25
"90573/1000",NA,90573,4318,"30-34 years","female",21,15170,"Leisure",190.952270507812,190.952270507812,"car",0.0833333333333333,2.19,"weekday",1,"20 to 39","3-5km","bicycle",2.19,0.199090909090909,0.583333333333333,1.39363636363636
"90573/1000",NA,90573,4318,"30-34 years","female",21,15171,"Leisure",190.952270507812,190.952270507812,"car",0.0833333333333333,2.19,"weekday",2,"20 to 39","3-5km","bicycle",2.19,0.199090909090909,0.583333333333333,1.39363636363636
"90575/1000",NA,90575,4319,"50-54 years","male",21,15172,"Shopping",117.728157043457,117.728157043457,"car",0.0833333333333333,3.09,"weekday",1,"40 to 64","3-5km","bicycle",3.09,0.280909090909091,0.583333333333333,1.96636363636364
"90575/1000",NA,90575,4319,"50-54 years","male",21,15173,"Work",117.728157043457,117.728157043457,"car",0.25,13.7,"weekday",2,"40 to 64",">10km","car",13.7,0.25,1.75,1.75
"90575/1000",NA,90575,4319,"50-54 years","male",21,15174,"Work",117.728157043457,117.728157043457,"car",0.5,10.8,"weekday",3,"40 to 64",">10km","car",10.8,0.5,3.5,3.5
"90575/1001",NA,90575,4320,"50-54 years","female",21,15175,"Work",120.97093963623,120.97093963623,"car",0.583333333333333,22.77,"weekday",1,"40 to 64",">10km","car",22.77,0.583333333333333,4.08333333333333,4.08333333333333
"90575/1001",NA,90575,4320,"50-54 years","female",21,15176,"Work",120.97093963623,120.97093963623,"car",0.5,22.86,"weekday",2,"40 to 64",">10km","car",22.86,0.5,3.5,3.5
"90576/1000",NA,90576,4321,"50-54 years","male",21,15177,"Work",249.704925537109,249.704925537109,"car",0.833333333333333,52.36,"weekday",1,"40 to 64",">10km","car",52.36,0.833333333333333,5.83333333333333,5.83333333333333
"90576/1000",NA,90576,4321,"50-54 years","male",21,15178,"Work",249.704925537109,249.704925537109,"car",0.833333333333333,53.15,"weekday",2,"40 to 64",">10km","car",53.15,0.833333333333333,5.83333333333333,5.83333333333333
"90576/1001",NA,90576,4322,"50-54 years","female",21,15179,"Other",256.582946777344,256.582946777344,"car",0.166666666666667,3.09,"weekday",1,"40 to 64","3-5km","bicycle",3.09,0.280909090909091,1.16666666666667,1.96636363636364
"90576/1001",NA,90576,4322,"50-54 years","female",21,15180,"Other",256.582946777344,256.582946777344,"car",0.1,3.09,"weekday",2,"40 to 64","3-5km","bicycle",3.09,0.280909090909091,0.7,1.96636363636364
"90576/1001",NA,90576,4322,"50-54 years","female",21,15181,"Other",256.582946777344,256.582946777344,"car",0.133333333333333,3.09,"weekday",3,"40 to 64","3-5km","bicycle",3.09,0.280909090909091,0.933333333333333,1.96636363636364
"90576/1001",NA,90576,4322,"50-54 years","female",21,15182,"Other",256.582946777344,256.582946777344,"car",0.116666666666667,3.09,"weekday",4,"40 to 64","3-5km","bicycle",3.09,0.280909090909091,0.816666666666667,1.96636363636364
"90576/1001",NA,90576,4322,"50-54 years","female",21,15183,"Other",256.582946777344,256.582946777344,"car",0.25,5.32,"weekday",5,"40 to 64","6-10km","car",5.32,0.25,1.75,1.75
"90576/1001",NA,90576,4322,"50-54 years","female",21,15184,"Other",256.582946777344,256.582946777344,"car",0.133333333333333,2.27,"weekday",6,"40 to 64","3-5km","bicycle",2.27,0.206363636363636,0.933333333333333,1.44454545454545
"90576/1001",NA,90576,4322,"50-54 years","female",21,15185,"Other",256.582946777344,256.582946777344,"car",0.3,3.99,"weekday",7,"40 to 64","3-5km","bicycle",3.99,0.362727272727273,2.1,2.53909090909091
"90576/1002",NA,90576,4323,"20-24 years","female",21,15186,"Other",305.028106689453,305.028106689453,"car",0.316666666666667,5.32,"weekday",1,"20 to 39","6-10km","car",5.32,0.316666666666667,2.21666666666667,2.21666666666667
"90576/1002",NA,90576,4323,"20-24 years","female",21,15187,"Work",305.028106689453,305.028106689453,"car",0.433333333333333,15.29,"weekday",2,"20 to 39",">10km","car",15.29,0.433333333333333,3.03333333333333,3.03333333333333
"90576/1002",NA,90576,4323,"20-24 years","female",21,15188,"Work",305.028106689453,305.028106689453,"car",0.666666666666667,19.48,"weekday",3,"20 to 39",">10km","car",19.48,0.666666666666667,4.66666666666667,4.66666666666667
"90576/1003",NA,90576,4324,"20-24 years","male",21,15189,"Work",288.192535400391,288.192535400391,"car",0.316666666666667,5.32,"weekday",1,"20 to 39","6-10km","car",5.32,0.316666666666667,2.21666666666667,2.21666666666667
"90576/1003",NA,90576,4324,"20-24 years","male",21,15190,"Other",288.192535400391,288.192535400391,"car",0.133333333333333,2.27,"weekday",2,"20 to 39","3-5km","bicycle",2.27,0.206363636363636,0.933333333333333,1.44454545454545
"90576/1003",NA,90576,4324,"20-24 years","male",21,15191,"Other",288.192535400391,288.192535400391,"car",0.3,3.99,"weekday",3,"20 to 39","3-5km","bicycle",3.99,0.362727272727273,2.1,2.53909090909091
"90576/1005",NA,90576,4325,"15-19 years","female",21,15192,"Education",282.893920898438,282.893920898438,"car",0.166666666666667,3.09,"weekday",1,"15 to 19","3-5km","bicycle",3.09,0.280909090909091,1.16666666666667,1.96636363636364
"90576/1005",NA,90576,4325,"15-19 years","female",21,15193,"Education",282.893920898438,282.893920898438,"car",0.116666666666667,3.09,"weekday",2,"15 to 19","3-5km","bicycle",3.09,0.280909090909091,0.816666666666667,1.96636363636364
"90576/1005",NA,90576,4325,"15-19 years","female",21,15194,"Leisure",282.893920898438,282.893920898438,"walking",0.25,0.83,"weekday",3,"15 to 19","<1km","walking",0.83,0.25,1.75,1.75
"90576/1005",NA,90576,4325,"15-19 years","female",21,15195,"Leisure",282.893920898438,282.893920898438,"walking",0.25,0.83,"weekday",4,"15 to 19","<1km","walking",0.83,0.25,1.75,1.75
"90578/1000",NA,90578,4326,"30-34 years","female",21,15196,"Shopping",279.047119140625,279.047119140625,"car",0.333333333333333,11,"weekday",1,"20 to 39",">10km","car",11,0.333333333333333,2.33333333333333,2.33333333333333
"90578/1000",NA,90578,4326,"30-34 years","female",21,15197,"Shopping",279.047119140625,279.047119140625,"car",0.333333333333333,10.95,"weekday",2,"20 to 39",">10km","car",10.95,0.333333333333333,2.33333333333333,2.33333333333333
"90578/1001",NA,90578,4327,"35-39 years","male",21,15199,"Work",217.276641845703,217.276641845703,"car",0.583333333333333,22.44,"weekday",1,"20 to 39",">10km","car",22.44,0.583333333333333,4.08333333333333,4.08333333333333
"90578/1001",NA,90578,4327,"35-39 years","male",21,15200,"Work",217.276641845703,217.276641845703,"car",0.916666666666667,22.48,"weekday",2,"20 to 39",">10km","car",22.48,0.916666666666667,6.41666666666667,6.41666666666667
"90581/1000",NA,90581,4328,"20-24 years","male",21,15202,"Work",117.237274169922,117.237274169922,"car",1.08333333333333,30.26,"weekday",1,"20 to 39",">10km","car",30.26,1.08333333333333,7.58333333333333,7.58333333333333
"90581/1000",NA,90581,4328,"20-24 years","male",21,15203,"Work",117.237274169922,117.237274169922,"car",1,30.31,"weekday",2,"20 to 39",">10km","car",30.31,1,7,7
"90581/1003",NA,90581,4329,"50-54 years","female",21,15204,"Work",69.2914581298828,69.2914581298828,"car",0.5,22.83,"weekday",1,"40 to 64",">10km","car",22.83,0.5,3.5,3.5
"90581/1003",NA,90581,4329,"50-54 years","female",21,15205,"Work",69.2914581298828,69.2914581298828,"car",1,22.96,"weekday",2,"40 to 64",">10km","car",22.96,1,7,7
"90582/1000",NA,90582,4330,"85-89 years","female",21,15206,"Shopping",58.805492401123,58.805492401123,"car",0.333333333333333,14.8,"weekday",1,"65 plus",">10km","car",14.8,0.333333333333333,2.33333333333333,2.33333333333333
"90582/1000",NA,90582,4330,"85-89 years","female",21,15207,"Shopping",58.805492401123,58.805492401123,"car",0.333333333333333,7.49,"weekday",2,"65 plus","6-10km","car",7.49,0.333333333333333,2.33333333333333,2.33333333333333
"90582/1000",NA,90582,4330,"85-89 years","female",21,15208,"Shopping",58.805492401123,58.805492401123,"car",0.333333333333333,12.16,"weekday",3,"65 plus",">10km","car",12.16,0.333333333333333,2.33333333333333,2.33333333333333
"90583/1000",NA,90583,4331,"70-74 years","male",21,15209,"Leisure",68.7407379150391,68.7407379150391,"walking",0.5,1.38,"weekday",1,"65 plus","1-2km","walking",1.38,0.5,3.5,3.5
"90583/1000",NA,90583,4331,"70-74 years","male",21,15210,"Leisure",68.7407379150391,68.7407379150391,"walking",0.5,1.38,"weekday",2,"65 plus","1-2km","walking",1.38,0.5,3.5,3.5
"90583/1001",NA,90583,4332,"70-74 years","female",21,15211,"Leisure",74.8938827514648,74.8938827514648,"walking",0.5,1.38,"weekday",1,"65 plus","1-2km","walking",1.38,0.5,3.5,3.5
"90583/1001",NA,90583,4332,"70-74 years","female",21,15212,"Leisure",74.8938827514648,74.8938827514648,"walking",0.5,1.38,"weekday",2,"65 plus","1-2km","walking",1.38,0.5,3.5,3.5
"90584/1000",NA,90584,4333,"55-59 years","female",21,15213,"Other",145.776504516602,145.776504516602,"car",0.5,19.32,"weekday",1,"40 to 64",">10km","car",19.32,0.5,3.5,3.5
"90584/1000",NA,90584,4333,"55-59 years","female",21,15214,"Other",145.776504516602,145.776504516602,"car",0.833333333333333,19.18,"weekday",2,"40 to 64",">10km","car",19.18,0.833333333333333,5.83333333333333,5.83333333333333
"90584/1000",NA,90584,4333,"55-59 years","female",21,15215,"Shopping",145.776504516602,145.776504516602,"car",0.05,0.61,"weekday",3,"40 to 64","<1km","bicycle",0.61,0.0554545454545455,0.35,0.388181818181818
"90584/1000",NA,90584,4333,"55-59 years","female",21,15216,"Other",145.776504516602,145.776504516602,"car",0.483333333333333,19.27,"weekday",4,"40 to 64",">10km","car",19.27,0.483333333333333,3.38333333333333,3.38333333333333
"90584/1000",NA,90584,4333,"55-59 years","female",21,15217,"Other",145.776504516602,145.776504516602,"car",0.416666666666667,19.18,"weekday",5,"40 to 64",">10km","car",19.18,0.416666666666667,2.91666666666667,2.91666666666667
"90584/1000",NA,90584,4333,"55-59 years","female",21,15218,"Leisure",145.776504516602,145.776504516602,"car",0.133333333333333,1.42,"weekday",6,"40 to 64","1-2km","bicycle",1.42,0.129090909090909,0.933333333333333,0.903636363636364
"90584/1000",NA,90584,4333,"55-59 years","female",21,15219,"Leisure",145.776504516602,145.776504516602,"car",0.0833333333333333,1.61,"weekday",7,"40 to 64","1-2km","bicycle",1.61,0.146363636363636,0.583333333333333,1.02454545454545
"90584/1000",NA,90584,4333,"55-59 years","female",21,15220,"Other",145.776504516602,145.776504516602,"car",0.0833333333333333,1.42,"weekday",8,"40 to 64","1-2km","bicycle",1.42,0.129090909090909,0.583333333333333,0.903636363636364
"90584/1000",NA,90584,4333,"55-59 years","female",21,15221,"Other",145.776504516602,145.776504516602,"car",0.0833333333333333,1.61,"weekday",9,"40 to 64","1-2km","bicycle",1.61,0.146363636363636,0.583333333333333,1.02454545454545
"90584/1002",NA,90584,4334,"15-19 years","male",21,15222,"Education",171.336227416992,171.336227416992,"car",0.5,19.32,"weekday",1,"15 to 19",">10km","car",19.32,0.5,3.5,3.5
"90584/1002",NA,90584,4334,"15-19 years","male",21,15223,"Education",171.336227416992,171.336227416992,"car",0.416666666666667,19.18,"weekday",2,"15 to 19",">10km","car",19.18,0.416666666666667,2.91666666666667,2.91666666666667
"90584/1002",NA,90584,4334,"15-19 years","male",21,15224,"Leisure",171.336227416992,171.336227416992,"car",0.133333333333333,1.42,"weekday",3,"15 to 19","1-2km","bicycle",1.42,0.129090909090909,0.933333333333333,0.903636363636364
"90586/1000",NA,90586,4335,"30-34 years","female",21,15225,"Other",106.075881958008,106.075881958008,"car",0.416666666666667,6.68,"weekday",1,"20 to 39","6-10km","car",6.68,0.416666666666667,2.91666666666667,2.91666666666667
"90586/1000",NA,90586,4335,"30-34 years","female",21,15226,"Shopping",106.075881958008,106.075881958008,"car",0.5,20.06,"weekday",2,"20 to 39",">10km","car",20.06,0.5,3.5,3.5
"90586/1000",NA,90586,4335,"30-34 years","female",21,15227,"Shopping",106.075881958008,106.075881958008,"car",0.5,25.28,"weekday",3,"20 to 39",">10km","car",25.28,0.5,3.5,3.5
"90586/1000",NA,90586,4335,"30-34 years","female",21,15228,"Other",106.075881958008,106.075881958008,"car",0.25,6.68,"weekday",4,"20 to 39","6-10km","car",6.68,0.25,1.75,1.75
"90586/1000",NA,90586,4335,"30-34 years","female",21,15229,"Other",106.075881958008,106.075881958008,"car",0.333333333333333,6.45,"weekday",5,"20 to 39","6-10km","car",6.45,0.333333333333333,2.33333333333333,2.33333333333333
"90590/1000",NA,90590,4338,"60-64 years","female",21,15234,"Other",126.074600219727,126.074600219727,"car",0.416666666666667,9.22,"weekday",2,"40 to 64","6-10km","car",9.22,0.416666666666667,2.91666666666667,2.91666666666667
"90590/1000",NA,90590,4338,"60-64 years","female",21,15235,"Other",126.074600219727,126.074600219727,"car",0.5,9.13,"weekday",3,"40 to 64","6-10km","car",9.13,0.5,3.5,3.5
"90590/1001",NA,90590,4339,"65-69 years","male",21,15237,"Other",133.418899536133,133.418899536133,"car",0.416666666666667,9.22,"weekday",1,"65 plus","6-10km","car",9.22,0.416666666666667,2.91666666666667,2.91666666666667
"90590/1001",NA,90590,4339,"65-69 years","male",21,15238,"Other",133.418899536133,133.418899536133,"car",0.5,9.13,"weekday",2,"65 plus","6-10km","car",9.13,0.5,3.5,3.5
"90591/1000",NA,90591,4340,"40-44 years","male",21,15240,"Work",162.067153930664,162.067153930664,"car",0.416666666666667,25.94,"weekday",1,"40 to 64",">10km","car",25.94,0.416666666666667,2.91666666666667,2.91666666666667
"90591/1000",NA,90591,4340,"40-44 years","male",21,15241,"Work",162.067153930664,162.067153930664,"car",0.583333333333333,25.91,"weekday",2,"40 to 64",">10km","car",25.91,0.583333333333333,4.08333333333333,4.08333333333333
"90591/1001",NA,90591,4341,"35-39 years","female",21,15242,"Other",136.559432983398,136.559432983398,"car",0.133333333333333,1.58,"weekday",1,"20 to 39","1-2km","bicycle",1.58,0.143636363636364,0.933333333333333,1.00545454545455
"90591/1001",NA,90591,4341,"35-39 years","female",21,15243,"Other",136.559432983398,136.559432983398,"car",0.116666666666667,1.53,"weekday",2,"20 to 39","1-2km","bicycle",1.53,0.139090909090909,0.816666666666667,0.973636363636364
"90591/1001",NA,90591,4341,"35-39 years","female",21,15244,"Other",136.559432983398,136.559432983398,"car",0.1,1.58,"weekday",3,"20 to 39","1-2km","bicycle",1.58,0.143636363636364,0.7,1.00545454545455
"90591/1001",NA,90591,4341,"35-39 years","female",21,15245,"Other",136.559432983398,136.559432983398,"car",0.166666666666667,1.53,"weekday",4,"20 to 39","1-2km","bicycle",1.53,0.139090909090909,1.16666666666667,0.973636363636364
"90591/1002",NA,90591,4342,"15-19 years","male",21,15246,"Education",217.791061401367,217.791061401367,"bicycle",0.25,2.36,"weekday",1,"15 to 19","3-5km","bicycle",2.36,0.25,1.75,1.75
"90591/1002",NA,90591,4342,"15-19 years","male",21,15247,"Education",217.791061401367,217.791061401367,"bicycle",0.266666666666667,2.36,"weekday",2,"15 to 19","3-5km","bicycle",2.36,0.266666666666667,1.86666666666667,1.86666666666667
"90592/1000",NA,90592,4343,"55-59 years","female",21,15248,"Leisure",120.31526184082,120.31526184082,"car",0.5,25.46,"weekday",1,"40 to 64",">10km","car",25.46,0.5,3.5,3.5
"90592/1000",NA,90592,4343,"55-59 years","female",21,15249,"Work",120.31526184082,120.31526184082,"car",0.5,4.42,"weekday",2,"40 to 64","3-5km","bicycle",4.42,0.401818181818182,3.5,2.81272727272727
"90592/1000",NA,90592,4343,"55-59 years","female",21,15250,"Other",120.31526184082,120.31526184082,"car",0.5,7.76,"weekday",3,"40 to 64","6-10km","car",7.76,0.5,3.5,3.5
"90592/1000",NA,90592,4343,"55-59 years","female",21,15251,"Other",120.31526184082,120.31526184082,"car",1,21.85,"weekday",4,"40 to 64",">10km","car",21.85,1,7,7
"90594/1000",NA,90594,4344,"65-69 years","male",21,15252,"Other",133.418899536133,133.418899536133,"car",0.0833333333333333,1.61,"weekday",1,"65 plus","1-2km","bicycle",1.61,0.146363636363636,0.583333333333333,1.02454545454545
"90594/1000",NA,90594,4344,"65-69 years","male",21,15253,"Other",133.418899536133,133.418899536133,"car",0.0833333333333333,1.7,"weekday",2,"65 plus","1-2km","bicycle",1.7,0.154545454545455,0.583333333333333,1.08181818181818
"90594/1000",NA,90594,4344,"65-69 years","male",21,15254,"Other",133.418899536133,133.418899536133,"car",0.0833333333333333,4.19,"weekday",3,"65 plus","3-5km","bicycle",4.19,0.380909090909091,0.583333333333333,2.66636363636364
"90594/1000",NA,90594,4344,"65-69 years","male",21,15255,"Work",133.418899536133,133.418899536133,"car",0.75,22.08,"weekday",4,"65 plus",">10km","car",22.08,0.75,5.25,5.25
"90594/1000",NA,90594,4344,"65-69 years","male",21,15256,"Work",133.418899536133,133.418899536133,"car",1,21.82,"weekday",5,"65 plus",">10km","car",21.82,1,7,7
"90594/1000",NA,90594,4344,"65-69 years","male",21,15257,"Other",133.418899536133,133.418899536133,"car",0.166666666666667,4.19,"weekday",6,"65 plus","3-5km","bicycle",4.19,0.380909090909091,1.16666666666667,2.66636363636364
"90594/1000",NA,90594,4344,"65-69 years","male",21,15258,"Other",133.418899536133,133.418899536133,"car",0.5,23.14,"weekday",7,"65 plus",">10km","car",23.14,0.5,3.5,3.5
"90594/1000",NA,90594,4344,"65-69 years","male",21,15259,"Other",133.418899536133,133.418899536133,"car",0.483333333333333,25.96,"weekday",8,"65 plus",">10km","car",25.96,0.483333333333333,3.38333333333333,3.38333333333333
"90594/1001",NA,90594,4345,"35-39 years","female",21,15260,"Work",101.994979858398,101.994979858398,"car",1,56.83,"weekday",1,"20 to 39",">10km","car",56.83,1,7,7
"90594/1001",NA,90594,4345,"35-39 years","female",21,15261,"Other",101.994979858398,101.994979858398,"car",0.666666666666667,67.2,"weekday",2,"20 to 39",">10km","car",67.2,0.666666666666667,4.66666666666667,4.66666666666667
"90594/1001",NA,90594,4345,"35-39 years","female",21,15262,"Other",101.994979858398,101.994979858398,"car",0.5,25.96,"weekday",3,"20 to 39",">10km","car",25.96,0.5,3.5,3.5
"90595/1000",NA,90595,4346,"70-74 years","female",21,15263,"Shopping",94.8731231689453,94.8731231689453,"car",0.166666666666667,2.74,"weekday",1,"65 plus","3-5km","bicycle",2.74,0.249090909090909,1.16666666666667,1.74363636363636
"90595/1000",NA,90595,4346,"70-74 years","female",21,15264,"Shopping",94.8731231689453,94.8731231689453,"car",0.166666666666667,2.77,"weekday",2,"65 plus","3-5km","bicycle",2.77,0.251818181818182,1.16666666666667,1.76272727272727
"90597/1000",NA,90597,4347,"35-39 years","female",21,15265,"Shopping",69.9950256347656,69.9950256347656,"car",0.166666666666667,0.87,"weekday",1,"20 to 39","<1km","bicycle",0.87,0.0790909090909091,1.16666666666667,0.553636363636364
"90597/1000",NA,90597,4347,"35-39 years","female",21,15266,"Other",69.9950256347656,69.9950256347656,"car",0.25,9.29,"weekday",2,"20 to 39","6-10km","car",9.29,0.25,1.75,1.75
"90597/1000",NA,90597,4347,"35-39 years","female",21,15267,"Other",69.9950256347656,69.9950256347656,"car",0.25,9.79,"weekday",3,"20 to 39","6-10km","car",9.79,0.25,1.75,1.75
"90597/1001",NA,90597,4348,"35-39 years","male",21,15268,"Work",66.6014175415039,66.6014175415039,"car",0.0333333333333333,0.87,"weekday",1,"20 to 39","<1km","bicycle",0.87,0.0790909090909091,0.233333333333333,0.553636363636364
"90597/1001",NA,90597,4348,"35-39 years","male",21,15269,"Work",66.6014175415039,66.6014175415039,"car",0.0333333333333333,0.81,"weekday",2,"20 to 39","<1km","bicycle",0.81,0.0736363636363636,0.233333333333333,0.515454545454545
"90597/1001",NA,90597,4348,"35-39 years","male",21,15270,"Shopping",66.6014175415039,66.6014175415039,"car",0.0833333333333333,3.21,"weekday",3,"20 to 39","3-5km","bicycle",3.21,0.291818181818182,0.583333333333333,2.04272727272727
"90597/1001",NA,90597,4348,"35-39 years","male",21,15271,"Shopping",66.6014175415039,66.6014175415039,"car",0.0833333333333333,3.24,"weekday",4,"20 to 39","3-5km","bicycle",3.24,0.294545454545455,0.583333333333333,2.06181818181818
"90598/1000",NA,90598,4349,"60-64 years","female",21,15272,"Shopping",109.600570678711,109.600570678711,"walking",0.25,0.45,"weekday",1,"40 to 64","<1km","walking",0.45,0.25,1.75,1.75
"90598/1000",NA,90598,4349,"60-64 years","female",21,15273,"Shopping",109.600570678711,109.600570678711,"walking",0.166666666666667,0.45,"weekday",2,"40 to 64","<1km","walking",0.45,0.166666666666667,1.16666666666667,1.16666666666667
"90598/1000",NA,90598,4349,"60-64 years","female",21,15274,"Other",109.600570678711,109.600570678711,"walking",0.0333333333333333,0.24,"weekday",3,"40 to 64","<1km","walking",0.24,0.0333333333333333,0.233333333333333,0.233333333333333
"90598/1000",NA,90598,4349,"60-64 years","female",21,15275,"Other",109.600570678711,109.600570678711,"public.transport",0.15,2.73,"weekday",3,"40 to 64","3-5km","public.transport",2.73,0.15,1.05,1.05
"90598/1000",NA,90598,4349,"60-64 years","female",21,15276,"Other",109.600570678711,109.600570678711,"public.transport",0.5,6.7,"weekday",3,"40 to 64","6-10km","public.transport",6.7,0.5,3.5,3.5
"90598/1000",NA,90598,4349,"60-64 years","female",21,15277,"Other",109.600570678711,109.600570678711,"walking",0.0166666666666667,0.19,"weekday",3,"40 to 64","<1km","walking",0.19,0.0166666666666667,0.116666666666667,0.116666666666667
"90598/1000",NA,90598,4349,"60-64 years","female",21,15278,"Other",109.600570678711,109.600570678711,"walking",0.0166666666666667,0.19,"weekday",4,"40 to 64","<1km","walking",0.19,0.0166666666666667,0.116666666666667,0.116666666666667
"90598/1000",NA,90598,4349,"60-64 years","female",21,15279,"Other",109.600570678711,109.600570678711,"public.transport",0.3,6.91,"weekday",4,"40 to 64","6-10km","public.transport",6.91,0.3,2.1,2.1
"90598/1000",NA,90598,4349,"60-64 years","female",21,15280,"Other",109.600570678711,109.600570678711,"public.transport",0.416666666666667,2.57,"weekday",4,"40 to 64","3-5km","public.transport",2.57,0.416666666666667,2.91666666666667,2.91666666666667
"90598/1000",NA,90598,4349,"60-64 years","female",21,15281,"Other",109.600570678711,109.600570678711,"walking",0.0333333333333333,0.24,"weekday",4,"40 to 64","<1km","walking",0.24,0.0333333333333333,0.233333333333333,0.233333333333333
"90599/1000",NA,90599,4350,"60-64 years","female",21,15282,"Other",86.5198974609375,86.5198974609375,"car",0.25,9.66,"weekday",1,"40 to 64","6-10km","car",9.66,0.25,1.75,1.75
"90599/1000",NA,90599,4350,"60-64 years","female",21,15283,"Other",86.5198974609375,86.5198974609375,"car",0.25,9.65,"weekday",2,"40 to 64","6-10km","car",9.65,0.25,1.75,1.75
"90599/1001",NA,90599,4351,"70-74 years","male",21,15284,"Other",68.7407379150391,68.7407379150391,"car",0.25,9.66,"weekday",1,"65 plus","6-10km","car",9.66,0.25,1.75,1.75
"90599/1001",NA,90599,4351,"70-74 years","male",21,15285,"Other",68.7407379150391,68.7407379150391,"car",0.25,9.65,"weekday",2,"65 plus","6-10km","car",9.65,0.25,1.75,1.75
"90601/1000",NA,90601,4352,"40-44 years","male",21,15286,"Work",162.067153930664,162.067153930664,"car",0.25,14.44,"weekday",1,"40 to 64",">10km","car",14.44,0.25,1.75,1.75
"90601/1000",NA,90601,4352,"40-44 years","male",21,15287,"Work",162.067153930664,162.067153930664,"car",0.25,14.5,"weekday",2,"40 to 64",">10km","car",14.5,0.25,1.75,1.75
"90601/1001",NA,90601,4353,"35-39 years","female",21,15288,"Other",136.559432983398,136.559432983398,"car",0.0833333333333333,1.8,"weekday",1,"20 to 39","1-2km","bicycle",1.8,0.163636363636364,0.583333333333333,1.14545454545455
"90601/1001",NA,90601,4353,"35-39 years","female",21,15289,"Work",136.559432983398,136.559432983398,"car",0.25,10.6,"weekday",2,"20 to 39",">10km","car",10.6,0.25,1.75,1.75
"90601/1001",NA,90601,4353,"35-39 years","female",21,15290,"Other",136.559432983398,136.559432983398,"car",0.2,10.43,"weekday",3,"20 to 39",">10km","car",10.43,0.2,1.4,1.4
"90601/1001",NA,90601,4353,"35-39 years","female",21,15291,"Other",136.559432983398,136.559432983398,"car",0.0833333333333333,1.75,"weekday",4,"20 to 39","1-2km","bicycle",1.75,0.159090909090909,0.583333333333333,1.11363636363636
"90605/1000",NA,90605,4354,"75-79 years","female",21,15292,"Leisure",81.3612976074219,81.3612976074219,"car",0.25,6.43,"weekday",1,"65 plus","6-10km","car",6.43,0.25,1.75,1.75
"90605/1000",NA,90605,4354,"75-79 years","female",21,15293,"Leisure",81.3612976074219,81.3612976074219,"car",0.25,6.51,"weekday",2,"65 plus","6-10km","car",6.51,0.25,1.75,1.75
"90605/1000",NA,90605,4354,"75-79 years","female",21,15294,"Other",81.3612976074219,81.3612976074219,"car",1,30.65,"weekday",3,"65 plus",">10km","car",30.65,1,7,7
"90605/1000",NA,90605,4354,"75-79 years","female",21,15295,"Other",81.3612976074219,81.3612976074219,"car",0.833333333333333,30.38,"weekday",4,"65 plus",">10km","car",30.38,0.833333333333333,5.83333333333333,5.83333333333333
"90605/1001",NA,90605,4355,"70-74 years","male",21,15297,"Other",68.7407379150391,68.7407379150391,"car",0.833333333333333,28.03,"weekday",1,"65 plus",">10km","car",28.03,0.833333333333333,5.83333333333333,5.83333333333333
"90605/1001",NA,90605,4355,"70-74 years","male",21,15298,"Other",68.7407379150391,68.7407379150391,"car",0.75,28.15,"weekday",2,"65 plus",">10km","car",28.15,0.75,5.25,5.25
"90605/1001",NA,90605,4355,"70-74 years","male",21,15299,"Other",68.7407379150391,68.7407379150391,"car",1,30.65,"weekday",3,"65 plus",">10km","car",30.65,1,7,7
"90605/1001",NA,90605,4355,"70-74 years","male",21,15300,"Other",68.7407379150391,68.7407379150391,"car",0.833333333333333,30.38,"weekday",4,"65 plus",">10km","car",30.38,0.833333333333333,5.83333333333333,5.83333333333333
"90606/1000",NA,90606,4356,"25-29 years","male",21,15302,"Work",80.8674468994141,80.8674468994141,"car",0.25,10.91,"weekday",1,"20 to 39",">10km","car",10.91,0.25,1.75,1.75
"90606/1000",NA,90606,4356,"25-29 years","male",21,15303,"Work",80.8674468994141,80.8674468994141,"car",0.333333333333333,10.77,"weekday",2,"20 to 39",">10km","car",10.77,0.333333333333333,2.33333333333333,2.33333333333333
"90607/1000",NA,90607,4357,"50-54 years","male",21,15304,"Work",76.2739486694336,76.2739486694336,"car",1.33333333333333,76.35,"weekday",1,"40 to 64",">10km","car",76.35,1.33333333333333,9.33333333333333,9.33333333333333
"90607/1000",NA,90607,4357,"50-54 years","male",21,15305,"Work",76.2739486694336,76.2739486694336,"car",1.5,77.18,"weekday",2,"40 to 64",">10km","car",77.18,1.5,10.5,10.5
"90607/1001",NA,90607,4358,"35-39 years","female",21,15306,"Work",69.9950256347656,69.9950256347656,"car",1,27.89,"weekday",1,"20 to 39",">10km","car",27.89,1,7,7
"90607/1001",NA,90607,4358,"35-39 years","female",21,15307,"Work",69.9950256347656,69.9950256347656,"car",1,27.68,"weekday",2,"20 to 39",">10km","car",27.68,1,7,7
"90609/1000",NA,90609,4359,"65-69 years","male",21,15308,"Leisure",91.5599975585938,91.5599975585938,"car",0.333333333333333,10.15,"weekday",1,"65 plus",">10km","car",10.15,0.333333333333333,2.33333333333333,2.33333333333333
"90609/1000",NA,90609,4359,"65-69 years","male",21,15309,"Leisure",91.5599975585938,91.5599975585938,"public.transport",0.583333333333333,15.79,"weekday",1,"65 plus",">10km","public.transport",15.79,0.583333333333333,4.08333333333333,4.08333333333333
"90609/1000",NA,90609,4359,"65-69 years","male",21,15310,"Leisure",91.5599975585938,91.5599975585938,"bicycle",0.133333333333333,1.22,"weekday",1,"65 plus","1-2km","bicycle",1.22,0.133333333333333,0.933333333333333,0.933333333333333
"90609/1000",NA,90609,4359,"65-69 years","male",21,15311,"Leisure",91.5599975585938,91.5599975585938,"walking",0.166666666666667,1.22,"weekday",2,"65 plus","1-2km","walking",1.22,0.166666666666667,1.16666666666667,1.16666666666667
"90609/1000",NA,90609,4359,"65-69 years","male",21,15312,"Leisure",91.5599975585938,91.5599975585938,"public.transport",0.583333333333333,15.79,"weekday",2,"65 plus",">10km","public.transport",15.79,0.583333333333333,4.08333333333333,4.08333333333333
"90609/1000",NA,90609,4359,"65-69 years","male",21,15313,"Leisure",91.5599975585938,91.5599975585938,"car",0.25,10.16,"weekday",2,"65 plus",">10km","car",10.16,0.25,1.75,1.75
"90609/1001",NA,90609,4360,"65-69 years","female",21,15314,"Leisure",86.0002593994141,86.0002593994141,"car",0.333333333333333,10.15,"weekday",1,"65 plus",">10km","car",10.15,0.333333333333333,2.33333333333333,2.33333333333333
"90609/1001",NA,90609,4360,"65-69 years","female",21,15315,"Leisure",86.0002593994141,86.0002593994141,"public.transport",0.583333333333333,15.79,"weekday",1,"65 plus",">10km","public.transport",15.79,0.583333333333333,4.08333333333333,4.08333333333333
"90609/1001",NA,90609,4360,"65-69 years","female",21,15316,"Leisure",86.0002593994141,86.0002593994141,"bicycle",0.133333333333333,1.22,"weekday",1,"65 plus","1-2km","bicycle",1.22,0.133333333333333,0.933333333333333,0.933333333333333
"90609/1001",NA,90609,4360,"65-69 years","female",21,15317,"Leisure",86.0002593994141,86.0002593994141,"walking",0.166666666666667,1.22,"weekday",2,"65 plus","1-2km","walking",1.22,0.166666666666667,1.16666666666667,1.16666666666667
"90609/1001",NA,90609,4360,"65-69 years","female",21,15318,"Leisure",86.0002593994141,86.0002593994141,"public.transport",0.583333333333333,15.79,"weekday",2,"65 plus",">10km","public.transport",15.79,0.583333333333333,4.08333333333333,4.08333333333333
"90609/1001",NA,90609,4360,"65-69 years","female",21,15319,"Leisure",86.0002593994141,86.0002593994141,"car",0.25,10.16,"weekday",2,"65 plus",">10km","car",10.16,0.25,1.75,1.75
"94690/1000",NA,94690,4361,"20-24 years","female",20,15320,"Work",964.146118164062,964.146118164062,"car",0.5,22.56,"weekday",1,"20 to 39",">10km","car",22.56,0.5,3.5,3.5
"94690/1000",NA,94690,4361,"20-24 years","female",20,15321,"Work",964.146118164062,964.146118164062,"car",0.5,21.98,"weekday",2,"20 to 39",">10km","car",21.98,0.5,3.5,3.5
"94690/1001",NA,94690,4362,"55-59 years","male",20,15322,"Work",598.893310546875,598.893310546875,"car",0.466666666666667,12.21,"weekday",1,"40 to 64",">10km","car",12.21,0.466666666666667,3.26666666666667,3.26666666666667
"94690/1001",NA,94690,4362,"55-59 years","male",20,15323,"Work",598.893310546875,598.893310546875,"walking",0.25,1.58,"weekday",1,"40 to 64","1-2km","walking",1.58,0.25,1.75,1.75
"94690/1001",NA,94690,4362,"55-59 years","male",20,15324,"Work",598.893310546875,598.893310546875,"walking",0.333333333333333,1.58,"weekday",2,"40 to 64","1-2km","walking",1.58,0.333333333333333,2.33333333333333,2.33333333333333
"94690/1001",NA,94690,4362,"55-59 years","male",20,15325,"Work",598.893310546875,598.893310546875,"car",0.583333333333333,12.99,"weekday",2,"40 to 64",">10km","car",12.99,0.583333333333333,4.08333333333333,4.08333333333333
"94690/1002",NA,94690,4363,"50-54 years","female",20,15326,"Other",545.808776855469,545.808776855469,"car",0.466666666666667,12.21,"weekday",1,"40 to 64",">10km","car",12.21,0.466666666666667,3.26666666666667,3.26666666666667
"94690/1002",NA,94690,4363,"50-54 years","female",20,15327,"Work",545.808776855469,545.808776855469,"car",0.0833333333333333,2.77,"weekday",2,"40 to 64","3-5km","bicycle",2.77,0.251818181818182,0.583333333333333,1.76272727272727
"94690/1002",NA,94690,4363,"50-54 years","female",20,15328,"Other",545.808776855469,545.808776855469,"car",0.0833333333333333,2.81,"weekday",3,"40 to 64","3-5km","bicycle",2.81,0.255454545454545,0.583333333333333,1.78818181818182
"94690/1002",NA,94690,4363,"50-54 years","female",20,15329,"Other",545.808776855469,545.808776855469,"car",0.583333333333333,12.99,"weekday",4,"40 to 64",">10km","car",12.99,0.583333333333333,4.08333333333333,4.08333333333333
"94692/1000",NA,94692,4364,"75-79 years","female",20,15330,"Leisure",410.973388671875,410.973388671875,"walking",0.166666666666667,1.04,"weekday",1,"65 plus","1-2km","walking",1.04,0.166666666666667,1.16666666666667,1.16666666666667
"94692/1000",NA,94692,4364,"75-79 years","female",20,15331,"Leisure",410.973388671875,410.973388671875,"walking",0.25,0.59,"weekday",2,"65 plus","<1km","walking",0.59,0.25,1.75,1.75
"94692/1000",NA,94692,4364,"75-79 years","female",20,15332,"Leisure",410.973388671875,410.973388671875,"walking",0.333333333333333,1.5,"weekday",3,"65 plus","1-2km","walking",1.5,0.333333333333333,2.33333333333333,2.33333333333333
"94692/1001",NA,94692,4365,"75-79 years","male",20,15333,"Leisure",319.961029052734,319.961029052734,"walking",0.166666666666667,1.04,"weekday",1,"65 plus","1-2km","walking",1.04,0.166666666666667,1.16666666666667,1.16666666666667
"94692/1001",NA,94692,4365,"75-79 years","male",20,15334,"Leisure",319.961029052734,319.961029052734,"walking",0.25,0.59,"weekday",2,"65 plus","<1km","walking",0.59,0.25,1.75,1.75
"94692/1001",NA,94692,4365,"75-79 years","male",20,15335,"Leisure",319.961029052734,319.961029052734,"walking",0.333333333333333,1.5,"weekday",3,"65 plus","1-2km","walking",1.5,0.333333333333333,2.33333333333333,2.33333333333333
"94697/1000",NA,94697,4366,"60-64 years","female",20,15336,"Other",166.379119873047,166.379119873047,"car",0.166666666666667,4.05,"weekday",1,"40 to 64","3-5km","bicycle",4.05,0.368181818181818,1.16666666666667,2.57727272727273
"94697/1000",NA,94697,4366,"60-64 years","female",20,15337,"Shopping",166.379119873047,166.379119873047,"car",0.333333333333333,10.52,"weekday",2,"40 to 64",">10km","car",10.52,0.333333333333333,2.33333333333333,2.33333333333333
"94697/1000",NA,94697,4366,"60-64 years","female",20,15338,"Shopping",166.379119873047,166.379119873047,"car",0.25,13.88,"weekday",3,"40 to 64",">10km","car",13.88,0.25,1.75,1.75
"94697/1000",NA,94697,4366,"60-64 years","female",20,15339,"Work",166.379119873047,166.379119873047,"car",0.416666666666667,19.21,"weekday",4,"40 to 64",">10km","car",19.21,0.416666666666667,2.91666666666667,2.91666666666667
"94697/1000",NA,94697,4366,"60-64 years","female",20,15340,"Work",166.379119873047,166.379119873047,"car",0.416666666666667,19.4,"weekday",5,"40 to 64",">10km","car",19.4,0.416666666666667,2.91666666666667,2.91666666666667
"94759/1000",NA,94759,4367,"50-54 years","female",20,15341,"Shopping",422.304656982422,422.304656982422,"car",0.1,1.09,"weekday",1,"40 to 64","1-2km","bicycle",1.09,0.0990909090909091,0.7,0.693636363636364
"94759/1000",NA,94759,4367,"50-54 years","female",20,15342,"Shopping",422.304656982422,422.304656982422,"car",0.116666666666667,1.11,"weekday",2,"40 to 64","1-2km","bicycle",1.11,0.100909090909091,0.816666666666667,0.706363636363636
"94759/1000",NA,94759,4367,"50-54 years","female",20,15343,"Shopping",422.304656982422,422.304656982422,"car",0.2,3.84,"weekday",3,"40 to 64","3-5km","bicycle",3.84,0.349090909090909,1.4,2.44363636363636
"94759/1000",NA,94759,4367,"50-54 years","female",20,15344,"Shopping",422.304656982422,422.304656982422,"car",0.25,4.57,"weekday",4,"40 to 64","3-5km","bicycle",4.57,0.415454545454545,1.75,2.90818181818182
"94759/1001",NA,94759,4368,"50-54 years","male",20,15345,"Work",402.633728027344,402.633728027344,"car",0.5,25.81,"weekday",1,"40 to 64",">10km","car",25.81,0.5,3.5,3.5
"94759/1001",NA,94759,4368,"50-54 years","male",20,15346,"Work",402.633728027344,402.633728027344,"car",0.716666666666667,25.88,"weekday",2,"40 to 64",">10km","car",25.88,0.716666666666667,5.01666666666667,5.01666666666667
"94759/1002",NA,94759,4369,"20-24 years","male",20,15347,"Shopping",806.452819824219,806.452819824219,"car",0.1,1.09,"weekday",1,"20 to 39","1-2km","bicycle",1.09,0.0990909090909091,0.7,0.693636363636364
"94759/1002",NA,94759,4369,"20-24 years","male",20,15348,"Shopping",806.452819824219,806.452819824219,"car",0.116666666666667,1.11,"weekday",2,"20 to 39","1-2km","bicycle",1.11,0.100909090909091,0.816666666666667,0.706363636363636
"94759/1002",NA,94759,4369,"20-24 years","male",20,15349,"Shopping",806.452819824219,806.452819824219,"car",0.2,3.84,"weekday",3,"20 to 39","3-5km","bicycle",3.84,0.349090909090909,1.4,2.44363636363636
"94759/1002",NA,94759,4369,"20-24 years","male",20,15350,"Shopping",806.452819824219,806.452819824219,"car",0.25,4.57,"weekday",4,"20 to 39","3-5km","bicycle",4.57,0.415454545454545,1.75,2.90818181818182
"94759/1003",NA,94759,4370,"20-24 years","male",20,15351,"Work",806.452819824219,806.452819824219,"car",0.583333333333333,25.55,"weekday",1,"20 to 39",">10km","car",25.55,0.583333333333333,4.08333333333333,4.08333333333333
"94759/1003",NA,94759,4370,"20-24 years","male",20,15352,"Work",806.452819824219,806.452819824219,"car",0.716666666666667,25.62,"weekday",2,"20 to 39",">10km","car",25.62,0.716666666666667,5.01666666666667,5.01666666666667
"94761/1000",NA,94761,4371,"25-29 years","female",20,15353,"Work",220.279357910156,220.279357910156,"car",0.833333333333333,42.34,"weekday",1,"20 to 39",">10km","car",42.34,0.833333333333333,5.83333333333333,5.83333333333333
"94761/1000",NA,94761,4371,"25-29 years","female",20,15354,"Work",220.279357910156,220.279357910156,"car",0.75,41.59,"weekday",2,"20 to 39",">10km","car",41.59,0.75,5.25,5.25
"94792/1000",NA,94792,4372,"50-54 years","female",20,15355,"Work",176.780258178711,176.780258178711,"car",0.416666666666667,23.01,"weekday",1,"40 to 64",">10km","car",23.01,0.416666666666667,2.91666666666667,2.91666666666667
"94792/1000",NA,94792,4372,"50-54 years","female",20,15356,"Work",176.780258178711,176.780258178711,"car",0.416666666666667,20.67,"weekday",2,"40 to 64",">10km","car",20.67,0.416666666666667,2.91666666666667,2.91666666666667
"94792/1001",NA,94792,4373,"55-59 years","male",20,15357,"Work",199.032653808594,199.032653808594,"car",0.166666666666667,4.14,"weekday",1,"40 to 64","3-5km","bicycle",4.14,0.376363636363636,1.16666666666667,2.63454545454545
"94792/1001",NA,94792,4373,"55-59 years","male",20,15358,"Work",199.032653808594,199.032653808594,"car",0.166666666666667,3.14,"weekday",2,"40 to 64","3-5km","bicycle",3.14,0.285454545454545,1.16666666666667,1.99818181818182
"94792/1002",NA,94792,4374,"20-24 years","male",20,15359,"Work",198.558609008789,198.558609008789,"car",0.166666666666667,4.14,"weekday",1,"20 to 39","3-5km","bicycle",4.14,0.376363636363636,1.16666666666667,2.63454545454545
"94792/1002",NA,94792,4374,"20-24 years","male",20,15360,"Work",198.558609008789,198.558609008789,"car",0.166666666666667,3.14,"weekday",2,"20 to 39","3-5km","bicycle",3.14,0.285454545454545,1.16666666666667,1.99818181818182
"94793/1000",NA,94793,4375,"40-44 years","male",20,15361,"Work",448.764221191406,448.764221191406,"car",0.633333333333333,36.75,"weekday",1,"40 to 64",">10km","car",36.75,0.633333333333333,4.43333333333333,4.43333333333333
"94793/1000",NA,94793,4375,"40-44 years","male",20,15362,"Work",448.764221191406,448.764221191406,"car",0.916666666666667,34.73,"weekday",2,"40 to 64",">10km","car",34.73,0.916666666666667,6.41666666666667,6.41666666666667
"94793/1001",NA,94793,4376,"30-34 years","female",20,15363,"Other",405.015441894531,405.015441894531,"car",0.166666666666667,1.33,"weekday",1,"20 to 39","1-2km","bicycle",1.33,0.120909090909091,1.16666666666667,0.846363636363636
"94793/1001",NA,94793,4376,"30-34 years","female",20,15364,"Other",405.015441894531,405.015441894531,"car",0.25,1.43,"weekday",2,"20 to 39","1-2km","bicycle",1.43,0.13,1.75,0.91
"94793/1001",NA,94793,4376,"30-34 years","female",20,15365,"Other",405.015441894531,405.015441894531,"car",0.166666666666667,1.33,"weekday",3,"20 to 39","1-2km","bicycle",1.33,0.120909090909091,1.16666666666667,0.846363636363636
"94793/1001",NA,94793,4376,"30-34 years","female",20,15366,"Other",405.015441894531,405.015441894531,"car",0.25,1.43,"weekday",4,"20 to 39","1-2km","bicycle",1.43,0.13,1.75,0.91
"94793/1002",NA,94793,4377,"15-19 years","female",20,15367,"Education",282.893920898438,282.893920898438,"walking",0.25,1.29,"weekday",1,"15 to 19","1-2km","walking",1.29,0.25,1.75,1.75
"94793/1002",NA,94793,4377,"15-19 years","female",20,15368,"Education",282.893920898438,282.893920898438,"walking",0.25,1.29,"weekday",2,"15 to 19","1-2km","walking",1.29,0.25,1.75,1.75
"94794/1000",NA,94794,4378,"40-44 years","male",20,15369,"Other",369.611175537109,369.611175537109,"car",0.166666666666667,4.46,"weekday",1,"40 to 64","3-5km","bicycle",4.46,0.405454545454545,1.16666666666667,2.83818181818182
"94794/1000",NA,94794,4378,"40-44 years","male",20,15370,"Other",369.611175537109,369.611175537109,"car",0.416666666666667,6.75,"weekday",2,"40 to 64","6-10km","car",6.75,0.416666666666667,2.91666666666667,2.91666666666667
"94794/1000",NA,94794,4378,"40-44 years","male",20,15371,"Other",369.611175537109,369.611175537109,"car",0.0833333333333333,3.08,"weekday",3,"40 to 64","3-5km","bicycle",3.08,0.28,0.583333333333333,1.96
"94794/1000",NA,94794,4378,"40-44 years","male",20,15372,"Work",369.611175537109,369.611175537109,"car",0.5,39.67,"weekday",4,"40 to 64",">10km","car",39.67,0.5,3.5,3.5
"94794/1000",NA,94794,4378,"40-44 years","male",20,15373,"Work",369.611175537109,369.611175537109,"car",0.5,37.68,"weekday",5,"40 to 64",">10km","car",37.68,0.5,3.5,3.5
"94794/1001",NA,94794,4379,"35-39 years","female",20,15374,"Other",245.514633178711,245.514633178711,"car",0.133333333333333,4.46,"weekday",1,"20 to 39","3-5km","bicycle",4.46,0.405454545454545,0.933333333333333,2.83818181818182
"94794/1001",NA,94794,4379,"35-39 years","female",20,15375,"Work",245.514633178711,245.514633178711,"car",0.233333333333333,7.87,"weekday",2,"20 to 39","6-10km","car",7.87,0.233333333333333,1.63333333333333,1.63333333333333
"94794/1001",NA,94794,4379,"35-39 years","female",20,15376,"Shopping",245.514633178711,245.514633178711,"car",0.0333333333333333,0.42,"weekday",3,"20 to 39","<1km","bicycle",0.42,0.0381818181818182,0.233333333333333,0.267272727272727
"94794/1001",NA,94794,4379,"35-39 years","female",20,15377,"Shopping",245.514633178711,245.514633178711,"car",0.133333333333333,3.47,"weekday",4,"20 to 39","3-5km","bicycle",3.47,0.315454545454545,0.933333333333333,2.20818181818182
"94794/1001",NA,94794,4379,"35-39 years","female",20,15378,"Other",245.514633178711,245.514633178711,"car",0.116666666666667,3.89,"weekday",5,"20 to 39","3-5km","bicycle",3.89,0.353636363636364,0.816666666666667,2.47545454545455
"94794/1001",NA,94794,4379,"35-39 years","female",20,15379,"Other",245.514633178711,245.514633178711,"car",0.166666666666667,3.08,"weekday",6,"20 to 39","3-5km","bicycle",3.08,0.28,1.16666666666667,1.96
"94794/1001",NA,94794,4379,"35-39 years","female",20,15380,"Other",245.514633178711,245.514633178711,"car",0.116666666666667,3.89,"weekday",7,"20 to 39","3-5km","bicycle",3.89,0.353636363636364,0.816666666666667,2.47545454545455
"94794/1001",NA,94794,4379,"35-39 years","female",20,15381,"Other",245.514633178711,245.514633178711,"car",0.15,3.08,"weekday",8,"20 to 39","3-5km","bicycle",3.08,0.28,1.05,1.96
"94801/1000",NA,94801,4380,"60-64 years","male",20,15382,"Shopping",143.074340820312,143.074340820312,"car",0.25,7.17,"weekday",1,"40 to 64","6-10km","car",7.17,0.25,1.75,1.75
"94801/1000",NA,94801,4380,"60-64 years","male",20,15383,"Shopping",143.074340820312,143.074340820312,"car",0.25,7.22,"weekday",2,"40 to 64","6-10km","car",7.22,0.25,1.75,1.75
"94801/1001",NA,94801,4381,"55-59 years","female",20,15384,"Work",179.280990600586,179.280990600586,"car",0.183333333333333,8.12,"weekday",1,"40 to 64","6-10km","car",8.12,0.183333333333333,1.28333333333333,1.28333333333333
"94801/1001",NA,94801,4381,"55-59 years","female",20,15385,"Work",179.280990600586,179.280990600586,"public.transport",0.633333333333333,35.77,"weekday",1,"40 to 64",">10km","public.transport",35.77,0.633333333333333,4.43333333333333,4.43333333333333
"94801/1001",NA,94801,4381,"55-59 years","female",20,15386,"Work",179.280990600586,179.280990600586,"walking",0.166666666666667,0.65,"weekday",1,"40 to 64","<1km","walking",0.65,0.166666666666667,1.16666666666667,1.16666666666667
"94801/1001",NA,94801,4381,"55-59 years","female",20,15387,"Work",179.280990600586,179.280990600586,"walking",0.166666666666667,0.65,"weekday",2,"40 to 64","<1km","walking",0.65,0.166666666666667,1.16666666666667,1.16666666666667
"94801/1001",NA,94801,4381,"55-59 years","female",20,15388,"Work",179.280990600586,179.280990600586,"public.transport",0.633333333333333,35.77,"weekday",2,"40 to 64",">10km","public.transport",35.77,0.633333333333333,4.43333333333333,4.43333333333333
"94801/1001",NA,94801,4381,"55-59 years","female",20,15389,"Work",179.280990600586,179.280990600586,"car",0.25,8.04,"weekday",2,"40 to 64","6-10km","car",8.04,0.25,1.75,1.75
"94804/1001",NA,94804,4382,"50-54 years","male",20,15390,"Work",205.661956787109,205.661956787109,"car",0.5,30.5,"weekday",1,"40 to 64",">10km","car",30.5,0.5,3.5,3.5
"94804/1001",NA,94804,4382,"50-54 years","male",20,15391,"Work",205.661956787109,205.661956787109,"car",0.5,30.24,"weekday",2,"40 to 64",">10km","car",30.24,0.5,3.5,3.5
"94806/1000",NA,94806,4383,"50-54 years","female",20,15392,"Other",484.974609375,484.974609375,"car",0.266666666666667,5.44,"weekday",1,"40 to 64","6-10km","car",5.44,0.266666666666667,1.86666666666667,1.86666666666667
"94806/1000",NA,94806,4383,"50-54 years","female",20,15393,"Other",484.974609375,484.974609375,"car",0.266666666666667,5.36,"weekday",2,"40 to 64","6-10km","car",5.36,0.266666666666667,1.86666666666667,1.86666666666667
"94806/1000",NA,94806,4383,"50-54 years","female",20,15394,"Shopping",484.974609375,484.974609375,"car",0.166666666666667,3.35,"weekday",3,"40 to 64","3-5km","bicycle",3.35,0.304545454545455,1.16666666666667,2.13181818181818
"94806/1000",NA,94806,4383,"50-54 years","female",20,15395,"Shopping",484.974609375,484.974609375,"car",0.166666666666667,3.66,"weekday",4,"40 to 64","3-5km","bicycle",3.66,0.332727272727273,1.16666666666667,2.32909090909091
"94806/1000",NA,94806,4383,"50-54 years","female",20,15396,"Other",484.974609375,484.974609375,"car",0.283333333333333,5.44,"weekday",5,"40 to 64","6-10km","car",5.44,0.283333333333333,1.98333333333333,1.98333333333333
"94806/1000",NA,94806,4383,"50-54 years","female",20,15397,"Other",484.974609375,484.974609375,"car",0.366666666666667,5.36,"weekday",6,"40 to 64","6-10km","car",5.36,0.366666666666667,2.56666666666667,2.56666666666667
"94806/1000",NA,94806,4383,"50-54 years","female",20,15398,"Education",484.974609375,484.974609375,"car",0.266666666666667,5.44,"weekday",7,"40 to 64","6-10km","car",5.44,0.266666666666667,1.86666666666667,1.86666666666667
"94806/1000",NA,94806,4383,"50-54 years","female",20,15399,"Education",484.974609375,484.974609375,"car",0.2,5.36,"weekday",8,"40 to 64","6-10km","car",5.36,0.2,1.4,1.4
"94806/1001",NA,94806,4384,"50-54 years","male",20,15400,"Work",488.224273681641,488.224273681641,"car",0.833333333333333,48.49,"weekday",1,"40 to 64",">10km","car",48.49,0.833333333333333,5.83333333333333,5.83333333333333
"94806/1001",NA,94806,4384,"50-54 years","male",20,15401,"Work",488.224273681641,488.224273681641,"car",1,48.51,"weekday",2,"40 to 64",">10km","car",48.51,1,7,7
"94806/1001",NA,94806,4384,"50-54 years","male",20,15402,"Education",488.224273681641,488.224273681641,"car",0.266666666666667,5.44,"weekday",3,"40 to 64","6-10km","car",5.44,0.266666666666667,1.86666666666667,1.86666666666667
"94806/1001",NA,94806,4384,"50-54 years","male",20,15403,"Education",488.224273681641,488.224273681641,"car",0.2,5.36,"weekday",4,"40 to 64","6-10km","car",5.36,0.2,1.4,1.4
"94806/1002",NA,94806,4385,"15-19 years","male",20,15404,"Education",541.848937988281,541.848937988281,"car",0.266666666666667,5.44,"weekday",1,"15 to 19","6-10km","car",5.44,0.266666666666667,1.86666666666667,1.86666666666667
"94806/1002",NA,94806,4385,"15-19 years","male",20,15405,"Education",541.848937988281,541.848937988281,"car",0.366666666666667,5.36,"weekday",2,"15 to 19","6-10km","car",5.36,0.366666666666667,2.56666666666667,2.56666666666667
"94806/1002",NA,94806,4385,"15-19 years","male",20,15406,"Education",541.848937988281,541.848937988281,"car",0.266666666666667,5.44,"weekday",3,"15 to 19","6-10km","car",5.44,0.266666666666667,1.86666666666667,1.86666666666667
"94806/1002",NA,94806,4385,"15-19 years","male",20,15407,"Education",541.848937988281,541.848937988281,"car",0.2,5.36,"weekday",4,"15 to 19","6-10km","car",5.36,0.2,1.4,1.4
"94806/1003",NA,94806,4386,"15-19 years","female",20,15408,"Education",456.759735107422,456.759735107422,"car",0.266666666666667,5.44,"weekday",1,"15 to 19","6-10km","car",5.44,0.266666666666667,1.86666666666667,1.86666666666667
"94806/1003",NA,94806,4386,"15-19 years","female",20,15409,"Education",456.759735107422,456.759735107422,"car",0.366666666666667,5.36,"weekday",2,"15 to 19","6-10km","car",5.36,0.366666666666667,2.56666666666667,2.56666666666667
"94806/1003",NA,94806,4386,"15-19 years","female",20,15410,"Education",456.759735107422,456.759735107422,"car",0.266666666666667,5.44,"weekday",3,"15 to 19","6-10km","car",5.44,0.266666666666667,1.86666666666667,1.86666666666667
"94806/1003",NA,94806,4386,"15-19 years","female",20,15411,"Education",456.759735107422,456.759735107422,"car",0.2,5.36,"weekday",4,"15 to 19","6-10km","car",5.36,0.2,1.4,1.4
"94807/1000",NA,94807,4387,"60-64 years","female",20,15412,"Other",156.893493652344,156.893493652344,"car",6,494.65,"weekday",1,"40 to 64",">10km","car",494.65,6,42,42
"94807/1001",NA,94807,4388,"60-64 years","male",20,15413,"Other",143.074340820312,143.074340820312,"car",6,494.65,"weekday",1,"40 to 64",">10km","car",494.65,6,42,42
"94807/1001",NA,94807,4388,"60-64 years","male",20,15414,"Shopping",143.074340820312,143.074340820312,"car",0.133333333333333,1.58,"weekday",2,"40 to 64","1-2km","bicycle",1.58,0.143636363636364,0.933333333333333,1.00545454545455
"94807/1001",NA,94807,4388,"60-64 years","male",20,15415,"Shopping",143.074340820312,143.074340820312,"car",0.133333333333333,2,"weekday",3,"40 to 64","1-2km","bicycle",2,0.181818181818182,0.933333333333333,1.27272727272727
"94822/1003",NA,94822,4389,"30-34 years","female",20,15416,"Work",718.065612792969,718.065612792969,"car",0.25,8.14,"weekday",1,"20 to 39","6-10km","car",8.14,0.25,1.75,1.75
"94822/1003",NA,94822,4389,"30-34 years","female",20,15417,"Work",718.065612792969,718.065612792969,"car",0.25,8.09,"weekday",2,"20 to 39","6-10km","car",8.09,0.25,1.75,1.75
"94822/1003",NA,94822,4389,"30-34 years","female",20,15418,"Work",718.065612792969,718.065612792969,"car",0.5,18.03,"weekday",3,"20 to 39",">10km","car",18.03,0.5,3.5,3.5
"94822/1003",NA,94822,4389,"30-34 years","female",20,15419,"Work",718.065612792969,718.065612792969,"car",0.5,18.17,"weekday",4,"20 to 39",">10km","car",18.17,0.5,3.5,3.5
"94824/1000",NA,94824,4390,"40-44 years","male",20,15420,"Shopping",554.12841796875,554.12841796875,"car",0.0833333333333333,1.06,"weekday",1,"40 to 64","1-2km","bicycle",1.06,0.0963636363636364,0.583333333333333,0.674545454545455
"94824/1000",NA,94824,4390,"40-44 years","male",20,15421,"Shopping",554.12841796875,554.12841796875,"car",0.0833333333333333,0.85,"weekday",2,"40 to 64","<1km","bicycle",0.85,0.0772727272727273,0.583333333333333,0.540909090909091
"94824/1001",NA,94824,4391,"35-39 years","female",20,15422,"Other",563.662841796875,563.662841796875,"car",0.0833333333333333,1.85,"weekday",1,"20 to 39","1-2km","bicycle",1.85,0.168181818181818,0.583333333333333,1.17727272727273
"94824/1001",NA,94824,4391,"35-39 years","female",20,15423,"Other",563.662841796875,563.662841796875,"car",0.0833333333333333,0.88,"weekday",2,"20 to 39","<1km","bicycle",0.88,0.08,0.583333333333333,0.56
"94824/1001",NA,94824,4391,"35-39 years","female",20,15424,"Other",563.662841796875,563.662841796875,"car",0.0833333333333333,1.54,"weekday",3,"20 to 39","1-2km","bicycle",1.54,0.14,0.583333333333333,0.98
"94824/1001",NA,94824,4391,"35-39 years","female",20,15425,"Other",563.662841796875,563.662841796875,"car",0.116666666666667,2.81,"weekday",4,"20 to 39","3-5km","bicycle",2.81,0.255454545454545,0.816666666666667,1.78818181818182
"94824/1001",NA,94824,4391,"35-39 years","female",20,15426,"Other",563.662841796875,563.662841796875,"car",0.0833333333333333,1.83,"weekday",5,"20 to 39","1-2km","bicycle",1.83,0.166363636363636,0.583333333333333,1.16454545454545
"94824/1001",NA,94824,4391,"35-39 years","female",20,15427,"Other",563.662841796875,563.662841796875,"car",0.0833333333333333,1.54,"weekday",6,"20 to 39","1-2km","bicycle",1.54,0.14,0.583333333333333,0.98
"94824/1001",NA,94824,4391,"35-39 years","female",20,15428,"Other",563.662841796875,563.662841796875,"car",0.0833333333333333,1.2,"weekday",7,"20 to 39","1-2km","bicycle",1.2,0.109090909090909,0.583333333333333,0.763636363636364
"94824/1001",NA,94824,4391,"35-39 years","female",20,15429,"Leisure",563.662841796875,563.662841796875,"car",0.0833333333333333,2.43,"weekday",8,"20 to 39","3-5km","bicycle",2.43,0.220909090909091,0.583333333333333,1.54636363636364
"94824/1001",NA,94824,4391,"35-39 years","female",20,15430,"Leisure",563.662841796875,563.662841796875,"car",0.0833333333333333,1.35,"weekday",9,"20 to 39","1-2km","bicycle",1.35,0.122727272727273,0.583333333333333,0.859090909090909
"94852/1000",NA,94852,4392,"50-54 years","female",20,15431,"Work",120.97093963623,120.97093963623,"car",0.5,18.24,"weekday",1,"40 to 64",">10km","car",18.24,0.5,3.5,3.5
"94852/1000",NA,94852,4392,"50-54 years","female",20,15432,"Work",120.97093963623,120.97093963623,"car",0.666666666666667,17.98,"weekday",2,"40 to 64",">10km","car",17.98,0.666666666666667,4.66666666666667,4.66666666666667
"94852/1001",NA,94852,4393,"55-59 years","male",20,15433,"Work",136.198272705078,136.198272705078,"car",0.5,31.23,"weekday",1,"40 to 64",">10km","car",31.23,0.5,3.5,3.5
"94852/1001",NA,94852,4393,"55-59 years","male",20,15434,"Work",136.198272705078,136.198272705078,"car",0.5,22.19,"weekday",2,"40 to 64",">10km","car",22.19,0.5,3.5,3.5
"94855/1000",NA,94855,4394,"55-59 years","male",20,15435,"Work",167.802215576172,167.802215576172,"car",0.5,27.26,"weekday",1,"40 to 64",">10km","car",27.26,0.5,3.5,3.5
"94855/1000",NA,94855,4394,"55-59 years","male",20,15436,"Work",167.802215576172,167.802215576172,"car",0.5,27.14,"weekday",2,"40 to 64",">10km","car",27.14,0.5,3.5,3.5
"94856/1001",NA,94856,4395,"25-29 years","female",20,15437,"Work",178.791854858398,178.791854858398,"car",0.25,13.06,"weekday",1,"20 to 39",">10km","car",13.06,0.25,1.75,1.75
"94856/1001",NA,94856,4395,"25-29 years","female",20,15438,"Work",178.791854858398,178.791854858398,"public.transport",0.583333333333333,29.55,"weekday",1,"20 to 39",">10km","public.transport",29.55,0.583333333333333,4.08333333333333,4.08333333333333
"94856/1001",NA,94856,4395,"25-29 years","female",20,15439,"Work",178.791854858398,178.791854858398,"walking",0.333333333333333,0.79,"weekday",1,"20 to 39","<1km","walking",0.79,0.333333333333333,2.33333333333333,2.33333333333333
"94856/1001",NA,94856,4395,"25-29 years","female",20,15440,"Work",178.791854858398,178.791854858398,"walking",0.216666666666667,0.79,"weekday",2,"20 to 39","<1km","walking",0.79,0.216666666666667,1.51666666666667,1.51666666666667
"94856/1001",NA,94856,4395,"25-29 years","female",20,15441,"Work",178.791854858398,178.791854858398,"public.transport",0.666666666666667,29.55,"weekday",2,"20 to 39",">10km","public.transport",29.55,0.666666666666667,4.66666666666667,4.66666666666667
"94856/1001",NA,94856,4395,"25-29 years","female",20,15442,"Work",178.791854858398,178.791854858398,"car",0.25,12.97,"weekday",2,"20 to 39",">10km","car",12.97,0.25,1.75,1.75
"94857/1002",NA,94857,4396,"45-49 years","male",20,15443,"Work",185.775009155273,185.775009155273,"car",0.75,34.35,"weekday",1,"40 to 64",">10km","car",34.35,0.75,5.25,5.25
"94857/1002",NA,94857,4396,"45-49 years","male",20,15444,"Work",185.775009155273,185.775009155273,"car",0.583333333333333,34.46,"weekday",2,"40 to 64",">10km","car",34.46,0.583333333333333,4.08333333333333,4.08333333333333
"94870/1000",NA,94870,4397,"35-39 years","male",20,15445,"Work",315.360321044922,315.360321044922,"car",1,40.99,"weekday",1,"20 to 39",">10km","car",40.99,1,7,7
"94870/1000",NA,94870,4397,"35-39 years","male",20,15446,"Work",315.360321044922,315.360321044922,"car",1.5,41.01,"weekday",2,"20 to 39",">10km","car",41.01,1.5,10.5,10.5
"94870/1001",NA,94870,4398,"25-29 years","female",20,15447,"Other",379.222839355469,379.222839355469,"car",0.166666666666667,7.11,"weekday",1,"20 to 39","6-10km","car",7.11,0.166666666666667,1.16666666666667,1.16666666666667
"94870/1001",NA,94870,4398,"25-29 years","female",20,15448,"Other",379.222839355469,379.222839355469,"car",0.166666666666667,7.13,"weekday",2,"20 to 39","6-10km","car",7.13,0.166666666666667,1.16666666666667,1.16666666666667
"94870/1001",NA,94870,4398,"25-29 years","female",20,15449,"Other",379.222839355469,379.222839355469,"car",0.166666666666667,7.11,"weekday",3,"20 to 39","6-10km","car",7.11,0.166666666666667,1.16666666666667,1.16666666666667
"94870/1001",NA,94870,4398,"25-29 years","female",20,15450,"Other",379.222839355469,379.222839355469,"car",0.25,7.13,"weekday",4,"20 to 39","6-10km","car",7.13,0.25,1.75,1.75
"94876/1000",NA,94876,4399,"40-44 years","male",20,15451,"Other",369.611175537109,369.611175537109,"car",0.2,7.25,"weekday",1,"40 to 64","6-10km","car",7.25,0.2,1.4,1.4
"94876/1000",NA,94876,4399,"40-44 years","male",20,15452,"Other",369.611175537109,369.611175537109,"car",0.35,8.93,"weekday",2,"40 to 64","6-10km","car",8.93,0.35,2.45,2.45
"94876/1000",NA,94876,4399,"40-44 years","male",20,15453,"Other",369.611175537109,369.611175537109,"car",0.283333333333333,13.28,"weekday",3,"40 to 64",">10km","car",13.28,0.283333333333333,1.98333333333333,1.98333333333333
"94876/1001",NA,94876,4400,"40-44 years","female",20,15454,"Work",259.748474121094,259.748474121094,"car",0.516666666666667,24.02,"weekday",1,"40 to 64",">10km","car",24.02,0.516666666666667,3.61666666666667,3.61666666666667
"94876/1001",NA,94876,4400,"40-44 years","female",20,15455,"Other",259.748474121094,259.748474121094,"car",0.666666666666667,16.67,"weekday",2,"40 to 64",">10km","car",16.67,0.666666666666667,4.66666666666667,4.66666666666667
"94876/1001",NA,94876,4400,"40-44 years","female",20,15456,"Other",259.748474121094,259.748474121094,"car",0.233333333333333,8.93,"weekday",3,"40 to 64","6-10km","car",8.93,0.233333333333333,1.63333333333333,1.63333333333333
"94876/1001",NA,94876,4400,"40-44 years","female",20,15457,"Other",259.748474121094,259.748474121094,"car",0.383333333333333,13.28,"weekday",4,"40 to 64",">10km","car",13.28,0.383333333333333,2.68333333333333,2.68333333333333
"94876/1001",NA,94876,4400,"40-44 years","female",20,15458,"Shopping",259.748474121094,259.748474121094,"car",0.3,13.83,"weekday",5,"40 to 64",">10km","car",13.83,0.3,2.1,2.1
"94876/1001",NA,94876,4400,"40-44 years","female",20,15459,"Shopping",259.748474121094,259.748474121094,"car",0.283333333333333,13.88,"weekday",6,"40 to 64",">10km","car",13.88,0.283333333333333,1.98333333333333,1.98333333333333
"94877/1001",NA,94877,4401,"35-39 years","female",20,15460,"Work",298.092132568359,298.092132568359,"car",0.416666666666667,24.06,"weekday",1,"20 to 39",">10km","car",24.06,0.416666666666667,2.91666666666667,2.91666666666667
"94877/1001",NA,94877,4401,"35-39 years","female",20,15461,"Work",298.092132568359,298.092132568359,"car",0.25,11.11,"weekday",2,"20 to 39",">10km","car",11.11,0.25,1.75,1.75
"94877/1001",NA,94877,4401,"35-39 years","female",20,15462,"Work",298.092132568359,298.092132568359,"car",0.416666666666667,13.92,"weekday",3,"20 to 39",">10km","car",13.92,0.416666666666667,2.91666666666667,2.91666666666667
"94877/1002",NA,94877,4402,"30-34 years","male",20,15463,"Work",295.600555419922,295.600555419922,"car",0.5,24.06,"weekday",1,"20 to 39",">10km","car",24.06,0.5,3.5,3.5
"94877/1002",NA,94877,4402,"30-34 years","male",20,15464,"Work",295.600555419922,295.600555419922,"car",0.583333333333333,24.42,"weekday",2,"20 to 39",">10km","car",24.42,0.583333333333333,4.08333333333333,4.08333333333333
"94877/1003",NA,94877,4403,"15-19 years","male",20,15465,"Education",317.808868408203,317.808868408203,"walking",0.0833333333333333,0.59,"weekday",1,"15 to 19","<1km","walking",0.59,0.0833333333333333,0.583333333333333,0.583333333333333
"94877/1003",NA,94877,4403,"15-19 years","male",20,15466,"Education",317.808868408203,317.808868408203,"public.transport",0.333333333333333,5.98,"weekday",1,"15 to 19","6-10km","public.transport",5.98,0.333333333333333,2.33333333333333,2.33333333333333
"94877/1003",NA,94877,4403,"15-19 years","male",20,15467,"Education",317.808868408203,317.808868408203,"public.transport",0.166666666666667,7.78,"weekday",1,"15 to 19","6-10km","public.transport",7.78,0.166666666666667,1.16666666666667,1.16666666666667
"94877/1003",NA,94877,4403,"15-19 years","male",20,15468,"Education",317.808868408203,317.808868408203,"public.transport",0.666666666666667,13.72,"weekday",2,"15 to 19",">10km","public.transport",13.72,0.666666666666667,4.66666666666667,4.66666666666667
"94877/1003",NA,94877,4403,"15-19 years","male",20,15469,"Education",317.808868408203,317.808868408203,"walking",0.0833333333333333,0.59,"weekday",2,"15 to 19","<1km","walking",0.59,0.0833333333333333,0.583333333333333,0.583333333333333
"94878/1000",NA,94878,4404,"55-59 years","female",20,15470,"Shopping",124.50057220459,124.50057220459,"car",0.133333333333333,7.97,"weekday",1,"40 to 64","6-10km","car",7.97,0.133333333333333,0.933333333333333,0.933333333333333
"94878/1000",NA,94878,4404,"55-59 years","female",20,15471,"Shopping",124.50057220459,124.50057220459,"car",0.116666666666667,7.98,"weekday",2,"40 to 64","6-10km","car",7.98,0.116666666666667,0.816666666666667,0.816666666666667
"94878/1000",NA,94878,4404,"55-59 years","female",20,15472,"Shopping",124.50057220459,124.50057220459,"car",0.5,31.52,"weekday",3,"40 to 64",">10km","car",31.52,0.5,3.5,3.5
"94878/1000",NA,94878,4404,"55-59 years","female",20,15473,"Work",124.50057220459,124.50057220459,"car",0.25,19.23,"weekday",4,"40 to 64",">10km","car",19.23,0.25,1.75,1.75
"94878/1000",NA,94878,4404,"55-59 years","female",20,15474,"Work",124.50057220459,124.50057220459,"car",0.75,24.2,"weekday",5,"40 to 64",">10km","car",24.2,0.75,5.25,5.25
"94878/1001",NA,94878,4405,"65-69 years","male",20,15475,"Work",136.799423217773,136.799423217773,"car",0.75,23.83,"weekday",1,"65 plus",">10km","car",23.83,0.75,5.25,5.25
"94878/1001",NA,94878,4405,"65-69 years","male",20,15476,"Work",136.799423217773,136.799423217773,"car",0.75,24.2,"weekday",2,"65 plus",">10km","car",24.2,0.75,5.25,5.25
"94883/1001",NA,94883,4406,"40-44 years","female",20,15477,"Work",148.689193725586,148.689193725586,"car",0.5,16.46,"weekday",1,"40 to 64",">10km","car",16.46,0.5,3.5,3.5
"94883/1001",NA,94883,4406,"40-44 years","female",20,15478,"Work",148.689193725586,148.689193725586,"car",0.666666666666667,16.56,"weekday",2,"40 to 64",">10km","car",16.56,0.666666666666667,4.66666666666667,4.66666666666667
"94885/1000",NA,94885,4407,"30-34 years","female",20,15479,"Work",666.033386230469,666.033386230469,"car",0.25,10.75,"weekday",1,"20 to 39",">10km","car",10.75,0.25,1.75,1.75
"94885/1000",NA,94885,4407,"30-34 years","female",20,15480,"Work",666.033386230469,666.033386230469,"car",0.25,10.3,"weekday",2,"20 to 39",">10km","car",10.3,0.25,1.75,1.75
"94885/1001",NA,94885,4408,"35-39 years","male",20,15481,"Work",621.857666015625,621.857666015625,"car",0.25,10.75,"weekday",1,"20 to 39",">10km","car",10.75,0.25,1.75,1.75
"94885/1001",NA,94885,4408,"35-39 years","male",20,15482,"Work",621.857666015625,621.857666015625,"car",0.25,10.3,"weekday",2,"20 to 39",">10km","car",10.3,0.25,1.75,1.75
"94889/1000",NA,94889,4409,"35-39 years","male",20,15483,"Leisure",754.537231445312,754.537231445312,"walking",0.416666666666667,1.21,"weekday",1,"20 to 39","1-2km","walking",1.21,0.416666666666667,2.91666666666667,2.91666666666667
"94889/1000",NA,94889,4409,"35-39 years","male",20,15484,"Leisure",754.537231445312,754.537231445312,"walking",0.416666666666667,1.21,"weekday",2,"20 to 39","1-2km","walking",1.21,0.416666666666667,2.91666666666667,2.91666666666667
"94889/1001",NA,94889,4410,"40-44 years","female",20,15485,"Other",647.70849609375,647.70849609375,"car",0.166666666666667,3.49,"weekday",1,"40 to 64","3-5km","bicycle",3.49,0.317272727272727,1.16666666666667,2.22090909090909
"94889/1001",NA,94889,4410,"40-44 years","female",20,15486,"Other",647.70849609375,647.70849609375,"car",0.166666666666667,3.52,"weekday",2,"40 to 64","3-5km","bicycle",3.52,0.32,1.16666666666667,2.24
"94889/1001",NA,94889,4410,"40-44 years","female",20,15487,"Leisure",647.70849609375,647.70849609375,"walking",0.416666666666667,1.21,"weekday",3,"40 to 64","1-2km","walking",1.21,0.416666666666667,2.91666666666667,2.91666666666667
"94889/1001",NA,94889,4410,"40-44 years","female",20,15488,"Leisure",647.70849609375,647.70849609375,"walking",0.416666666666667,1.21,"weekday",4,"40 to 64","1-2km","walking",1.21,0.416666666666667,2.91666666666667,2.91666666666667
"94889/1001",NA,94889,4410,"40-44 years","female",20,15489,"Shopping",647.70849609375,647.70849609375,"car",0.0833333333333333,2.64,"weekday",5,"40 to 64","3-5km","bicycle",2.64,0.24,0.583333333333333,1.68
"94889/1001",NA,94889,4410,"40-44 years","female",20,15490,"Shopping",647.70849609375,647.70849609375,"car",0.1,2.45,"weekday",6,"40 to 64","3-5km","bicycle",2.45,0.222727272727273,0.7,1.55909090909091
"94889/1001",NA,94889,4410,"40-44 years","female",20,15491,"Other",647.70849609375,647.70849609375,"car",0.166666666666667,3.49,"weekday",7,"40 to 64","3-5km","bicycle",3.49,0.317272727272727,1.16666666666667,2.22090909090909
"94889/1001",NA,94889,4410,"40-44 years","female",20,15492,"Other",647.70849609375,647.70849609375,"car",0.166666666666667,3.52,"weekday",8,"40 to 64","3-5km","bicycle",3.52,0.32,1.16666666666667,2.24
"94889/1001",NA,94889,4410,"40-44 years","female",20,15493,"Other",647.70849609375,647.70849609375,"car",0.333333333333333,7.61,"weekday",9,"40 to 64","6-10km","car",7.61,0.333333333333333,2.33333333333333,2.33333333333333
"94889/1001",NA,94889,4410,"40-44 years","female",20,15494,"Other",647.70849609375,647.70849609375,"car",0.333333333333333,7.62,"weekday",10,"40 to 64","6-10km","car",7.62,0.333333333333333,2.33333333333333,2.33333333333333
"94890/1000",NA,94890,4411,"65-69 years","male",20,15495,"Work",426.436920166016,426.436920166016,"car",0.5,11.75,"weekday",1,"65 plus",">10km","car",11.75,0.5,3.5,3.5
"94890/1000",NA,94890,4411,"65-69 years","male",20,15498,"Work",426.436920166016,426.436920166016,"car",0.5,17.42,"weekday",4,"65 plus",">10km","car",17.42,0.5,3.5,3.5
"94890/1001",NA,94890,4412,"65-69 years","female",20,15499,"Leisure",369.859771728516,369.859771728516,"car",0.25,3.65,"weekday",1,"65 plus","3-5km","bicycle",3.65,0.331818181818182,1.75,2.32272727272727
"94890/1001",NA,94890,4412,"65-69 years","female",20,15500,"Leisure",369.859771728516,369.859771728516,"car",0.25,3.65,"weekday",2,"65 plus","3-5km","bicycle",3.65,0.331818181818182,1.75,2.32272727272727
"94896/1000",NA,94896,4414,"55-59 years","female",20,15502,"Other",568.320922851562,568.320922851562,"car",0.25,2.11,"weekday",1,"40 to 64","3-5km","bicycle",2.11,0.191818181818182,1.75,1.34272727272727
"94896/1000",NA,94896,4414,"55-59 years","female",20,15503,"Work",568.320922851562,568.320922851562,"car",0.333333333333333,9.49,"weekday",2,"40 to 64","6-10km","car",9.49,0.333333333333333,2.33333333333333,2.33333333333333
"94896/1000",NA,94896,4414,"55-59 years","female",20,15504,"Work",568.320922851562,568.320922851562,"car",0.433333333333333,10.88,"weekday",3,"40 to 64",">10km","car",10.88,0.433333333333333,3.03333333333333,3.03333333333333
"94899/1000",NA,94899,4415,"35-39 years","female",20,15505,"Other",566.130859375,566.130859375,"car",0.0833333333333333,4.05,"weekday",1,"20 to 39","3-5km","bicycle",4.05,0.368181818181818,0.583333333333333,2.57727272727273
"94899/1000",NA,94899,4415,"35-39 years","female",20,15506,"Work",566.130859375,566.130859375,"car",0.5,11.97,"weekday",2,"20 to 39",">10km","car",11.97,0.5,3.5,3.5
"94899/1000",NA,94899,4415,"35-39 years","female",20,15507,"Other",566.130859375,566.130859375,"car",0.333333333333333,12,"weekday",3,"20 to 39",">10km","car",12,0.333333333333333,2.33333333333333,2.33333333333333
"94899/1000",NA,94899,4415,"35-39 years","female",20,15508,"Other",566.130859375,566.130859375,"car",0.0833333333333333,4.07,"weekday",4,"20 to 39","3-5km","bicycle",4.07,0.37,0.583333333333333,2.59
"94900/1000",NA,94900,4416,"40-44 years","male",20,15509,"Work",556.5546875,556.5546875,"car",0.5,38.45,"weekday",1,"40 to 64",">10km","car",38.45,0.5,3.5,3.5
"94900/1000",NA,94900,4416,"40-44 years","male",20,15510,"Work",556.5546875,556.5546875,"car",0.666666666666667,27.97,"weekday",2,"40 to 64",">10km","car",27.97,0.666666666666667,4.66666666666667,4.66666666666667
"94900/1000",NA,94900,4416,"40-44 years","male",20,15511,"Work",556.5546875,556.5546875,"car",0.75,28.63,"weekday",3,"40 to 64",">10km","car",28.63,0.75,5.25,5.25
"94900/1000",NA,94900,4416,"40-44 years","male",20,15512,"Work",556.5546875,556.5546875,"car",0.666666666666667,38.27,"weekday",4,"40 to 64",">10km","car",38.27,0.666666666666667,4.66666666666667,4.66666666666667
"94902/1001",NA,94902,4417,"25-29 years","male",20,15513,"Work",980.261657714844,980.261657714844,"car",0.333333333333333,8.46,"weekday",1,"20 to 39","6-10km","car",8.46,0.333333333333333,2.33333333333333,2.33333333333333
"94902/1001",NA,94902,4417,"25-29 years","male",20,15514,"Work",980.261657714844,980.261657714844,"car",0.25,8.44,"weekday",2,"20 to 39","6-10km","car",8.44,0.25,1.75,1.75
"94907/1000",NA,94907,4418,"80-84 years","male",20,15515,"Leisure",491.522796630859,491.522796630859,"walking",0.0333333333333333,0.25,"weekday",1,"65 plus","<1km","walking",0.25,0.0333333333333333,0.233333333333333,0.233333333333333
"94907/1000",NA,94907,4418,"80-84 years","male",20,15516,"Leisure",491.522796630859,491.522796630859,"public.transport",0.466666666666667,8.59,"weekday",1,"65 plus","6-10km","public.transport",8.59,0.466666666666667,3.26666666666667,3.26666666666667
"94907/1000",NA,94907,4418,"80-84 years","male",20,15517,"Leisure",491.522796630859,491.522796630859,"walking",0.0166666666666667,0.15,"weekday",1,"65 plus","<1km","walking",0.15,0.0166666666666667,0.116666666666667,0.116666666666667
"94907/1000",NA,94907,4418,"80-84 years","male",20,15518,"Leisure",491.522796630859,491.522796630859,"public.transport",0.583333333333333,10.14,"weekday",1,"65 plus",">10km","public.transport",10.14,0.583333333333333,4.08333333333333,4.08333333333333
"94907/1000",NA,94907,4418,"80-84 years","male",20,15519,"Leisure",491.522796630859,491.522796630859,"walking",0.116666666666667,1.38,"weekday",1,"65 plus","1-2km","walking",1.38,0.116666666666667,0.816666666666667,0.816666666666667
"94907/1000",NA,94907,4418,"80-84 years","male",20,15520,"Leisure",491.522796630859,491.522796630859,"walking",0.116666666666667,1.38,"weekday",2,"65 plus","1-2km","walking",1.38,0.116666666666667,0.816666666666667,0.816666666666667
"94907/1000",NA,94907,4418,"80-84 years","male",20,15521,"Leisure",491.522796630859,491.522796630859,"public.transport",0.316666666666667,10.3,"weekday",2,"65 plus",">10km","public.transport",10.3,0.316666666666667,2.21666666666667,2.21666666666667
"94907/1000",NA,94907,4418,"80-84 years","male",20,15522,"Leisure",491.522796630859,491.522796630859,"walking",0.0166666666666667,0.13,"weekday",2,"65 plus","<1km","walking",0.13,0.0166666666666667,0.116666666666667,0.116666666666667
"94907/1000",NA,94907,4418,"80-84 years","male",20,15523,"Leisure",491.522796630859,491.522796630859,"public.transport",0.583333333333333,8.45,"weekday",2,"65 plus","6-10km","public.transport",8.45,0.583333333333333,4.08333333333333,4.08333333333333
"94907/1000",NA,94907,4418,"80-84 years","male",20,15524,"Leisure",491.522796630859,491.522796630859,"walking",0.0833333333333333,0.25,"weekday",2,"65 plus","<1km","walking",0.25,0.0833333333333333,0.583333333333333,0.583333333333333
"94907/1001",NA,94907,4419,"80-84 years","female",20,15525,"Leisure",551.077331542969,551.077331542969,"walking",0.0333333333333333,0.25,"weekday",1,"65 plus","<1km","walking",0.25,0.0333333333333333,0.233333333333333,0.233333333333333
"94907/1001",NA,94907,4419,"80-84 years","female",20,15526,"Leisure",551.077331542969,551.077331542969,"public.transport",0.466666666666667,8.59,"weekday",1,"65 plus","6-10km","public.transport",8.59,0.466666666666667,3.26666666666667,3.26666666666667
"94907/1001",NA,94907,4419,"80-84 years","female",20,15527,"Leisure",551.077331542969,551.077331542969,"walking",0.0166666666666667,0.15,"weekday",1,"65 plus","<1km","walking",0.15,0.0166666666666667,0.116666666666667,0.116666666666667
"94907/1001",NA,94907,4419,"80-84 years","female",20,15528,"Leisure",551.077331542969,551.077331542969,"public.transport",0.583333333333333,10.14,"weekday",1,"65 plus",">10km","public.transport",10.14,0.583333333333333,4.08333333333333,4.08333333333333
"94907/1001",NA,94907,4419,"80-84 years","female",20,15529,"Leisure",551.077331542969,551.077331542969,"walking",0.116666666666667,1.38,"weekday",1,"65 plus","1-2km","walking",1.38,0.116666666666667,0.816666666666667,0.816666666666667
"94907/1001",NA,94907,4419,"80-84 years","female",20,15530,"Leisure",551.077331542969,551.077331542969,"walking",0.116666666666667,1.38,"weekday",2,"65 plus","1-2km","walking",1.38,0.116666666666667,0.816666666666667,0.816666666666667
"94907/1001",NA,94907,4419,"80-84 years","female",20,15531,"Leisure",551.077331542969,551.077331542969,"public.transport",0.316666666666667,10.3,"weekday",2,"65 plus",">10km","public.transport",10.3,0.316666666666667,2.21666666666667,2.21666666666667
"94907/1001",NA,94907,4419,"80-84 years","female",20,15532,"Leisure",551.077331542969,551.077331542969,"walking",0.0166666666666667,0.13,"weekday",2,"65 plus","<1km","walking",0.13,0.0166666666666667,0.116666666666667,0.116666666666667
"94907/1001",NA,94907,4419,"80-84 years","female",20,15533,"Leisure",551.077331542969,551.077331542969,"public.transport",0.583333333333333,8.45,"weekday",2,"65 plus","6-10km","public.transport",8.45,0.583333333333333,4.08333333333333,4.08333333333333
"94907/1001",NA,94907,4419,"80-84 years","female",20,15534,"Leisure",551.077331542969,551.077331542969,"walking",0.0833333333333333,0.25,"weekday",2,"65 plus","<1km","walking",0.25,0.0833333333333333,0.583333333333333,0.583333333333333
"94908/1000",NA,94908,4420,"25-29 years","male",20,15535,"Work",980.261657714844,980.261657714844,"walking",0.166666666666667,0.85,"weekday",1,"20 to 39","<1km","walking",0.85,0.166666666666667,1.16666666666667,1.16666666666667
"94908/1000",NA,94908,4420,"25-29 years","male",20,15536,"Work",980.261657714844,980.261657714844,"walking",0.216666666666667,0.85,"weekday",2,"20 to 39","<1km","walking",0.85,0.216666666666667,1.51666666666667,1.51666666666667
"94908/1000",NA,94908,4420,"25-29 years","male",20,15537,"Other",980.261657714844,980.261657714844,"car",0.333333333333333,15.84,"weekday",3,"20 to 39",">10km","car",15.84,0.333333333333333,2.33333333333333,2.33333333333333
"94908/1000",NA,94908,4420,"25-29 years","male",20,15538,"Other",980.261657714844,980.261657714844,"car",0.333333333333333,15.79,"weekday",4,"20 to 39",">10km","car",15.79,0.333333333333333,2.33333333333333,2.33333333333333
"94908/1001",NA,94908,4421,"20-24 years","female",20,15539,"Leisure",794.608520507812,794.608520507812,"car",0.333333333333333,15.84,"weekday",1,"20 to 39",">10km","car",15.84,0.333333333333333,2.33333333333333,2.33333333333333
"94908/1001",NA,94908,4421,"20-24 years","female",20,15540,"Leisure",794.608520507812,794.608520507812,"car",0.333333333333333,15.79,"weekday",2,"20 to 39",">10km","car",15.79,0.333333333333333,2.33333333333333,2.33333333333333
"94926/1000",NA,94926,4422,"55-59 years","female",20,15541,"Shopping",153.390121459961,153.390121459961,"car",0.0833333333333333,0.76,"weekday",1,"40 to 64","<1km","bicycle",0.76,0.0690909090909091,0.583333333333333,0.483636363636364
"94926/1000",NA,94926,4422,"55-59 years","female",20,15542,"Shopping",153.390121459961,153.390121459961,"car",0.0833333333333333,0.76,"weekday",2,"40 to 64","<1km","bicycle",0.76,0.0690909090909091,0.583333333333333,0.483636363636364
"94934/1000",NA,94934,4423,"30-34 years","male",20,15543,"Work",203.662582397461,203.662582397461,"car",0.5,36.38,"weekday",1,"20 to 39",">10km","car",36.38,0.5,3.5,3.5
"94934/1000",NA,94934,4423,"30-34 years","male",20,15544,"Work",203.662582397461,203.662582397461,"car",0.5,36.3,"weekday",2,"20 to 39",">10km","car",36.3,0.5,3.5,3.5
"94934/1001",NA,94934,4424,"25-29 years","female",20,15545,"Other",261.276580810547,261.276580810547,"walking",0.166666666666667,0.9,"weekday",1,"20 to 39","<1km","walking",0.9,0.166666666666667,1.16666666666667,1.16666666666667
"94934/1001",NA,94934,4424,"25-29 years","female",20,15546,"Other",261.276580810547,261.276580810547,"walking",0.166666666666667,0.9,"weekday",2,"20 to 39","<1km","walking",0.9,0.166666666666667,1.16666666666667,1.16666666666667
"94934/1001",NA,94934,4424,"25-29 years","female",20,15547,"Other",261.276580810547,261.276580810547,"walking",0.166666666666667,0.9,"weekday",3,"20 to 39","<1km","walking",0.9,0.166666666666667,1.16666666666667,1.16666666666667
"94934/1001",NA,94934,4424,"25-29 years","female",20,15548,"Other",261.276580810547,261.276580810547,"walking",0.166666666666667,0.9,"weekday",4,"20 to 39","<1km","walking",0.9,0.166666666666667,1.16666666666667,1.16666666666667
"94934/1001",NA,94934,4424,"25-29 years","female",20,15549,"Work",261.276580810547,261.276580810547,"car",0.25,3.86,"weekday",5,"20 to 39","3-5km","bicycle",3.86,0.350909090909091,1.75,2.45636363636364
"94934/1001",NA,94934,4424,"25-29 years","female",20,15550,"Work",261.276580810547,261.276580810547,"car",0.166666666666667,3.94,"weekday",6,"20 to 39","3-5km","bicycle",3.94,0.358181818181818,1.16666666666667,2.50727272727273
"94937/1001",NA,94937,4425,"60-64 years","male",20,15551,"Other",306.115356445312,306.115356445312,"car",0.166666666666667,2.88,"weekday",1,"40 to 64","3-5km","bicycle",2.88,0.261818181818182,1.16666666666667,1.83272727272727
"94937/1001",NA,94937,4425,"60-64 years","male",20,15552,"Other",306.115356445312,306.115356445312,"car",0.116666666666667,3.04,"weekday",2,"40 to 64","3-5km","bicycle",3.04,0.276363636363636,0.816666666666667,1.93454545454545
"94937/1001",NA,94937,4425,"60-64 years","male",20,15553,"Shopping",306.115356445312,306.115356445312,"car",0.116666666666667,2.82,"weekday",3,"40 to 64","3-5km","bicycle",2.82,0.256363636363636,0.816666666666667,1.79454545454545
"94937/1001",NA,94937,4425,"60-64 years","male",20,15554,"Shopping",306.115356445312,306.115356445312,"car",0.15,2.82,"weekday",4,"40 to 64","3-5km","bicycle",2.82,0.256363636363636,1.05,1.79454545454545
"94937/1001",NA,94937,4425,"60-64 years","male",20,15555,"Other",306.115356445312,306.115356445312,"car",0.116666666666667,2.88,"weekday",5,"40 to 64","3-5km","bicycle",2.88,0.261818181818182,0.816666666666667,1.83272727272727
"94937/1001",NA,94937,4425,"60-64 years","male",20,15556,"Other",306.115356445312,306.115356445312,"car",0.166666666666667,3.04,"weekday",6,"40 to 64","3-5km","bicycle",3.04,0.276363636363636,1.16666666666667,1.93454545454545
"94937/1001",NA,94937,4425,"60-64 years","male",20,15557,"Other",306.115356445312,306.115356445312,"car",0.166666666666667,2.75,"weekday",7,"40 to 64","3-5km","bicycle",2.75,0.25,1.16666666666667,1.75
"94937/1001",NA,94937,4425,"60-64 years","male",20,15558,"Other",306.115356445312,306.115356445312,"car",0.15,2.89,"weekday",8,"40 to 64","3-5km","bicycle",2.89,0.262727272727273,1.05,1.83909090909091
"94937/1002",NA,94937,4426,"50-54 years","female",20,15559,"Shopping",256.582946777344,256.582946777344,"car",0.116666666666667,2.82,"weekday",1,"40 to 64","3-5km","bicycle",2.82,0.256363636363636,0.816666666666667,1.79454545454545
"94937/1002",NA,94937,4426,"50-54 years","female",20,15560,"Shopping",256.582946777344,256.582946777344,"car",0.15,2.82,"weekday",2,"40 to 64","3-5km","bicycle",2.82,0.256363636363636,1.05,1.79454545454545
"94937/1003",NA,94937,4427,"20-24 years","male",20,15561,"Leisure",288.192535400391,288.192535400391,"car",0.116666666666667,2.88,"weekday",1,"20 to 39","3-5km","bicycle",2.88,0.261818181818182,0.816666666666667,1.83272727272727
"94937/1003",NA,94937,4427,"20-24 years","male",20,15562,"Leisure",288.192535400391,288.192535400391,"walking",0.133333333333333,0.48,"weekday",2,"20 to 39","<1km","walking",0.48,0.133333333333333,0.933333333333333,0.933333333333333
"94937/1003",NA,94937,4427,"20-24 years","male",20,15563,"Leisure",288.192535400391,288.192535400391,"car",0.15,2.89,"weekday",3,"20 to 39","3-5km","bicycle",2.89,0.262727272727273,1.05,1.83909090909091
"94937/1004",NA,94937,4428,"15-19 years","female",20,15564,"Education",282.893920898438,282.893920898438,"car",0.166666666666667,2.88,"weekday",1,"15 to 19","3-5km","bicycle",2.88,0.261818181818182,1.16666666666667,1.83272727272727
"94937/1004",NA,94937,4428,"15-19 years","female",20,15565,"Education",282.893920898438,282.893920898438,"car",0.166666666666667,3.04,"weekday",2,"15 to 19","3-5km","bicycle",3.04,0.276363636363636,1.16666666666667,1.93454545454545
"94937/1005",NA,94937,4429,"15-19 years","male",20,15566,"Education",317.808868408203,317.808868408203,"car",0.166666666666667,2.88,"weekday",1,"15 to 19","3-5km","bicycle",2.88,0.261818181818182,1.16666666666667,1.83272727272727
"94937/1005",NA,94937,4429,"15-19 years","male",20,15567,"Education",317.808868408203,317.808868408203,"car",0.166666666666667,3.04,"weekday",2,"15 to 19","3-5km","bicycle",3.04,0.276363636363636,1.16666666666667,1.93454545454545
"94938/1002",NA,94938,4430,"50-54 years","male",20,15568,"Other",172.041442871094,172.041442871094,"car",1,33.37,"weekday",1,"40 to 64",">10km","car",33.37,1,7,7
"94938/1002",NA,94938,4430,"50-54 years","male",20,15569,"Other",172.041442871094,172.041442871094,"car",0.75,33.33,"weekday",2,"40 to 64",">10km","car",33.33,0.75,5.25,5.25
"94945/1000",NA,94945,4431,"60-64 years","male",20,15570,"Work",177.813385009766,177.813385009766,"car",1,41.38,"weekday",1,"40 to 64",">10km","car",41.38,1,7,7
"94945/1000",NA,94945,4431,"60-64 years","male",20,15571,"Work",177.813385009766,177.813385009766,"car",1,40.94,"weekday",2,"40 to 64",">10km","car",40.94,1,7,7
"94949/1000",NA,94949,4432,"45-49 years","male",20,15572,"Shopping",127.12606048584,127.12606048584,"car",0.333333333333333,17.18,"weekday",1,"40 to 64",">10km","car",17.18,0.333333333333333,2.33333333333333,2.33333333333333
"94949/1000",NA,94949,4432,"45-49 years","male",20,15573,"Other",127.12606048584,127.12606048584,"car",0.25,6.12,"weekday",2,"40 to 64","6-10km","car",6.12,0.25,1.75,1.75
"94949/1000",NA,94949,4432,"45-49 years","male",20,15574,"Leisure",127.12606048584,127.12606048584,"car",0.416666666666667,10.23,"weekday",3,"40 to 64",">10km","car",10.23,0.416666666666667,2.91666666666667,2.91666666666667
"94949/1000",NA,94949,4432,"45-49 years","male",20,15575,"Leisure",127.12606048584,127.12606048584,"car",0.5,28.01,"weekday",4,"40 to 64",">10km","car",28.01,0.5,3.5,3.5
"94959/1000",NA,94959,4433,"45-49 years","male",20,15576,"Other",269.638153076172,269.638153076172,"car",1,33.51,"weekday",1,"40 to 64",">10km","car",33.51,1,7,7
"94959/1000",NA,94959,4433,"45-49 years","male",20,15577,"Other",269.638153076172,269.638153076172,"car",0.75,33.47,"weekday",2,"40 to 64",">10km","car",33.47,0.75,5.25,5.25
"94959/1001",NA,94959,4434,"45-49 years","female",20,15578,"Other",368.072875976562,368.072875976562,"car",1,33.51,"weekday",1,"40 to 64",">10km","car",33.51,1,7,7
"94959/1001",NA,94959,4434,"45-49 years","female",20,15579,"Other",368.072875976562,368.072875976562,"car",0.75,33.47,"weekday",2,"40 to 64",">10km","car",33.47,0.75,5.25,5.25
"94965/1000",NA,94965,4436,"65-69 years","female",20,15581,"Other",189.425354003906,189.425354003906,"car",0.5,4.65,"weekday",1,"65 plus","3-5km","bicycle",4.65,0.422727272727273,3.5,2.95909090909091
"94965/1000",NA,94965,4436,"65-69 years","female",20,15582,"Shopping",189.425354003906,189.425354003906,"car",0.25,1.64,"weekday",2,"65 plus","1-2km","bicycle",1.64,0.149090909090909,1.75,1.04363636363636
"94965/1000",NA,94965,4436,"65-69 years","female",20,15583,"Shopping",189.425354003906,189.425354003906,"car",0.333333333333333,3.86,"weekday",3,"65 plus","3-5km","bicycle",3.86,0.350909090909091,2.33333333333333,2.45636363636364
"94965/1001",NA,94965,4437,"85-89 years","female",20,15584,"Shopping",105.822090148926,105.822090148926,"walking",0.166666666666667,0.53,"weekday",1,"65 plus","<1km","walking",0.53,0.166666666666667,1.16666666666667,1.16666666666667
"94965/1001",NA,94965,4437,"85-89 years","female",20,15585,"Shopping",105.822090148926,105.822090148926,"walking",0.25,0.53,"weekday",2,"65 plus","<1km","walking",0.53,0.25,1.75,1.75
"94970/1000",NA,94970,4438,"65-69 years","male",20,15586,"Leisure",351.451293945312,351.451293945312,"car",0.916666666666667,33.33,"weekday",1,"65 plus",">10km","car",33.33,0.916666666666667,6.41666666666667,6.41666666666667
"94970/1000",NA,94970,4438,"65-69 years","male",20,15587,"Leisure",351.451293945312,351.451293945312,"car",1.16666666666667,33.3,"weekday",2,"65 plus",">10km","car",33.3,1.16666666666667,8.16666666666667,8.16666666666667
"94970/1001",NA,94970,4439,"65-69 years","female",20,15588,"Leisure",304.822784423828,304.822784423828,"car",0.916666666666667,33.33,"weekday",1,"65 plus",">10km","car",33.33,0.916666666666667,6.41666666666667,6.41666666666667
"94970/1001",NA,94970,4439,"65-69 years","female",20,15589,"Leisure",304.822784423828,304.822784423828,"car",1.16666666666667,33.3,"weekday",2,"65 plus",">10km","car",33.3,1.16666666666667,8.16666666666667,8.16666666666667
"94971/1000",NA,94971,4440,"30-34 years","female",20,15590,"Work",316.911895751953,316.911895751953,"car",0.833333333333333,18.6,"weekday",1,"20 to 39",">10km","car",18.6,0.833333333333333,5.83333333333333,5.83333333333333
"94971/1000",NA,94971,4440,"30-34 years","female",20,15591,"Work",316.911895751953,316.911895751953,"car",0.5,14.69,"weekday",2,"20 to 39",">10km","car",14.69,0.5,3.5,3.5
"94971/1000",NA,94971,4440,"30-34 years","female",20,15592,"Work",316.911895751953,316.911895751953,"car",0.166666666666667,4.64,"weekday",3,"20 to 39","3-5km","bicycle",4.64,0.421818181818182,1.16666666666667,2.95272727272727
"94978/1000",NA,94978,4441,"60-64 years","female",20,15593,"Work",249.79345703125,249.79345703125,"car",0.5,15.96,"weekday",1,"40 to 64",">10km","car",15.96,0.5,3.5,3.5
"94978/1000",NA,94978,4441,"60-64 years","female",20,15594,"Work",249.79345703125,249.79345703125,"car",0.666666666666667,16.11,"weekday",2,"40 to 64",">10km","car",16.11,0.666666666666667,4.66666666666667,4.66666666666667
"94978/1001",NA,94978,4442,"60-64 years","male",20,15595,"Work",227.791702270508,227.791702270508,"car",0.583333333333333,11.22,"weekday",1,"40 to 64",">10km","car",11.22,0.583333333333333,4.08333333333333,4.08333333333333
"94978/1001",NA,94978,4442,"60-64 years","male",20,15596,"Work",227.791702270508,227.791702270508,"car",0.333333333333333,11.22,"weekday",2,"40 to 64",">10km","car",11.22,0.333333333333333,2.33333333333333,2.33333333333333
"94980/1000",NA,94980,4443,"70-74 years","female",20,15598,"Other",171.396911621094,171.396911621094,"car",0.166666666666667,3.31,"weekday",2,"65 plus","3-5km","bicycle",3.31,0.300909090909091,1.16666666666667,2.10636363636364
"94980/1000",NA,94980,4443,"70-74 years","female",20,15599,"Other",171.396911621094,171.396911621094,"car",0.166666666666667,3.3,"weekday",3,"65 plus","3-5km","bicycle",3.3,0.3,1.16666666666667,2.1
"94980/1001",NA,94980,4444,"75-79 years","male",20,15600,"Other",146.185394287109,146.185394287109,"car",0.166666666666667,3.31,"weekday",1,"65 plus","3-5km","bicycle",3.31,0.300909090909091,1.16666666666667,2.10636363636364
"94980/1001",NA,94980,4444,"75-79 years","male",20,15601,"Other",146.185394287109,146.185394287109,"car",0.166666666666667,3.3,"weekday",2,"65 plus","3-5km","bicycle",3.3,0.3,1.16666666666667,2.1
"94981/1000",NA,94981,4445,"40-44 years","female",20,15602,"Other",460.510681152344,460.510681152344,"car",0.5,15.66,"weekday",1,"40 to 64",">10km","car",15.66,0.5,3.5,3.5
"94981/1000",NA,94981,4445,"40-44 years","female",20,15603,"Other",460.510681152344,460.510681152344,"car",0.5,15.73,"weekday",2,"40 to 64",">10km","car",15.73,0.5,3.5,3.5
"94981/1000",NA,94981,4445,"40-44 years","female",20,15604,"Other",460.510681152344,460.510681152344,"car",0.666666666666667,15.66,"weekday",3,"40 to 64",">10km","car",15.66,0.666666666666667,4.66666666666667,4.66666666666667
"94981/1000",NA,94981,4445,"40-44 years","female",20,15605,"Other",460.510681152344,460.510681152344,"car",0.5,15.73,"weekday",4,"40 to 64",">10km","car",15.73,0.5,3.5,3.5
"94981/1001",NA,94981,4446,"20-24 years","female",20,15606,"Other",673.038940429688,673.038940429688,"car",0.5,15.66,"weekday",1,"20 to 39",">10km","car",15.66,0.5,3.5,3.5
"94981/1001",NA,94981,4446,"20-24 years","female",20,15607,"Other",673.038940429688,673.038940429688,"car",0.5,15.73,"weekday",2,"20 to 39",">10km","car",15.73,0.5,3.5,3.5
"94981/1001",NA,94981,4446,"20-24 years","female",20,15608,"Other",673.038940429688,673.038940429688,"car",0.666666666666667,15.66,"weekday",3,"20 to 39",">10km","car",15.66,0.666666666666667,4.66666666666667,4.66666666666667
"94981/1001",NA,94981,4446,"20-24 years","female",20,15609,"Other",673.038940429688,673.038940429688,"car",0.5,15.73,"weekday",4,"20 to 39",">10km","car",15.73,0.5,3.5,3.5
"94984/1000",NA,94984,4447,"40-44 years","male",20,15610,"Leisure",500.453094482422,500.453094482422,"car",0.05,2.07,"weekday",1,"40 to 64","3-5km","bicycle",2.07,0.188181818181818,0.35,1.31727272727273
"94984/1000",NA,94984,4447,"40-44 years","male",20,15611,"Leisure",500.453094482422,500.453094482422,"car",0.0666666666666667,2.15,"weekday",2,"40 to 64","3-5km","bicycle",2.15,0.195454545454545,0.466666666666667,1.36818181818182
"94984/1000",NA,94984,4447,"40-44 years","male",20,15612,"Work",500.453094482422,500.453094482422,"car",0.883333333333333,20.38,"weekday",3,"40 to 64",">10km","car",20.38,0.883333333333333,6.18333333333333,6.18333333333333
"94984/1000",NA,94984,4447,"40-44 years","male",20,15613,"Work",500.453094482422,500.453094482422,"car",0.7,24.34,"weekday",4,"40 to 64",">10km","car",24.34,0.7,4.9,4.9
"94984/1000",NA,94984,4447,"40-44 years","male",20,15614,"Work",500.453094482422,500.453094482422,"car",0.683333333333333,24.36,"weekday",5,"40 to 64",">10km","car",24.36,0.683333333333333,4.78333333333333,4.78333333333333
"94984/1000",NA,94984,4447,"40-44 years","male",20,15615,"Work",500.453094482422,500.453094482422,"car",0.8,20.61,"weekday",6,"40 to 64",">10km","car",20.61,0.8,5.6,5.6
"94984/1001",NA,94984,4448,"40-44 years","female",20,15616,"Other",594.987426757812,594.987426757812,"car",0.166666666666667,4.32,"weekday",1,"40 to 64","3-5km","bicycle",4.32,0.392727272727273,1.16666666666667,2.74909090909091
"94984/1001",NA,94984,4448,"40-44 years","female",20,15617,"Leisure",594.987426757812,594.987426757812,"car",0.166666666666667,2.92,"weekday",2,"40 to 64","3-5km","bicycle",2.92,0.265454545454545,1.16666666666667,1.85818181818182
"94984/1001",NA,94984,4448,"40-44 years","female",20,15618,"Shopping",594.987426757812,594.987426757812,"car",0.0166666666666667,0.11,"weekday",3,"40 to 64","<1km","bicycle",0.11,0.01,0.116666666666667,0.07
"94984/1001",NA,94984,4448,"40-44 years","female",20,15619,"Shopping",594.987426757812,594.987426757812,"car",0.1,2.06,"weekday",4,"40 to 64","3-5km","bicycle",2.06,0.187272727272727,0.7,1.31090909090909
"94984/1001",NA,94984,4448,"40-44 years","female",20,15620,"Other",594.987426757812,594.987426757812,"car",0.183333333333333,4.32,"weekday",5,"40 to 64","3-5km","bicycle",4.32,0.392727272727273,1.28333333333333,2.74909090909091
"94984/1001",NA,94984,4448,"40-44 years","female",20,15621,"Other",594.987426757812,594.987426757812,"car",0.15,4.89,"weekday",6,"40 to 64","3-5km","bicycle",4.89,0.444545454545455,1.05,3.11181818181818
"94984/1001",NA,94984,4448,"40-44 years","female",20,15622,"Other",594.987426757812,594.987426757812,"car",0.0833333333333333,2.08,"weekday",7,"40 to 64","3-5km","bicycle",2.08,0.189090909090909,0.583333333333333,1.32363636363636
"94984/1001",NA,94984,4448,"40-44 years","female",20,15623,"Other",594.987426757812,594.987426757812,"car",0.0833333333333333,2.08,"weekday",8,"40 to 64","3-5km","bicycle",2.08,0.189090909090909,0.583333333333333,1.32363636363636
"94984/1001",NA,94984,4448,"40-44 years","female",20,15624,"Other",594.987426757812,594.987426757812,"car",0.0833333333333333,2.08,"weekday",9,"40 to 64","3-5km","bicycle",2.08,0.189090909090909,0.583333333333333,1.32363636363636
"94985/1000",NA,94985,4449,"35-39 years","female",20,15625,"Leisure",320.457489013672,320.457489013672,"car",0.166666666666667,7.67,"weekday",1,"20 to 39","6-10km","car",7.67,0.166666666666667,1.16666666666667,1.16666666666667
"94985/1000",NA,94985,4449,"35-39 years","female",20,15626,"Leisure",320.457489013672,320.457489013672,"car",0.166666666666667,7.69,"weekday",2,"20 to 39","6-10km","car",7.69,0.166666666666667,1.16666666666667,1.16666666666667
"94985/1000",NA,94985,4449,"35-39 years","female",20,15627,"Other",320.457489013672,320.457489013672,"car",0.166666666666667,3.32,"weekday",3,"20 to 39","3-5km","bicycle",3.32,0.301818181818182,1.16666666666667,2.11272727272727
"94985/1000",NA,94985,4449,"35-39 years","female",20,15628,"Other",320.457489013672,320.457489013672,"car",0.25,3.28,"weekday",4,"20 to 39","3-5km","bicycle",3.28,0.298181818181818,1.75,2.08727272727273
"94985/1000",NA,94985,4449,"35-39 years","female",20,15629,"Other",320.457489013672,320.457489013672,"car",0.25,3.32,"weekday",5,"20 to 39","3-5km","bicycle",3.32,0.301818181818182,1.75,2.11272727272727
"94985/1000",NA,94985,4449,"35-39 years","female",20,15630,"Other",320.457489013672,320.457489013672,"car",0.5,5.92,"weekday",6,"20 to 39","6-10km","car",5.92,0.5,3.5,3.5
"94985/1000",NA,94985,4449,"35-39 years","female",20,15631,"Other",320.457489013672,320.457489013672,"car",0.333333333333333,5.39,"weekday",7,"20 to 39","6-10km","car",5.39,0.333333333333333,2.33333333333333,2.33333333333333
"94985/1001",NA,94985,4450,"35-39 years","male",20,15632,"Other",347.083160400391,347.083160400391,"car",0.25,5.26,"weekday",1,"20 to 39","6-10km","car",5.26,0.25,1.75,1.75
"94985/1001",NA,94985,4450,"35-39 years","male",20,15633,"Shopping",347.083160400391,347.083160400391,"car",0.0833333333333333,1.39,"weekday",2,"20 to 39","1-2km","bicycle",1.39,0.126363636363636,0.583333333333333,0.884545454545454
"94985/1001",NA,94985,4450,"35-39 years","male",20,15634,"Shopping",347.083160400391,347.083160400391,"car",0.25,5.53,"weekday",3,"20 to 39","6-10km","car",5.53,0.25,1.75,1.75
"94985/1001",NA,94985,4450,"35-39 years","male",20,15635,"Shopping",347.083160400391,347.083160400391,"car",0.25,5.56,"weekday",4,"20 to 39","6-10km","car",5.56,0.25,1.75,1.75
"94985/1001",NA,94985,4450,"35-39 years","male",20,15636,"Shopping",347.083160400391,347.083160400391,"car",0.25,5.53,"weekday",5,"20 to 39","6-10km","car",5.53,0.25,1.75,1.75
"94985/1001",NA,94985,4450,"35-39 years","male",20,15637,"Leisure",347.083160400391,347.083160400391,"car",0.25,8.39,"weekday",6,"20 to 39","6-10km","car",8.39,0.25,1.75,1.75
"94985/1001",NA,94985,4450,"35-39 years","male",20,15638,"Leisure",347.083160400391,347.083160400391,"car",0.333333333333333,8.46,"weekday",7,"20 to 39","6-10km","car",8.46,0.333333333333333,2.33333333333333,2.33333333333333
"94988/1000",NA,94988,4451,"75-79 years","female",20,15639,"Shopping",81.3612976074219,81.3612976074219,"car",0.25,4,"weekday",1,"65 plus","3-5km","bicycle",4,0.363636363636364,1.75,2.54545454545455
"94988/1000",NA,94988,4451,"75-79 years","female",20,15640,"Shopping",81.3612976074219,81.3612976074219,"car",0.25,3.69,"weekday",2,"65 plus","3-5km","bicycle",3.69,0.335454545454545,1.75,2.34818181818182
"94988/1000",NA,94988,4451,"75-79 years","female",20,15641,"Other",81.3612976074219,81.3612976074219,"car",0.5,15.84,"weekday",3,"65 plus",">10km","car",15.84,0.5,3.5,3.5
"94988/1000",NA,94988,4451,"75-79 years","female",20,15642,"Other",81.3612976074219,81.3612976074219,"car",0.583333333333333,22.15,"weekday",4,"65 plus",">10km","car",22.15,0.583333333333333,4.08333333333333,4.08333333333333
"94988/1000",NA,94988,4451,"75-79 years","female",20,15643,"Other",81.3612976074219,81.3612976074219,"car",0.583333333333333,9.51,"weekday",5,"65 plus","6-10km","car",9.51,0.583333333333333,4.08333333333333,4.08333333333333
"94988/1001",NA,94988,4452,"75-79 years","male",20,15644,"Shopping",76.3799514770508,76.3799514770508,"car",0.25,4,"weekday",1,"65 plus","3-5km","bicycle",4,0.363636363636364,1.75,2.54545454545455
"94988/1001",NA,94988,4452,"75-79 years","male",20,15645,"Shopping",76.3799514770508,76.3799514770508,"car",0.416666666666667,5.67,"weekday",2,"65 plus","6-10km","car",5.67,0.416666666666667,2.91666666666667,2.91666666666667
"94988/1001",NA,94988,4452,"75-79 years","male",20,15646,"Shopping",76.3799514770508,76.3799514770508,"car",0.5,9.1,"weekday",3,"65 plus","6-10km","car",9.1,0.5,3.5,3.5
"94999/1000",NA,94999,4453,"55-59 years","female",20,15647,"Leisure",507.188659667969,507.188659667969,"car",0.0833333333333333,2.21,"weekday",1,"40 to 64","3-5km","bicycle",2.21,0.200909090909091,0.583333333333333,1.40636363636364
"94999/1000",NA,94999,4453,"55-59 years","female",20,15648,"Leisure",507.188659667969,507.188659667969,"car",0.166666666666667,2.18,"weekday",2,"40 to 64","3-5km","bicycle",2.18,0.198181818181818,1.16666666666667,1.38727272727273
"95001/1000",NA,95001,4454,"50-54 years","female",20,15649,"Leisure",487.098052978516,487.098052978516,"walking",1,2.96,"weekday",1,"40 to 64","3-5km","walking",2.96,1,7,7
"95001/1000",NA,95001,4454,"50-54 years","female",20,15650,"Leisure",487.098052978516,487.098052978516,"walking",1,2.96,"weekday",2,"40 to 64","3-5km","walking",2.96,1,7,7
"95003/1000",NA,95003,4455,"40-44 years","male",20,15651,"Work",554.12841796875,554.12841796875,"car",0.5,9.38,"weekday",1,"40 to 64","6-10km","car",9.38,0.5,3.5,3.5
"95003/1000",NA,95003,4455,"40-44 years","male",20,15652,"Work",554.12841796875,554.12841796875,"car",0.5,10.59,"weekday",2,"40 to 64",">10km","car",10.59,0.5,3.5,3.5
"95003/1000",NA,95003,4455,"40-44 years","male",20,15653,"Other",554.12841796875,554.12841796875,"car",0.5,15.62,"weekday",3,"40 to 64",">10km","car",15.62,0.5,3.5,3.5
"95003/1000",NA,95003,4455,"40-44 years","male",20,15654,"Other",554.12841796875,554.12841796875,"car",0.25,2.38,"weekday",4,"40 to 64","3-5km","bicycle",2.38,0.216363636363636,1.75,1.51454545454545
"95003/1000",NA,95003,4455,"40-44 years","male",20,15655,"Other",554.12841796875,554.12841796875,"car",0.0833333333333333,0.68,"weekday",5,"40 to 64","<1km","bicycle",0.68,0.0618181818181818,0.583333333333333,0.432727272727273
"95003/1001",NA,95003,4456,"40-44 years","female",20,15656,"Other",575.516906738281,575.516906738281,"car",0.0833333333333333,0.68,"weekday",1,"40 to 64","<1km","bicycle",0.68,0.0618181818181818,0.583333333333333,0.432727272727273
"95003/1001",NA,95003,4456,"40-44 years","female",20,15657,"Other",575.516906738281,575.516906738281,"car",0.25,2.5,"weekday",2,"40 to 64","3-5km","bicycle",2.5,0.227272727272727,1.75,1.59090909090909
"95003/1001",NA,95003,4456,"40-44 years","female",20,15658,"Work",575.516906738281,575.516906738281,"car",0.666666666666667,20.18,"weekday",3,"40 to 64",">10km","car",20.18,0.666666666666667,4.66666666666667,4.66666666666667
"95003/1001",NA,95003,4456,"40-44 years","female",20,15659,"Work",575.516906738281,575.516906738281,"car",0.5,22.55,"weekday",4,"40 to 64",">10km","car",22.55,0.5,3.5,3.5
"95007/1001",NA,95007,4457,"40-44 years","female",20,15660,"Other",217.286178588867,217.286178588867,"car",0.25,4.06,"weekday",1,"40 to 64","3-5km","bicycle",4.06,0.369090909090909,1.75,2.58363636363636
"95007/1001",NA,95007,4457,"40-44 years","female",20,15661,"Work",217.286178588867,217.286178588867,"car",0.716666666666667,25.49,"weekday",2,"40 to 64",">10km","car",25.49,0.716666666666667,5.01666666666667,5.01666666666667
"95007/1001",NA,95007,4457,"40-44 years","female",20,15662,"Work",217.286178588867,217.286178588867,"car",1,22.94,"weekday",3,"40 to 64",">10km","car",22.94,1,7,7
"95008/1000",NA,95008,4458,"70-74 years","female",20,15663,"Leisure",148.091735839844,148.091735839844,"car",0.0833333333333333,0.7,"weekday",1,"65 plus","<1km","bicycle",0.7,0.0636363636363636,0.583333333333333,0.445454545454545
"95008/1000",NA,95008,4458,"70-74 years","female",20,15664,"Leisure",148.091735839844,148.091735839844,"car",0.0833333333333333,0.7,"weekday",2,"65 plus","<1km","bicycle",0.7,0.0636363636363636,0.583333333333333,0.445454545454545
"95011/1000",NA,95011,4459,"55-59 years","male",20,15665,"Work",167.802215576172,167.802215576172,"car",0.5,11.18,"weekday",1,"40 to 64",">10km","car",11.18,0.5,3.5,3.5
"95011/1000",NA,95011,4459,"55-59 years","male",20,15666,"Other",167.802215576172,167.802215576172,"car",0.5,15.78,"weekday",2,"40 to 64",">10km","car",15.78,0.5,3.5,3.5
"95011/1000",NA,95011,4459,"55-59 years","male",20,15667,"Other",167.802215576172,167.802215576172,"car",0.333333333333333,5.77,"weekday",3,"40 to 64","6-10km","car",5.77,0.333333333333333,2.33333333333333,2.33333333333333
"95011/1000",NA,95011,4459,"55-59 years","male",20,15668,"Work",167.802215576172,167.802215576172,"car",0.5,19.42,"weekday",4,"40 to 64",">10km","car",19.42,0.5,3.5,3.5
"95013/1000",NA,95013,4460,"40-44 years","male",20,15669,"Other",122.080093383789,122.080093383789,"car",0.366666666666667,12.77,"weekday",1,"40 to 64",">10km","car",12.77,0.366666666666667,2.56666666666667,2.56666666666667
"95013/1000",NA,95013,4460,"40-44 years","male",20,15670,"Work",122.080093383789,122.080093383789,"car",0.283333333333333,11.72,"weekday",2,"40 to 64",">10km","car",11.72,0.283333333333333,1.98333333333333,1.98333333333333
"95013/1000",NA,95013,4460,"40-44 years","male",20,15671,"Other",122.080093383789,122.080093383789,"car",0.433333333333333,11.74,"weekday",3,"40 to 64",">10km","car",11.74,0.433333333333333,3.03333333333333,3.03333333333333
"95013/1000",NA,95013,4460,"40-44 years","male",20,15672,"Other",122.080093383789,122.080093383789,"car",0.383333333333333,13.03,"weekday",4,"40 to 64",">10km","car",13.03,0.383333333333333,2.68333333333333,2.68333333333333
"95013/1001",NA,95013,4461,"35-39 years","female",20,15673,"Work",126.796051025391,126.796051025391,"car",0.4,7.46,"weekday",1,"20 to 39","6-10km","car",7.46,0.4,2.8,2.8
"95013/1001",NA,95013,4461,"35-39 years","female",20,15674,"Work",126.796051025391,126.796051025391,"car",0.433333333333333,7.68,"weekday",2,"20 to 39","6-10km","car",7.68,0.433333333333333,3.03333333333333,3.03333333333333
"95014/1000",NA,95014,4462,"35-39 years","male",20,15675,"Work",174.027191162109,174.027191162109,"car",0.333333333333333,10.5,"weekday",1,"20 to 39",">10km","car",10.5,0.333333333333333,2.33333333333333,2.33333333333333
"95014/1000",NA,95014,4462,"35-39 years","male",20,15676,"Work",174.027191162109,174.027191162109,"car",0.333333333333333,10.34,"weekday",2,"20 to 39",">10km","car",10.34,0.333333333333333,2.33333333333333,2.33333333333333
"95014/1001",NA,95014,4463,"35-39 years","female",20,15677,"Work",134.685974121094,134.685974121094,"car",0.666666666666667,34.43,"weekday",1,"20 to 39",">10km","car",34.43,0.666666666666667,4.66666666666667,4.66666666666667
"95014/1001",NA,95014,4463,"35-39 years","female",20,15678,"Work",134.685974121094,134.685974121094,"car",0.666666666666667,34.56,"weekday",2,"20 to 39",">10km","car",34.56,0.666666666666667,4.66666666666667,4.66666666666667
"95017/1000",NA,95017,4464,"35-39 years","female",20,15679,"Other",212.434097290039,212.434097290039,"car",0.333333333333333,8.61,"weekday",1,"20 to 39","6-10km","car",8.61,0.333333333333333,2.33333333333333,2.33333333333333
"95017/1000",NA,95017,4464,"35-39 years","female",20,15680,"Other",212.434097290039,212.434097290039,"car",0.25,8.83,"weekday",2,"20 to 39","6-10km","car",8.83,0.25,1.75,1.75
"95017/1000",NA,95017,4464,"35-39 years","female",20,15681,"Shopping",212.434097290039,212.434097290039,"car",0.333333333333333,7.43,"weekday",3,"20 to 39","6-10km","car",7.43,0.333333333333333,2.33333333333333,2.33333333333333
"95017/1000",NA,95017,4464,"35-39 years","female",20,15682,"Other",212.434097290039,212.434097290039,"car",0.166666666666667,1.53,"weekday",4,"20 to 39","1-2km","bicycle",1.53,0.139090909090909,1.16666666666667,0.973636363636364
"95017/1000",NA,95017,4464,"35-39 years","female",20,15683,"Other",212.434097290039,212.434097290039,"car",0.3,8.83,"weekday",5,"20 to 39","6-10km","car",8.83,0.3,2.1,2.1
"95017/1001",NA,95017,4465,"40-44 years","male",20,15684,"Work",204.532974243164,204.532974243164,"car",0.166666666666667,7.43,"weekday",1,"40 to 64","6-10km","car",7.43,0.166666666666667,1.16666666666667,1.16666666666667
"95017/1001",NA,95017,4465,"40-44 years","male",20,15685,"Work",204.532974243164,204.532974243164,"car",0.25,7.65,"weekday",2,"40 to 64","6-10km","car",7.65,0.25,1.75,1.75
"95020/1000",NA,95020,4466,"65-69 years","female",20,15686,"Work",101.395683288574,101.395683288574,"car",0.5,14.9,"weekday",1,"65 plus",">10km","car",14.9,0.5,3.5,3.5
"95020/1000",NA,95020,4466,"65-69 years","female",20,15687,"Work",101.395683288574,101.395683288574,"car",0.333333333333333,14.92,"weekday",2,"65 plus",">10km","car",14.92,0.333333333333333,2.33333333333333,2.33333333333333
"95020/1001",NA,95020,4467,"75-79 years","male",20,15688,"Leisure",94.0405426025391,94.0405426025391,"walking",0.25,1.05,"weekday",1,"65 plus","1-2km","walking",1.05,0.25,1.75,1.75
"95020/1001",NA,95020,4467,"75-79 years","male",20,15689,"Leisure",94.0405426025391,94.0405426025391,"walking",0.25,1.05,"weekday",2,"65 plus","1-2km","walking",1.05,0.25,1.75,1.75
"95023/1000",NA,95023,4468,"30-34 years","male",20,15690,"Work",286.1357421875,286.1357421875,"car",0.25,6.67,"weekday",1,"20 to 39","6-10km","car",6.67,0.25,1.75,1.75
"95023/1000",NA,95023,4468,"30-34 years","male",20,15691,"Work",286.1357421875,286.1357421875,"car",0.216666666666667,6.55,"weekday",2,"20 to 39","6-10km","car",6.55,0.216666666666667,1.51666666666667,1.51666666666667
"95023/1001",NA,95023,4469,"30-34 years","female",20,15692,"Work",248.344512939453,248.344512939453,"car",0.633333333333333,17.02,"weekday",1,"20 to 39",">10km","car",17.02,0.633333333333333,4.43333333333333,4.43333333333333
"95023/1001",NA,95023,4469,"30-34 years","female",20,15693,"Work",248.344512939453,248.344512939453,"car",0.45,17.05,"weekday",2,"20 to 39",">10km","car",17.05,0.45,3.15,3.15
"95024/1000",NA,95024,4470,"25-29 years","male",20,15694,"Work",213.285980224609,213.285980224609,"other",0.166666666666667,1.04,"weekday",1,"20 to 39","1-2km","other",1.04,0.166666666666667,1.16666666666667,1.16666666666667
"95024/1000",NA,95024,4470,"25-29 years","male",20,15695,"Work",213.285980224609,213.285980224609,"other",0.166666666666667,1.04,"weekday",2,"20 to 39","1-2km","other",1.04,0.166666666666667,1.16666666666667,1.16666666666667
"95024/1001",NA,95024,4471,"30-34 years","female",20,15696,"Work",190.952270507812,190.952270507812,"car",0.666666666666667,34.09,"weekday",1,"20 to 39",">10km","car",34.09,0.666666666666667,4.66666666666667,4.66666666666667
"95024/1001",NA,95024,4471,"30-34 years","female",20,15697,"Work",190.952270507812,190.952270507812,"car",0.583333333333333,33.99,"weekday",2,"20 to 39",">10km","car",33.99,0.583333333333333,4.08333333333333,4.08333333333333
"95031/1001",NA,95031,4472,"35-39 years","male",20,15698,"Work",347.083160400391,347.083160400391,"car",0.75,27.39,"weekday",1,"20 to 39",">10km","car",27.39,0.75,5.25,5.25
"95031/1001",NA,95031,4472,"35-39 years","male",20,15699,"Work",347.083160400391,347.083160400391,"car",1,27.23,"weekday",2,"20 to 39",">10km","car",27.23,1,7,7
"95485/1000",NA,95485,4473,"20-24 years","female",20,15700,"Education",794.608520507812,794.608520507812,"car",0.25,2.15,"weekday",1,"20 to 39","3-5km","bicycle",2.15,0.195454545454545,1.75,1.36818181818182
"95485/1000",NA,95485,4473,"20-24 years","female",20,15701,"Education",794.608520507812,794.608520507812,"car",0.333333333333333,2.85,"weekday",2,"20 to 39","3-5km","bicycle",2.85,0.259090909090909,2.33333333333333,1.81363636363636
"95487/1000",NA,95487,4474,"35-39 years","male",20,15702,"Work",673.374267578125,673.374267578125,"walking",0.2,1.15,"weekday",1,"20 to 39","1-2km","walking",1.15,0.2,1.4,1.4
"95487/1000",NA,95487,4474,"35-39 years","male",20,15703,"Work",673.374267578125,673.374267578125,"walking",0.233333333333333,1.15,"weekday",2,"20 to 39","1-2km","walking",1.15,0.233333333333333,1.63333333333333,1.63333333333333
"95492/1000",NA,95492,4475,"20-24 years","female",20,15704,"Work",860.436279296875,860.436279296875,"car",0.316666666666667,3.59,"weekday",1,"20 to 39","3-5km","bicycle",3.59,0.326363636363636,2.21666666666667,2.28454545454545
"95492/1000",NA,95492,4475,"20-24 years","female",20,15705,"Work",860.436279296875,860.436279296875,"car",0.333333333333333,3.85,"weekday",2,"20 to 39","3-5km","bicycle",3.85,0.35,2.33333333333333,2.45
"95506/1000",NA,95506,4476,"55-59 years","male",20,15706,"Other",598.893310546875,598.893310546875,"car",0.166666666666667,2.29,"weekday",1,"40 to 64","3-5km","bicycle",2.29,0.208181818181818,1.16666666666667,1.45727272727273
"95506/1000",NA,95506,4476,"55-59 years","male",20,15707,"Other",598.893310546875,598.893310546875,"car",0.166666666666667,2.79,"weekday",2,"40 to 64","3-5km","bicycle",2.79,0.253636363636364,1.16666666666667,1.77545454545455
"95506/1000",NA,95506,4476,"55-59 years","male",20,15708,"Work",598.893310546875,598.893310546875,"walking",0.25,0.53,"weekday",3,"40 to 64","<1km","walking",0.53,0.25,1.75,1.75
"95506/1000",NA,95506,4476,"55-59 years","male",20,15709,"Work",598.893310546875,598.893310546875,"walking",0.25,0.53,"weekday",4,"40 to 64","<1km","walking",0.53,0.25,1.75,1.75
"95506/1000",NA,95506,4476,"55-59 years","male",20,15710,"Leisure",598.893310546875,598.893310546875,"walking",0.75,2.57,"weekday",5,"40 to 64","3-5km","walking",2.57,0.75,5.25,5.25
"95506/1000",NA,95506,4476,"55-59 years","male",20,15711,"Leisure",598.893310546875,598.893310546875,"walking",0.75,2.57,"weekday",6,"40 to 64","3-5km","walking",2.57,0.75,5.25,5.25
"95506/1001",NA,95506,4477,"50-54 years","female",20,15712,"Work",545.808776855469,545.808776855469,"car",0.166666666666667,2.29,"weekday",1,"40 to 64","3-5km","bicycle",2.29,0.208181818181818,1.16666666666667,1.45727272727273
"95506/1001",NA,95506,4477,"50-54 years","female",20,15713,"Work",545.808776855469,545.808776855469,"car",0.25,2.81,"weekday",2,"40 to 64","3-5km","bicycle",2.81,0.255454545454545,1.75,1.78818181818182
"95506/1001",NA,95506,4477,"50-54 years","female",20,15714,"Leisure",545.808776855469,545.808776855469,"walking",0.75,2.57,"weekday",3,"40 to 64","3-5km","walking",2.57,0.75,5.25,5.25
"95506/1001",NA,95506,4477,"50-54 years","female",20,15715,"Leisure",545.808776855469,545.808776855469,"walking",0.75,2.57,"weekday",4,"40 to 64","3-5km","walking",2.57,0.75,5.25,5.25
"95506/1002",NA,95506,4478,"15-19 years","male",20,15716,"Education",609.817321777344,609.817321777344,"walking",0.5,1.87,"weekday",1,"15 to 19","1-2km","walking",1.87,0.5,3.5,3.5
"95506/1002",NA,95506,4478,"15-19 years","male",20,15717,"Education",609.817321777344,609.817321777344,"walking",1,1.87,"weekday",2,"15 to 19","1-2km","walking",1.87,1,7,7
"95508/1000",NA,95508,4479,"50-54 years","male",20,15718,"Work",452.846740722656,452.846740722656,"car",0.5,18.74,"weekday",1,"40 to 64",">10km","car",18.74,0.5,3.5,3.5
"95508/1000",NA,95508,4479,"50-54 years","male",20,15719,"Work",452.846740722656,452.846740722656,"car",0.25,7.52,"weekday",2,"40 to 64","6-10km","car",7.52,0.25,1.75,1.75
"95508/1000",NA,95508,4479,"50-54 years","male",20,15720,"Work",452.846740722656,452.846740722656,"car",0.333333333333333,5.13,"weekday",3,"40 to 64","6-10km","car",5.13,0.333333333333333,2.33333333333333,2.33333333333333
"95508/1000",NA,95508,4479,"50-54 years","male",20,15721,"Work",452.846740722656,452.846740722656,"car",0.5,8.08,"weekday",4,"40 to 64","6-10km","car",8.08,0.5,3.5,3.5
"95508/1001",NA,95508,4480,"35-39 years","female",20,15722,"Work",522.818908691406,522.818908691406,"walking",0.25,1.39,"weekday",1,"20 to 39","1-2km","walking",1.39,0.25,1.75,1.75
"95508/1001",NA,95508,4480,"35-39 years","female",20,15723,"Shopping",522.818908691406,522.818908691406,"walking",0.0833333333333333,0.35,"weekday",2,"20 to 39","<1km","walking",0.35,0.0833333333333333,0.583333333333333,0.583333333333333
"95508/1001",NA,95508,4480,"35-39 years","female",20,15724,"Work",522.818908691406,522.818908691406,"walking",0.0833333333333333,0.35,"weekday",3,"20 to 39","<1km","walking",0.35,0.0833333333333333,0.583333333333333,0.583333333333333
"95508/1001",NA,95508,4480,"35-39 years","female",20,15725,"Work",522.818908691406,522.818908691406,"walking",1,1.39,"weekday",4,"20 to 39","1-2km","walking",1.39,1,7,7
"95535/1000",NA,95535,4481,"65-69 years","female",20,15726,"Leisure",330.075256347656,330.075256347656,"car",0.45,9.54,"weekday",1,"65 plus","6-10km","car",9.54,0.45,3.15,3.15
"95535/1000",NA,95535,4481,"65-69 years","female",20,15727,"Shopping",330.075256347656,330.075256347656,"car",0.25,3.03,"weekday",2,"65 plus","3-5km","bicycle",3.03,0.275454545454545,1.75,1.92818181818182
"95535/1000",NA,95535,4481,"65-69 years","female",20,15728,"Leisure",330.075256347656,330.075256347656,"car",0.5,2.95,"weekday",3,"65 plus","3-5km","bicycle",2.95,0.268181818181818,3.5,1.87727272727273
"95535/1000",NA,95535,4481,"65-69 years","female",20,15729,"Work",330.075256347656,330.075256347656,"car",0.416666666666667,9.06,"weekday",4,"65 plus","6-10km","car",9.06,0.416666666666667,2.91666666666667,2.91666666666667
"95535/1000",NA,95535,4481,"65-69 years","female",20,15730,"Work",330.075256347656,330.075256347656,"car",0.366666666666667,14.12,"weekday",5,"65 plus",">10km","car",14.12,0.366666666666667,2.56666666666667,2.56666666666667
"95847/1000",NA,95847,4482,"65-69 years","male",20,15731,"Leisure",115.985206604004,115.985206604004,"car",1,27.71,"weekday",1,"65 plus",">10km","car",27.71,1,7,7
"95847/1000",NA,95847,4482,"65-69 years","male",20,15732,"Other",115.985206604004,115.985206604004,"car",0.166666666666667,4.28,"weekday",2,"65 plus","3-5km","bicycle",4.28,0.389090909090909,1.16666666666667,2.72363636363636
"95847/1000",NA,95847,4482,"65-69 years","male",20,15733,"Shopping",115.985206604004,115.985206604004,"car",0.166666666666667,4.4,"weekday",3,"65 plus","3-5km","bicycle",4.4,0.4,1.16666666666667,2.8
"95847/1000",NA,95847,4482,"65-69 years","male",20,15734,"Shopping",115.985206604004,115.985206604004,"car",1.08333333333333,27.64,"weekday",4,"65 plus",">10km","car",27.64,1.08333333333333,7.58333333333333,7.58333333333333
"95881/1000",NA,95881,4483,"55-59 years","male",20,15735,"Work",493.582550048828,493.582550048828,"walking",0.166666666666667,0.62,"weekday",1,"40 to 64","<1km","walking",0.62,0.166666666666667,1.16666666666667,1.16666666666667
"95881/1000",NA,95881,4483,"55-59 years","male",20,15736,"Work",493.582550048828,493.582550048828,"public.transport",0.266666666666667,5.08,"weekday",1,"40 to 64","6-10km","public.transport",5.08,0.266666666666667,1.86666666666667,1.86666666666667
"95881/1000",NA,95881,4483,"55-59 years","male",20,15737,"Work",493.582550048828,493.582550048828,"public.transport",0.583333333333333,7.73,"weekday",1,"40 to 64","6-10km","public.transport",7.73,0.583333333333333,4.08333333333333,4.08333333333333
"95881/1000",NA,95881,4483,"55-59 years","male",20,15738,"Work",493.582550048828,493.582550048828,"walking",0.166666666666667,0.59,"weekday",1,"40 to 64","<1km","walking",0.59,0.166666666666667,1.16666666666667,1.16666666666667
"95881/1000",NA,95881,4483,"55-59 years","male",20,15739,"Work",493.582550048828,493.582550048828,"walking",0.166666666666667,0.59,"weekday",2,"40 to 64","<1km","walking",0.59,0.166666666666667,1.16666666666667,1.16666666666667
"95881/1000",NA,95881,4483,"55-59 years","male",20,15740,"Work",493.582550048828,493.582550048828,"public.transport",0.333333333333333,7.37,"weekday",2,"40 to 64","6-10km","public.transport",7.37,0.333333333333333,2.33333333333333,2.33333333333333
"95881/1000",NA,95881,4483,"55-59 years","male",20,15741,"Work",493.582550048828,493.582550048828,"public.transport",0.416666666666667,5.63,"weekday",2,"40 to 64","6-10km","public.transport",5.63,0.416666666666667,2.91666666666667,2.91666666666667
"95881/1000",NA,95881,4483,"55-59 years","male",20,15742,"Work",493.582550048828,493.582550048828,"walking",0.166666666666667,0.8,"weekday",2,"40 to 64","<1km","walking",0.8,0.166666666666667,1.16666666666667,1.16666666666667
"95882/1000",NA,95882,4484,"40-44 years","male",20,15743,"Leisure",554.12841796875,554.12841796875,"walking",0.0833333333333333,0.48,"weekday",1,"40 to 64","<1km","walking",0.48,0.0833333333333333,0.583333333333333,0.583333333333333
"95882/1000",NA,95882,4484,"40-44 years","male",20,15744,"Leisure",554.12841796875,554.12841796875,"walking",0.0833333333333333,0.48,"weekday",2,"40 to 64","<1km","walking",0.48,0.0833333333333333,0.583333333333333,0.583333333333333
"95882/1000",NA,95882,4484,"40-44 years","male",20,15745,"Shopping",554.12841796875,554.12841796875,"walking",0.166666666666667,0.48,"weekday",3,"40 to 64","<1km","walking",0.48,0.166666666666667,1.16666666666667,1.16666666666667
"95882/1000",NA,95882,4484,"40-44 years","male",20,15746,"Shopping",554.12841796875,554.12841796875,"walking",0.25,0.48,"weekday",4,"40 to 64","<1km","walking",0.48,0.25,1.75,1.75
"95882/1000",NA,95882,4484,"40-44 years","male",20,15747,"Other",554.12841796875,554.12841796875,"walking",0.0833333333333333,0.58,"weekday",5,"40 to 64","<1km","walking",0.58,0.0833333333333333,0.583333333333333,0.583333333333333
"95882/1000",NA,95882,4484,"40-44 years","male",20,15748,"Other",554.12841796875,554.12841796875,"walking",0.0833333333333333,0.58,"weekday",6,"40 to 64","<1km","walking",0.58,0.0833333333333333,0.583333333333333,0.583333333333333
"95882/1001",NA,95882,4485,"40-44 years","female",20,15749,"Work",575.516906738281,575.516906738281,"car",0.5,9.53,"weekday",1,"40 to 64","6-10km","car",9.53,0.5,3.5,3.5
"95882/1001",NA,95882,4485,"40-44 years","female",20,15750,"Work",575.516906738281,575.516906738281,"car",0.5,9.9,"weekday",2,"40 to 64","6-10km","car",9.9,0.5,3.5,3.5
"95902/1001",NA,95902,4486,"75-79 years","female",20,15751,"Leisure",410.973388671875,410.973388671875,"car",0.166666666666667,1.37,"weekday",1,"65 plus","1-2km","bicycle",1.37,0.124545454545455,1.16666666666667,0.871818181818182
"95902/1001",NA,95902,4486,"75-79 years","female",20,15752,"Shopping",410.973388671875,410.973388671875,"car",0.0833333333333333,0.71,"weekday",2,"65 plus","<1km","bicycle",0.71,0.0645454545454545,0.583333333333333,0.451818181818182
"95902/1001",NA,95902,4486,"75-79 years","female",20,15753,"Shopping",410.973388671875,410.973388671875,"car",0.0833333333333333,0.99,"weekday",3,"65 plus","<1km","bicycle",0.99,0.09,0.583333333333333,0.63
"95915/1000",NA,95915,4487,"45-49 years","male",20,15754,"Work",552.430297851562,552.430297851562,"car",0.333333333333333,5.84,"weekday",1,"40 to 64","6-10km","car",5.84,0.333333333333333,2.33333333333333,2.33333333333333
"95915/1000",NA,95915,4487,"45-49 years","male",20,15755,"Work",552.430297851562,552.430297851562,"car",0.383333333333333,5.87,"weekday",2,"40 to 64","6-10km","car",5.87,0.383333333333333,2.68333333333333,2.68333333333333
"95919/1000",NA,95919,4488,"55-59 years","female",20,15756,"Work",504.977630615234,504.977630615234,"car",0.25,9.37,"weekday",1,"40 to 64","6-10km","car",9.37,0.25,1.75,1.75
"95919/1000",NA,95919,4488,"55-59 years","female",20,15757,"Work",504.977630615234,504.977630615234,"car",0.333333333333333,9.73,"weekday",2,"40 to 64","6-10km","car",9.73,0.333333333333333,2.33333333333333,2.33333333333333
"95919/1002",NA,95919,4489,"25-29 years","male",20,15758,"Work",1056.84216308594,1056.84216308594,"car",0.5,25.64,"weekday",1,"20 to 39",">10km","car",25.64,0.5,3.5,3.5
"95919/1002",NA,95919,4489,"25-29 years","male",20,15759,"Work",1056.84216308594,1056.84216308594,"car",0.666666666666667,25.49,"weekday",2,"20 to 39",">10km","car",25.49,0.666666666666667,4.66666666666667,4.66666666666667
"95919/1003",NA,95919,4490,"25-29 years","male",20,15760,"Work",1056.84216308594,1056.84216308594,"walking",0.0833333333333333,0.21,"weekday",1,"20 to 39","<1km","walking",0.21,0.0833333333333333,0.583333333333333,0.583333333333333
"95919/1003",NA,95919,4490,"25-29 years","male",20,15761,"Work",1056.84216308594,1056.84216308594,"public.transport",0.333333333333333,7.09,"weekday",1,"20 to 39","6-10km","public.transport",7.09,0.333333333333333,2.33333333333333,2.33333333333333
"95919/1003",NA,95919,4490,"25-29 years","male",20,15762,"Work",1056.84216308594,1056.84216308594,"walking",0.0833333333333333,0.66,"weekday",1,"20 to 39","<1km","walking",0.66,0.0833333333333333,0.583333333333333,0.583333333333333
"95919/1003",NA,95919,4490,"25-29 years","male",20,15763,"Work",1056.84216308594,1056.84216308594,"walking",0.0833333333333333,0.32,"weekday",2,"20 to 39","<1km","walking",0.32,0.0833333333333333,0.583333333333333,0.583333333333333
"95919/1003",NA,95919,4490,"25-29 years","male",20,15764,"Work",1056.84216308594,1056.84216308594,"public.transport",0.333333333333333,6.7,"weekday",2,"20 to 39","6-10km","public.transport",6.7,0.333333333333333,2.33333333333333,2.33333333333333
"95919/1003",NA,95919,4490,"25-29 years","male",20,15765,"Work",1056.84216308594,1056.84216308594,"walking",0.0833333333333333,0.21,"weekday",2,"20 to 39","<1km","walking",0.21,0.0833333333333333,0.583333333333333,0.583333333333333
"95927/1000",NA,95927,4491,"45-49 years","female",20,15766,"Other",587.36279296875,587.36279296875,"car",0.25,7.65,"weekday",1,"40 to 64","6-10km","car",7.65,0.25,1.75,1.75
"95927/1000",NA,95927,4491,"45-49 years","female",20,15767,"Other",587.36279296875,587.36279296875,"car",0.333333333333333,7.52,"weekday",2,"40 to 64","6-10km","car",7.52,0.333333333333333,2.33333333333333,2.33333333333333
"95927/1000",NA,95927,4491,"45-49 years","female",20,15768,"Shopping",587.36279296875,587.36279296875,"car",0.166666666666667,1.12,"weekday",3,"40 to 64","1-2km","bicycle",1.12,0.101818181818182,1.16666666666667,0.712727272727273
"95927/1000",NA,95927,4491,"45-49 years","female",20,15769,"Shopping",587.36279296875,587.36279296875,"car",0.166666666666667,1.15,"weekday",4,"40 to 64","1-2km","bicycle",1.15,0.104545454545455,1.16666666666667,0.731818181818182
"95927/1000",NA,95927,4491,"45-49 years","female",20,15770,"Other",587.36279296875,587.36279296875,"car",0.25,7.65,"weekday",5,"40 to 64","6-10km","car",7.65,0.25,1.75,1.75
"95927/1000",NA,95927,4491,"45-49 years","female",20,15771,"Other",587.36279296875,587.36279296875,"car",0.166666666666667,6.05,"weekday",6,"40 to 64","6-10km","car",6.05,0.166666666666667,1.16666666666667,1.16666666666667
"95927/1000",NA,95927,4491,"45-49 years","female",20,15772,"Other",587.36279296875,587.36279296875,"car",0.166666666666667,1.49,"weekday",7,"40 to 64","1-2km","bicycle",1.49,0.135454545454545,1.16666666666667,0.948181818181818
"95927/1000",NA,95927,4491,"45-49 years","female",20,15773,"Shopping",587.36279296875,587.36279296875,"car",0.166666666666667,1.12,"weekday",8,"40 to 64","1-2km","bicycle",1.12,0.101818181818182,1.16666666666667,0.712727272727273
"95927/1000",NA,95927,4491,"45-49 years","female",20,15774,"Shopping",587.36279296875,587.36279296875,"car",0.166666666666667,1.15,"weekday",9,"40 to 64","1-2km","bicycle",1.15,0.104545454545455,1.16666666666667,0.731818181818182
"95927/1000",NA,95927,4491,"45-49 years","female",20,15775,"Leisure",587.36279296875,587.36279296875,"walking",0.0833333333333333,0.38,"weekday",10,"40 to 64","<1km","walking",0.38,0.0833333333333333,0.583333333333333,0.583333333333333
"95927/1000",NA,95927,4491,"45-49 years","female",20,15776,"Leisure",587.36279296875,587.36279296875,"walking",0.0833333333333333,0.38,"weekday",11,"40 to 64","<1km","walking",0.38,0.0833333333333333,0.583333333333333,0.583333333333333
"95933/1000",NA,95933,4492,"55-59 years","female",20,15777,"Shopping",507.188659667969,507.188659667969,"car",0.166666666666667,1.18,"weekday",1,"40 to 64","1-2km","bicycle",1.18,0.107272727272727,1.16666666666667,0.750909090909091
"95933/1000",NA,95933,4492,"55-59 years","female",20,15778,"Shopping",507.188659667969,507.188659667969,"car",0.166666666666667,1.21,"weekday",2,"40 to 64","1-2km","bicycle",1.21,0.11,1.16666666666667,0.77
"95941/1000",NA,95941,4493,"40-44 years","male",20,15779,"Work",554.12841796875,554.12841796875,"car",0.0833333333333333,1.62,"weekday",1,"40 to 64","1-2km","bicycle",1.62,0.147272727272727,0.583333333333333,1.03090909090909
"95941/1000",NA,95941,4493,"40-44 years","male",20,15780,"Work",554.12841796875,554.12841796875,"car",0.0833333333333333,1.6,"weekday",2,"40 to 64","1-2km","bicycle",1.6,0.145454545454545,0.583333333333333,1.01818181818182
"95941/1001",NA,95941,4494,"35-39 years","female",20,15781,"Other",563.662841796875,563.662841796875,"car",0.166666666666667,1.89,"weekday",1,"20 to 39","1-2km","bicycle",1.89,0.171818181818182,1.16666666666667,1.20272727272727
"95941/1001",NA,95941,4494,"35-39 years","female",20,15782,"Other",563.662841796875,563.662841796875,"car",0.166666666666667,1.9,"weekday",2,"20 to 39","1-2km","bicycle",1.9,0.172727272727273,1.16666666666667,1.20909090909091
"95941/1001",NA,95941,4494,"35-39 years","female",20,15783,"Other",563.662841796875,563.662841796875,"car",0.166666666666667,1.89,"weekday",3,"20 to 39","1-2km","bicycle",1.89,0.171818181818182,1.16666666666667,1.20272727272727
"95941/1001",NA,95941,4494,"35-39 years","female",20,15784,"Other",563.662841796875,563.662841796875,"car",0.166666666666667,1.9,"weekday",4,"20 to 39","1-2km","bicycle",1.9,0.172727272727273,1.16666666666667,1.20909090909091
"95959/1000",NA,95959,4495,"60-64 years","male",20,15785,"Leisure",441.761657714844,441.761657714844,"car",0.25,1.69,"weekday",1,"40 to 64","1-2km","bicycle",1.69,0.153636363636364,1.75,1.07545454545455
"95959/1000",NA,95959,4495,"60-64 years","male",20,15786,"Leisure",441.761657714844,441.761657714844,"car",0.25,1.67,"weekday",2,"40 to 64","1-2km","bicycle",1.67,0.151818181818182,1.75,1.06272727272727
"95963/1000",NA,95963,4496,"30-34 years","female",20,15787,"Leisure",666.033386230469,666.033386230469,"car",0.5,8.95,"weekday",1,"20 to 39","6-10km","car",8.95,0.5,3.5,3.5
"95963/1000",NA,95963,4496,"30-34 years","female",20,15788,"Leisure",666.033386230469,666.033386230469,"car",0.5,8.5,"weekday",2,"20 to 39","6-10km","car",8.5,0.5,3.5,3.5
"95963/1001",NA,95963,4497,"25-29 years","male",20,15789,"Other",980.261657714844,980.261657714844,"car",0.416666666666667,10.3,"weekday",1,"20 to 39",">10km","car",10.3,0.416666666666667,2.91666666666667,2.91666666666667
"95963/1001",NA,95963,4497,"25-29 years","male",20,15790,"Work",980.261657714844,980.261657714844,"car",0.166666666666667,0.97,"weekday",2,"20 to 39","<1km","bicycle",0.97,0.0881818181818182,1.16666666666667,0.617272727272727
"95963/1001",NA,95963,4497,"25-29 years","male",20,15791,"Other",980.261657714844,980.261657714844,"car",0.5,8.43,"weekday",3,"20 to 39","6-10km","car",8.43,0.5,3.5,3.5
"95963/1001",NA,95963,4497,"25-29 years","male",20,15792,"Other",980.261657714844,980.261657714844,"car",0.5,8.5,"weekday",4,"20 to 39","6-10km","car",8.5,0.5,3.5,3.5
"95990/1000",NA,95990,4498,"60-64 years","female",20,15793,"Leisure",471.933685302734,471.933685302734,"walking",0.25,0.33,"weekday",1,"40 to 64","<1km","walking",0.33,0.25,1.75,1.75
"95990/1000",NA,95990,4498,"60-64 years","female",20,15794,"Leisure",471.933685302734,471.933685302734,"walking",0.25,0.33,"weekday",2,"40 to 64","<1km","walking",0.33,0.25,1.75,1.75
"95990/1000",NA,95990,4498,"60-64 years","female",20,15795,"Other",471.933685302734,471.933685302734,"car",0.133333333333333,1.33,"weekday",3,"40 to 64","1-2km","bicycle",1.33,0.120909090909091,0.933333333333333,0.846363636363636
"95990/1000",NA,95990,4498,"60-64 years","female",20,15796,"Other",471.933685302734,471.933685302734,"car",0.2,1.35,"weekday",4,"40 to 64","1-2km","bicycle",1.35,0.122727272727273,1.4,0.859090909090909
"95990/1000",NA,95990,4498,"60-64 years","female",20,15797,"Other",471.933685302734,471.933685302734,"car",0.166666666666667,1.33,"weekday",5,"40 to 64","1-2km","bicycle",1.33,0.120909090909091,1.16666666666667,0.846363636363636
"95990/1000",NA,95990,4498,"60-64 years","female",20,15798,"Other",471.933685302734,471.933685302734,"car",0.216666666666667,1.35,"weekday",6,"40 to 64","1-2km","bicycle",1.35,0.122727272727273,1.51666666666667,0.859090909090909
"95990/1000",NA,95990,4498,"60-64 years","female",20,15799,"Leisure",471.933685302734,471.933685302734,"car",0.166666666666667,1.65,"weekday",7,"40 to 64","1-2km","bicycle",1.65,0.15,1.16666666666667,1.05
"95990/1000",NA,95990,4498,"60-64 years","female",20,15800,"Leisure",471.933685302734,471.933685302734,"car",0.166666666666667,1.63,"weekday",8,"40 to 64","1-2km","bicycle",1.63,0.148181818181818,1.16666666666667,1.03727272727273
"95990/1001",NA,95990,4499,"20-24 years","male",20,15801,"Shopping",967.1748046875,967.1748046875,"walking",0.0833333333333333,0.27,"weekday",1,"20 to 39","<1km","walking",0.27,0.0833333333333333,0.583333333333333,0.583333333333333
"95990/1001",NA,95990,4499,"20-24 years","male",20,15802,"Shopping",967.1748046875,967.1748046875,"public.transport",0.333333333333333,6.5,"weekday",1,"20 to 39","6-10km","public.transport",6.5,0.333333333333333,2.33333333333333,2.33333333333333
"95990/1001",NA,95990,4499,"20-24 years","male",20,15803,"Shopping",967.1748046875,967.1748046875,"walking",0.166666666666667,0.49,"weekday",1,"20 to 39","<1km","walking",0.49,0.166666666666667,1.16666666666667,1.16666666666667
"95990/1001",NA,95990,4499,"20-24 years","male",20,15804,"Work",967.1748046875,967.1748046875,"walking",0.0833333333333333,0.34,"weekday",2,"20 to 39","<1km","walking",0.34,0.0833333333333333,0.583333333333333,0.583333333333333
"95990/1001",NA,95990,4499,"20-24 years","male",20,15805,"Work",967.1748046875,967.1748046875,"car",0.333333333333333,6.31,"weekday",3,"20 to 39","6-10km","car",6.31,0.333333333333333,2.33333333333333,2.33333333333333
"95990/1002",NA,95990,4500,"30-34 years","male",20,15806,"Other",890.036010742188,890.036010742188,"car",0.416666666666667,4.06,"weekday",1,"20 to 39","3-5km","bicycle",4.06,0.369090909090909,2.91666666666667,2.58363636363636
"95990/1002",NA,95990,4500,"30-34 years","male",20,15807,"Leisure",890.036010742188,890.036010742188,"car",0.333333333333333,8.61,"weekday",2,"20 to 39","6-10km","car",8.61,0.333333333333333,2.33333333333333,2.33333333333333
"95990/1002",NA,95990,4500,"30-34 years","male",20,15808,"Leisure",890.036010742188,890.036010742188,"car",0.333333333333333,8.73,"weekday",3,"20 to 39","6-10km","car",8.73,0.333333333333333,2.33333333333333,2.33333333333333
"95993/1000",NA,95993,4501,"60-64 years","female",20,15809,"Leisure",437.736572265625,437.736572265625,"car",0.166666666666667,4.35,"weekday",1,"40 to 64","3-5km","bicycle",4.35,0.395454545454545,1.16666666666667,2.76818181818182
"95993/1000",NA,95993,4501,"60-64 years","female",20,15810,"Leisure",437.736572265625,437.736572265625,"car",0.3,4.38,"weekday",2,"40 to 64","3-5km","bicycle",4.38,0.398181818181818,2.1,2.78727272727273
"96000/1001",NA,96000,4502,"45-49 years","male",20,15811,"Shopping",455.289733886719,455.289733886719,"walking",0.25,1.12,"weekday",1,"40 to 64","1-2km","walking",1.12,0.25,1.75,1.75
"96000/1001",NA,96000,4502,"45-49 years","male",20,15812,"Shopping",455.289733886719,455.289733886719,"walking",0.25,1.12,"weekday",2,"40 to 64","1-2km","walking",1.12,0.25,1.75,1.75
"96001/1000",NA,96001,4503,"60-64 years","male",20,15813,"Other",407.964630126953,407.964630126953,"car",0.333333333333333,5.41,"weekday",1,"40 to 64","6-10km","car",5.41,0.333333333333333,2.33333333333333,2.33333333333333
"96001/1000",NA,96001,4503,"60-64 years","male",20,15814,"Shopping",407.964630126953,407.964630126953,"car",0.416666666666667,5.68,"weekday",2,"40 to 64","6-10km","car",5.68,0.416666666666667,2.91666666666667,2.91666666666667
"96001/1000",NA,96001,4503,"60-64 years","male",20,15815,"Shopping",407.964630126953,407.964630126953,"car",0.166666666666667,1.26,"weekday",3,"40 to 64","1-2km","bicycle",1.26,0.114545454545455,1.16666666666667,0.801818181818182
"96001/1001",NA,96001,4504,"55-59 years","female",20,15816,"Other",468.386108398438,468.386108398438,"car",0.333333333333333,5.41,"weekday",1,"40 to 64","6-10km","car",5.41,0.333333333333333,2.33333333333333,2.33333333333333
"96001/1001",NA,96001,4504,"55-59 years","female",20,15817,"Shopping",468.386108398438,468.386108398438,"car",0.416666666666667,5.68,"weekday",2,"40 to 64","6-10km","car",5.68,0.416666666666667,2.91666666666667,2.91666666666667
"96001/1001",NA,96001,4504,"55-59 years","female",20,15818,"Shopping",468.386108398438,468.386108398438,"car",0.166666666666667,1.26,"weekday",3,"40 to 64","1-2km","bicycle",1.26,0.114545454545455,1.16666666666667,0.801818181818182
"96017/1000",NA,96017,4505,"70-74 years","female",20,15819,"Leisure",444.963592529297,444.963592529297,"walking",0.1,0.33,"weekday",1,"65 plus","<1km","walking",0.33,0.1,0.7,0.7
"96017/1000",NA,96017,4505,"70-74 years","female",20,15820,"Leisure",444.963592529297,444.963592529297,"public.transport",0.65,7.68,"weekday",1,"65 plus","6-10km","public.transport",7.68,0.65,4.55,4.55
"96017/1000",NA,96017,4505,"70-74 years","female",20,15821,"Leisure",444.963592529297,444.963592529297,"walking",0.0333333333333333,0.43,"weekday",1,"65 plus","<1km","walking",0.43,0.0333333333333333,0.233333333333333,0.233333333333333
"96017/1000",NA,96017,4505,"70-74 years","female",20,15822,"Leisure",444.963592529297,444.963592529297,"public.transport",0.1,1.04,"weekday",1,"65 plus","1-2km","public.transport",1.04,0.1,0.7,0.7
"96017/1000",NA,96017,4505,"70-74 years","female",20,15823,"Leisure",444.963592529297,444.963592529297,"public.transport",0.483333333333333,18.06,"weekday",1,"65 plus",">10km","public.transport",18.06,0.483333333333333,3.38333333333333,3.38333333333333
"96017/1000",NA,96017,4505,"70-74 years","female",20,15824,"Leisure",444.963592529297,444.963592529297,"walking",0.0833333333333333,0.16,"weekday",1,"65 plus","<1km","walking",0.16,0.0833333333333333,0.583333333333333,0.583333333333333
"96017/1000",NA,96017,4505,"70-74 years","female",20,15825,"Leisure",444.963592529297,444.963592529297,"walking",0.0833333333333333,0.16,"weekday",2,"65 plus","<1km","walking",0.16,0.0833333333333333,0.583333333333333,0.583333333333333
"96017/1000",NA,96017,4505,"70-74 years","female",20,15826,"Leisure",444.963592529297,444.963592529297,"public.transport",0.666666666666667,17.97,"weekday",2,"65 plus",">10km","public.transport",17.97,0.666666666666667,4.66666666666667,4.66666666666667
"96017/1000",NA,96017,4505,"70-74 years","female",20,15827,"Leisure",444.963592529297,444.963592529297,"public.transport",0.166666666666667,3.61,"weekday",2,"65 plus","3-5km","public.transport",3.61,0.166666666666667,1.16666666666667,1.16666666666667
"96017/1000",NA,96017,4505,"70-74 years","female",20,15828,"Leisure",444.963592529297,444.963592529297,"public.transport",0.333333333333333,5.65,"weekday",2,"65 plus","6-10km","public.transport",5.65,0.333333333333333,2.33333333333333,2.33333333333333
"96017/1000",NA,96017,4505,"70-74 years","female",20,15829,"Leisure",444.963592529297,444.963592529297,"walking",0.166666666666667,0.33,"weekday",2,"65 plus","<1km","walking",0.33,0.166666666666667,1.16666666666667,1.16666666666667
"96019/1000",NA,96019,4506,"40-44 years","female",20,15830,"Other",575.516906738281,575.516906738281,"car",0.25,4.96,"weekday",1,"40 to 64","3-5km","bicycle",4.96,0.450909090909091,1.75,3.15636363636364
"96019/1000",NA,96019,4506,"40-44 years","female",20,15831,"Work",575.516906738281,575.516906738281,"car",0.25,9.84,"weekday",2,"40 to 64","6-10km","car",9.84,0.25,1.75,1.75
"96019/1000",NA,96019,4506,"40-44 years","female",20,15832,"Work",575.516906738281,575.516906738281,"car",0.333333333333333,8.85,"weekday",3,"40 to 64","6-10km","car",8.85,0.333333333333333,2.33333333333333,2.33333333333333
"96019/1001",NA,96019,4507,"45-49 years","male",20,15833,"Work",490.858123779297,490.858123779297,"car",0.416666666666667,12.21,"weekday",1,"40 to 64",">10km","car",12.21,0.416666666666667,2.91666666666667,2.91666666666667
"96019/1001",NA,96019,4507,"45-49 years","male",20,15834,"Work",490.858123779297,490.858123779297,"car",0.5,12.39,"weekday",2,"40 to 64",">10km","car",12.39,0.5,3.5,3.5
"96019/1002",NA,96019,4508,"15-19 years","male",20,15835,"Education",541.848937988281,541.848937988281,"walking",0.416666666666667,1.06,"weekday",1,"15 to 19","1-2km","walking",1.06,0.416666666666667,2.91666666666667,2.91666666666667
"96019/1002",NA,96019,4508,"15-19 years","male",20,15836,"Education",541.848937988281,541.848937988281,"walking",0.5,1.06,"weekday",2,"15 to 19","1-2km","walking",1.06,0.5,3.5,3.5
"96027/1000",NA,96027,4509,"35-39 years","female",20,15837,"Other",813.797668457031,813.797668457031,"car",0.166666666666667,5.76,"weekday",1,"20 to 39","6-10km","car",5.76,0.166666666666667,1.16666666666667,1.16666666666667
"96027/1000",NA,96027,4509,"35-39 years","female",20,15838,"Work",813.797668457031,813.797668457031,"car",0.283333333333333,8.36,"weekday",2,"20 to 39","6-10km","car",8.36,0.283333333333333,1.98333333333333,1.98333333333333
"96027/1000",NA,96027,4509,"35-39 years","female",20,15839,"Work",813.797668457031,813.797668457031,"car",0.0833333333333333,0.8,"weekday",3,"20 to 39","<1km","bicycle",0.8,0.0727272727272727,0.583333333333333,0.509090909090909
"96027/1000",NA,96027,4509,"35-39 years","female",20,15840,"Other",813.797668457031,813.797668457031,"car",0.366666666666667,8.58,"weekday",4,"20 to 39","6-10km","car",8.58,0.366666666666667,2.56666666666667,2.56666666666667
"96027/1000",NA,96027,4509,"35-39 years","female",20,15841,"Other",813.797668457031,813.797668457031,"car",0.333333333333333,5.43,"weekday",5,"20 to 39","6-10km","car",5.43,0.333333333333333,2.33333333333333,2.33333333333333
"96027/1000",NA,96027,4509,"35-39 years","female",20,15842,"Work",813.797668457031,813.797668457031,"car",0.183333333333333,4.66,"weekday",6,"20 to 39","3-5km","bicycle",4.66,0.423636363636364,1.28333333333333,2.96545454545455
"96027/1000",NA,96027,4509,"35-39 years","female",20,15843,"Work",813.797668457031,813.797668457031,"car",0.166666666666667,4.7,"weekday",7,"20 to 39","3-5km","bicycle",4.7,0.427272727272727,1.16666666666667,2.99090909090909
"96027/1001",NA,96027,4510,"35-39 years","male",20,15844,"Work",967.957153320312,967.957153320312,"bicycle",0.666666666666667,7.41,"weekday",1,"20 to 39","6-10km","bicycle",7.41,0.666666666666667,4.66666666666667,4.66666666666667
"96027/1001",NA,96027,4510,"35-39 years","male",20,15845,"Work",967.957153320312,967.957153320312,"bicycle",0.833333333333333,7.41,"weekday",2,"20 to 39","6-10km","bicycle",7.41,0.833333333333333,5.83333333333333,5.83333333333333
"96027/1001",NA,96027,4510,"35-39 years","male",20,15846,"Other",967.957153320312,967.957153320312,"car",0.166666666666667,4.66,"weekday",3,"20 to 39","3-5km","bicycle",4.66,0.423636363636364,1.16666666666667,2.96545454545455
"96027/1001",NA,96027,4510,"35-39 years","male",20,15847,"Other",967.957153320312,967.957153320312,"car",0.2,4.7,"weekday",4,"20 to 39","3-5km","bicycle",4.7,0.427272727272727,1.4,2.99090909090909
"96027/1001",NA,96027,4510,"35-39 years","male",20,15848,"Other",967.957153320312,967.957153320312,"car",0.133333333333333,4.66,"weekday",5,"20 to 39","3-5km","bicycle",4.66,0.423636363636364,0.933333333333333,2.96545454545455
"96027/1001",NA,96027,4510,"35-39 years","male",20,15849,"Other",967.957153320312,967.957153320312,"car",0.316666666666667,4.7,"weekday",6,"20 to 39","3-5km","bicycle",4.7,0.427272727272727,2.21666666666667,2.99090909090909
"96035/1000",NA,96035,4511,"75-79 years","male",20,15850,"Other",319.961029052734,319.961029052734,"car",0.25,4.17,"weekday",1,"65 plus","3-5km","bicycle",4.17,0.379090909090909,1.75,2.65363636363636
"96035/1000",NA,96035,4511,"75-79 years","male",20,15851,"Other",319.961029052734,319.961029052734,"car",0.25,4.14,"weekday",2,"65 plus","3-5km","bicycle",4.14,0.376363636363636,1.75,2.63454545454545
"96035/1001",NA,96035,4512,"75-79 years","female",20,15852,"Other",410.973388671875,410.973388671875,"car",0.25,4.17,"weekday",1,"65 plus","3-5km","bicycle",4.17,0.379090909090909,1.75,2.65363636363636
"96035/1001",NA,96035,4512,"75-79 years","female",20,15853,"Other",410.973388671875,410.973388671875,"car",0.25,4.14,"weekday",2,"65 plus","3-5km","bicycle",4.14,0.376363636363636,1.75,2.63454545454545
"96040/1000",NA,96040,4513,"70-74 years","female",20,15854,"Shopping",410.921569824219,410.921569824219,"car",0.25,1.52,"weekday",1,"65 plus","1-2km","bicycle",1.52,0.138181818181818,1.75,0.967272727272727
"96040/1000",NA,96040,4513,"70-74 years","female",20,15855,"Shopping",410.921569824219,410.921569824219,"car",0.25,1.58,"weekday",2,"65 plus","1-2km","bicycle",1.58,0.143636363636364,1.75,1.00545454545455
"96040/1001",NA,96040,4514,"75-79 years","male",20,15856,"Shopping",319.961029052734,319.961029052734,"car",0.25,1.52,"weekday",1,"65 plus","1-2km","bicycle",1.52,0.138181818181818,1.75,0.967272727272727
"96040/1001",NA,96040,4514,"75-79 years","male",20,15857,"Shopping",319.961029052734,319.961029052734,"car",0.25,1.58,"weekday",2,"65 plus","1-2km","bicycle",1.58,0.143636363636364,1.75,1.00545454545455
"96044/1001",NA,96044,4515,"30-34 years","male",20,15858,"Work",313.588012695312,313.588012695312,"car",0.833333333333333,40.05,"weekday",1,"20 to 39",">10km","car",40.05,0.833333333333333,5.83333333333333,5.83333333333333
"96044/1001",NA,96044,4515,"30-34 years","male",20,15859,"Work",313.588012695312,313.588012695312,"car",0.833333333333333,39.57,"weekday",2,"20 to 39",">10km","car",39.57,0.833333333333333,5.83333333333333,5.83333333333333
"96047/1000",NA,96047,4516,"65-69 years","female",20,15860,"Shopping",108.942321777344,108.942321777344,"car",0.166666666666667,1.46,"weekday",1,"65 plus","1-2km","bicycle",1.46,0.132727272727273,1.16666666666667,0.929090909090909
"96047/1000",NA,96047,4516,"65-69 years","female",20,15861,"Shopping",108.942321777344,108.942321777344,"car",0.166666666666667,4.98,"weekday",2,"65 plus","3-5km","bicycle",4.98,0.452727272727273,1.16666666666667,3.16909090909091
"96047/1000",NA,96047,4516,"65-69 years","female",20,15862,"Shopping",108.942321777344,108.942321777344,"car",0.166666666666667,2.48,"weekday",3,"65 plus","3-5km","bicycle",2.48,0.225454545454545,1.16666666666667,1.57818181818182
"96052/1000",NA,96052,4517,"40-44 years","male",20,15863,"Other",554.12841796875,554.12841796875,"car",0.5,10.21,"weekday",1,"40 to 64",">10km","car",10.21,0.5,3.5,3.5
"96052/1000",NA,96052,4517,"40-44 years","male",20,15864,"Other",554.12841796875,554.12841796875,"car",0.25,10.17,"weekday",2,"40 to 64",">10km","car",10.17,0.25,1.75,1.75
"96052/1000",NA,96052,4517,"40-44 years","male",20,15865,"Other",554.12841796875,554.12841796875,"car",0.333333333333333,10.21,"weekday",3,"40 to 64",">10km","car",10.21,0.333333333333333,2.33333333333333,2.33333333333333
"96052/1000",NA,96052,4517,"40-44 years","male",20,15866,"Other",554.12841796875,554.12841796875,"car",0.333333333333333,10.17,"weekday",4,"40 to 64",">10km","car",10.17,0.333333333333333,2.33333333333333,2.33333333333333
"96052/1001",NA,96052,4518,"40-44 years","female",20,15867,"Other",575.516906738281,575.516906738281,"car",0.616666666666667,23.56,"weekday",1,"40 to 64",">10km","car",23.56,0.616666666666667,4.31666666666667,4.31666666666667
"96052/1001",NA,96052,4518,"40-44 years","female",20,15868,"Other",575.516906738281,575.516906738281,"car",0.633333333333333,23.4,"weekday",2,"40 to 64",">10km","car",23.4,0.633333333333333,4.43333333333333,4.43333333333333
"96052/1001",NA,96052,4518,"40-44 years","female",20,15869,"Other",575.516906738281,575.516906738281,"car",0.583333333333333,23.56,"weekday",3,"40 to 64",">10km","car",23.56,0.583333333333333,4.08333333333333,4.08333333333333
"96052/1001",NA,96052,4518,"40-44 years","female",20,15870,"Other",575.516906738281,575.516906738281,"car",0.583333333333333,32.76,"weekday",4,"40 to 64",">10km","car",32.76,0.583333333333333,4.08333333333333,4.08333333333333
"96052/1001",NA,96052,4518,"40-44 years","female",20,15871,"Other",575.516906738281,575.516906738281,"car",0.25,6.98,"weekday",5,"40 to 64","6-10km","car",6.98,0.25,1.75,1.75
"96052/1001",NA,96052,4518,"40-44 years","female",20,15872,"Other",575.516906738281,575.516906738281,"car",0.333333333333333,6.53,"weekday",6,"40 to 64","6-10km","car",6.53,0.333333333333333,2.33333333333333,2.33333333333333
"96052/1001",NA,96052,4518,"40-44 years","female",20,15873,"Other",575.516906738281,575.516906738281,"car",0.5,19.27,"weekday",7,"40 to 64",">10km","car",19.27,0.5,3.5,3.5
"96052/1002",NA,96052,4519,"15-19 years","female",20,15874,"Education",456.759735107422,456.759735107422,"car",0.5,10.21,"weekday",1,"15 to 19",">10km","car",10.21,0.5,3.5,3.5
"96052/1002",NA,96052,4519,"15-19 years","female",20,15875,"Education",456.759735107422,456.759735107422,"car",0.333333333333333,10.17,"weekday",2,"15 to 19",">10km","car",10.17,0.333333333333333,2.33333333333333,2.33333333333333
"96068/1000",NA,96068,4520,"65-69 years","female",20,15876,"Shopping",158.535507202148,158.535507202148,"car",0.166666666666667,5.38,"weekday",1,"65 plus","6-10km","car",5.38,0.166666666666667,1.16666666666667,1.16666666666667
"96068/1000",NA,96068,4520,"65-69 years","female",20,15877,"Shopping",158.535507202148,158.535507202148,"car",0.0333333333333333,0.26,"weekday",2,"65 plus","<1km","bicycle",0.26,0.0236363636363636,0.233333333333333,0.165454545454545
"96068/1000",NA,96068,4520,"65-69 years","female",20,15878,"Shopping",158.535507202148,158.535507202148,"car",0.166666666666667,5.16,"weekday",3,"65 plus","6-10km","car",5.16,0.166666666666667,1.16666666666667,1.16666666666667
"96068/1001",NA,96068,4521,"65-69 years","male",20,15879,"Shopping",151.590209960938,151.590209960938,"car",0.166666666666667,5.38,"weekday",1,"65 plus","6-10km","car",5.38,0.166666666666667,1.16666666666667,1.16666666666667
"96068/1001",NA,96068,4521,"65-69 years","male",20,15880,"Shopping",151.590209960938,151.590209960938,"car",0.0333333333333333,0.26,"weekday",2,"65 plus","<1km","bicycle",0.26,0.0236363636363636,0.233333333333333,0.165454545454545
"96068/1001",NA,96068,4521,"65-69 years","male",20,15881,"Shopping",151.590209960938,151.590209960938,"car",0.166666666666667,5.16,"weekday",3,"65 plus","6-10km","car",5.16,0.166666666666667,1.16666666666667,1.16666666666667
"96068/1001",NA,96068,4521,"65-69 years","male",20,15882,"Other",151.590209960938,151.590209960938,"car",0.166666666666667,5.08,"weekday",4,"65 plus","6-10km","car",5.08,0.166666666666667,1.16666666666667,1.16666666666667
"96068/1001",NA,96068,4521,"65-69 years","male",20,15883,"Other",151.590209960938,151.590209960938,"car",0.25,5.09,"weekday",5,"65 plus","6-10km","car",5.09,0.25,1.75,1.75
"96078/1001",NA,96078,4523,"65-69 years","female",20,15886,"Shopping",158.535507202148,158.535507202148,"car",0.0833333333333333,6.78,"weekday",1,"65 plus","6-10km","car",6.78,0.0833333333333333,0.583333333333333,0.583333333333333
"96078/1001",NA,96078,4523,"65-69 years","female",20,15887,"Shopping",158.535507202148,158.535507202148,"car",0.0833333333333333,6.81,"weekday",2,"65 plus","6-10km","car",6.81,0.0833333333333333,0.583333333333333,0.583333333333333
"96079/1000",NA,96079,4524,"65-69 years","male",20,15888,"Work",193.443954467773,193.443954467773,"car",0.5,34.6,"weekday",1,"65 plus",">10km","car",34.6,0.5,3.5,3.5
"96079/1000",NA,96079,4524,"65-69 years","male",20,15889,"Work",193.443954467773,193.443954467773,"car",1,34.25,"weekday",2,"65 plus",">10km","car",34.25,1,7,7
"96083/1000",NA,96083,4525,"35-39 years","male",20,15890,"Work",203.367141723633,203.367141723633,"car",0.75,36.67,"weekday",1,"20 to 39",">10km","car",36.67,0.75,5.25,5.25
"96083/1000",NA,96083,4525,"35-39 years","male",20,15891,"Work",203.367141723633,203.367141723633,"car",0.75,36.73,"weekday",2,"20 to 39",">10km","car",36.73,0.75,5.25,5.25
"96084/1000",NA,96084,4526,"70-74 years","male",20,15892,"Leisure",152.162673950195,152.162673950195,"car",0.333333333333333,13.73,"weekday",1,"65 plus",">10km","car",13.73,0.333333333333333,2.33333333333333,2.33333333333333
"96084/1000",NA,96084,4526,"70-74 years","male",20,15893,"Leisure",152.162673950195,152.162673950195,"car",0.666666666666667,13.65,"weekday",2,"65 plus",">10km","car",13.65,0.666666666666667,4.66666666666667,4.66666666666667
"96084/1001",NA,96084,4527,"65-69 years","female",20,15894,"Leisure",158.535507202148,158.535507202148,"car",0.333333333333333,13.73,"weekday",1,"65 plus",">10km","car",13.73,0.333333333333333,2.33333333333333,2.33333333333333
"96084/1001",NA,96084,4527,"65-69 years","female",20,15895,"Leisure",158.535507202148,158.535507202148,"car",0.666666666666667,13.65,"weekday",2,"65 plus",">10km","car",13.65,0.666666666666667,4.66666666666667,4.66666666666667
"96085/1000",NA,96085,4528,"30-34 years","female",20,15896,"Leisure",395.394561767578,395.394561767578,"car",0.5,23.95,"weekday",1,"20 to 39",">10km","car",23.95,0.5,3.5,3.5
"96085/1000",NA,96085,4528,"30-34 years","female",20,15897,"Shopping",395.394561767578,395.394561767578,"car",0.0666666666666667,1.57,"weekday",2,"20 to 39","1-2km","bicycle",1.57,0.142727272727273,0.466666666666667,0.999090909090909
"96085/1000",NA,96085,4528,"30-34 years","female",20,15898,"Shopping",395.394561767578,395.394561767578,"car",0.583333333333333,22.55,"weekday",3,"20 to 39",">10km","car",22.55,0.583333333333333,4.08333333333333,4.08333333333333
"96085/1001",NA,96085,4529,"35-39 years","male",20,15900,"Work",253.730651855469,253.730651855469,"car",0.8,25.09,"weekday",1,"20 to 39",">10km","car",25.09,0.8,5.6,5.6
"96085/1001",NA,96085,4529,"35-39 years","male",20,15902,"Leisure",253.730651855469,253.730651855469,"car",0.666666666666667,25.26,"weekday",3,"20 to 39",">10km","car",25.26,0.666666666666667,4.66666666666667,4.66666666666667
"96086/1000",NA,96086,4530,"80-84 years","male",20,15903,"Leisure",213.465911865234,213.465911865234,"car",0.333333333333333,10.63,"weekday",1,"65 plus",">10km","car",10.63,0.333333333333333,2.33333333333333,2.33333333333333
"96086/1000",NA,96086,4530,"80-84 years","male",20,15904,"Leisure",213.465911865234,213.465911865234,"car",0.333333333333333,10.65,"weekday",2,"65 plus",">10km","car",10.65,0.333333333333333,2.33333333333333,2.33333333333333
"96086/1001",NA,96086,4531,"75-79 years","female",20,15905,"Leisure",181.604446411133,181.604446411133,"car",0.333333333333333,10.63,"weekday",1,"65 plus",">10km","car",10.63,0.333333333333333,2.33333333333333,2.33333333333333
"96086/1001",NA,96086,4531,"75-79 years","female",20,15906,"Leisure",181.604446411133,181.604446411133,"car",0.333333333333333,10.65,"weekday",2,"65 plus",">10km","car",10.65,0.333333333333333,2.33333333333333,2.33333333333333
"96087/1000",NA,96087,4532,"30-34 years","male",20,15907,"Shopping",139.366546630859,139.366546630859,"car",0.05,1.56,"weekday",1,"20 to 39","1-2km","bicycle",1.56,0.141818181818182,0.35,0.992727272727273
"96087/1000",NA,96087,4532,"30-34 years","male",20,15908,"Shopping",139.366546630859,139.366546630859,"car",0.0666666666666667,1.63,"weekday",2,"20 to 39","1-2km","bicycle",1.63,0.148181818181818,0.466666666666667,1.03727272727273
"96094/1000",NA,96094,4533,"70-74 years","female",20,15909,"Shopping",444.963592529297,444.963592529297,"car",0.0833333333333333,0.89,"weekday",1,"65 plus","<1km","bicycle",0.89,0.0809090909090909,0.583333333333333,0.566363636363636
"96094/1000",NA,96094,4533,"70-74 years","female",20,15910,"Shopping",444.963592529297,444.963592529297,"car",0.0833333333333333,0.89,"weekday",2,"65 plus","<1km","bicycle",0.89,0.0809090909090909,0.583333333333333,0.566363636363636
"96094/1000",NA,96094,4533,"70-74 years","female",20,15911,"Leisure",444.963592529297,444.963592529297,"car",0.333333333333333,7.98,"weekday",3,"65 plus","6-10km","car",7.98,0.333333333333333,2.33333333333333,2.33333333333333
"96094/1000",NA,96094,4533,"70-74 years","female",20,15912,"Leisure",444.963592529297,444.963592529297,"car",0.333333333333333,7.95,"weekday",4,"65 plus","6-10km","car",7.95,0.333333333333333,2.33333333333333,2.33333333333333
"96099/1001",NA,96099,4534,"65-69 years","male",20,15913,"Other",136.799423217773,136.799423217773,"car",0.25,9.78,"weekday",1,"65 plus","6-10km","car",9.78,0.25,1.75,1.75
"96099/1001",NA,96099,4534,"65-69 years","male",20,15914,"Other",136.799423217773,136.799423217773,"car",0.25,9.75,"weekday",2,"65 plus","6-10km","car",9.75,0.25,1.75,1.75
"96099/1001",NA,96099,4534,"65-69 years","male",20,15915,"Other",136.799423217773,136.799423217773,"car",0.25,4.33,"weekday",3,"65 plus","3-5km","bicycle",4.33,0.393636363636364,1.75,2.75545454545455
"96099/1001",NA,96099,4534,"65-69 years","male",20,15916,"Other",136.799423217773,136.799423217773,"car",0.25,4.36,"weekday",4,"65 plus","3-5km","bicycle",4.36,0.396363636363636,1.75,2.77454545454545
"96100/1000",NA,96100,4535,"80-84 years","male",20,15917,"Other",105.949317932129,105.949317932129,"car",0.166666666666667,5.46,"weekday",1,"65 plus","6-10km","car",5.46,0.166666666666667,1.16666666666667,1.16666666666667
"96100/1000",NA,96100,4535,"80-84 years","male",20,15918,"Other",105.949317932129,105.949317932129,"car",0.166666666666667,5.58,"weekday",2,"65 plus","6-10km","car",5.58,0.166666666666667,1.16666666666667,1.16666666666667
"96106/1000",NA,96106,4536,"55-59 years","female",20,15919,"Work",390.454986572266,390.454986572266,"car",1,34.02,"weekday",1,"40 to 64",">10km","car",34.02,1,7,7
"96106/1000",NA,96106,4536,"55-59 years","female",20,15920,"Work",390.454986572266,390.454986572266,"car",1,34.45,"weekday",2,"40 to 64",">10km","car",34.45,1,7,7
"96106/1000",NA,96106,4536,"55-59 years","female",20,15921,"Shopping",390.454986572266,390.454986572266,"car",0.25,7.52,"weekday",3,"40 to 64","6-10km","car",7.52,0.25,1.75,1.75
"96106/1000",NA,96106,4536,"55-59 years","female",20,15922,"Shopping",390.454986572266,390.454986572266,"car",0.25,7.01,"weekday",4,"40 to 64","6-10km","car",7.01,0.25,1.75,1.75
"96106/1001",NA,96106,4537,"60-64 years","male",20,15923,"Shopping",311.600738525391,311.600738525391,"car",1,26.68,"weekday",1,"40 to 64",">10km","car",26.68,1,7,7
"96106/1001",NA,96106,4537,"60-64 years","male",20,15924,"Shopping",311.600738525391,311.600738525391,"car",1.01666666666667,26.99,"weekday",2,"40 to 64",">10km","car",26.99,1.01666666666667,7.11666666666667,7.11666666666667
"96106/1001",NA,96106,4537,"60-64 years","male",20,15925,"Shopping",311.600738525391,311.600738525391,"car",0.25,7.52,"weekday",3,"40 to 64","6-10km","car",7.52,0.25,1.75,1.75
"96106/1001",NA,96106,4537,"60-64 years","male",20,15926,"Shopping",311.600738525391,311.600738525391,"car",0.25,7.01,"weekday",4,"40 to 64","6-10km","car",7.01,0.25,1.75,1.75
"96106/1002",NA,96106,4538,"30-34 years","female",20,15927,"Leisure",540.867980957031,540.867980957031,"car",1.5,67.22,"weekday",1,"20 to 39",">10km","car",67.22,1.5,10.5,10.5
"96106/1002",NA,96106,4538,"30-34 years","female",20,15928,"Leisure",540.867980957031,540.867980957031,"car",2,68.34,"weekday",2,"20 to 39",">10km","car",68.34,2,14,14
"96107/1000",NA,96107,4539,"50-54 years","female",20,15929,"Other",422.304656982422,422.304656982422,"car",0.5,32.3,"weekday",1,"40 to 64",">10km","car",32.3,0.5,3.5,3.5
"96107/1000",NA,96107,4539,"50-54 years","female",20,15930,"Other",422.304656982422,422.304656982422,"car",0.483333333333333,32.8,"weekday",2,"40 to 64",">10km","car",32.8,0.483333333333333,3.38333333333333,3.38333333333333
"96107/1000",NA,96107,4539,"50-54 years","female",20,15931,"Other",422.304656982422,422.304656982422,"car",0.0666666666666667,0.66,"weekday",3,"40 to 64","<1km","bicycle",0.66,0.06,0.466666666666667,0.42
"96107/1000",NA,96107,4539,"50-54 years","female",20,15932,"Other",422.304656982422,422.304656982422,"car",0.0666666666666667,0.64,"weekday",4,"40 to 64","<1km","bicycle",0.64,0.0581818181818182,0.466666666666667,0.407272727272727
"96107/1000",NA,96107,4539,"50-54 years","female",20,15933,"Other",422.304656982422,422.304656982422,"car",0.166666666666667,3.14,"weekday",5,"40 to 64","3-5km","bicycle",3.14,0.285454545454545,1.16666666666667,1.99818181818182
"96107/1000",NA,96107,4539,"50-54 years","female",20,15934,"Shopping",422.304656982422,422.304656982422,"car",0.116666666666667,3.08,"weekday",6,"40 to 64","3-5km","bicycle",3.08,0.28,0.816666666666667,1.96
"96107/1000",NA,96107,4539,"50-54 years","female",20,15935,"Shopping",422.304656982422,422.304656982422,"car",0.0833333333333333,0.44,"weekday",7,"40 to 64","<1km","bicycle",0.44,0.04,0.583333333333333,0.28
"96107/1000",NA,96107,4539,"50-54 years","female",20,15936,"Leisure",422.304656982422,422.304656982422,"car",0.166666666666667,4.84,"weekday",8,"40 to 64","3-5km","bicycle",4.84,0.44,1.16666666666667,3.08
"96107/1000",NA,96107,4539,"50-54 years","female",20,15937,"Leisure",422.304656982422,422.304656982422,"car",0.166666666666667,4.83,"weekday",9,"40 to 64","3-5km","bicycle",4.83,0.439090909090909,1.16666666666667,3.07363636363636
"96107/1000",NA,96107,4539,"50-54 years","female",20,15938,"Other",422.304656982422,422.304656982422,"car",0.75,32.3,"weekday",10,"40 to 64",">10km","car",32.3,0.75,5.25,5.25
"96107/1000",NA,96107,4539,"50-54 years","female",20,15939,"Other",422.304656982422,422.304656982422,"car",0.666666666666667,32.8,"weekday",11,"40 to 64",">10km","car",32.8,0.666666666666667,4.66666666666667,4.66666666666667
"96107/1001",NA,96107,4540,"45-49 years","male",20,15940,"Other",412.569610595703,412.569610595703,"car",0.5,32.3,"weekday",1,"40 to 64",">10km","car",32.3,0.5,3.5,3.5
"96107/1001",NA,96107,4540,"45-49 years","male",20,15941,"Work",412.569610595703,412.569610595703,"car",1.16666666666667,75.08,"weekday",2,"40 to 64",">10km","car",75.08,1.16666666666667,8.16666666666667,8.16666666666667
"96107/1001",NA,96107,4540,"45-49 years","male",20,15942,"Other",412.569610595703,412.569610595703,"car",1.25,74.98,"weekday",3,"40 to 64",">10km","car",74.98,1.25,8.75,8.75
"96107/1001",NA,96107,4540,"45-49 years","male",20,15943,"Other",412.569610595703,412.569610595703,"car",0.666666666666667,32.8,"weekday",4,"40 to 64",">10km","car",32.8,0.666666666666667,4.66666666666667,4.66666666666667
"96107/1002",NA,96107,4541,"15-19 years","female",20,15944,"Education",424.069610595703,424.069610595703,"car",0.0666666666666667,0.56,"weekday",1,"15 to 19","<1km","bicycle",0.56,0.0509090909090909,0.466666666666667,0.356363636363636
"96107/1002",NA,96107,4541,"15-19 years","female",20,15945,"Education",424.069610595703,424.069610595703,"walking",0.0833333333333333,0.56,"weekday",2,"15 to 19","<1km","walking",0.56,0.0833333333333333,0.583333333333333,0.583333333333333
"96108/1000",NA,96108,4542,"45-49 years","female",20,15946,"Other",589.9345703125,589.9345703125,"car",0.166666666666667,4.67,"weekday",1,"40 to 64","3-5km","bicycle",4.67,0.424545454545455,1.16666666666667,2.97181818181818
"96108/1000",NA,96108,4542,"45-49 years","female",20,15947,"Other",589.9345703125,589.9345703125,"car",0.25,4.7,"weekday",2,"40 to 64","3-5km","bicycle",4.7,0.427272727272727,1.75,2.99090909090909
"96108/1000",NA,96108,4542,"45-49 years","female",20,15948,"Shopping",589.9345703125,589.9345703125,"walking",0.116666666666667,0.83,"weekday",3,"40 to 64","<1km","walking",0.83,0.116666666666667,0.816666666666667,0.816666666666667
"96108/1000",NA,96108,4542,"45-49 years","female",20,15949,"Shopping",589.9345703125,589.9345703125,"walking",0.116666666666667,0.83,"weekday",4,"40 to 64","<1km","walking",0.83,0.116666666666667,0.816666666666667,0.816666666666667
"96110/1000",NA,96110,4543,"50-54 years","female",20,15950,"Other",484.974609375,484.974609375,"car",0.0833333333333333,2.12,"weekday",1,"40 to 64","3-5km","bicycle",2.12,0.192727272727273,0.583333333333333,1.34909090909091
"96110/1000",NA,96110,4543,"50-54 years","female",20,15951,"Work",484.974609375,484.974609375,"car",0.383333333333333,19,"weekday",2,"40 to 64",">10km","car",19,0.383333333333333,2.68333333333333,2.68333333333333
"96110/1000",NA,96110,4543,"50-54 years","female",20,15952,"Work",484.974609375,484.974609375,"car",0.633333333333333,17.69,"weekday",3,"40 to 64",">10km","car",17.69,0.633333333333333,4.43333333333333,4.43333333333333
"96110/1001",NA,96110,4544,"50-54 years","male",20,15953,"Shopping",488.224273681641,488.224273681641,"car",1.28333333333333,78.89,"weekday",1,"40 to 64",">10km","car",78.89,1.28333333333333,8.98333333333333,8.98333333333333
"96110/1001",NA,96110,4544,"50-54 years","male",20,15954,"Shopping",488.224273681641,488.224273681641,"car",1.11666666666667,87.81,"weekday",2,"40 to 64",">10km","car",87.81,1.11666666666667,7.81666666666667,7.81666666666667
"96110/1002",NA,96110,4545,"15-19 years","male",20,15955,"Shopping",541.848937988281,541.848937988281,"car",0.333333333333333,8.62,"weekday",1,"15 to 19","6-10km","car",8.62,0.333333333333333,2.33333333333333,2.33333333333333
"96110/1002",NA,96110,4545,"15-19 years","male",20,15956,"Shopping",541.848937988281,541.848937988281,"car",0.3,8.44,"weekday",2,"15 to 19","6-10km","car",8.44,0.3,2.1,2.1
"96110/1003",NA,96110,4546,"15-19 years","male",20,15957,"Education",541.848937988281,541.848937988281,"car",0.0833333333333333,2.12,"weekday",1,"15 to 19","3-5km","bicycle",2.12,0.192727272727273,0.583333333333333,1.34909090909091
"96110/1003",NA,96110,4546,"15-19 years","male",20,15958,"Education",541.848937988281,541.848937988281,"walking",0.5,2.06,"weekday",2,"15 to 19","3-5km","walking",2.06,0.5,3.5,3.5
"96113/1000",NA,96113,4547,"55-59 years","male",20,15959,"Other",532.142456054688,532.142456054688,"car",3.5,213.82,"weekday",1,"40 to 64",">10km","car",213.82,3.5,24.5,24.5
"96113/1000",NA,96113,4547,"55-59 years","male",20,15960,"Other",532.142456054688,532.142456054688,"car",3,172.96,"weekday",2,"40 to 64",">10km","car",172.96,3,21,21
"96113/1000",NA,96113,4547,"55-59 years","male",20,15961,"Other",532.142456054688,532.142456054688,"car",1.5,86.67,"weekday",3,"40 to 64",">10km","car",86.67,1.5,10.5,10.5
"96113/1002",NA,96113,4548,"15-19 years","female",20,15962,"Education",456.759735107422,456.759735107422,"car",0.166666666666667,4.59,"weekday",1,"15 to 19","3-5km","bicycle",4.59,0.417272727272727,1.16666666666667,2.92090909090909
"96113/1002",NA,96113,4548,"15-19 years","female",20,15963,"Education",456.759735107422,456.759735107422,"car",0.166666666666667,4.7,"weekday",2,"15 to 19","3-5km","bicycle",4.7,0.427272727272727,1.16666666666667,2.99090909090909
"96116/1000",NA,96116,4549,"65-69 years","female",20,15964,"Shopping",202.306823730469,202.306823730469,"walking",0.333333333333333,1.07,"weekday",1,"65 plus","1-2km","walking",1.07,0.333333333333333,2.33333333333333,2.33333333333333
"96116/1000",NA,96116,4549,"65-69 years","female",20,15965,"Shopping",202.306823730469,202.306823730469,"walking",0.333333333333333,1.07,"weekday",2,"65 plus","1-2km","walking",1.07,0.333333333333333,2.33333333333333,2.33333333333333
"96116/1000",NA,96116,4549,"65-69 years","female",20,15966,"Leisure",202.306823730469,202.306823730469,"walking",0.133333333333333,0.27,"weekday",3,"65 plus","<1km","walking",0.27,0.133333333333333,0.933333333333333,0.933333333333333
"96116/1000",NA,96116,4549,"65-69 years","female",20,15967,"Leisure",202.306823730469,202.306823730469,"walking",0.2,0.27,"weekday",4,"65 plus","<1km","walking",0.27,0.2,1.4,1.4
"96169/1001",NA,96169,4550,"30-34 years","male",20,15968,"Work",94.9313201904297,94.9313201904297,"car",0.0833333333333333,2.58,"weekday",1,"20 to 39","3-5km","bicycle",2.58,0.234545454545455,0.583333333333333,1.64181818181818
"96169/1001",NA,96169,4550,"30-34 years","male",20,15969,"Work",94.9313201904297,94.9313201904297,"car",0.0833333333333333,2.64,"weekday",2,"20 to 39","3-5km","bicycle",2.64,0.24,0.583333333333333,1.68
"96170/1000",NA,96170,4551,"35-39 years","male",20,15970,"Work",102.222640991211,102.222640991211,"car",0.5,33.01,"weekday",1,"20 to 39",">10km","car",33.01,0.5,3.5,3.5
"96170/1000",NA,96170,4551,"35-39 years","male",20,15971,"Work",102.222640991211,102.222640991211,"car",0.666666666666667,32.8,"weekday",2,"20 to 39",">10km","car",32.8,0.666666666666667,4.66666666666667,4.66666666666667
"96170/1001",NA,96170,4552,"35-39 years","female",20,15972,"Other",107.431304931641,107.431304931641,"car",0.25,3.8,"weekday",1,"20 to 39","3-5km","bicycle",3.8,0.345454545454545,1.75,2.41818181818182
"96170/1001",NA,96170,4552,"35-39 years","female",20,15973,"Other",107.431304931641,107.431304931641,"car",0.233333333333333,3.87,"weekday",2,"20 to 39","3-5km","bicycle",3.87,0.351818181818182,1.63333333333333,2.46272727272727
"96170/1001",NA,96170,4552,"35-39 years","female",20,15974,"Other",107.431304931641,107.431304931641,"car",0.216666666666667,3.8,"weekday",3,"20 to 39","3-5km","bicycle",3.8,0.345454545454545,1.51666666666667,2.41818181818182
"96170/1001",NA,96170,4552,"35-39 years","female",20,15975,"Other",107.431304931641,107.431304931641,"car",0.333333333333333,3.87,"weekday",4,"20 to 39","3-5km","bicycle",3.87,0.351818181818182,2.33333333333333,2.46272727272727
"96171/1000",NA,96171,4553,"30-34 years","female",20,15976,"Shopping",72.7955856323242,72.7955856323242,"car",0.0833333333333333,2.78,"weekday",1,"20 to 39","3-5km","bicycle",2.78,0.252727272727273,0.583333333333333,1.76909090909091
"96171/1000",NA,96171,4553,"30-34 years","female",20,15977,"Other",72.7955856323242,72.7955856323242,"car",0.25,9.12,"weekday",2,"20 to 39","6-10km","car",9.12,0.25,1.75,1.75
"96171/1000",NA,96171,4553,"30-34 years","female",20,15978,"Shopping",72.7955856323242,72.7955856323242,"car",0.416666666666667,18.47,"weekday",3,"20 to 39",">10km","car",18.47,0.416666666666667,2.91666666666667,2.91666666666667
"96171/1000",NA,96171,4553,"30-34 years","female",20,15979,"Shopping",72.7955856323242,72.7955856323242,"car",0.416666666666667,12.27,"weekday",4,"20 to 39",">10km","car",12.27,0.416666666666667,2.91666666666667,2.91666666666667
"96171/1001",NA,96171,4554,"30-34 years","male",20,15980,"Work",94.9313201904297,94.9313201904297,"car",0.416666666666667,21.61,"weekday",1,"20 to 39",">10km","car",21.61,0.416666666666667,2.91666666666667,2.91666666666667
"96171/1001",NA,96171,4554,"30-34 years","male",20,15981,"Work",94.9313201904297,94.9313201904297,"car",0.666666666666667,21.72,"weekday",2,"20 to 39",">10km","car",21.72,0.666666666666667,4.66666666666667,4.66666666666667
"96173/1001",NA,96173,4555,"60-64 years","female",20,15982,"Leisure",86.5198974609375,86.5198974609375,"car",0.5,16.44,"weekday",1,"40 to 64",">10km","car",16.44,0.5,3.5,3.5
"96173/1001",NA,96173,4555,"60-64 years","female",20,15983,"Leisure",86.5198974609375,86.5198974609375,"car",0.333333333333333,16.59,"weekday",2,"40 to 64",">10km","car",16.59,0.333333333333333,2.33333333333333,2.33333333333333
"96176/1000",NA,96176,4556,"65-69 years","male",20,15984,"Work",91.5599975585938,91.5599975585938,"car",0.25,7.32,"weekday",1,"65 plus","6-10km","car",7.32,0.25,1.75,1.75
"96176/1000",NA,96176,4556,"65-69 years","male",20,15985,"Work",91.5599975585938,91.5599975585938,"car",0.333333333333333,7.45,"weekday",2,"65 plus","6-10km","car",7.45,0.333333333333333,2.33333333333333,2.33333333333333
"96176/1001",NA,96176,4557,"50-54 years","female",20,15986,"Leisure",69.2914581298828,69.2914581298828,"car",0.166666666666667,1.98,"weekday",1,"40 to 64","1-2km","bicycle",1.98,0.18,1.16666666666667,1.26
"96176/1001",NA,96176,4557,"50-54 years","female",20,15987,"Leisure",69.2914581298828,69.2914581298828,"car",0.166666666666667,1.97,"weekday",2,"40 to 64","1-2km","bicycle",1.97,0.179090909090909,1.16666666666667,1.25363636363636
"96178/1000",NA,96178,4558,"35-39 years","female",20,15988,"Shopping",101.994979858398,101.994979858398,"car",0.25,5.54,"weekday",1,"20 to 39","6-10km","car",5.54,0.25,1.75,1.75
"96178/1000",NA,96178,4558,"35-39 years","female",20,15989,"Shopping",101.994979858398,101.994979858398,"car",0.25,5.21,"weekday",2,"20 to 39","6-10km","car",5.21,0.25,1.75,1.75
"96178/1000",NA,96178,4558,"35-39 years","female",20,15990,"Shopping",101.994979858398,101.994979858398,"car",0.166666666666667,2.1,"weekday",3,"20 to 39","3-5km","bicycle",2.1,0.190909090909091,1.16666666666667,1.33636363636364
"96178/1001",NA,96178,4559,"15-19 years","male",20,15991,"Education",162.666137695312,162.666137695312,"walking",0.666666666666667,1.41,"weekday",1,"15 to 19","1-2km","walking",1.41,0.666666666666667,4.66666666666667,4.66666666666667
"96178/1001",NA,96178,4559,"15-19 years","male",20,15992,"Education",162.666137695312,162.666137695312,"walking",0.75,1.41,"weekday",2,"15 to 19","1-2km","walking",1.41,0.75,5.25,5.25
"96178/1003",NA,96178,4560,"35-39 years","male",20,15993,"Shopping",97.0498886108398,97.0498886108398,"car",0.25,5.54,"weekday",1,"20 to 39","6-10km","car",5.54,0.25,1.75,1.75
"96178/1003",NA,96178,4560,"35-39 years","male",20,15994,"Shopping",97.0498886108398,97.0498886108398,"car",0.25,5.21,"weekday",2,"20 to 39","6-10km","car",5.21,0.25,1.75,1.75
"96178/1003",NA,96178,4560,"35-39 years","male",20,15995,"Shopping",97.0498886108398,97.0498886108398,"car",0.166666666666667,2.1,"weekday",3,"20 to 39","3-5km","bicycle",2.1,0.190909090909091,1.16666666666667,1.33636363636364
"96183/1000",NA,96183,4561,"25-29 years","female",20,15996,"Work",90.3303756713867,90.3303756713867,"car",0.333333333333333,11.84,"weekday",1,"20 to 39",">10km","car",11.84,0.333333333333333,2.33333333333333,2.33333333333333
"96183/1000",NA,96183,4561,"25-29 years","female",20,15997,"Work",90.3303756713867,90.3303756713867,"car",0.25,12.44,"weekday",2,"20 to 39",">10km","car",12.44,0.25,1.75,1.75
"96185/1000",NA,96185,4562,"35-39 years","male",20,15998,"Work",66.6014175415039,66.6014175415039,"car",0.75,34.32,"weekday",1,"20 to 39",">10km","car",34.32,0.75,5.25,5.25
"96185/1000",NA,96185,4562,"35-39 years","male",20,15999,"Work",66.6014175415039,66.6014175415039,"car",1,34.08,"weekday",2,"20 to 39",">10km","car",34.08,1,7,7
"96185/1001",NA,96185,4563,"35-39 years","female",20,16000,"Work",69.9950256347656,69.9950256347656,"car",0.25,2.35,"weekday",1,"20 to 39","3-5km","bicycle",2.35,0.213636363636364,1.75,1.49545454545455
"96185/1001",NA,96185,4563,"35-39 years","female",20,16001,"Work",69.9950256347656,69.9950256347656,"car",0.25,2.35,"weekday",2,"20 to 39","3-5km","bicycle",2.35,0.213636363636364,1.75,1.49545454545455
"96186/1000",NA,96186,4564,"65-69 years","female",20,16002,"Other",125.686531066895,125.686531066895,"car",0.933333333333333,28.55,"weekday",1,"65 plus",">10km","car",28.55,0.933333333333333,6.53333333333333,6.53333333333333
"96186/1002",NA,96186,4565,"40-44 years","female",20,16003,"Other",175.531768798828,175.531768798828,"car",0.5,27.8,"weekday",1,"40 to 64",">10km","car",27.8,0.5,3.5,3.5
"96186/1002",NA,96186,4565,"40-44 years","female",20,16004,"Other",175.531768798828,175.531768798828,"car",0.5,27.96,"weekday",2,"40 to 64",">10km","car",27.96,0.5,3.5,3.5
"96186/1003",NA,96186,4566,"20-24 years","male",20,16005,"Other",247.548080444336,247.548080444336,"car",0.933333333333333,28.55,"weekday",1,"20 to 39",">10km","car",28.55,0.933333333333333,6.53333333333333,6.53333333333333
"96186/1003",NA,96186,4566,"20-24 years","male",20,16006,"Other",247.548080444336,247.548080444336,"car",0.75,28.88,"weekday",2,"20 to 39",">10km","car",28.88,0.75,5.25,5.25
"96188/1000",NA,96188,4567,"55-59 years","male",20,16007,"Other",493.582550048828,493.582550048828,"car",0.6,13.51,"weekday",1,"40 to 64",">10km","car",13.51,0.6,4.2,4.2
"96188/1000",NA,96188,4567,"55-59 years","male",20,16008,"Other",493.582550048828,493.582550048828,"car",0.466666666666667,13.47,"weekday",2,"40 to 64",">10km","car",13.47,0.466666666666667,3.26666666666667,3.26666666666667
"96188/1001",NA,96188,4568,"60-64 years","female",20,16009,"Work",437.736572265625,437.736572265625,"walking",0.0333333333333333,0.09,"weekday",1,"40 to 64","<1km","walking",0.09,0.0333333333333333,0.233333333333333,0.233333333333333
"96188/1001",NA,96188,4568,"60-64 years","female",20,16010,"Work",437.736572265625,437.736572265625,"public.transport",0.633333333333333,18.25,"weekday",1,"40 to 64",">10km","public.transport",18.25,0.633333333333333,4.43333333333333,4.43333333333333
"96188/1001",NA,96188,4568,"60-64 years","female",20,16011,"Work",437.736572265625,437.736572265625,"walking",0.183333333333333,0.5,"weekday",1,"40 to 64","<1km","walking",0.5,0.183333333333333,1.28333333333333,1.28333333333333
"96188/1001",NA,96188,4568,"60-64 years","female",20,16012,"Work",437.736572265625,437.736572265625,"walking",0.166666666666667,0.15,"weekday",2,"40 to 64","<1km","walking",0.15,0.166666666666667,1.16666666666667,1.16666666666667
"96188/1001",NA,96188,4568,"60-64 years","female",20,16013,"Work",437.736572265625,437.736572265625,"public.transport",0.916666666666667,18.06,"weekday",2,"40 to 64",">10km","public.transport",18.06,0.916666666666667,6.41666666666667,6.41666666666667
"96188/1001",NA,96188,4568,"60-64 years","female",20,16014,"Work",437.736572265625,437.736572265625,"walking",0.0333333333333333,0.09,"weekday",2,"40 to 64","<1km","walking",0.09,0.0333333333333333,0.233333333333333,0.233333333333333
"96194/1000",NA,96194,4569,"60-64 years","male",20,16015,"Other",441.761657714844,441.761657714844,"car",0.166666666666667,2.69,"weekday",1,"40 to 64","3-5km","bicycle",2.69,0.244545454545455,1.16666666666667,1.71181818181818
"96194/1000",NA,96194,4569,"60-64 years","male",20,16016,"Leisure",441.761657714844,441.761657714844,"car",0.166666666666667,3.58,"weekday",2,"40 to 64","3-5km","bicycle",3.58,0.325454545454545,1.16666666666667,2.27818181818182
"96194/1000",NA,96194,4569,"60-64 years","male",20,16017,"Leisure",441.761657714844,441.761657714844,"walking",0.25,0.36,"weekday",3,"40 to 64","<1km","walking",0.36,0.25,1.75,1.75
"96194/1000",NA,96194,4569,"60-64 years","male",20,16018,"Leisure",441.761657714844,441.761657714844,"walking",0.416666666666667,0.36,"weekday",4,"40 to 64","<1km","walking",0.36,0.416666666666667,2.91666666666667,2.91666666666667
"96194/1000",NA,96194,4569,"60-64 years","male",20,16019,"Leisure",441.761657714844,441.761657714844,"car",0.166666666666667,3.59,"weekday",5,"40 to 64","3-5km","bicycle",3.59,0.326363636363636,1.16666666666667,2.28454545454545
"96194/1000",NA,96194,4569,"60-64 years","male",20,16020,"Leisure",441.761657714844,441.761657714844,"car",0.166666666666667,2.71,"weekday",6,"40 to 64","3-5km","bicycle",2.71,0.246363636363636,1.16666666666667,1.72454545454545
"96196/1000",NA,96196,4570,"70-74 years","male",20,16021,"Other",368.036743164062,368.036743164062,"walking",0.25,0.72,"weekday",1,"65 plus","<1km","walking",0.72,0.25,1.75,1.75
"96196/1000",NA,96196,4570,"70-74 years","male",20,16022,"Other",368.036743164062,368.036743164062,"walking",0.25,0.72,"weekday",2,"65 plus","<1km","walking",0.72,0.25,1.75,1.75
"96197/1000",NA,96197,4571,"50-54 years","female",20,16023,"Other",487.098052978516,487.098052978516,"car",0.5,22.35,"weekday",1,"40 to 64",">10km","car",22.35,0.5,3.5,3.5
"96197/1000",NA,96197,4571,"50-54 years","female",20,16024,"Other",487.098052978516,487.098052978516,"car",1.16666666666667,22.33,"weekday",2,"40 to 64",">10km","car",22.33,1.16666666666667,8.16666666666667,8.16666666666667
"96197/1000",NA,96197,4571,"50-54 years","female",20,16025,"Leisure",487.098052978516,487.098052978516,"car",0.0833333333333333,2.3,"weekday",3,"40 to 64","3-5km","bicycle",2.3,0.209090909090909,0.583333333333333,1.46363636363636
"96197/1000",NA,96197,4571,"50-54 years","female",20,16026,"Leisure",487.098052978516,487.098052978516,"walking",0.416666666666667,0.76,"weekday",4,"40 to 64","<1km","walking",0.76,0.416666666666667,2.91666666666667,2.91666666666667
"96197/1000",NA,96197,4571,"50-54 years","female",20,16027,"Leisure",487.098052978516,487.098052978516,"walking",0.583333333333333,0.76,"weekday",5,"40 to 64","<1km","walking",0.76,0.583333333333333,4.08333333333333,4.08333333333333
"96197/1000",NA,96197,4571,"50-54 years","female",20,16028,"Leisure",487.098052978516,487.098052978516,"car",0.0833333333333333,2.27,"weekday",6,"40 to 64","3-5km","bicycle",2.27,0.206363636363636,0.583333333333333,1.44454545454545
"96199/1000",NA,96199,4572,"40-44 years","female",20,16029,"Other",575.516906738281,575.516906738281,"car",0.0833333333333333,1.55,"weekday",1,"40 to 64","1-2km","bicycle",1.55,0.140909090909091,0.583333333333333,0.986363636363636
"96199/1000",NA,96199,4572,"40-44 years","female",20,16030,"Other",575.516906738281,575.516906738281,"car",0.0833333333333333,1.55,"weekday",2,"40 to 64","1-2km","bicycle",1.55,0.140909090909091,0.583333333333333,0.986363636363636
"96199/1000",NA,96199,4572,"40-44 years","female",20,16031,"Shopping",575.516906738281,575.516906738281,"car",0.333333333333333,11.21,"weekday",3,"40 to 64",">10km","car",11.21,0.333333333333333,2.33333333333333,2.33333333333333
"96199/1000",NA,96199,4572,"40-44 years","female",20,16032,"Other",575.516906738281,575.516906738281,"car",0.333333333333333,11.51,"weekday",4,"40 to 64",">10km","car",11.51,0.333333333333333,2.33333333333333,2.33333333333333
"96199/1000",NA,96199,4572,"40-44 years","female",20,16033,"Other",575.516906738281,575.516906738281,"car",0.0833333333333333,0.44,"weekday",5,"40 to 64","<1km","bicycle",0.44,0.04,0.583333333333333,0.28
"96199/1000",NA,96199,4572,"40-44 years","female",20,16034,"Other",575.516906738281,575.516906738281,"car",0.2,1.4,"weekday",6,"40 to 64","1-2km","bicycle",1.4,0.127272727272727,1.4,0.890909090909091
"96199/1001",NA,96199,4573,"45-49 years","male",20,16035,"Work",490.858123779297,490.858123779297,"car",0.416666666666667,14.64,"weekday",1,"40 to 64",">10km","car",14.64,0.416666666666667,2.91666666666667,2.91666666666667
"96199/1001",NA,96199,4573,"45-49 years","male",20,16036,"Work",490.858123779297,490.858123779297,"bicycle",0.2,5.61,"weekday",1,"40 to 64","6-10km","bicycle",5.61,0.2,1.4,1.4
"96199/1001",NA,96199,4573,"45-49 years","male",20,16037,"Work",490.858123779297,490.858123779297,"bicycle",0.25,5.61,"weekday",2,"40 to 64","6-10km","bicycle",5.61,0.25,1.75,1.75
"96199/1001",NA,96199,4573,"45-49 years","male",20,16038,"Work",490.858123779297,490.858123779297,"car",0.533333333333333,15.06,"weekday",2,"40 to 64",">10km","car",15.06,0.533333333333333,3.73333333333333,3.73333333333333
"96217/1001",NA,96217,4574,"35-39 years","male",20,16039,"Work",670.438781738281,670.438781738281,"car",0.416666666666667,16.9,"weekday",1,"20 to 39",">10km","car",16.9,0.416666666666667,2.91666666666667,2.91666666666667
"96217/1001",NA,96217,4574,"35-39 years","male",20,16040,"Shopping",670.438781738281,670.438781738281,"walking",0.25,0.65,"weekday",2,"20 to 39","<1km","walking",0.65,0.25,1.75,1.75
"96217/1001",NA,96217,4574,"35-39 years","male",20,16041,"Work",670.438781738281,670.438781738281,"walking",0.25,0.65,"weekday",3,"20 to 39","<1km","walking",0.65,0.25,1.75,1.75
"96217/1001",NA,96217,4574,"35-39 years","male",20,16042,"Work",670.438781738281,670.438781738281,"car",1,16.57,"weekday",4,"20 to 39",">10km","car",16.57,1,7,7
"96217/1002",NA,96217,4575,"30-34 years","female",20,16043,"Other",718.065612792969,718.065612792969,"car",0.333333333333333,10.52,"weekday",1,"20 to 39",">10km","car",10.52,0.333333333333333,2.33333333333333,2.33333333333333
"96217/1002",NA,96217,4575,"30-34 years","female",20,16044,"Shopping",718.065612792969,718.065612792969,"car",0.416666666666667,10.2,"weekday",2,"20 to 39",">10km","car",10.2,0.416666666666667,2.91666666666667,2.91666666666667
"96217/1002",NA,96217,4575,"30-34 years","female",20,16045,"Other",718.065612792969,718.065612792969,"car",0.166666666666667,2.37,"weekday",3,"20 to 39","3-5km","bicycle",2.37,0.215454545454545,1.16666666666667,1.50818181818182
"96217/1002",NA,96217,4575,"30-34 years","female",20,16046,"Shopping",718.065612792969,718.065612792969,"car",0.216666666666667,1.58,"weekday",4,"20 to 39","1-2km","bicycle",1.58,0.143636363636364,1.51666666666667,1.00545454545455
"96217/1002",NA,96217,4575,"30-34 years","female",20,16047,"Shopping",718.065612792969,718.065612792969,"car",0.0833333333333333,2.09,"weekday",5,"20 to 39","3-5km","bicycle",2.09,0.19,0.583333333333333,1.33
"96217/1002",NA,96217,4575,"30-34 years","female",20,16048,"Shopping",718.065612792969,718.065612792969,"car",0.0333333333333333,0.35,"weekday",6,"20 to 39","<1km","bicycle",0.35,0.0318181818181818,0.233333333333333,0.222727272727273
"96217/1002",NA,96217,4575,"30-34 years","female",20,16049,"Shopping",718.065612792969,718.065612792969,"car",0.333333333333333,5.09,"weekday",7,"20 to 39","6-10km","car",5.09,0.333333333333333,2.33333333333333,2.33333333333333
"96217/1003",NA,96217,4576,"65-69 years","female",20,16050,"Other",328.636322021484,328.636322021484,"car",0.333333333333333,10.52,"weekday",1,"65 plus",">10km","car",10.52,0.333333333333333,2.33333333333333,2.33333333333333
"96217/1003",NA,96217,4576,"65-69 years","female",20,16051,"Shopping",328.636322021484,328.636322021484,"car",0.416666666666667,10.2,"weekday",2,"65 plus",">10km","car",10.2,0.416666666666667,2.91666666666667,2.91666666666667
"96217/1003",NA,96217,4576,"65-69 years","female",20,16052,"Other",328.636322021484,328.636322021484,"car",0.166666666666667,2.37,"weekday",3,"65 plus","3-5km","bicycle",2.37,0.215454545454545,1.16666666666667,1.50818181818182
"96217/1003",NA,96217,4576,"65-69 years","female",20,16053,"Shopping",328.636322021484,328.636322021484,"car",0.216666666666667,1.58,"weekday",4,"65 plus","1-2km","bicycle",1.58,0.143636363636364,1.51666666666667,1.00545454545455
"96217/1003",NA,96217,4576,"65-69 years","female",20,16054,"Shopping",328.636322021484,328.636322021484,"car",0.0833333333333333,2.09,"weekday",5,"65 plus","3-5km","bicycle",2.09,0.19,0.583333333333333,1.33
"96217/1003",NA,96217,4576,"65-69 years","female",20,16055,"Shopping",328.636322021484,328.636322021484,"car",0.0333333333333333,0.35,"weekday",6,"65 plus","<1km","bicycle",0.35,0.0318181818181818,0.233333333333333,0.222727272727273
"96217/1003",NA,96217,4576,"65-69 years","female",20,16056,"Shopping",328.636322021484,328.636322021484,"car",0.333333333333333,5.09,"weekday",7,"65 plus","6-10km","car",5.09,0.333333333333333,2.33333333333333,2.33333333333333
"96219/1000",NA,96219,4577,"50-54 years","male",20,16057,"Leisure",452.846740722656,452.846740722656,"car",0.166666666666667,4.59,"weekday",1,"40 to 64","3-5km","bicycle",4.59,0.417272727272727,1.16666666666667,2.92090909090909
"96219/1000",NA,96219,4577,"50-54 years","male",20,16058,"Leisure",452.846740722656,452.846740722656,"car",0.166666666666667,4.56,"weekday",2,"40 to 64","3-5km","bicycle",4.56,0.414545454545454,1.16666666666667,2.90181818181818
"96219/1000",NA,96219,4577,"50-54 years","male",20,16059,"Work",452.846740722656,452.846740722656,"car",0.2,3.8,"weekday",3,"40 to 64","3-5km","bicycle",3.8,0.345454545454545,1.4,2.41818181818182
"96219/1000",NA,96219,4577,"50-54 years","male",20,16060,"Work",452.846740722656,452.846740722656,"car",0.266666666666667,3.82,"weekday",4,"40 to 64","3-5km","bicycle",3.82,0.347272727272727,1.86666666666667,2.43090909090909
"96219/1001",NA,96219,4578,"50-54 years","female",20,16061,"Other",449.832550048828,449.832550048828,"car",0.583333333333333,18.26,"weekday",1,"40 to 64",">10km","car",18.26,0.583333333333333,4.08333333333333,4.08333333333333
"96219/1001",NA,96219,4578,"50-54 years","female",20,16062,"Other",449.832550048828,449.832550048828,"car",0.5,19.01,"weekday",2,"40 to 64",">10km","car",19.01,0.5,3.5,3.5
"96219/1001",NA,96219,4578,"50-54 years","female",20,16063,"Leisure",449.832550048828,449.832550048828,"walking",0.25,0.46,"weekday",3,"40 to 64","<1km","walking",0.46,0.25,1.75,1.75
"96219/1001",NA,96219,4578,"50-54 years","female",20,16064,"Leisure",449.832550048828,449.832550048828,"walking",0.266666666666667,0.46,"weekday",4,"40 to 64","<1km","walking",0.46,0.266666666666667,1.86666666666667,1.86666666666667
"96222/1001",NA,96222,4579,"40-44 years","male",20,16065,"Work",623.637145996094,623.637145996094,"car",0.5,25.43,"weekday",1,"40 to 64",">10km","car",25.43,0.5,3.5,3.5
"96222/1001",NA,96222,4579,"40-44 years","male",20,16066,"Work",623.637145996094,623.637145996094,"car",0.5,25.65,"weekday",2,"40 to 64",">10km","car",25.65,0.5,3.5,3.5
"96223/1000",NA,96223,4580,"70-74 years","male",20,16067,"Other",368.036743164062,368.036743164062,"car",0.166666666666667,2.85,"weekday",1,"65 plus","3-5km","bicycle",2.85,0.259090909090909,1.16666666666667,1.81363636363636
"96223/1000",NA,96223,4580,"70-74 years","male",20,16068,"Shopping",368.036743164062,368.036743164062,"car",0.25,2.46,"weekday",2,"65 plus","3-5km","bicycle",2.46,0.223636363636364,1.75,1.56545454545455
"96223/1000",NA,96223,4580,"70-74 years","male",20,16069,"Shopping",368.036743164062,368.036743164062,"car",0.233333333333333,3.42,"weekday",3,"65 plus","3-5km","bicycle",3.42,0.310909090909091,1.63333333333333,2.17636363636364
"96223/1000",NA,96223,4580,"70-74 years","male",20,16070,"Shopping",368.036743164062,368.036743164062,"car",0.283333333333333,2.16,"weekday",4,"65 plus","3-5km","bicycle",2.16,0.196363636363636,1.98333333333333,1.37454545454545
"96223/1001",NA,96223,4581,"55-59 years","female",20,16071,"Other",468.386108398438,468.386108398438,"car",0.166666666666667,2.85,"weekday",1,"40 to 64","3-5km","bicycle",2.85,0.259090909090909,1.16666666666667,1.81363636363636
"96223/1001",NA,96223,4581,"55-59 years","female",20,16072,"Shopping",468.386108398438,468.386108398438,"car",0.25,2.46,"weekday",2,"40 to 64","3-5km","bicycle",2.46,0.223636363636364,1.75,1.56545454545455
"96223/1001",NA,96223,4581,"55-59 years","female",20,16073,"Shopping",468.386108398438,468.386108398438,"car",0.233333333333333,3.42,"weekday",3,"40 to 64","3-5km","bicycle",3.42,0.310909090909091,1.63333333333333,2.17636363636364
"96223/1001",NA,96223,4581,"55-59 years","female",20,16074,"Shopping",468.386108398438,468.386108398438,"car",0.283333333333333,2.16,"weekday",4,"40 to 64","3-5km","bicycle",2.16,0.196363636363636,1.98333333333333,1.37454545454545
"96307/1000",NA,96307,4582,"55-59 years","male",20,16075,"Leisure",598.893310546875,598.893310546875,"walking",0.5,2.44,"weekday",1,"40 to 64","3-5km","walking",2.44,0.5,3.5,3.5
"96307/1000",NA,96307,4582,"55-59 years","male",20,16076,"Leisure",598.893310546875,598.893310546875,"walking",0.5,2.44,"weekday",2,"40 to 64","3-5km","walking",2.44,0.5,3.5,3.5
"96307/1000",NA,96307,4582,"55-59 years","male",20,16077,"Shopping",598.893310546875,598.893310546875,"car",0.166666666666667,2.93,"weekday",3,"40 to 64","3-5km","bicycle",2.93,0.266363636363636,1.16666666666667,1.86454545454545
"96307/1000",NA,96307,4582,"55-59 years","male",20,16078,"Shopping",598.893310546875,598.893310546875,"car",0.166666666666667,2.85,"weekday",4,"40 to 64","3-5km","bicycle",2.85,0.259090909090909,1.16666666666667,1.81363636363636
"96307/1000",NA,96307,4582,"55-59 years","male",20,16079,"Leisure",598.893310546875,598.893310546875,"car",0.333333333333333,14.66,"weekday",5,"40 to 64",">10km","car",14.66,0.333333333333333,2.33333333333333,2.33333333333333
"96307/1000",NA,96307,4582,"55-59 years","male",20,16080,"Leisure",598.893310546875,598.893310546875,"car",0.5,8.88,"weekday",6,"40 to 64","6-10km","car",8.88,0.5,3.5,3.5
"96307/1000",NA,96307,4582,"55-59 years","male",20,16081,"Leisure",598.893310546875,598.893310546875,"car",0.583333333333333,6.16,"weekday",7,"40 to 64","6-10km","car",6.16,0.583333333333333,4.08333333333333,4.08333333333333
"96307/1000",NA,96307,4582,"55-59 years","male",20,16082,"Shopping",598.893310546875,598.893310546875,"car",0.166666666666667,2.68,"weekday",8,"40 to 64","3-5km","bicycle",2.68,0.243636363636364,1.16666666666667,1.70545454545455
"96307/1001",NA,96307,4583,"55-59 years","female",20,16083,"Leisure",568.320922851562,568.320922851562,"walking",0.5,2.44,"weekday",1,"40 to 64","3-5km","walking",2.44,0.5,3.5,3.5
"96307/1001",NA,96307,4583,"55-59 years","female",20,16084,"Leisure",568.320922851562,568.320922851562,"walking",0.5,2.44,"weekday",2,"40 to 64","3-5km","walking",2.44,0.5,3.5,3.5
"96307/1001",NA,96307,4583,"55-59 years","female",20,16085,"Shopping",568.320922851562,568.320922851562,"car",0.166666666666667,2.93,"weekday",3,"40 to 64","3-5km","bicycle",2.93,0.266363636363636,1.16666666666667,1.86454545454545
"96307/1001",NA,96307,4583,"55-59 years","female",20,16086,"Shopping",568.320922851562,568.320922851562,"car",0.166666666666667,2.85,"weekday",4,"40 to 64","3-5km","bicycle",2.85,0.259090909090909,1.16666666666667,1.81363636363636
"96307/1001",NA,96307,4583,"55-59 years","female",20,16087,"Leisure",568.320922851562,568.320922851562,"car",0.333333333333333,14.66,"weekday",5,"40 to 64",">10km","car",14.66,0.333333333333333,2.33333333333333,2.33333333333333
"96307/1001",NA,96307,4583,"55-59 years","female",20,16088,"Leisure",568.320922851562,568.320922851562,"car",0.5,8.88,"weekday",6,"40 to 64","6-10km","car",8.88,0.5,3.5,3.5
"96307/1001",NA,96307,4583,"55-59 years","female",20,16089,"Leisure",568.320922851562,568.320922851562,"car",0.583333333333333,6.16,"weekday",7,"40 to 64","6-10km","car",6.16,0.583333333333333,4.08333333333333,4.08333333333333
"96307/1001",NA,96307,4583,"55-59 years","female",20,16090,"Shopping",568.320922851562,568.320922851562,"car",0.166666666666667,2.68,"weekday",8,"40 to 64","3-5km","bicycle",2.68,0.243636363636364,1.16666666666667,1.70545454545455
"96307/1002",NA,96307,4584,"20-24 years","male",20,16091,"Work",1088.4951171875,1088.4951171875,"car",0.5,24.66,"weekday",1,"20 to 39",">10km","car",24.66,0.5,3.5,3.5
"96307/1002",NA,96307,4584,"20-24 years","male",20,16092,"Work",1088.4951171875,1088.4951171875,"car",0.5,24.91,"weekday",2,"20 to 39",">10km","car",24.91,0.5,3.5,3.5
"96307/1002",NA,96307,4584,"20-24 years","male",20,16093,"Leisure",1088.4951171875,1088.4951171875,"car",0.166666666666667,3.53,"weekday",3,"20 to 39","3-5km","bicycle",3.53,0.320909090909091,1.16666666666667,2.24636363636364
"96307/1002",NA,96307,4584,"20-24 years","male",20,16094,"Leisure",1088.4951171875,1088.4951171875,"car",0.166666666666667,3.56,"weekday",4,"20 to 39","3-5km","bicycle",3.56,0.323636363636364,1.16666666666667,2.26545454545455
"96308/1000",NA,96308,4585,"75-79 years","male",20,16095,"Other",346.467559814453,346.467559814453,"car",0.25,3.53,"weekday",1,"65 plus","3-5km","bicycle",3.53,0.320909090909091,1.75,2.24636363636364
"96308/1000",NA,96308,4585,"75-79 years","male",20,16096,"Other",346.467559814453,346.467559814453,"car",0.166666666666667,3.13,"weekday",2,"65 plus","3-5km","bicycle",3.13,0.284545454545455,1.16666666666667,1.99181818181818
"96308/1000",NA,96308,4585,"75-79 years","male",20,16097,"Other",346.467559814453,346.467559814453,"car",0.166666666666667,4.84,"weekday",3,"65 plus","3-5km","bicycle",4.84,0.44,1.16666666666667,3.08
"96308/1000",NA,96308,4585,"75-79 years","male",20,16098,"Other",346.467559814453,346.467559814453,"car",0.25,4.77,"weekday",4,"65 plus","3-5km","bicycle",4.77,0.433636363636364,1.75,3.03545454545455
"96466/1000",NA,96466,4586,"60-64 years","female",20,16099,"Leisure",200.211456298828,200.211456298828,"car",0.133333333333333,4.56,"weekday",1,"40 to 64","3-5km","bicycle",4.56,0.414545454545454,0.933333333333333,2.90181818181818
"96466/1000",NA,96466,4586,"60-64 years","female",20,16100,"Leisure",200.211456298828,200.211456298828,"car",0.133333333333333,4.68,"weekday",2,"40 to 64","3-5km","bicycle",4.68,0.425454545454545,0.933333333333333,2.97818181818182
"96469/1000",NA,96469,4587,"70-74 years","male",20,16101,"Other",152.162673950195,152.162673950195,"car",0.25,8.53,"weekday",1,"65 plus","6-10km","car",8.53,0.25,1.75,1.75
"96469/1000",NA,96469,4587,"70-74 years","male",20,16102,"Other",152.162673950195,152.162673950195,"car",0.25,8.48,"weekday",2,"65 plus","6-10km","car",8.48,0.25,1.75,1.75
"96469/1001",NA,96469,4588,"70-74 years","female",20,16103,"Work",171.396911621094,171.396911621094,"car",0.583333333333333,26.83,"weekday",1,"65 plus",">10km","car",26.83,0.583333333333333,4.08333333333333,4.08333333333333
"96469/1001",NA,96469,4588,"70-74 years","female",20,16104,"Work",171.396911621094,171.396911621094,"car",0.75,26.38,"weekday",2,"65 plus",">10km","car",26.38,0.75,5.25,5.25
"96477/1000",NA,96477,4589,"40-44 years","female",20,16105,"Other",575.516906738281,575.516906738281,"car",0.05,1.75,"weekday",1,"40 to 64","1-2km","bicycle",1.75,0.159090909090909,0.35,1.11363636363636
"96477/1000",NA,96477,4589,"40-44 years","female",20,16106,"Other",575.516906738281,575.516906738281,"car",0.0833333333333333,2,"weekday",2,"40 to 64","1-2km","bicycle",2,0.181818181818182,0.583333333333333,1.27272727272727
"96477/1000",NA,96477,4589,"40-44 years","female",20,16107,"Shopping",575.516906738281,575.516906738281,"car",0.05,1.47,"weekday",3,"40 to 64","1-2km","bicycle",1.47,0.133636363636364,0.35,0.935454545454545
"96477/1000",NA,96477,4589,"40-44 years","female",20,16108,"Other",575.516906738281,575.516906738281,"car",0.05,1.82,"weekday",4,"40 to 64","1-2km","bicycle",1.82,0.165454545454545,0.35,1.15818181818182
"96477/1000",NA,96477,4589,"40-44 years","female",20,16109,"Other",575.516906738281,575.516906738281,"car",0.05,2,"weekday",5,"40 to 64","1-2km","bicycle",2,0.181818181818182,0.35,1.27272727272727
"96477/1001",NA,96477,4590,"45-49 years","male",20,16110,"Work",490.858123779297,490.858123779297,"car",0.666666666666667,22.29,"weekday",1,"40 to 64",">10km","car",22.29,0.666666666666667,4.66666666666667,4.66666666666667
"96477/1001",NA,96477,4590,"45-49 years","male",20,16111,"Work",490.858123779297,490.858123779297,"car",0.666666666666667,22.05,"weekday",2,"40 to 64",">10km","car",22.05,0.666666666666667,4.66666666666667,4.66666666666667
"96496/1000",NA,96496,4591,"35-39 years","male",20,16112,"Other",274.485229492188,274.485229492188,"car",0.683333333333333,23.6,"weekday",1,"20 to 39",">10km","car",23.6,0.683333333333333,4.78333333333333,4.78333333333333
"96496/1000",NA,96496,4591,"35-39 years","male",20,16113,"Other",274.485229492188,274.485229492188,"car",0.5,22.71,"weekday",2,"20 to 39",">10km","car",22.71,0.5,3.5,3.5
"96496/1001",NA,96496,4592,"35-39 years","female",20,16114,"Other",212.434097290039,212.434097290039,"car",0.25,7.96,"weekday",1,"20 to 39","6-10km","car",7.96,0.25,1.75,1.75
"96496/1001",NA,96496,4592,"35-39 years","female",20,16115,"Education",212.434097290039,212.434097290039,"car",0.166666666666667,4.92,"weekday",2,"20 to 39","3-5km","bicycle",4.92,0.447272727272727,1.16666666666667,3.13090909090909
"96496/1001",NA,96496,4592,"35-39 years","female",20,16116,"Education",212.434097290039,212.434097290039,"car",0.166666666666667,9.31,"weekday",3,"20 to 39","6-10km","car",9.31,0.166666666666667,1.16666666666667,1.16666666666667
"96496/1001",NA,96496,4592,"35-39 years","female",20,16117,"Other",212.434097290039,212.434097290039,"car",0.416666666666667,17.24,"weekday",4,"20 to 39",">10km","car",17.24,0.416666666666667,2.91666666666667,2.91666666666667
"96496/1001",NA,96496,4592,"35-39 years","female",20,16118,"Other",212.434097290039,212.434097290039,"car",0.5,16.31,"weekday",5,"20 to 39",">10km","car",16.31,0.5,3.5,3.5
"96496/1002",NA,96496,4593,"65-69 years","male",20,16119,"Other",277.320190429688,277.320190429688,"car",0.25,7.96,"weekday",1,"65 plus","6-10km","car",7.96,0.25,1.75,1.75
"96496/1002",NA,96496,4593,"65-69 years","male",20,16120,"Other",277.320190429688,277.320190429688,"car",0.433333333333333,8.27,"weekday",2,"65 plus","6-10km","car",8.27,0.433333333333333,3.03333333333333,3.03333333333333
"96496/1003",NA,96496,4594,"65-69 years","female",20,16121,"Other",198.239669799805,198.239669799805,"car",0.416666666666667,17.24,"weekday",1,"65 plus",">10km","car",17.24,0.416666666666667,2.91666666666667,2.91666666666667
"96496/1003",NA,96496,4594,"65-69 years","female",20,16122,"Other",198.239669799805,198.239669799805,"car",0.5,16.31,"weekday",2,"65 plus",">10km","car",16.31,0.5,3.5,3.5
"96497/1000",NA,96497,4595,"35-39 years","male",20,16123,"Work",174.027191162109,174.027191162109,"car",1.96666666666667,126.91,"weekday",1,"20 to 39",">10km","car",126.91,1.96666666666667,13.7666666666667,13.7666666666667
"96497/1000",NA,96497,4595,"35-39 years","male",20,16124,"Work",174.027191162109,174.027191162109,"car",1.65,126.95,"weekday",2,"20 to 39",">10km","car",126.95,1.65,11.55,11.55
"96497/1000",NA,96497,4595,"35-39 years","male",20,16125,"Work",174.027191162109,174.027191162109,"car",1.71666666666667,96.66,"weekday",3,"20 to 39",">10km","car",96.66,1.71666666666667,12.0166666666667,12.0166666666667
"96497/1000",NA,96497,4595,"35-39 years","male",20,16126,"Work",174.027191162109,174.027191162109,"car",1.63333333333333,96.73,"weekday",4,"20 to 39",">10km","car",96.73,1.63333333333333,11.4333333333333,11.4333333333333
"96497/1001",NA,96497,4596,"35-39 years","female",20,16127,"Other",134.685974121094,134.685974121094,"car",0.166666666666667,1.54,"weekday",1,"20 to 39","1-2km","bicycle",1.54,0.14,1.16666666666667,0.98
"96497/1001",NA,96497,4596,"35-39 years","female",20,16128,"Other",134.685974121094,134.685974121094,"car",0.166666666666667,1.56,"weekday",2,"20 to 39","1-2km","bicycle",1.56,0.141818181818182,1.16666666666667,0.992727272727273
"96497/1001",NA,96497,4596,"35-39 years","female",20,16129,"Shopping",134.685974121094,134.685974121094,"car",0.416666666666667,10.89,"weekday",3,"20 to 39",">10km","car",10.89,0.416666666666667,2.91666666666667,2.91666666666667
"96497/1001",NA,96497,4596,"35-39 years","female",20,16130,"Shopping",134.685974121094,134.685974121094,"car",0.333333333333333,10.61,"weekday",4,"20 to 39",">10km","car",10.61,0.333333333333333,2.33333333333333,2.33333333333333
"96497/1001",NA,96497,4596,"35-39 years","female",20,16131,"Other",134.685974121094,134.685974121094,"car",0.166666666666667,1.54,"weekday",5,"20 to 39","1-2km","bicycle",1.54,0.14,1.16666666666667,0.98
"96497/1001",NA,96497,4596,"35-39 years","female",20,16132,"Shopping",134.685974121094,134.685974121094,"car",0.333333333333333,5.77,"weekday",6,"20 to 39","6-10km","car",5.77,0.333333333333333,2.33333333333333,2.33333333333333
"96497/1001",NA,96497,4596,"35-39 years","female",20,16133,"Shopping",134.685974121094,134.685974121094,"car",0.416666666666667,5.74,"weekday",7,"20 to 39","6-10km","car",5.74,0.416666666666667,2.91666666666667,2.91666666666667
"96529/1000",NA,96529,4597,"45-49 years","female",20,16134,"Work",122.150421142578,122.150421142578,"car",0.25,8.52,"weekday",1,"40 to 64","6-10km","car",8.52,0.25,1.75,1.75
"96529/1000",NA,96529,4597,"45-49 years","female",20,16135,"Work",122.150421142578,122.150421142578,"car",0.583333333333333,9.81,"weekday",2,"40 to 64","6-10km","car",9.81,0.583333333333333,4.08333333333333,4.08333333333333
"96529/1001",NA,96529,4598,"50-54 years","male",20,16136,"Work",111.144454956055,111.144454956055,"car",0.5,27.66,"weekday",1,"40 to 64",">10km","car",27.66,0.5,3.5,3.5
"96529/1001",NA,96529,4598,"50-54 years","male",20,16137,"Work",111.144454956055,111.144454956055,"car",0.833333333333333,27.29,"weekday",2,"40 to 64",">10km","car",27.29,0.833333333333333,5.83333333333333,5.83333333333333
"96529/1002",NA,96529,4599,"20-24 years","male",20,16138,"Education",170.835174560547,170.835174560547,"car",0.733333333333333,29.7,"weekday",1,"20 to 39",">10km","car",29.7,0.733333333333333,5.13333333333333,5.13333333333333
"96529/1002",NA,96529,4599,"20-24 years","male",20,16139,"Education",170.835174560547,170.835174560547,"car",0.916666666666667,29.75,"weekday",2,"20 to 39",">10km","car",29.75,0.916666666666667,6.41666666666667,6.41666666666667
"96535/1000",NA,96535,4601,"50-54 years","female",20,16141,"Other",100.969757080078,100.969757080078,"car",0.0833333333333333,2.94,"weekday",1,"40 to 64","3-5km","bicycle",2.94,0.267272727272727,0.583333333333333,1.87090909090909
"96535/1000",NA,96535,4601,"50-54 years","female",20,16142,"Education",100.969757080078,100.969757080078,"car",0.0833333333333333,2.99,"weekday",2,"40 to 64","3-5km","bicycle",2.99,0.271818181818182,0.583333333333333,1.90272727272727
"96535/1000",NA,96535,4601,"50-54 years","female",20,16143,"Other",100.969757080078,100.969757080078,"car",0.0833333333333333,3,"weekday",3,"40 to 64","3-5km","bicycle",3,0.272727272727273,0.583333333333333,1.90909090909091
"96535/1000",NA,96535,4601,"50-54 years","female",20,16144,"Other",100.969757080078,100.969757080078,"car",0.0833333333333333,2.98,"weekday",4,"40 to 64","3-5km","bicycle",2.98,0.270909090909091,0.583333333333333,1.89636363636364
"96535/1001",NA,96535,4602,"50-54 years","male",20,16145,"Work",111.144454956055,111.144454956055,"car",0.833333333333333,33.6,"weekday",1,"40 to 64",">10km","car",33.6,0.833333333333333,5.83333333333333,5.83333333333333
"96535/1001",NA,96535,4602,"50-54 years","male",20,16146,"Work",111.144454956055,111.144454956055,"car",0.833333333333333,33.92,"weekday",2,"40 to 64",">10km","car",33.92,0.833333333333333,5.83333333333333,5.83333333333333
"96535/1002",NA,96535,4603,"15-19 years","male",20,16147,"Education",162.666137695312,162.666137695312,"car",0.0833333333333333,2.94,"weekday",1,"15 to 19","3-5km","bicycle",2.94,0.267272727272727,0.583333333333333,1.87090909090909
"96535/1002",NA,96535,4603,"15-19 years","male",20,16148,"Education",162.666137695312,162.666137695312,"car",0.0833333333333333,2.98,"weekday",2,"15 to 19","3-5km","bicycle",2.98,0.270909090909091,0.583333333333333,1.89636363636364
"96535/1003",NA,96535,4604,"15-19 years","female",20,16149,"Education",100.53645324707,100.53645324707,"car",0.0833333333333333,2.94,"weekday",1,"15 to 19","3-5km","bicycle",2.94,0.267272727272727,0.583333333333333,1.87090909090909
"96535/1003",NA,96535,4604,"15-19 years","female",20,16150,"Education",100.53645324707,100.53645324707,"car",0.0833333333333333,2.98,"weekday",2,"15 to 19","3-5km","bicycle",2.98,0.270909090909091,0.583333333333333,1.89636363636364
"96583/1000",NA,96583,4605,"60-64 years","male",20,16151,"Work",144.323944091797,144.323944091797,"car",0.833333333333333,49.81,"weekday",1,"40 to 64",">10km","car",49.81,0.833333333333333,5.83333333333333,5.83333333333333
"96583/1000",NA,96583,4605,"60-64 years","male",20,16152,"Work",144.323944091797,144.323944091797,"car",1,49.88,"weekday",2,"40 to 64",">10km","car",49.88,1,7,7
"96583/1001",NA,96583,4606,"65-69 years","female",20,16153,"Shopping",129.623992919922,129.623992919922,"walking",0.25,2.19,"weekday",1,"65 plus","3-5km","walking",2.19,0.25,1.75,1.75
"96583/1001",NA,96583,4606,"65-69 years","female",20,16154,"Shopping",129.623992919922,129.623992919922,"walking",0.25,2.19,"weekday",2,"65 plus","3-5km","walking",2.19,0.25,1.75,1.75
"96584/1000",NA,96584,4607,"50-54 years","male",20,16155,"Work",490.361968994141,490.361968994141,"car",0.583333333333333,40.1,"weekday",1,"40 to 64",">10km","car",40.1,0.583333333333333,4.08333333333333,4.08333333333333
"96584/1000",NA,96584,4607,"50-54 years","male",20,16156,"Work",490.361968994141,490.361968994141,"car",0.583333333333333,40.57,"weekday",2,"40 to 64",">10km","car",40.57,0.583333333333333,4.08333333333333,4.08333333333333
"96749/1000",NA,96749,4608,"70-74 years","female",20,16157,"Shopping",74.8938827514648,74.8938827514648,"car",0.15,1.27,"weekday",1,"65 plus","1-2km","bicycle",1.27,0.115454545454545,1.05,0.808181818181818
"96749/1000",NA,96749,4608,"70-74 years","female",20,16158,"Shopping",74.8938827514648,74.8938827514648,"car",0.183333333333333,1.29,"weekday",2,"65 plus","1-2km","bicycle",1.29,0.117272727272727,1.28333333333333,0.820909090909091
"96749/1000",NA,96749,4608,"70-74 years","female",20,16159,"Leisure",74.8938827514648,74.8938827514648,"car",0.466666666666667,15.02,"weekday",3,"65 plus",">10km","car",15.02,0.466666666666667,3.26666666666667,3.26666666666667
"96749/1000",NA,96749,4608,"70-74 years","female",20,16160,"Leisure",74.8938827514648,74.8938827514648,"car",0.666666666666667,15.05,"weekday",4,"65 plus",">10km","car",15.05,0.666666666666667,4.66666666666667,4.66666666666667
"96749/1001",NA,96749,4609,"75-79 years","male",20,16162,"Shopping",76.3799514770508,76.3799514770508,"car",0.15,1.27,"weekday",2,"65 plus","1-2km","bicycle",1.27,0.115454545454545,1.05,0.808181818181818
"96749/1001",NA,96749,4609,"75-79 years","male",20,16163,"Shopping",76.3799514770508,76.3799514770508,"car",0.183333333333333,1.29,"weekday",3,"65 plus","1-2km","bicycle",1.29,0.117272727272727,1.28333333333333,0.820909090909091
"96749/1001",NA,96749,4609,"75-79 years","male",20,16164,"Leisure",76.3799514770508,76.3799514770508,"car",0.466666666666667,15.02,"weekday",4,"65 plus",">10km","car",15.02,0.466666666666667,3.26666666666667,3.26666666666667
"96749/1001",NA,96749,4609,"75-79 years","male",20,16165,"Leisure",76.3799514770508,76.3799514770508,"car",0.666666666666667,15.05,"weekday",5,"65 plus",">10km","car",15.05,0.666666666666667,4.66666666666667,4.66666666666667
"96875/1000",NA,96875,4610,"75-79 years","male",20,16166,"Work",94.0405426025391,94.0405426025391,"car",0.333333333333333,14.21,"weekday",1,"65 plus",">10km","car",14.21,0.333333333333333,2.33333333333333,2.33333333333333
"96875/1000",NA,96875,4610,"75-79 years","male",20,16167,"Other",94.0405426025391,94.0405426025391,"car",0.583333333333333,10.23,"weekday",2,"65 plus",">10km","car",10.23,0.583333333333333,4.08333333333333,4.08333333333333
"96875/1000",NA,96875,4610,"75-79 years","male",20,16168,"Work",94.0405426025391,94.0405426025391,"car",0.333333333333333,10.32,"weekday",3,"65 plus",">10km","car",10.32,0.333333333333333,2.33333333333333,2.33333333333333
"96875/1000",NA,96875,4610,"75-79 years","male",20,16169,"Work",94.0405426025391,94.0405426025391,"car",0.333333333333333,13.97,"weekday",4,"65 plus",">10km","car",13.97,0.333333333333333,2.33333333333333,2.33333333333333
"96875/1000",NA,96875,4610,"75-79 years","male",20,16170,"Leisure",94.0405426025391,94.0405426025391,"car",0.5,23.22,"weekday",5,"65 plus",">10km","car",23.22,0.5,3.5,3.5
"96875/1000",NA,96875,4610,"75-79 years","male",20,16171,"Leisure",94.0405426025391,94.0405426025391,"car",0.5,23.33,"weekday",6,"65 plus",">10km","car",23.33,0.5,3.5,3.5
"96875/1001",NA,96875,4611,"75-79 years","female",20,16172,"Leisure",98.6386184692383,98.6386184692383,"car",0.5,23.22,"weekday",1,"65 plus",">10km","car",23.22,0.5,3.5,3.5
"96875/1001",NA,96875,4611,"75-79 years","female",20,16173,"Leisure",98.6386184692383,98.6386184692383,"car",0.5,23.33,"weekday",2,"65 plus",">10km","car",23.33,0.5,3.5,3.5
"96882/1000",NA,96882,4612,"45-49 years","male",20,16174,"Shopping",130.098175048828,130.098175048828,"walking",0.333333333333333,1.47,"weekday",1,"40 to 64","1-2km","walking",1.47,0.333333333333333,2.33333333333333,2.33333333333333
"96882/1000",NA,96882,4612,"45-49 years","male",20,16175,"Other",130.098175048828,130.098175048828,"walking",0.0666666666666667,0.19,"weekday",2,"40 to 64","<1km","walking",0.19,0.0666666666666667,0.466666666666667,0.466666666666667
"96882/1000",NA,96882,4612,"45-49 years","male",20,16176,"Other",130.098175048828,130.098175048828,"walking",0.0666666666666667,0.21,"weekday",3,"40 to 64","<1km","walking",0.21,0.0666666666666667,0.466666666666667,0.466666666666667
"96882/1000",NA,96882,4612,"45-49 years","male",20,16177,"Shopping",130.098175048828,130.098175048828,"walking",0.0833333333333333,0.26,"weekday",4,"40 to 64","<1km","walking",0.26,0.0833333333333333,0.583333333333333,0.583333333333333
"96882/1000",NA,96882,4612,"45-49 years","male",20,16178,"Shopping",130.098175048828,130.098175048828,"walking",0.333333333333333,1.53,"weekday",5,"40 to 64","1-2km","walking",1.53,0.333333333333333,2.33333333333333,2.33333333333333
"96884/1000",NA,96884,4613,"80-84 years","male",20,16179,"Leisure",196.927795410156,196.927795410156,"car",0.0333333333333333,1.17,"weekday",1,"65 plus","1-2km","bicycle",1.17,0.106363636363636,0.233333333333333,0.744545454545455
"96884/1000",NA,96884,4613,"80-84 years","male",20,16180,"Leisure",196.927795410156,196.927795410156,"car",0.0333333333333333,1.17,"weekday",2,"65 plus","1-2km","bicycle",1.17,0.106363636363636,0.233333333333333,0.744545454545455
"96884/1001",NA,96884,4614,"75-79 years","female",20,16181,"Leisure",98.6386184692383,98.6386184692383,"car",0.0333333333333333,1.17,"weekday",1,"65 plus","1-2km","bicycle",1.17,0.106363636363636,0.233333333333333,0.744545454545455
"96884/1001",NA,96884,4614,"75-79 years","female",20,16182,"Leisure",98.6386184692383,98.6386184692383,"car",0.0333333333333333,1.17,"weekday",2,"65 plus","1-2km","bicycle",1.17,0.106363636363636,0.233333333333333,0.744545454545455
"96906/1000",NA,96906,4615,"50-54 years","female",20,16183,"Leisure",211.326843261719,211.326843261719,"walking",0.333333333333333,2.08,"weekday",1,"40 to 64","3-5km","walking",2.08,0.333333333333333,2.33333333333333,2.33333333333333
"96906/1000",NA,96906,4615,"50-54 years","female",20,16184,"Leisure",211.326843261719,211.326843261719,"walking",0.333333333333333,2.08,"weekday",2,"40 to 64","3-5km","walking",2.08,0.333333333333333,2.33333333333333,2.33333333333333
"96906/1000",NA,96906,4615,"50-54 years","female",20,16185,"Other",211.326843261719,211.326843261719,"car",0.0833333333333333,0.69,"weekday",3,"40 to 64","<1km","bicycle",0.69,0.0627272727272727,0.583333333333333,0.439090909090909
"96906/1000",NA,96906,4615,"50-54 years","female",20,16186,"Other",211.326843261719,211.326843261719,"car",0.0666666666666667,0.69,"weekday",4,"40 to 64","<1km","bicycle",0.69,0.0627272727272727,0.466666666666667,0.439090909090909
"96906/1001",NA,96906,4616,"50-54 years","male",20,16187,"Leisure",205.661956787109,205.661956787109,"car",0.166666666666667,3.47,"weekday",1,"40 to 64","3-5km","bicycle",3.47,0.315454545454545,1.16666666666667,2.20818181818182
"96906/1001",NA,96906,4616,"50-54 years","male",20,16188,"Shopping",205.661956787109,205.661956787109,"car",0.25,7.63,"weekday",2,"40 to 64","6-10km","car",7.63,0.25,1.75,1.75
"96906/1001",NA,96906,4616,"50-54 years","male",20,16189,"Shopping",205.661956787109,205.661956787109,"car",0.25,7.58,"weekday",3,"40 to 64","6-10km","car",7.58,0.25,1.75,1.75
"96906/1001",NA,96906,4616,"50-54 years","male",20,16190,"Shopping",205.661956787109,205.661956787109,"car",0.25,7.02,"weekday",4,"40 to 64","6-10km","car",7.02,0.25,1.75,1.75
"96906/1001",NA,96906,4616,"50-54 years","male",20,16191,"Shopping",205.661956787109,205.661956787109,"car",0.25,7.43,"weekday",5,"40 to 64","6-10km","car",7.43,0.25,1.75,1.75
"96906/1002",NA,96906,4617,"20-24 years","male",20,16192,"Leisure",237.361145019531,237.361145019531,"car",0.166666666666667,3.47,"weekday",1,"20 to 39","3-5km","bicycle",3.47,0.315454545454545,1.16666666666667,2.20818181818182
"96906/1002",NA,96906,4617,"20-24 years","male",20,16193,"Shopping",237.361145019531,237.361145019531,"car",0.25,7.63,"weekday",2,"20 to 39","6-10km","car",7.63,0.25,1.75,1.75
"96906/1002",NA,96906,4617,"20-24 years","male",20,16194,"Shopping",237.361145019531,237.361145019531,"car",0.25,7.58,"weekday",3,"20 to 39","6-10km","car",7.58,0.25,1.75,1.75
"96906/1002",NA,96906,4617,"20-24 years","male",20,16195,"Shopping",237.361145019531,237.361145019531,"car",0.25,7.02,"weekday",4,"20 to 39","6-10km","car",7.02,0.25,1.75,1.75
"96906/1002",NA,96906,4617,"20-24 years","male",20,16196,"Shopping",237.361145019531,237.361145019531,"car",0.25,7.43,"weekday",5,"20 to 39","6-10km","car",7.43,0.25,1.75,1.75
"96906/1003",NA,96906,4618,"20-24 years","female",20,16197,"Leisure",251.227233886719,251.227233886719,"car",0.166666666666667,1.81,"weekday",1,"20 to 39","1-2km","bicycle",1.81,0.164545454545455,1.16666666666667,1.15181818181818
"96906/1003",NA,96906,4618,"20-24 years","female",20,16198,"Leisure",251.227233886719,251.227233886719,"car",0.166666666666667,1.85,"weekday",2,"20 to 39","1-2km","bicycle",1.85,0.168181818181818,1.16666666666667,1.17727272727273
"96913/1001",NA,96913,4619,"50-54 years","male",20,16199,"Work",172.041442871094,172.041442871094,"car",1,34.66,"weekday",1,"40 to 64",">10km","car",34.66,1,7,7
"96913/1001",NA,96913,4619,"50-54 years","male",20,16200,"Work",172.041442871094,172.041442871094,"car",1,34.62,"weekday",2,"40 to 64",">10km","car",34.62,1,7,7
"96914/1000",NA,96914,4620,"25-29 years","male",20,16201,"Work",213.285980224609,213.285980224609,"car",0.5,11.79,"weekday",1,"20 to 39",">10km","car",11.79,0.5,3.5,3.5
"96914/1000",NA,96914,4620,"25-29 years","male",20,16202,"Work",213.285980224609,213.285980224609,"car",0.5,11.75,"weekday",2,"20 to 39",">10km","car",11.75,0.5,3.5,3.5
"96915/1000",NA,96915,4621,"70-74 years","female",20,16203,"Other",171.396911621094,171.396911621094,"car",0.416666666666667,8.85,"weekday",1,"65 plus","6-10km","car",8.85,0.416666666666667,2.91666666666667,2.91666666666667
"96915/1000",NA,96915,4621,"70-74 years","female",20,16204,"Other",171.396911621094,171.396911621094,"car",0.416666666666667,8.79,"weekday",2,"65 plus","6-10km","car",8.79,0.416666666666667,2.91666666666667,2.91666666666667
"96915/1001",NA,96915,4622,"75-79 years","male",20,16205,"Shopping",146.185394287109,146.185394287109,"car",0.0833333333333333,0.81,"weekday",1,"65 plus","<1km","bicycle",0.81,0.0736363636363636,0.583333333333333,0.515454545454545
"96915/1001",NA,96915,4622,"75-79 years","male",20,16206,"Shopping",146.185394287109,146.185394287109,"car",0.0833333333333333,0.81,"weekday",2,"65 plus","<1km","bicycle",0.81,0.0736363636363636,0.583333333333333,0.515454545454545
"96915/1001",NA,96915,4622,"75-79 years","male",20,16207,"Other",146.185394287109,146.185394287109,"car",0.416666666666667,8.85,"weekday",3,"65 plus","6-10km","car",8.85,0.416666666666667,2.91666666666667,2.91666666666667
"96915/1001",NA,96915,4622,"75-79 years","male",20,16208,"Other",146.185394287109,146.185394287109,"car",0.416666666666667,8.79,"weekday",4,"65 plus","6-10km","car",8.79,0.416666666666667,2.91666666666667,2.91666666666667
"96916/1000",NA,96916,4623,"75-79 years","male",20,16209,"Shopping",319.961029052734,319.961029052734,"car",0.0833333333333333,2.87,"weekday",1,"65 plus","3-5km","bicycle",2.87,0.260909090909091,0.583333333333333,1.82636363636364
"96916/1000",NA,96916,4623,"75-79 years","male",20,16210,"Shopping",319.961029052734,319.961029052734,"car",0.0833333333333333,2.81,"weekday",2,"65 plus","3-5km","bicycle",2.81,0.255454545454545,0.583333333333333,1.78818181818182
"96916/1001",NA,96916,4624,"75-79 years","female",20,16211,"Leisure",410.973388671875,410.973388671875,"car",0.5,6.19,"weekday",1,"65 plus","6-10km","car",6.19,0.5,3.5,3.5
"96916/1001",NA,96916,4624,"75-79 years","female",20,16212,"Shopping",410.973388671875,410.973388671875,"car",0.5,7.34,"weekday",2,"65 plus","6-10km","car",7.34,0.5,3.5,3.5
"96916/1001",NA,96916,4624,"75-79 years","female",20,16213,"Shopping",410.973388671875,410.973388671875,"car",0.05,0.84,"weekday",3,"65 plus","<1km","bicycle",0.84,0.0763636363636364,0.35,0.534545454545454
"96917/1000",NA,96917,4625,"45-49 years","male",20,16214,"Leisure",490.858123779297,490.858123779297,"walking",0.166666666666667,0.5,"weekday",1,"40 to 64","<1km","walking",0.5,0.166666666666667,1.16666666666667,1.16666666666667
"96917/1000",NA,96917,4625,"45-49 years","male",20,16215,"Leisure",490.858123779297,490.858123779297,"walking",0.166666666666667,0.5,"weekday",2,"40 to 64","<1km","walking",0.5,0.166666666666667,1.16666666666667,1.16666666666667
"96917/1000",NA,96917,4625,"45-49 years","male",20,16216,"Other",490.858123779297,490.858123779297,"car",0.75,16.61,"weekday",3,"40 to 64",">10km","car",16.61,0.75,5.25,5.25
"96917/1000",NA,96917,4625,"45-49 years","male",20,16217,"Other",490.858123779297,490.858123779297,"car",0.75,17.14,"weekday",4,"40 to 64",">10km","car",17.14,0.75,5.25,5.25
"96917/1001",NA,96917,4626,"45-49 years","female",20,16218,"Other",587.36279296875,587.36279296875,"car",0.166666666666667,4.42,"weekday",1,"40 to 64","3-5km","bicycle",4.42,0.401818181818182,1.16666666666667,2.81272727272727
"96917/1001",NA,96917,4626,"45-49 years","female",20,16219,"Other",587.36279296875,587.36279296875,"car",0.166666666666667,4.46,"weekday",2,"40 to 64","3-5km","bicycle",4.46,0.405454545454545,1.16666666666667,2.83818181818182
"96917/1001",NA,96917,4626,"45-49 years","female",20,16220,"Other",587.36279296875,587.36279296875,"car",0.166666666666667,4.42,"weekday",3,"40 to 64","3-5km","bicycle",4.42,0.401818181818182,1.16666666666667,2.81272727272727
"96917/1001",NA,96917,4626,"45-49 years","female",20,16221,"Other",587.36279296875,587.36279296875,"car",0.25,4.46,"weekday",4,"40 to 64","3-5km","bicycle",4.46,0.405454545454545,1.75,2.83818181818182
"96917/1001",NA,96917,4626,"45-49 years","female",20,16222,"Other",587.36279296875,587.36279296875,"car",0.75,16.61,"weekday",5,"40 to 64",">10km","car",16.61,0.75,5.25,5.25
"96917/1001",NA,96917,4626,"45-49 years","female",20,16223,"Other",587.36279296875,587.36279296875,"car",0.75,17.14,"weekday",6,"40 to 64",">10km","car",17.14,0.75,5.25,5.25
"96917/1001",NA,96917,4626,"45-49 years","female",20,16224,"Leisure",587.36279296875,587.36279296875,"car",0.25,4.13,"weekday",7,"40 to 64","3-5km","bicycle",4.13,0.375454545454545,1.75,2.62818181818182
"96917/1001",NA,96917,4626,"45-49 years","female",20,16225,"Leisure",587.36279296875,587.36279296875,"car",0.166666666666667,4.03,"weekday",8,"40 to 64","3-5km","bicycle",4.03,0.366363636363636,1.16666666666667,2.56454545454545
"96918/1000",NA,96918,4627,"25-29 years","female",20,16226,"Other",1102.109375,1102.109375,"car",0.166666666666667,4.21,"weekday",1,"20 to 39","3-5km","bicycle",4.21,0.382727272727273,1.16666666666667,2.67909090909091
"96918/1000",NA,96918,4627,"25-29 years","female",20,16227,"Shopping",1102.109375,1102.109375,"car",0.333333333333333,6.83,"weekday",2,"20 to 39","6-10km","car",6.83,0.333333333333333,2.33333333333333,2.33333333333333
"96918/1000",NA,96918,4627,"25-29 years","female",20,16228,"Shopping",1102.109375,1102.109375,"car",0.166666666666667,2.52,"weekday",3,"20 to 39","3-5km","bicycle",2.52,0.229090909090909,1.16666666666667,1.60363636363636
"96918/1000",NA,96918,4627,"25-29 years","female",20,16229,"Leisure",1102.109375,1102.109375,"walking",0.25,0.79,"weekday",4,"20 to 39","<1km","walking",0.79,0.25,1.75,1.75
"96918/1000",NA,96918,4627,"25-29 years","female",20,16230,"Leisure",1102.109375,1102.109375,"walking",0.25,0.79,"weekday",5,"20 to 39","<1km","walking",0.79,0.25,1.75,1.75
"96918/1001",NA,96918,4628,"55-59 years","female",20,16231,"Work",504.977630615234,504.977630615234,"walking",0.0333333333333333,0.2,"weekday",1,"40 to 64","<1km","walking",0.2,0.0333333333333333,0.233333333333333,0.233333333333333
"96918/1001",NA,96918,4628,"55-59 years","female",20,16232,"Work",504.977630615234,504.977630615234,"public.transport",0.416666666666667,19.09,"weekday",1,"40 to 64",">10km","public.transport",19.09,0.416666666666667,2.91666666666667,2.91666666666667
"96918/1001",NA,96918,4628,"55-59 years","female",20,16233,"Work",504.977630615234,504.977630615234,"walking",0.166666666666667,0.66,"weekday",1,"40 to 64","<1km","walking",0.66,0.166666666666667,1.16666666666667,1.16666666666667
"96918/1001",NA,96918,4628,"55-59 years","female",20,16234,"Work",504.977630615234,504.977630615234,"walking",0.166666666666667,0.66,"weekday",2,"40 to 64","<1km","walking",0.66,0.166666666666667,1.16666666666667,1.16666666666667
"96918/1001",NA,96918,4628,"55-59 years","female",20,16235,"Work",504.977630615234,504.977630615234,"public.transport",0.55,19.09,"weekday",2,"40 to 64",">10km","public.transport",19.09,0.55,3.85,3.85
"96918/1001",NA,96918,4628,"55-59 years","female",20,16236,"Work",504.977630615234,504.977630615234,"walking",0.0333333333333333,0.2,"weekday",2,"40 to 64","<1km","walking",0.2,0.0333333333333333,0.233333333333333,0.233333333333333
"96918/1002",NA,96918,4629,"60-64 years","male",20,16237,"Work",439.835845947266,439.835845947266,"car",0.583333333333333,18.69,"weekday",1,"40 to 64",">10km","car",18.69,0.583333333333333,4.08333333333333,4.08333333333333
"96918/1002",NA,96918,4629,"60-64 years","male",20,16238,"Work",439.835845947266,439.835845947266,"car",0.666666666666667,18.93,"weekday",2,"40 to 64",">10km","car",18.93,0.666666666666667,4.66666666666667,4.66666666666667
"96918/1003",NA,96918,4630,"20-24 years","male",20,16239,"Work",967.1748046875,967.1748046875,"car",0.666666666666667,18.7,"weekday",1,"20 to 39",">10km","car",18.7,0.666666666666667,4.66666666666667,4.66666666666667
"96918/1003",NA,96918,4630,"20-24 years","male",20,16240,"Work",967.1748046875,967.1748046875,"car",0.583333333333333,19.04,"weekday",2,"20 to 39",">10km","car",19.04,0.583333333333333,4.08333333333333,4.08333333333333
"96952/1000",NA,96952,4631,"25-29 years","female",20,16241,"Leisure",242.946258544922,242.946258544922,"walking",0.5,0.59,"weekday",1,"20 to 39","<1km","walking",0.59,0.5,3.5,3.5
"96952/1000",NA,96952,4631,"25-29 years","female",20,16242,"Leisure",242.946258544922,242.946258544922,"walking",0.0833333333333333,0.59,"weekday",2,"20 to 39","<1km","walking",0.59,0.0833333333333333,0.583333333333333,0.583333333333333
"96953/1000",NA,96953,4632,"60-64 years","female",20,16243,"Work",170.002777099609,170.002777099609,"car",0.166666666666667,2.25,"weekday",1,"40 to 64","3-5km","bicycle",2.25,0.204545454545455,1.16666666666667,1.43181818181818
"96953/1000",NA,96953,4632,"60-64 years","female",20,16244,"Work",170.002777099609,170.002777099609,"car",0.166666666666667,2.26,"weekday",2,"40 to 64","3-5km","bicycle",2.26,0.205454545454545,1.16666666666667,1.43818181818182
"96953/1001",NA,96953,4633,"60-64 years","male",20,16245,"Shopping",126.624420166016,126.624420166016,"car",0.25,4.47,"weekday",1,"40 to 64","3-5km","bicycle",4.47,0.406363636363636,1.75,2.84454545454545
"96953/1001",NA,96953,4633,"60-64 years","male",20,16246,"Shopping",126.624420166016,126.624420166016,"car",0.25,4.37,"weekday",2,"40 to 64","3-5km","bicycle",4.37,0.397272727272727,1.75,2.78090909090909
"96960/1000",NA,96960,4634,"85-89 years","male",20,16247,"Other",389.932159423828,389.932159423828,"car",0.833333333333333,26.02,"weekday",1,"65 plus",">10km","car",26.02,0.833333333333333,5.83333333333333,5.83333333333333
"96960/1000",NA,96960,4634,"85-89 years","male",20,16248,"Shopping",389.932159423828,389.932159423828,"car",0.666666666666667,24.67,"weekday",2,"65 plus",">10km","car",24.67,0.666666666666667,4.66666666666667,4.66666666666667
"96960/1000",NA,96960,4634,"85-89 years","male",20,16250,"Shopping",389.932159423828,389.932159423828,"car",0.25,5.87,"weekday",4,"65 plus","6-10km","car",5.87,0.25,1.75,1.75
"96960/1001",NA,96960,4635,"80-84 years","female",20,16251,"Other",302.779602050781,302.779602050781,"car",0.333333333333333,7.52,"weekday",1,"65 plus","6-10km","car",7.52,0.333333333333333,2.33333333333333,2.33333333333333
"96960/1001",NA,96960,4635,"80-84 years","female",20,16252,"Other",302.779602050781,302.779602050781,"car",0.166666666666667,0.36,"weekday",2,"65 plus","<1km","bicycle",0.36,0.0327272727272727,1.16666666666667,0.229090909090909
"96960/1001",NA,96960,4635,"80-84 years","female",20,16253,"Other",302.779602050781,302.779602050781,"car",0.2,2.65,"weekday",3,"65 plus","3-5km","bicycle",2.65,0.240909090909091,1.4,1.68636363636364
"96960/1001",NA,96960,4635,"80-84 years","female",20,16254,"Other",302.779602050781,302.779602050781,"car",0.3,5.05,"weekday",4,"65 plus","6-10km","car",5.05,0.3,2.1,2.1
"96960/1002",NA,96960,4636,"55-59 years","female",20,16255,"Other",285.437072753906,285.437072753906,"car",0.25,5.05,"weekday",1,"40 to 64","6-10km","car",5.05,0.25,1.75,1.75
"96960/1002",NA,96960,4636,"55-59 years","female",20,16256,"Other",285.437072753906,285.437072753906,"car",0.25,2.64,"weekday",2,"40 to 64","3-5km","bicycle",2.64,0.24,1.75,1.68
"96960/1002",NA,96960,4636,"55-59 years","female",20,16257,"Other",285.437072753906,285.437072753906,"car",0.333333333333333,7.39,"weekday",3,"40 to 64","6-10km","car",7.39,0.333333333333333,2.33333333333333,2.33333333333333
"96965/1000",NA,96965,4637,"35-39 years","female",20,16258,"Other",147.140991210938,147.140991210938,"car",0.0833333333333333,0.83,"weekday",1,"20 to 39","<1km","bicycle",0.83,0.0754545454545455,0.583333333333333,0.528181818181818
"96965/1000",NA,96965,4637,"35-39 years","female",20,16259,"Other",147.140991210938,147.140991210938,"car",0.1,0.83,"weekday",2,"20 to 39","<1km","bicycle",0.83,0.0754545454545455,0.7,0.528181818181818
"96965/1000",NA,96965,4637,"35-39 years","female",20,16260,"Other",147.140991210938,147.140991210938,"car",0.0833333333333333,0.83,"weekday",3,"20 to 39","<1km","bicycle",0.83,0.0754545454545455,0.583333333333333,0.528181818181818
"96965/1000",NA,96965,4637,"35-39 years","female",20,16261,"Other",147.140991210938,147.140991210938,"car",0.0666666666666667,0.83,"weekday",4,"20 to 39","<1km","bicycle",0.83,0.0754545454545455,0.466666666666667,0.528181818181818
"96965/1000",NA,96965,4637,"35-39 years","female",20,16262,"Leisure",147.140991210938,147.140991210938,"car",0.383333333333333,14.09,"weekday",5,"20 to 39",">10km","car",14.09,0.383333333333333,2.68333333333333,2.68333333333333
"96965/1000",NA,96965,4637,"35-39 years","female",20,16263,"Leisure",147.140991210938,147.140991210938,"car",0.333333333333333,14.18,"weekday",6,"20 to 39",">10km","car",14.18,0.333333333333333,2.33333333333333,2.33333333333333
"97008/1000",NA,97008,4638,"75-79 years","male",20,16264,"Shopping",319.961029052734,319.961029052734,"car",0.2,5.99,"weekday",1,"65 plus","6-10km","car",5.99,0.2,1.4,1.4
"97008/1000",NA,97008,4638,"75-79 years","male",20,16265,"Shopping",319.961029052734,319.961029052734,"car",0.383333333333333,12.28,"weekday",2,"65 plus",">10km","car",12.28,0.383333333333333,2.68333333333333,2.68333333333333
"97008/1000",NA,97008,4638,"75-79 years","male",20,16266,"Shopping",319.961029052734,319.961029052734,"car",0.166666666666667,6.18,"weekday",3,"65 plus","6-10km","car",6.18,0.166666666666667,1.16666666666667,1.16666666666667
"97008/1001",NA,97008,4639,"65-69 years","female",20,16267,"Shopping",304.822784423828,304.822784423828,"car",0.2,5.99,"weekday",1,"65 plus","6-10km","car",5.99,0.2,1.4,1.4
"97008/1001",NA,97008,4639,"65-69 years","female",20,16268,"Shopping",304.822784423828,304.822784423828,"car",0.383333333333333,12.28,"weekday",2,"65 plus",">10km","car",12.28,0.383333333333333,2.68333333333333,2.68333333333333
"97008/1001",NA,97008,4639,"65-69 years","female",20,16269,"Shopping",304.822784423828,304.822784423828,"car",0.166666666666667,6.18,"weekday",3,"65 plus","6-10km","car",6.18,0.166666666666667,1.16666666666667,1.16666666666667
"97129/1000",NA,97129,4640,"60-64 years","female",20,16270,"Work",132.794357299805,132.794357299805,"car",0.166666666666667,5.68,"weekday",1,"40 to 64","6-10km","car",5.68,0.166666666666667,1.16666666666667,1.16666666666667
"97129/1000",NA,97129,4640,"60-64 years","female",20,16271,"Work",132.794357299805,132.794357299805,"walking",0.1,0.37,"weekday",2,"40 to 64","<1km","walking",0.37,0.1,0.7,0.7
"97129/1000",NA,97129,4640,"60-64 years","female",20,16272,"Work",132.794357299805,132.794357299805,"public.transport",0.383333333333333,5.36,"weekday",2,"40 to 64","6-10km","public.transport",5.36,0.383333333333333,2.68333333333333,2.68333333333333
"97129/1000",NA,97129,4640,"60-64 years","female",20,16273,"Work",132.794357299805,132.794357299805,"walking",0.0333333333333333,0.13,"weekday",2,"40 to 64","<1km","walking",0.13,0.0333333333333333,0.233333333333333,0.233333333333333
"97129/1001",NA,97129,4641,"45-49 years","male",20,16274,"Work",131.999420166016,131.999420166016,"car",0.666666666666667,37.41,"weekday",1,"40 to 64",">10km","car",37.41,0.666666666666667,4.66666666666667,4.66666666666667
"97129/1001",NA,97129,4641,"45-49 years","male",20,16275,"Work",131.999420166016,131.999420166016,"car",0.75,38.4,"weekday",2,"40 to 64",">10km","car",38.4,0.75,5.25,5.25
"97129/1002",NA,97129,4642,"20-24 years","male",20,16276,"Other",179.940673828125,179.940673828125,"car",0.166666666666667,5.68,"weekday",1,"20 to 39","6-10km","car",5.68,0.166666666666667,1.16666666666667,1.16666666666667
"97129/1002",NA,97129,4642,"20-24 years","male",20,16277,"Work",179.940673828125,179.940673828125,"car",0.75,53.98,"weekday",2,"20 to 39",">10km","car",53.98,0.75,5.25,5.25
"97129/1002",NA,97129,4642,"20-24 years","male",20,16278,"Work",179.940673828125,179.940673828125,"car",0.75,58.31,"weekday",3,"20 to 39",">10km","car",58.31,0.75,5.25,5.25
"97129/1002",NA,97129,4642,"20-24 years","male",20,16279,"Leisure",179.940673828125,179.940673828125,"car",0.25,6.46,"weekday",4,"20 to 39","6-10km","car",6.46,0.25,1.75,1.75
"97129/1002",NA,97129,4642,"20-24 years","male",20,16280,"Leisure",179.940673828125,179.940673828125,"car",0.25,6.65,"weekday",5,"20 to 39","6-10km","car",6.65,0.25,1.75,1.75
"97133/1000",NA,97133,4643,"50-54 years","female",20,16281,"Work",100.969757080078,100.969757080078,"car",0.5,17.72,"weekday",1,"40 to 64",">10km","car",17.72,0.5,3.5,3.5
"97133/1000",NA,97133,4643,"50-54 years","female",20,16282,"Work",100.969757080078,100.969757080078,"car",0.666666666666667,17.59,"weekday",2,"40 to 64",">10km","car",17.59,0.666666666666667,4.66666666666667,4.66666666666667
"97145/1000",NA,97145,4645,"20-24 years","female",20,16284,"Leisure",91.6322708129883,91.6322708129883,"walking",0.383333333333333,1.25,"weekday",1,"20 to 39","1-2km","walking",1.25,0.383333333333333,2.68333333333333,2.68333333333333
"97145/1000",NA,97145,4645,"20-24 years","female",20,16285,"Leisure",91.6322708129883,91.6322708129883,"walking",0.466666666666667,1.25,"weekday",2,"20 to 39","1-2km","walking",1.25,0.466666666666667,3.26666666666667,3.26666666666667
"97145/1000",NA,97145,4645,"20-24 years","female",20,16286,"Shopping",91.6322708129883,91.6322708129883,"car",0.1,1.36,"weekday",3,"20 to 39","1-2km","bicycle",1.36,0.123636363636364,0.7,0.865454545454545
"97145/1000",NA,97145,4645,"20-24 years","female",20,16287,"Shopping",91.6322708129883,91.6322708129883,"car",0.15,1.37,"weekday",4,"20 to 39","1-2km","bicycle",1.37,0.124545454545455,1.05,0.871818181818182
"97145/1001",NA,97145,4646,"60-64 years","female",20,16288,"Work",86.5198974609375,86.5198974609375,"car",0.15,5.64,"weekday",1,"40 to 64","6-10km","car",5.64,0.15,1.05,1.05
"97145/1001",NA,97145,4646,"60-64 years","female",20,16289,"Work",86.5198974609375,86.5198974609375,"car",0.166666666666667,5.62,"weekday",2,"40 to 64","6-10km","car",5.62,0.166666666666667,1.16666666666667,1.16666666666667
"97145/1001",NA,97145,4646,"60-64 years","female",20,16290,"Other",86.5198974609375,86.5198974609375,"car",0.1,1.36,"weekday",3,"40 to 64","1-2km","bicycle",1.36,0.123636363636364,0.7,0.865454545454545
"97145/1001",NA,97145,4646,"60-64 years","female",20,16291,"Other",86.5198974609375,86.5198974609375,"car",0.15,1.37,"weekday",4,"40 to 64","1-2km","bicycle",1.37,0.124545454545455,1.05,0.871818181818182
"97146/1000",NA,97146,4647,"80-84 years","male",20,16292,"Other",141.546569824219,141.546569824219,"car",0.833333333333333,19.07,"weekday",1,"65 plus",">10km","car",19.07,0.833333333333333,5.83333333333333,5.83333333333333
"97146/1000",NA,97146,4647,"80-84 years","male",20,16293,"Other",141.546569824219,141.546569824219,"car",0.666666666666667,18.73,"weekday",2,"65 plus",">10km","car",18.73,0.666666666666667,4.66666666666667,4.66666666666667
"97152/1000",NA,97152,4648,"35-39 years","female",20,16294,"Other",101.994979858398,101.994979858398,"car",0.25,1.34,"weekday",1,"20 to 39","1-2km","bicycle",1.34,0.121818181818182,1.75,0.852727272727273
"97152/1000",NA,97152,4648,"35-39 years","female",20,16295,"Work",101.994979858398,101.994979858398,"car",0.833333333333333,24.18,"weekday",2,"20 to 39",">10km","car",24.18,0.833333333333333,5.83333333333333,5.83333333333333
"97152/1000",NA,97152,4648,"35-39 years","female",20,16296,"Work",101.994979858398,101.994979858398,"car",0.75,21.45,"weekday",3,"20 to 39",">10km","car",21.45,0.75,5.25,5.25
"97152/1001",NA,97152,4649,"35-39 years","male",20,16297,"Work",97.0498886108398,97.0498886108398,"car",0.5,22.93,"weekday",1,"20 to 39",">10km","car",22.93,0.5,3.5,3.5
"97152/1001",NA,97152,4649,"35-39 years","male",20,16298,"Work",97.0498886108398,97.0498886108398,"car",0.5,22.99,"weekday",2,"20 to 39",">10km","car",22.99,0.5,3.5,3.5
"97152/1001",NA,97152,4649,"35-39 years","male",20,16299,"Other",97.0498886108398,97.0498886108398,"car",0.266666666666667,1.34,"weekday",3,"20 to 39","1-2km","bicycle",1.34,0.121818181818182,1.86666666666667,0.852727272727273
"97152/1001",NA,97152,4649,"35-39 years","male",20,16300,"Other",97.0498886108398,97.0498886108398,"car",0.216666666666667,1.35,"weekday",4,"20 to 39","1-2km","bicycle",1.35,0.122727272727273,1.51666666666667,0.859090909090909
"97218/1000",NA,97218,4650,"70-74 years","female",20,16301,"Other",119.05738067627,119.05738067627,"car",0.25,4.9,"weekday",1,"65 plus","3-5km","bicycle",4.9,0.445454545454545,1.75,3.11818181818182
"97218/1000",NA,97218,4650,"70-74 years","female",20,16302,"Other",119.05738067627,119.05738067627,"car",0.25,4.83,"weekday",2,"65 plus","3-5km","bicycle",4.83,0.439090909090909,1.75,3.07363636363636
"97218/1000",NA,97218,4650,"70-74 years","female",20,16303,"Other",119.05738067627,119.05738067627,"car",0.5,19.79,"weekday",3,"65 plus",">10km","car",19.79,0.5,3.5,3.5
"97218/1000",NA,97218,4650,"70-74 years","female",20,16304,"Other",119.05738067627,119.05738067627,"car",0.666666666666667,20.11,"weekday",4,"65 plus",">10km","car",20.11,0.666666666666667,4.66666666666667,4.66666666666667
"97218/1000",NA,97218,4650,"70-74 years","female",20,16305,"Other",119.05738067627,119.05738067627,"car",0.5,4.9,"weekday",5,"65 plus","3-5km","bicycle",4.9,0.445454545454545,3.5,3.11818181818182
"97218/1000",NA,97218,4650,"70-74 years","female",20,16306,"Other",119.05738067627,119.05738067627,"car",0.333333333333333,4.83,"weekday",6,"65 plus","3-5km","bicycle",4.83,0.439090909090909,2.33333333333333,3.07363636363636
"97218/1000",NA,97218,4650,"70-74 years","female",20,16307,"Other",119.05738067627,119.05738067627,"car",0.5,9.26,"weekday",7,"65 plus","6-10km","car",9.26,0.5,3.5,3.5
"97218/1000",NA,97218,4650,"70-74 years","female",20,16308,"Other",119.05738067627,119.05738067627,"car",0.583333333333333,9.32,"weekday",8,"65 plus","6-10km","car",9.32,0.583333333333333,4.08333333333333,4.08333333333333
"97218/1001",NA,97218,4651,"70-74 years","male",20,16309,"Shopping",103.645225524902,103.645225524902,"car",0.116666666666667,1.33,"weekday",1,"65 plus","1-2km","bicycle",1.33,0.120909090909091,0.816666666666667,0.846363636363636
"97218/1001",NA,97218,4651,"70-74 years","male",20,16310,"Shopping",103.645225524902,103.645225524902,"car",0.166666666666667,1.11,"weekday",2,"65 plus","1-2km","bicycle",1.11,0.100909090909091,1.16666666666667,0.706363636363636
"97220/1000",NA,97220,4652,"35-39 years","female",20,16311,"Leisure",108.65584564209,108.65584564209,"walking",0.366666666666667,2.21,"weekday",1,"20 to 39","3-5km","walking",2.21,0.366666666666667,2.56666666666667,2.56666666666667
"97220/1000",NA,97220,4652,"35-39 years","female",20,16312,"Leisure",108.65584564209,108.65584564209,"walking",0.383333333333333,2.21,"weekday",2,"20 to 39","3-5km","walking",2.21,0.383333333333333,2.68333333333333,2.68333333333333
"97220/1000",NA,97220,4652,"35-39 years","female",20,16313,"Leisure",108.65584564209,108.65584564209,"car",0.5,20.52,"weekday",3,"20 to 39",">10km","car",20.52,0.5,3.5,3.5
"97220/1000",NA,97220,4652,"35-39 years","female",20,16314,"Leisure",108.65584564209,108.65584564209,"car",0.5,20.57,"weekday",4,"20 to 39",">10km","car",20.57,0.5,3.5,3.5
"97220/1001",NA,97220,4653,"25-29 years","male",20,16315,"Leisure",195.456893920898,195.456893920898,"car",0.5,20.52,"weekday",1,"20 to 39",">10km","car",20.52,0.5,3.5,3.5
"97220/1001",NA,97220,4653,"25-29 years","male",20,16316,"Leisure",195.456893920898,195.456893920898,"car",0.5,20.57,"weekday",2,"20 to 39",">10km","car",20.57,0.5,3.5,3.5
"97221/1000",NA,97221,4654,"50-54 years","female",20,16317,"Shopping",170.989166259766,170.989166259766,"car",0.166666666666667,3.51,"weekday",1,"40 to 64","3-5km","bicycle",3.51,0.319090909090909,1.16666666666667,2.23363636363636
"97221/1000",NA,97221,4654,"50-54 years","female",20,16318,"Shopping",170.989166259766,170.989166259766,"car",0.0833333333333333,3.51,"weekday",2,"40 to 64","3-5km","bicycle",3.51,0.319090909090909,0.583333333333333,2.23363636363636
"97221/1002",NA,97221,4655,"15-19 years","male",20,16319,"Education",191.803237915039,191.803237915039,"walking",0.25,0.83,"weekday",1,"15 to 19","<1km","walking",0.83,0.25,1.75,1.75
"97221/1002",NA,97221,4655,"15-19 years","male",20,16320,"Education",191.803237915039,191.803237915039,"walking",0.25,0.83,"weekday",2,"15 to 19","<1km","walking",0.83,0.25,1.75,1.75
"97223/1000",NA,97223,4656,"45-49 years","female",20,16321,"Work",197.133209228516,197.133209228516,"car",0.416666666666667,8.08,"weekday",1,"40 to 64","6-10km","car",8.08,0.416666666666667,2.91666666666667,2.91666666666667
"97223/1000",NA,97223,4656,"45-49 years","female",20,16322,"Other",197.133209228516,197.133209228516,"car",0.166666666666667,3.09,"weekday",2,"40 to 64","3-5km","bicycle",3.09,0.280909090909091,1.16666666666667,1.96636363636364
"97223/1000",NA,97223,4656,"45-49 years","female",20,16323,"Other",197.133209228516,197.133209228516,"car",0.166666666666667,7.92,"weekday",3,"40 to 64","6-10km","car",7.92,0.166666666666667,1.16666666666667,1.16666666666667
"97223/1000",NA,97223,4656,"45-49 years","female",20,16324,"Leisure",197.133209228516,197.133209228516,"car",0.616666666666667,25.61,"weekday",4,"40 to 64",">10km","car",25.61,0.616666666666667,4.31666666666667,4.31666666666667
"97223/1000",NA,97223,4656,"45-49 years","female",20,16325,"Leisure",197.133209228516,197.133209228516,"car",0.4,25.53,"weekday",5,"40 to 64",">10km","car",25.53,0.4,2.8,2.8
"97223/1001",NA,97223,4657,"15-19 years","female",20,16326,"Education",215.904037475586,215.904037475586,"walking",0.116666666666667,0.6,"weekday",1,"15 to 19","<1km","walking",0.6,0.116666666666667,0.816666666666667,0.816666666666667
"97223/1001",NA,97223,4657,"15-19 years","female",20,16327,"Education",215.904037475586,215.904037475586,"public.transport",0.383333333333333,20.37,"weekday",1,"15 to 19",">10km","public.transport",20.37,0.383333333333333,2.68333333333333,2.68333333333333
"97223/1001",NA,97223,4657,"15-19 years","female",20,16328,"Education",215.904037475586,215.904037475586,"walking",0.333333333333333,1.33,"weekday",1,"15 to 19","1-2km","walking",1.33,0.333333333333333,2.33333333333333,2.33333333333333
"97223/1001",NA,97223,4657,"15-19 years","female",20,16329,"Other",215.904037475586,215.904037475586,"walking",0.383333333333333,1.33,"weekday",2,"15 to 19","1-2km","walking",1.33,0.383333333333333,2.68333333333333,2.68333333333333
"97223/1001",NA,97223,4657,"15-19 years","female",20,16330,"Other",215.904037475586,215.904037475586,"public.transport",0.583333333333333,16.33,"weekday",2,"15 to 19",">10km","public.transport",16.33,0.583333333333333,4.08333333333333,4.08333333333333
"97223/1001",NA,97223,4657,"15-19 years","female",20,16331,"Other",215.904037475586,215.904037475586,"walking",0.166666666666667,0.63,"weekday",2,"15 to 19","<1km","walking",0.63,0.166666666666667,1.16666666666667,1.16666666666667
"97223/1001",NA,97223,4657,"15-19 years","female",20,16332,"Leisure",215.904037475586,215.904037475586,"walking",0.0666666666666667,0.34,"weekday",3,"15 to 19","<1km","walking",0.34,0.0666666666666667,0.466666666666667,0.466666666666667
"97223/1001",NA,97223,4657,"15-19 years","female",20,16333,"Leisure",215.904037475586,215.904037475586,"car",0.166666666666667,7.92,"weekday",4,"15 to 19","6-10km","car",7.92,0.166666666666667,1.16666666666667,1.16666666666667
"97223/1002",NA,97223,4658,"15-19 years","male",20,16334,"Education",203.738250732422,203.738250732422,"walking",0.1,0.31,"weekday",1,"15 to 19","<1km","walking",0.31,0.1,0.7,0.7
"97223/1002",NA,97223,4658,"15-19 years","male",20,16335,"Education",203.738250732422,203.738250732422,"public.transport",0.433333333333333,5.27,"weekday",1,"15 to 19","6-10km","public.transport",5.27,0.433333333333333,3.03333333333333,3.03333333333333
"97223/1002",NA,97223,4658,"15-19 years","male",20,16336,"Education",203.738250732422,203.738250732422,"walking",0.0333333333333333,0.2,"weekday",1,"15 to 19","<1km","walking",0.2,0.0333333333333333,0.233333333333333,0.233333333333333
"97223/1002",NA,97223,4658,"15-19 years","male",20,16337,"Education",203.738250732422,203.738250732422,"walking",0.0833333333333333,0.2,"weekday",2,"15 to 19","<1km","walking",0.2,0.0833333333333333,0.583333333333333,0.583333333333333
"97223/1002",NA,97223,4658,"15-19 years","male",20,16338,"Education",203.738250732422,203.738250732422,"public.transport",0.416666666666667,5.12,"weekday",2,"15 to 19","6-10km","public.transport",5.12,0.416666666666667,2.91666666666667,2.91666666666667
"97223/1002",NA,97223,4658,"15-19 years","male",20,16339,"Education",203.738250732422,203.738250732422,"walking",0.0833333333333333,0.3,"weekday",2,"15 to 19","<1km","walking",0.3,0.0833333333333333,0.583333333333333,0.583333333333333
"97223/1002",NA,97223,4658,"15-19 years","male",20,16340,"Leisure",203.738250732422,203.738250732422,"car",0.616666666666667,25.61,"weekday",3,"15 to 19",">10km","car",25.61,0.616666666666667,4.31666666666667,4.31666666666667
"97223/1002",NA,97223,4658,"15-19 years","male",20,16341,"Leisure",203.738250732422,203.738250732422,"car",0.4,25.53,"weekday",4,"15 to 19",">10km","car",25.53,0.4,2.8,2.8
"97224/1000",NA,97224,4659,"70-74 years","female",20,16342,"Other",119.05738067627,119.05738067627,"car",0.25,2.87,"weekday",1,"65 plus","3-5km","bicycle",2.87,0.260909090909091,1.75,1.82636363636364
"97224/1000",NA,97224,4659,"70-74 years","female",20,16343,"Shopping",119.05738067627,119.05738067627,"car",0.25,2.21,"weekday",2,"65 plus","3-5km","bicycle",2.21,0.200909090909091,1.75,1.40636363636364
"97224/1000",NA,97224,4659,"70-74 years","female",20,16344,"Shopping",119.05738067627,119.05738067627,"car",0.166666666666667,3.26,"weekday",3,"65 plus","3-5km","bicycle",3.26,0.296363636363636,1.16666666666667,2.07454545454545
"97224/1001",NA,97224,4660,"75-79 years","male",20,16345,"Other",94.0405426025391,94.0405426025391,"car",0.25,2.87,"weekday",1,"65 plus","3-5km","bicycle",2.87,0.260909090909091,1.75,1.82636363636364
"97224/1001",NA,97224,4660,"75-79 years","male",20,16346,"Shopping",94.0405426025391,94.0405426025391,"car",0.25,2.21,"weekday",2,"65 plus","3-5km","bicycle",2.21,0.200909090909091,1.75,1.40636363636364
"97224/1001",NA,97224,4660,"75-79 years","male",20,16347,"Shopping",94.0405426025391,94.0405426025391,"car",0.166666666666667,3.26,"weekday",3,"65 plus","3-5km","bicycle",3.26,0.296363636363636,1.16666666666667,2.07454545454545
"97225/1000",NA,97225,4661,"70-74 years","male",20,16348,"Leisure",103.645225524902,103.645225524902,"car",0.333333333333333,4.82,"weekday",1,"65 plus","3-5km","bicycle",4.82,0.438181818181818,2.33333333333333,3.06727272727273
"97225/1000",NA,97225,4661,"70-74 years","male",20,16349,"Shopping",103.645225524902,103.645225524902,"car",0.0666666666666667,1.49,"weekday",2,"65 plus","1-2km","bicycle",1.49,0.135454545454545,0.466666666666667,0.948181818181818
"97225/1000",NA,97225,4661,"70-74 years","male",20,16350,"Shopping",103.645225524902,103.645225524902,"car",0.25,3.54,"weekday",3,"65 plus","3-5km","bicycle",3.54,0.321818181818182,1.75,2.25272727272727
"97225/1001",NA,97225,4662,"70-74 years","female",20,16351,"Leisure",119.05738067627,119.05738067627,"car",0.333333333333333,4.82,"weekday",1,"65 plus","3-5km","bicycle",4.82,0.438181818181818,2.33333333333333,3.06727272727273
"97225/1001",NA,97225,4662,"70-74 years","female",20,16352,"Shopping",119.05738067627,119.05738067627,"car",0.0666666666666667,1.49,"weekday",2,"65 plus","1-2km","bicycle",1.49,0.135454545454545,0.466666666666667,0.948181818181818
"97225/1001",NA,97225,4662,"70-74 years","female",20,16353,"Shopping",119.05738067627,119.05738067627,"car",0.25,3.54,"weekday",3,"65 plus","3-5km","bicycle",3.54,0.321818181818182,1.75,2.25272727272727
"97226/1000",NA,97226,4663,"30-34 years","female",20,16354,"Other",166.980453491211,166.980453491211,"car",0.25,5.4,"weekday",1,"20 to 39","6-10km","car",5.4,0.25,1.75,1.75
"97226/1000",NA,97226,4663,"30-34 years","female",20,16355,"Work",166.980453491211,166.980453491211,"car",0.0833333333333333,0.89,"weekday",2,"20 to 39","<1km","bicycle",0.89,0.0809090909090909,0.583333333333333,0.566363636363636
"97226/1000",NA,97226,4663,"30-34 years","female",20,16356,"Other",166.980453491211,166.980453491211,"car",0.333333333333333,6.21,"weekday",3,"20 to 39","6-10km","car",6.21,0.333333333333333,2.33333333333333,2.33333333333333
"97226/1000",NA,97226,4663,"30-34 years","female",20,16357,"Other",166.980453491211,166.980453491211,"car",0.0833333333333333,2.25,"weekday",4,"20 to 39","3-5km","bicycle",2.25,0.204545454545455,0.583333333333333,1.43181818181818
"97226/1001",NA,97226,4664,"35-39 years","male",20,16358,"Other",174.027191162109,174.027191162109,"car",0.0833333333333333,2.23,"weekday",1,"20 to 39","3-5km","bicycle",2.23,0.202727272727273,0.583333333333333,1.41909090909091
"97226/1001",NA,97226,4664,"35-39 years","male",20,16359,"Work",174.027191162109,174.027191162109,"car",0.333333333333333,12.82,"weekday",2,"20 to 39",">10km","car",12.82,0.333333333333333,2.33333333333333,2.33333333333333
"97226/1001",NA,97226,4664,"35-39 years","male",20,16360,"Work",174.027191162109,174.027191162109,"car",0.333333333333333,11.3,"weekday",3,"20 to 39",">10km","car",11.3,0.333333333333333,2.33333333333333,2.33333333333333
"97228/1000",NA,97228,4665,"45-49 years","female",20,16361,"Leisure",159.034194946289,159.034194946289,"walking",0.25,1.24,"weekday",1,"40 to 64","1-2km","walking",1.24,0.25,1.75,1.75
"97228/1000",NA,97228,4665,"45-49 years","female",20,16362,"Leisure",159.034194946289,159.034194946289,"walking",0.25,1.24,"weekday",2,"40 to 64","1-2km","walking",1.24,0.25,1.75,1.75
"97228/1000",NA,97228,4665,"45-49 years","female",20,16363,"Leisure",159.034194946289,159.034194946289,"car",0.416666666666667,19.39,"weekday",3,"40 to 64",">10km","car",19.39,0.416666666666667,2.91666666666667,2.91666666666667
"97228/1000",NA,97228,4665,"45-49 years","female",20,16364,"Leisure",159.034194946289,159.034194946289,"car",0.5,19.45,"weekday",4,"40 to 64",">10km","car",19.45,0.5,3.5,3.5
"97228/1000",NA,97228,4665,"45-49 years","female",20,16365,"Shopping",159.034194946289,159.034194946289,"car",0.133333333333333,3.31,"weekday",5,"40 to 64","3-5km","bicycle",3.31,0.300909090909091,0.933333333333333,2.10636363636364
"97228/1000",NA,97228,4665,"45-49 years","female",20,16366,"Shopping",159.034194946289,159.034194946289,"car",0.116666666666667,3.32,"weekday",6,"40 to 64","3-5km","bicycle",3.32,0.301818181818182,0.816666666666667,2.11272727272727
"97228/1000",NA,97228,4665,"45-49 years","female",20,16367,"Other",159.034194946289,159.034194946289,"car",0.15,4.83,"weekday",7,"40 to 64","3-5km","bicycle",4.83,0.439090909090909,1.05,3.07363636363636
"97228/1000",NA,97228,4665,"45-49 years","female",20,16368,"Shopping",159.034194946289,159.034194946289,"car",0.166666666666667,2.76,"weekday",8,"40 to 64","3-5km","bicycle",2.76,0.250909090909091,1.16666666666667,1.75636363636364
"97228/1000",NA,97228,4665,"45-49 years","female",20,16369,"Other",159.034194946289,159.034194946289,"car",0.166666666666667,2.54,"weekday",9,"40 to 64","3-5km","bicycle",2.54,0.230909090909091,1.16666666666667,1.61636363636364
"97228/1000",NA,97228,4665,"45-49 years","female",20,16370,"Other",159.034194946289,159.034194946289,"car",0.133333333333333,5.17,"weekday",10,"40 to 64","6-10km","car",5.17,0.133333333333333,0.933333333333333,0.933333333333333
"97228/1001",NA,97228,4666,"45-49 years","male",20,16371,"Work",146.615966796875,146.615966796875,"car",0.483333333333333,15.17,"weekday",1,"40 to 64",">10km","car",15.17,0.483333333333333,3.38333333333333,3.38333333333333
"97228/1001",NA,97228,4666,"45-49 years","male",20,16372,"Work",146.615966796875,146.615966796875,"car",0.75,16.26,"weekday",2,"40 to 64",">10km","car",16.26,0.75,5.25,5.25
"97228/1001",NA,97228,4666,"45-49 years","male",20,16373,"Other",146.615966796875,146.615966796875,"car",0.15,4.83,"weekday",3,"40 to 64","3-5km","bicycle",4.83,0.439090909090909,1.05,3.07363636363636
"97228/1001",NA,97228,4666,"45-49 years","male",20,16374,"Shopping",146.615966796875,146.615966796875,"car",0.166666666666667,2.76,"weekday",4,"40 to 64","3-5km","bicycle",2.76,0.250909090909091,1.16666666666667,1.75636363636364
"97228/1001",NA,97228,4666,"45-49 years","male",20,16375,"Other",146.615966796875,146.615966796875,"car",0.166666666666667,2.54,"weekday",5,"40 to 64","3-5km","bicycle",2.54,0.230909090909091,1.16666666666667,1.61636363636364
"97228/1001",NA,97228,4666,"45-49 years","male",20,16376,"Other",146.615966796875,146.615966796875,"car",0.133333333333333,5.17,"weekday",6,"40 to 64","6-10km","car",5.17,0.133333333333333,0.933333333333333,0.933333333333333
"97229/1000",NA,97229,4667,"35-39 years","male",20,16377,"Other",274.485229492188,274.485229492188,"car",0.25,7.49,"weekday",1,"20 to 39","6-10km","car",7.49,0.25,1.75,1.75
"97229/1000",NA,97229,4667,"35-39 years","male",20,16378,"Work",274.485229492188,274.485229492188,"car",1,30.24,"weekday",2,"20 to 39",">10km","car",30.24,1,7,7
"97229/1000",NA,97229,4667,"35-39 years","male",20,16379,"Work",274.485229492188,274.485229492188,"car",1,35.55,"weekday",3,"20 to 39",">10km","car",35.55,1,7,7
"97229/1001",NA,97229,4668,"45-49 years","female",20,16380,"Work",310.929290771484,310.929290771484,"car",0.5,20.33,"weekday",1,"40 to 64",">10km","car",20.33,0.5,3.5,3.5
"97229/1001",NA,97229,4668,"45-49 years","female",20,16381,"Other",310.929290771484,310.929290771484,"car",0.5,15.98,"weekday",2,"40 to 64",">10km","car",15.98,0.5,3.5,3.5
"97229/1001",NA,97229,4668,"45-49 years","female",20,16382,"Other",310.929290771484,310.929290771484,"car",0.333333333333333,7.55,"weekday",3,"40 to 64","6-10km","car",7.55,0.333333333333333,2.33333333333333,2.33333333333333
"97230/1000",NA,97230,4669,"45-49 years","male",20,16383,"Shopping",171.093643188477,171.093643188477,"car",0.0833333333333333,3.38,"weekday",1,"40 to 64","3-5km","bicycle",3.38,0.307272727272727,0.583333333333333,2.15090909090909
"97230/1000",NA,97230,4669,"45-49 years","male",20,16384,"Shopping",171.093643188477,171.093643188477,"car",0.0833333333333333,3.9,"weekday",2,"40 to 64","3-5km","bicycle",3.9,0.354545454545455,0.583333333333333,2.48181818181818
"97230/1000",NA,97230,4669,"45-49 years","male",20,16385,"Shopping",171.093643188477,171.093643188477,"car",0.0333333333333333,1.39,"weekday",3,"40 to 64","1-2km","bicycle",1.39,0.126363636363636,0.233333333333333,0.884545454545454
"97231/1000",NA,97231,4670,"55-59 years","male",20,16386,"Work",311.130126953125,311.130126953125,"car",0.5,11.93,"weekday",1,"40 to 64",">10km","car",11.93,0.5,3.5,3.5
"97231/1000",NA,97231,4670,"55-59 years","male",20,16387,"Work",311.130126953125,311.130126953125,"car",0.5,11.79,"weekday",2,"40 to 64",">10km","car",11.79,0.5,3.5,3.5
"97231/1001",NA,97231,4671,"50-54 years","female",20,16388,"Other",286.475250244141,286.475250244141,"car",0.166666666666667,5.24,"weekday",1,"40 to 64","6-10km","car",5.24,0.166666666666667,1.16666666666667,1.16666666666667
"97231/1001",NA,97231,4671,"50-54 years","female",20,16389,"Shopping",286.475250244141,286.475250244141,"car",0.166666666666667,16.42,"weekday",2,"40 to 64",">10km","car",16.42,0.166666666666667,1.16666666666667,1.16666666666667
"97231/1001",NA,97231,4671,"50-54 years","female",20,16390,"Shopping",286.475250244141,286.475250244141,"car",0.333333333333333,13.8,"weekday",3,"40 to 64",">10km","car",13.8,0.333333333333333,2.33333333333333,2.33333333333333
"97231/1001",NA,97231,4671,"50-54 years","female",20,16391,"Other",286.475250244141,286.475250244141,"car",0.25,9.2,"weekday",4,"40 to 64","6-10km","car",9.2,0.25,1.75,1.75
"97231/1001",NA,97231,4671,"50-54 years","female",20,16392,"Other",286.475250244141,286.475250244141,"car",0.25,9.54,"weekday",5,"40 to 64","6-10km","car",9.54,0.25,1.75,1.75
"97231/1001",NA,97231,4671,"50-54 years","female",20,16393,"Shopping",286.475250244141,286.475250244141,"car",0.166666666666667,3.63,"weekday",6,"40 to 64","3-5km","bicycle",3.63,0.33,1.16666666666667,2.31
"97231/1001",NA,97231,4671,"50-54 years","female",20,16394,"Shopping",286.475250244141,286.475250244141,"car",0.166666666666667,3.65,"weekday",7,"40 to 64","3-5km","bicycle",3.65,0.331818181818182,1.16666666666667,2.32272727272727
"97231/1003",NA,97231,4672,"15-19 years","male",20,16395,"Work",321.347106933594,321.347106933594,"car",0.25,9.54,"weekday",1,"15 to 19","6-10km","car",9.54,0.25,1.75,1.75
"97231/1004",NA,97231,4673,"15-19 years","female",20,16396,"Education",340.53564453125,340.53564453125,"car",0.166666666666667,5.24,"weekday",1,"15 to 19","6-10km","car",5.24,0.166666666666667,1.16666666666667,1.16666666666667
"97231/1004",NA,97231,4673,"15-19 years","female",20,16397,"Education",340.53564453125,340.53564453125,"walking",0.0833333333333333,0.2,"weekday",2,"15 to 19","<1km","walking",0.2,0.0833333333333333,0.583333333333333,0.583333333333333
"97231/1004",NA,97231,4673,"15-19 years","female",20,16398,"Education",340.53564453125,340.53564453125,"public.transport",0.416666666666667,5.45,"weekday",2,"15 to 19","6-10km","public.transport",5.45,0.416666666666667,2.91666666666667,2.91666666666667
"97231/1004",NA,97231,4673,"15-19 years","female",20,16399,"Education",340.53564453125,340.53564453125,"walking",0.05,0.14,"weekday",2,"15 to 19","<1km","walking",0.14,0.05,0.35,0.35
"97231/1004",NA,97231,4673,"15-19 years","female",20,16400,"Shopping",340.53564453125,340.53564453125,"car",0.166666666666667,3.63,"weekday",3,"15 to 19","3-5km","bicycle",3.63,0.33,1.16666666666667,2.31
"97231/1004",NA,97231,4673,"15-19 years","female",20,16401,"Shopping",340.53564453125,340.53564453125,"car",0.166666666666667,3.65,"weekday",4,"15 to 19","3-5km","bicycle",3.65,0.331818181818182,1.16666666666667,2.32272727272727
"97235/1000",NA,97235,4674,"50-54 years","female",20,16402,"Other",181.629013061523,181.629013061523,"car",0.333333333333333,14.82,"weekday",1,"40 to 64",">10km","car",14.82,0.333333333333333,2.33333333333333,2.33333333333333
"97235/1000",NA,97235,4674,"50-54 years","female",20,16403,"Work",181.629013061523,181.629013061523,"car",0.333333333333333,7.74,"weekday",2,"40 to 64","6-10km","car",7.74,0.333333333333333,2.33333333333333,2.33333333333333
"97235/1000",NA,97235,4674,"50-54 years","female",20,16404,"Work",181.629013061523,181.629013061523,"car",0.25,13.7,"weekday",3,"40 to 64",">10km","car",13.7,0.25,1.75,1.75
"97235/1000",NA,97235,4674,"50-54 years","female",20,16405,"Other",181.629013061523,181.629013061523,"car",0.333333333333333,14.82,"weekday",4,"40 to 64",">10km","car",14.82,0.333333333333333,2.33333333333333,2.33333333333333
"97235/1000",NA,97235,4674,"50-54 years","female",20,16406,"Shopping",181.629013061523,181.629013061523,"car",0.416666666666667,16.92,"weekday",5,"40 to 64",">10km","car",16.92,0.416666666666667,2.91666666666667,2.91666666666667
"97235/1000",NA,97235,4674,"50-54 years","female",20,16407,"Shopping",181.629013061523,181.629013061523,"car",0.25,3.22,"weekday",6,"40 to 64","3-5km","bicycle",3.22,0.292727272727273,1.75,2.04909090909091
"97235/1001",NA,97235,4675,"50-54 years","male",20,16408,"Other",228.976974487305,228.976974487305,"car",0.416666666666667,13.88,"weekday",1,"40 to 64",">10km","car",13.88,0.416666666666667,2.91666666666667,2.91666666666667
"97235/1001",NA,97235,4675,"50-54 years","male",20,16409,"Work",228.976974487305,228.976974487305,"car",0.583333333333333,9.52,"weekday",2,"40 to 64","6-10km","car",9.52,0.583333333333333,4.08333333333333,4.08333333333333
"97235/1001",NA,97235,4675,"50-54 years","male",20,16410,"Work",228.976974487305,228.976974487305,"car",0.5,20.08,"weekday",3,"40 to 64",">10km","car",20.08,0.5,3.5,3.5
"97236/1000",NA,97236,4676,"40-44 years","male",20,16411,"Work",122.080093383789,122.080093383789,"walking",0.133333333333333,0.67,"weekday",1,"40 to 64","<1km","walking",0.67,0.133333333333333,0.933333333333333,0.933333333333333
"97236/1000",NA,97236,4676,"40-44 years","male",20,16412,"Work",122.080093383789,122.080093383789,"public.transport",0.633333333333333,27.62,"weekday",1,"40 to 64",">10km","public.transport",27.62,0.633333333333333,4.43333333333333,4.43333333333333
"97236/1000",NA,97236,4676,"40-44 years","male",20,16413,"Work",122.080093383789,122.080093383789,"walking",0.116666666666667,0.34,"weekday",1,"40 to 64","<1km","walking",0.34,0.116666666666667,0.816666666666667,0.816666666666667
"97236/1000",NA,97236,4676,"40-44 years","male",20,16414,"Work",122.080093383789,122.080093383789,"walking",0.116666666666667,0.34,"weekday",2,"40 to 64","<1km","walking",0.34,0.116666666666667,0.816666666666667,0.816666666666667
"97236/1000",NA,97236,4676,"40-44 years","male",20,16415,"Work",122.080093383789,122.080093383789,"public.transport",0.633333333333333,27.62,"weekday",2,"40 to 64",">10km","public.transport",27.62,0.633333333333333,4.43333333333333,4.43333333333333
"97236/1000",NA,97236,4676,"40-44 years","male",20,16416,"Work",122.080093383789,122.080093383789,"walking",0.166666666666667,0.67,"weekday",2,"40 to 64","<1km","walking",0.67,0.166666666666667,1.16666666666667,1.16666666666667
"97236/1001",NA,97236,4677,"35-39 years","female",20,16417,"Other",126.796051025391,126.796051025391,"car",0.583333333333333,17.77,"weekday",1,"20 to 39",">10km","car",17.77,0.583333333333333,4.08333333333333,4.08333333333333
"97236/1001",NA,97236,4677,"35-39 years","female",20,16418,"Other",126.796051025391,126.796051025391,"car",0.416666666666667,17.82,"weekday",2,"20 to 39",">10km","car",17.82,0.416666666666667,2.91666666666667,2.91666666666667
"97236/1001",NA,97236,4677,"35-39 years","female",20,16419,"Other",126.796051025391,126.796051025391,"car",0.416666666666667,17.77,"weekday",3,"20 to 39",">10km","car",17.77,0.416666666666667,2.91666666666667,2.91666666666667
"97236/1001",NA,97236,4677,"35-39 years","female",20,16420,"Other",126.796051025391,126.796051025391,"car",0.333333333333333,17.82,"weekday",4,"20 to 39",">10km","car",17.82,0.333333333333333,2.33333333333333,2.33333333333333
"97238/1000",NA,97238,4678,"45-49 years","female",20,16421,"Work",159.034194946289,159.034194946289,"car",1.5,33.64,"weekday",1,"40 to 64",">10km","car",33.64,1.5,10.5,10.5
"97238/1000",NA,97238,4678,"45-49 years","female",20,16422,"Work",159.034194946289,159.034194946289,"car",1.25,33.59,"weekday",2,"40 to 64",">10km","car",33.59,1.25,8.75,8.75
"97238/1001",NA,97238,4679,"55-59 years","male",20,16423,"Work",159.136917114258,159.136917114258,"car",0.583333333333333,25.09,"weekday",1,"40 to 64",">10km","car",25.09,0.583333333333333,4.08333333333333,4.08333333333333
"97238/1001",NA,97238,4679,"55-59 years","male",20,16424,"Work",159.136917114258,159.136917114258,"car",0.583333333333333,25.31,"weekday",2,"40 to 64",">10km","car",25.31,0.583333333333333,4.08333333333333,4.08333333333333
"97239/1000",NA,97239,4680,"35-39 years","female",20,16425,"Other",126.796051025391,126.796051025391,"car",0.166666666666667,2.75,"weekday",1,"20 to 39","3-5km","bicycle",2.75,0.25,1.16666666666667,1.75
"97239/1000",NA,97239,4680,"35-39 years","female",20,16426,"Other",126.796051025391,126.796051025391,"car",0.166666666666667,2.76,"weekday",2,"20 to 39","3-5km","bicycle",2.76,0.250909090909091,1.16666666666667,1.75636363636364
"97239/1001",NA,97239,4681,"35-39 years","male",20,16427,"Shopping",163.832672119141,163.832672119141,"car",0.166666666666667,1.31,"weekday",1,"20 to 39","1-2km","bicycle",1.31,0.119090909090909,1.16666666666667,0.833636363636364
"97239/1001",NA,97239,4681,"35-39 years","male",20,16428,"Shopping",163.832672119141,163.832672119141,"car",0.166666666666667,1.3,"weekday",2,"20 to 39","1-2km","bicycle",1.3,0.118181818181818,1.16666666666667,0.827272727272727
"97239/1001",NA,97239,4681,"35-39 years","male",20,16429,"Other",163.832672119141,163.832672119141,"car",0.166666666666667,2.75,"weekday",3,"20 to 39","3-5km","bicycle",2.75,0.25,1.16666666666667,1.75
"97239/1001",NA,97239,4681,"35-39 years","male",20,16430,"Other",163.832672119141,163.832672119141,"car",0.25,2.76,"weekday",4,"20 to 39","3-5km","bicycle",2.76,0.250909090909091,1.75,1.75636363636364
"97241/1000",NA,97241,4682,"50-54 years","female",20,16431,"Leisure",170.989166259766,170.989166259766,"car",0.166666666666667,3.61,"weekday",1,"40 to 64","3-5km","bicycle",3.61,0.328181818181818,1.16666666666667,2.29727272727273
"97241/1000",NA,97241,4682,"50-54 years","female",20,16432,"Leisure",170.989166259766,170.989166259766,"car",0.0833333333333333,3.61,"weekday",2,"40 to 64","3-5km","bicycle",3.61,0.328181818181818,0.583333333333333,2.29727272727273
"97241/1001",NA,97241,4683,"15-19 years","female",20,16433,"Education",203.25634765625,203.25634765625,"walking",0.0833333333333333,0.58,"weekday",1,"15 to 19","<1km","walking",0.58,0.0833333333333333,0.583333333333333,0.583333333333333
"97241/1001",NA,97241,4683,"15-19 years","female",20,16434,"Education",203.25634765625,203.25634765625,"walking",0.0833333333333333,0.58,"weekday",2,"15 to 19","<1km","walking",0.58,0.0833333333333333,0.583333333333333,0.583333333333333
"97241/1001",NA,97241,4683,"15-19 years","female",20,16435,"Leisure",203.25634765625,203.25634765625,"car",0.166666666666667,3.61,"weekday",3,"15 to 19","3-5km","bicycle",3.61,0.328181818181818,1.16666666666667,2.29727272727273
"97241/1001",NA,97241,4683,"15-19 years","female",20,16436,"Leisure",203.25634765625,203.25634765625,"car",0.0833333333333333,3.61,"weekday",4,"15 to 19","3-5km","bicycle",3.61,0.328181818181818,0.583333333333333,2.29727272727273
"97245/1000",NA,97245,4684,"35-39 years","male",20,16437,"Work",163.832672119141,163.832672119141,"car",0.333333333333333,12.13,"weekday",1,"20 to 39",">10km","car",12.13,0.333333333333333,2.33333333333333,2.33333333333333
"97245/1000",NA,97245,4684,"35-39 years","male",20,16438,"Work",163.832672119141,163.832672119141,"car",0.5,12.02,"weekday",2,"20 to 39",">10km","car",12.02,0.5,3.5,3.5
"97245/1001",NA,97245,4685,"30-34 years","female",20,16439,"Other",157.198715209961,157.198715209961,"car",0.416666666666667,13.68,"weekday",1,"20 to 39",">10km","car",13.68,0.416666666666667,2.91666666666667,2.91666666666667
"97245/1001",NA,97245,4685,"30-34 years","female",20,16440,"Other",157.198715209961,157.198715209961,"car",0.416666666666667,13.57,"weekday",2,"20 to 39",">10km","car",13.57,0.416666666666667,2.91666666666667,2.91666666666667
"97245/1001",NA,97245,4685,"30-34 years","female",20,16441,"Other",157.198715209961,157.198715209961,"car",0.333333333333333,13.68,"weekday",3,"20 to 39",">10km","car",13.68,0.333333333333333,2.33333333333333,2.33333333333333
"97245/1001",NA,97245,4685,"30-34 years","female",20,16442,"Other",157.198715209961,157.198715209961,"car",0.5,13.57,"weekday",4,"20 to 39",">10km","car",13.57,0.5,3.5,3.5
"97249/1000",NA,97249,4686,"40-44 years","male",20,16443,"Work",92.8286743164062,92.8286743164062,"car",0.25,13.24,"weekday",1,"40 to 64",">10km","car",13.24,0.25,1.75,1.75
"97249/1000",NA,97249,4686,"40-44 years","male",20,16444,"Work",92.8286743164062,92.8286743164062,"car",0.25,12.9,"weekday",2,"40 to 64",">10km","car",12.9,0.25,1.75,1.75
"97256/1000",NA,97256,4687,"35-39 years","male",20,16445,"Leisure",203.367141723633,203.367141723633,"car",0.166666666666667,1.87,"weekday",1,"20 to 39","1-2km","bicycle",1.87,0.17,1.16666666666667,1.19
"97256/1000",NA,97256,4687,"35-39 years","male",20,16446,"Shopping",203.367141723633,203.367141723633,"car",0.0833333333333333,4.35,"weekday",2,"20 to 39","3-5km","bicycle",4.35,0.395454545454545,0.583333333333333,2.76818181818182
"97256/1000",NA,97256,4687,"35-39 years","male",20,16447,"Shopping",203.367141723633,203.367141723633,"car",0.25,3.38,"weekday",3,"20 to 39","3-5km","bicycle",3.38,0.307272727272727,1.75,2.15090909090909
"97256/1000",NA,97256,4687,"35-39 years","male",20,16448,"Shopping",203.367141723633,203.367141723633,"car",0.0833333333333333,1.65,"weekday",4,"20 to 39","1-2km","bicycle",1.65,0.15,0.583333333333333,1.05
"97256/1000",NA,97256,4687,"35-39 years","male",20,16449,"Shopping",203.367141723633,203.367141723633,"car",0.0833333333333333,1.65,"weekday",5,"20 to 39","1-2km","bicycle",1.65,0.15,0.583333333333333,1.05
"97260/1000",NA,97260,4688,"75-79 years","male",20,16450,"Leisure",186.546875,186.546875,"car",0.666666666666667,37.23,"weekday",1,"65 plus",">10km","car",37.23,0.666666666666667,4.66666666666667,4.66666666666667
"97260/1000",NA,97260,4688,"75-79 years","male",20,16451,"Leisure",186.546875,186.546875,"car",0.666666666666667,37.18,"weekday",2,"65 plus",">10km","car",37.18,0.666666666666667,4.66666666666667,4.66666666666667
"97262/1000",NA,97262,4689,"40-44 years","male",20,16452,"Other",387.342620849609,387.342620849609,"bicycle",0.0833333333333333,0.56,"weekday",1,"40 to 64","<1km","bicycle",0.56,0.0833333333333333,0.583333333333333,0.583333333333333
"97262/1000",NA,97262,4689,"40-44 years","male",20,16453,"Other",387.342620849609,387.342620849609,"bicycle",0.0833333333333333,0.56,"weekday",2,"40 to 64","<1km","bicycle",0.56,0.0833333333333333,0.583333333333333,0.583333333333333
"97262/1000",NA,97262,4689,"40-44 years","male",20,16454,"Leisure",387.342620849609,387.342620849609,"walking",0.5,2.34,"weekday",3,"40 to 64","3-5km","walking",2.34,0.5,3.5,3.5
"97262/1000",NA,97262,4689,"40-44 years","male",20,16455,"Leisure",387.342620849609,387.342620849609,"walking",0.5,2.34,"weekday",4,"40 to 64","3-5km","walking",2.34,0.5,3.5,3.5
"97262/1000",NA,97262,4689,"40-44 years","male",20,16456,"Other",387.342620849609,387.342620849609,"bicycle",0.0833333333333333,0.56,"weekday",5,"40 to 64","<1km","bicycle",0.56,0.0833333333333333,0.583333333333333,0.583333333333333
"97262/1000",NA,97262,4689,"40-44 years","male",20,16457,"Other",387.342620849609,387.342620849609,"bicycle",0.0833333333333333,0.56,"weekday",6,"40 to 64","<1km","bicycle",0.56,0.0833333333333333,0.583333333333333,0.583333333333333
"97262/1001",NA,97262,4690,"40-44 years","female",20,16458,"Leisure",460.510681152344,460.510681152344,"walking",0.5,2.34,"weekday",1,"40 to 64","3-5km","walking",2.34,0.5,3.5,3.5
"97262/1001",NA,97262,4690,"40-44 years","female",20,16459,"Leisure",460.510681152344,460.510681152344,"walking",0.5,2.34,"weekday",2,"40 to 64","3-5km","walking",2.34,0.5,3.5,3.5
"97262/1001",NA,97262,4690,"40-44 years","female",20,16460,"Shopping",460.510681152344,460.510681152344,"car",0.166666666666667,1.89,"weekday",3,"40 to 64","1-2km","bicycle",1.89,0.171818181818182,1.16666666666667,1.20272727272727
"97262/1001",NA,97262,4690,"40-44 years","female",20,16461,"Shopping",460.510681152344,460.510681152344,"car",0.166666666666667,2.01,"weekday",4,"40 to 64","3-5km","bicycle",2.01,0.182727272727273,1.16666666666667,1.27909090909091
"97266/1000",NA,97266,4691,"35-39 years","male",20,16462,"Other",315.360321044922,315.360321044922,"car",0.0833333333333333,4.73,"weekday",1,"20 to 39","3-5km","bicycle",4.73,0.43,0.583333333333333,3.01
"97266/1000",NA,97266,4691,"35-39 years","male",20,16463,"Other",315.360321044922,315.360321044922,"car",0.0833333333333333,4.93,"weekday",2,"20 to 39","3-5km","bicycle",4.93,0.448181818181818,0.583333333333333,3.13727272727273
"97266/1000",NA,97266,4691,"35-39 years","male",20,16464,"Other",315.360321044922,315.360321044922,"car",1.16666666666667,56.15,"weekday",3,"20 to 39",">10km","car",56.15,1.16666666666667,8.16666666666667,8.16666666666667
"97266/1000",NA,97266,4691,"35-39 years","male",20,16465,"Other",315.360321044922,315.360321044922,"car",1.66666666666667,56.19,"weekday",4,"20 to 39",">10km","car",56.19,1.66666666666667,11.6666666666667,11.6666666666667
"97266/1001",NA,97266,4692,"35-39 years","female",20,16466,"Work",298.092132568359,298.092132568359,"car",0.116666666666667,4.73,"weekday",1,"20 to 39","3-5km","bicycle",4.73,0.43,0.816666666666667,3.01
"97266/1001",NA,97266,4692,"35-39 years","female",20,16467,"Work",298.092132568359,298.092132568359,"car",0.116666666666667,4.93,"weekday",2,"20 to 39","3-5km","bicycle",4.93,0.448181818181818,0.816666666666667,3.13727272727273
"97266/1003",NA,97266,4693,"15-19 years","male",20,16468,"Education",317.808868408203,317.808868408203,"car",0.116666666666667,4.73,"weekday",1,"15 to 19","3-5km","bicycle",4.73,0.43,0.816666666666667,3.01
"97266/1003",NA,97266,4693,"15-19 years","male",20,16469,"Education",317.808868408203,317.808868408203,"car",0.0833333333333333,4.93,"weekday",2,"15 to 19","3-5km","bicycle",4.93,0.448181818181818,0.583333333333333,3.13727272727273
"97267/1000",NA,97267,4694,"55-59 years","male",20,16470,"Work",136.198272705078,136.198272705078,"car",1,37.66,"weekday",1,"40 to 64",">10km","car",37.66,1,7,7
"97267/1000",NA,97267,4694,"55-59 years","male",20,16471,"Work",136.198272705078,136.198272705078,"car",0.833333333333333,38.03,"weekday",2,"40 to 64",">10km","car",38.03,0.833333333333333,5.83333333333333,5.83333333333333
"97267/1001",NA,97267,4695,"50-54 years","female",20,16472,"Work",120.97093963623,120.97093963623,"car",0.833333333333333,44.9,"weekday",1,"40 to 64",">10km","car",44.9,0.833333333333333,5.83333333333333,5.83333333333333
"97267/1001",NA,97267,4695,"50-54 years","female",20,16473,"Work",120.97093963623,120.97093963623,"walking",0.166666666666667,0.64,"weekday",1,"40 to 64","<1km","walking",0.64,0.166666666666667,1.16666666666667,1.16666666666667
"97267/1001",NA,97267,4695,"50-54 years","female",20,16474,"Shopping",120.97093963623,120.97093963623,"walking",0.166666666666667,0.64,"weekday",2,"40 to 64","<1km","walking",0.64,0.166666666666667,1.16666666666667,1.16666666666667
"97267/1001",NA,97267,4695,"50-54 years","female",20,16475,"Shopping",120.97093963623,120.97093963623,"car",0.75,21.21,"weekday",2,"40 to 64",">10km","car",21.21,0.75,5.25,5.25
"97267/1001",NA,97267,4695,"50-54 years","female",20,16476,"Shopping",120.97093963623,120.97093963623,"car",0.5,24.48,"weekday",3,"40 to 64",">10km","car",24.48,0.5,3.5,3.5
"97273/1001",NA,97273,4696,"65-69 years","female",20,16477,"Other",129.623992919922,129.623992919922,"car",0.166666666666667,5.69,"weekday",1,"65 plus","6-10km","car",5.69,0.166666666666667,1.16666666666667,1.16666666666667
"97273/1001",NA,97273,4696,"65-69 years","female",20,16478,"Other",129.623992919922,129.623992919922,"car",0.166666666666667,5.53,"weekday",2,"65 plus","6-10km","car",5.53,0.166666666666667,1.16666666666667,1.16666666666667
"97284/1000",NA,97284,4697,"35-39 years","male",20,16479,"Work",315.360321044922,315.360321044922,"car",0.583333333333333,28.6,"weekday",1,"20 to 39",">10km","car",28.6,0.583333333333333,4.08333333333333,4.08333333333333
"97284/1000",NA,97284,4697,"35-39 years","male",20,16480,"Work",315.360321044922,315.360321044922,"car",0.583333333333333,28.63,"weekday",2,"20 to 39",">10km","car",28.63,0.583333333333333,4.08333333333333,4.08333333333333
"97284/1000",NA,97284,4697,"35-39 years","male",20,16481,"Shopping",315.360321044922,315.360321044922,"car",0.0833333333333333,1.48,"weekday",3,"20 to 39","1-2km","bicycle",1.48,0.134545454545455,0.583333333333333,0.941818181818182
"97284/1000",NA,97284,4697,"35-39 years","male",20,16482,"Shopping",315.360321044922,315.360321044922,"car",0.0833333333333333,1.48,"weekday",4,"20 to 39","1-2km","bicycle",1.48,0.134545454545455,0.583333333333333,0.941818181818182
"97284/1001",NA,97284,4698,"40-44 years","female",20,16483,"Shopping",315.374176025391,315.374176025391,"car",0.333333333333333,14.04,"weekday",1,"40 to 64",">10km","car",14.04,0.333333333333333,2.33333333333333,2.33333333333333
"97284/1001",NA,97284,4698,"40-44 years","female",20,16484,"Shopping",315.374176025391,315.374176025391,"car",0.333333333333333,13.98,"weekday",2,"40 to 64",">10km","car",13.98,0.333333333333333,2.33333333333333,2.33333333333333
"97286/1000",NA,97286,4699,"60-64 years","female",20,16486,"Shopping",166.379119873047,166.379119873047,"car",0.5,24.33,"weekday",2,"40 to 64",">10km","car",24.33,0.5,3.5,3.5
"97286/1000",NA,97286,4699,"60-64 years","female",20,16487,"Shopping",166.379119873047,166.379119873047,"car",0.583333333333333,24.24,"weekday",3,"40 to 64",">10km","car",24.24,0.583333333333333,4.08333333333333,4.08333333333333
"97286/1001",NA,97286,4700,"70-74 years","male",20,16488,"Shopping",123.979629516602,123.979629516602,"car",0.5,24.08,"weekday",1,"65 plus",">10km","car",24.08,0.5,3.5,3.5
"97286/1001",NA,97286,4700,"70-74 years","male",20,16489,"Shopping",123.979629516602,123.979629516602,"car",0.5,23.79,"weekday",2,"65 plus",">10km","car",23.79,0.5,3.5,3.5
"97310/1000",NA,97310,4701,"65-69 years","male",20,16490,"Leisure",380.566589355469,380.566589355469,"walking",0.25,1.4,"weekday",1,"65 plus","1-2km","walking",1.4,0.25,1.75,1.75
"97310/1000",NA,97310,4701,"65-69 years","male",20,16491,"Leisure",380.566589355469,380.566589355469,"walking",0.25,1.4,"weekday",2,"65 plus","1-2km","walking",1.4,0.25,1.75,1.75
"97310/1000",NA,97310,4701,"65-69 years","male",20,16492,"Shopping",380.566589355469,380.566589355469,"car",0.333333333333333,8.47,"weekday",3,"65 plus","6-10km","car",8.47,0.333333333333333,2.33333333333333,2.33333333333333
"97310/1000",NA,97310,4701,"65-69 years","male",20,16493,"Shopping",380.566589355469,380.566589355469,"car",0.333333333333333,8.28,"weekday",4,"65 plus","6-10km","car",8.28,0.333333333333333,2.33333333333333,2.33333333333333
"97310/1000",NA,97310,4701,"65-69 years","male",20,16494,"Shopping",380.566589355469,380.566589355469,"walking",0.333333333333333,1.16,"weekday",5,"65 plus","1-2km","walking",1.16,0.333333333333333,2.33333333333333,2.33333333333333
"97310/1000",NA,97310,4701,"65-69 years","male",20,16495,"Shopping",380.566589355469,380.566589355469,"walking",0.333333333333333,1.16,"weekday",6,"65 plus","1-2km","walking",1.16,0.333333333333333,2.33333333333333,2.33333333333333
"97311/1000",NA,97311,4702,"25-29 years","female",20,16496,"Work",1022.24871826172,1022.24871826172,"walking",0.0833333333333333,0.35,"weekday",1,"20 to 39","<1km","walking",0.35,0.0833333333333333,0.583333333333333,0.583333333333333
"97311/1000",NA,97311,4702,"25-29 years","female",20,16497,"Work",1022.24871826172,1022.24871826172,"public.transport",0.333333333333333,3.28,"weekday",1,"20 to 39","3-5km","public.transport",3.28,0.333333333333333,2.33333333333333,2.33333333333333
"97311/1000",NA,97311,4702,"25-29 years","female",20,16498,"Work",1022.24871826172,1022.24871826172,"public.transport",0.25,1.94,"weekday",1,"20 to 39","1-2km","public.transport",1.94,0.25,1.75,1.75
"97311/1000",NA,97311,4702,"25-29 years","female",20,16499,"Work",1022.24871826172,1022.24871826172,"walking",0.166666666666667,0.13,"weekday",1,"20 to 39","<1km","walking",0.13,0.166666666666667,1.16666666666667,1.16666666666667
"97311/1000",NA,97311,4702,"25-29 years","female",20,16500,"Work",1022.24871826172,1022.24871826172,"walking",0.333333333333333,0.07,"weekday",2,"20 to 39","<1km","walking",0.07,0.333333333333333,2.33333333333333,2.33333333333333
"97311/1000",NA,97311,4702,"25-29 years","female",20,16501,"Work",1022.24871826172,1022.24871826172,"public.transport",0.166666666666667,1.83,"weekday",2,"20 to 39","1-2km","public.transport",1.83,0.166666666666667,1.16666666666667,1.16666666666667
"97311/1000",NA,97311,4702,"25-29 years","female",20,16502,"Work",1022.24871826172,1022.24871826172,"public.transport",0.333333333333333,3.11,"weekday",2,"20 to 39","3-5km","public.transport",3.11,0.333333333333333,2.33333333333333,2.33333333333333
"97311/1000",NA,97311,4702,"25-29 years","female",20,16503,"Work",1022.24871826172,1022.24871826172,"walking",0.0833333333333333,0.35,"weekday",2,"20 to 39","<1km","walking",0.35,0.0833333333333333,0.583333333333333,0.583333333333333
"97311/1001",NA,97311,4703,"30-34 years","male",20,16504,"Work",825.542541503906,825.542541503906,"other",0.333333333333333,3.98,"weekday",1,"20 to 39","3-5km","other",3.98,0.333333333333333,2.33333333333333,2.33333333333333
"97311/1001",NA,97311,4703,"30-34 years","male",20,16505,"Work",825.542541503906,825.542541503906,"other",0.5,3.9,"weekday",2,"20 to 39","3-5km","other",3.9,0.5,3.5,3.5
"97314/1000",NA,97314,4704,"60-64 years","male",20,16506,"Leisure",407.964630126953,407.964630126953,"car",0.133333333333333,2.17,"weekday",1,"40 to 64","3-5km","bicycle",2.17,0.197272727272727,0.933333333333333,1.38090909090909
"97314/1000",NA,97314,4704,"60-64 years","male",20,16507,"Shopping",407.964630126953,407.964630126953,"car",0.05,0.8,"weekday",2,"40 to 64","<1km","bicycle",0.8,0.0727272727272727,0.35,0.509090909090909
"97314/1000",NA,97314,4704,"60-64 years","male",20,16508,"Shopping",407.964630126953,407.964630126953,"car",0.0833333333333333,2,"weekday",3,"40 to 64","1-2km","bicycle",2,0.181818181818182,0.583333333333333,1.27272727272727
"97314/1001",NA,97314,4705,"60-64 years","female",20,16509,"Leisure",437.736572265625,437.736572265625,"car",0.133333333333333,2.17,"weekday",1,"40 to 64","3-5km","bicycle",2.17,0.197272727272727,0.933333333333333,1.38090909090909
"97314/1001",NA,97314,4705,"60-64 years","female",20,16510,"Shopping",437.736572265625,437.736572265625,"car",0.05,0.8,"weekday",2,"40 to 64","<1km","bicycle",0.8,0.0727272727272727,0.35,0.509090909090909
"97314/1001",NA,97314,4705,"60-64 years","female",20,16511,"Shopping",437.736572265625,437.736572265625,"car",0.0833333333333333,2,"weekday",3,"40 to 64","1-2km","bicycle",2,0.181818181818182,0.583333333333333,1.27272727272727
"97318/1000",NA,97318,4706,"45-49 years","male",20,16512,"Shopping",493.00732421875,493.00732421875,"bicycle",0.0666666666666667,0.75,"weekday",1,"40 to 64","<1km","bicycle",0.75,0.0666666666666667,0.466666666666667,0.466666666666667
"97318/1000",NA,97318,4706,"45-49 years","male",20,16513,"Shopping",493.00732421875,493.00732421875,"bicycle",0.666666666666667,0.75,"weekday",2,"40 to 64","<1km","bicycle",0.75,0.666666666666667,4.66666666666667,4.66666666666667
"97318/1000",NA,97318,4706,"45-49 years","male",20,16514,"Other",493.00732421875,493.00732421875,"bicycle",0.25,4.92,"weekday",3,"40 to 64","3-5km","bicycle",4.92,0.25,1.75,1.75
"97318/1000",NA,97318,4706,"45-49 years","male",20,16515,"Shopping",493.00732421875,493.00732421875,"bicycle",0.25,3.37,"weekday",4,"40 to 64","3-5km","bicycle",3.37,0.25,1.75,1.75
"97318/1000",NA,97318,4706,"45-49 years","male",20,16516,"Shopping",493.00732421875,493.00732421875,"bicycle",0.166666666666667,1.96,"weekday",5,"40 to 64","1-2km","bicycle",1.96,0.166666666666667,1.16666666666667,1.16666666666667
"97324/1000",NA,97324,4707,"85-89 years","female",20,16517,"Leisure",496.336608886719,496.336608886719,"walking",0.5,1.44,"weekday",1,"65 plus","1-2km","walking",1.44,0.5,3.5,3.5
"97324/1000",NA,97324,4707,"85-89 years","female",20,16518,"Leisure",496.336608886719,496.336608886719,"walking",0.5,1.44,"weekday",2,"65 plus","1-2km","walking",1.44,0.5,3.5,3.5
"97324/1001",NA,97324,4708,"85-89 years","male",20,16519,"Leisure",364.267669677734,364.267669677734,"walking",0.5,1.44,"weekday",1,"65 plus","1-2km","walking",1.44,0.5,3.5,3.5
"97324/1001",NA,97324,4708,"85-89 years","male",20,16520,"Leisure",364.267669677734,364.267669677734,"walking",0.5,1.44,"weekday",2,"65 plus","1-2km","walking",1.44,0.5,3.5,3.5
"97326/1000",NA,97326,4709,"70-74 years","female",20,16521,"Leisure",444.963592529297,444.963592529297,"walking",0.75,1.68,"weekday",1,"65 plus","1-2km","walking",1.68,0.75,5.25,5.25
"97326/1000",NA,97326,4709,"70-74 years","female",20,16522,"Leisure",444.963592529297,444.963592529297,"walking",0.75,1.68,"weekday",2,"65 plus","1-2km","walking",1.68,0.75,5.25,5.25
"97326/1000",NA,97326,4709,"70-74 years","female",20,16523,"Shopping",444.963592529297,444.963592529297,"car",0.0833333333333333,0.98,"weekday",3,"65 plus","<1km","bicycle",0.98,0.0890909090909091,0.583333333333333,0.623636363636364
"97326/1000",NA,97326,4709,"70-74 years","female",20,16524,"Shopping",444.963592529297,444.963592529297,"car",0.0833333333333333,0.98,"weekday",4,"65 plus","<1km","bicycle",0.98,0.0890909090909091,0.583333333333333,0.623636363636364
"97330/1000",NA,97330,4710,"50-54 years","male",20,16526,"Leisure",490.361968994141,490.361968994141,"car",0.0833333333333333,1.38,"weekday",2,"40 to 64","1-2km","bicycle",1.38,0.125454545454545,0.583333333333333,0.878181818181818
"97330/1000",NA,97330,4710,"50-54 years","male",20,16527,"Leisure",490.361968994141,490.361968994141,"car",0.0833333333333333,1.38,"weekday",3,"40 to 64","1-2km","bicycle",1.38,0.125454545454545,0.583333333333333,0.878181818181818
"97332/1000",NA,97332,4711,"35-39 years","male",20,16528,"Work",621.857666015625,621.857666015625,"car",0.416666666666667,10.13,"weekday",1,"20 to 39",">10km","car",10.13,0.416666666666667,2.91666666666667,2.91666666666667
"97332/1000",NA,97332,4711,"35-39 years","male",20,16529,"Work",621.857666015625,621.857666015625,"car",0.5,10.06,"weekday",2,"20 to 39",">10km","car",10.06,0.5,3.5,3.5
"97333/1000",NA,97333,4712,"45-49 years","male",20,16530,"Work",493.00732421875,493.00732421875,"car",0.5,10.72,"weekday",1,"40 to 64",">10km","car",10.72,0.5,3.5,3.5
"97333/1000",NA,97333,4712,"45-49 years","male",20,16531,"Shopping",493.00732421875,493.00732421875,"car",0.25,11.61,"weekday",2,"40 to 64",">10km","car",11.61,0.25,1.75,1.75
"97333/1000",NA,97333,4712,"45-49 years","male",20,16532,"Shopping",493.00732421875,493.00732421875,"car",0.0833333333333333,1.16,"weekday",3,"40 to 64","1-2km","bicycle",1.16,0.105454545454545,0.583333333333333,0.738181818181818
"97337/1000",NA,97337,4713,"75-79 years","male",20,16533,"Other",76.3799514770508,76.3799514770508,"car",0.25,5.02,"weekday",1,"65 plus","6-10km","car",5.02,0.25,1.75,1.75
"97337/1000",NA,97337,4713,"75-79 years","male",20,16534,"Leisure",76.3799514770508,76.3799514770508,"car",0.333333333333333,9.13,"weekday",2,"65 plus","6-10km","car",9.13,0.333333333333333,2.33333333333333,2.33333333333333
"97337/1000",NA,97337,4713,"75-79 years","male",20,16535,"Leisure",76.3799514770508,76.3799514770508,"car",0.25,3.97,"weekday",3,"65 plus","3-5km","bicycle",3.97,0.360909090909091,1.75,2.52636363636364
"97337/1000",NA,97337,4713,"75-79 years","male",20,16536,"Other",76.3799514770508,76.3799514770508,"car",0.25,5.02,"weekday",4,"65 plus","6-10km","car",5.02,0.25,1.75,1.75
"97337/1000",NA,97337,4713,"75-79 years","male",20,16537,"Other",76.3799514770508,76.3799514770508,"car",0.25,10.39,"weekday",5,"65 plus",">10km","car",10.39,0.25,1.75,1.75
"97337/1000",NA,97337,4713,"75-79 years","male",20,16538,"Other",76.3799514770508,76.3799514770508,"car",0.25,5.35,"weekday",6,"65 plus","6-10km","car",5.35,0.25,1.75,1.75
"97337/1001",NA,97337,4714,"45-49 years","female",20,16539,"Work",83.8268890380859,83.8268890380859,"car",0.25,5.02,"weekday",1,"40 to 64","6-10km","car",5.02,0.25,1.75,1.75
"97337/1001",NA,97337,4714,"45-49 years","female",20,16540,"Other",83.8268890380859,83.8268890380859,"car",0.25,10.39,"weekday",2,"40 to 64",">10km","car",10.39,0.25,1.75,1.75
"97337/1001",NA,97337,4714,"45-49 years","female",20,16541,"Other",83.8268890380859,83.8268890380859,"car",0.25,5.35,"weekday",3,"40 to 64","6-10km","car",5.35,0.25,1.75,1.75
"97337/1001",NA,97337,4714,"45-49 years","female",20,16542,"Other",83.8268890380859,83.8268890380859,"car",0.25,2.95,"weekday",4,"40 to 64","3-5km","bicycle",2.95,0.268181818181818,1.75,1.87727272727273
"97337/1001",NA,97337,4714,"45-49 years","female",20,16543,"Other",83.8268890380859,83.8268890380859,"car",0.166666666666667,2.94,"weekday",5,"40 to 64","3-5km","bicycle",2.94,0.267272727272727,1.16666666666667,1.87090909090909
"97338/1001",NA,97338,4715,"65-69 years","male",20,16544,"Shopping",133.418899536133,133.418899536133,"car",0.166666666666667,2.92,"weekday",1,"65 plus","3-5km","bicycle",2.92,0.265454545454545,1.16666666666667,1.85818181818182
"97338/1001",NA,97338,4715,"65-69 years","male",20,16545,"Shopping",133.418899536133,133.418899536133,"car",0.333333333333333,7.08,"weekday",2,"65 plus","6-10km","car",7.08,0.333333333333333,2.33333333333333,2.33333333333333
"97338/1001",NA,97338,4715,"65-69 years","male",20,16546,"Shopping",133.418899536133,133.418899536133,"car",0.25,6.68,"weekday",3,"65 plus","6-10km","car",6.68,0.25,1.75,1.75
"97338/1002",NA,97338,4716,"35-39 years","male",20,16547,"Work",97.0498886108398,97.0498886108398,"car",0.166666666666667,4.77,"weekday",1,"20 to 39","3-5km","bicycle",4.77,0.433636363636364,1.16666666666667,3.03545454545455
"97338/1002",NA,97338,4716,"35-39 years","male",20,16548,"Work",97.0498886108398,97.0498886108398,"car",0.25,4.93,"weekday",2,"20 to 39","3-5km","bicycle",4.93,0.448181818181818,1.75,3.13727272727273
"97338/1003",NA,97338,4717,"15-19 years","male",20,16549,"Work",162.666137695312,162.666137695312,"car",0.25,9.93,"weekday",1,"15 to 19","6-10km","car",9.93,0.25,1.75,1.75
"97338/1003",NA,97338,4717,"15-19 years","male",20,16550,"Work",162.666137695312,162.666137695312,"car",0.5,8.47,"weekday",2,"15 to 19","6-10km","car",8.47,0.5,3.5,3.5
"97342/1000",NA,97342,4718,"35-39 years","female",20,16551,"Leisure",522.818908691406,522.818908691406,"bicycle",0.5,4.65,"weekday",1,"20 to 39","3-5km","bicycle",4.65,0.5,3.5,3.5
"97342/1000",NA,97342,4718,"35-39 years","female",20,16552,"Leisure",522.818908691406,522.818908691406,"bicycle",0.5,4.65,"weekday",2,"20 to 39","3-5km","bicycle",4.65,0.5,3.5,3.5
"97342/1000",NA,97342,4718,"35-39 years","female",20,16553,"Work",522.818908691406,522.818908691406,"car",0.5,9.79,"weekday",3,"20 to 39","6-10km","car",9.79,0.5,3.5,3.5
"97342/1000",NA,97342,4718,"35-39 years","female",20,16554,"Work",522.818908691406,522.818908691406,"car",0.5,17.88,"weekday",4,"20 to 39",">10km","car",17.88,0.5,3.5,3.5
"97342/1000",NA,97342,4718,"35-39 years","female",20,16555,"Work",522.818908691406,522.818908691406,"car",0.5,10.09,"weekday",5,"20 to 39",">10km","car",10.09,0.5,3.5,3.5
"97342/1000",NA,97342,4718,"35-39 years","female",20,16556,"Leisure",522.818908691406,522.818908691406,"bicycle",0.416666666666667,3.31,"weekday",6,"20 to 39","3-5km","bicycle",3.31,0.416666666666667,2.91666666666667,2.91666666666667
"97342/1000",NA,97342,4718,"35-39 years","female",20,16557,"Leisure",522.818908691406,522.818908691406,"bicycle",0.5,3.31,"weekday",7,"20 to 39","3-5km","bicycle",3.31,0.5,3.5,3.5
"97342/1001",NA,97342,4719,"35-39 years","female",20,16558,"Leisure",522.818908691406,522.818908691406,"bicycle",0.5,4.65,"weekday",1,"20 to 39","3-5km","bicycle",4.65,0.5,3.5,3.5
"97342/1001",NA,97342,4719,"35-39 years","female",20,16559,"Leisure",522.818908691406,522.818908691406,"bicycle",0.5,4.65,"weekday",2,"20 to 39","3-5km","bicycle",4.65,0.5,3.5,3.5
"97342/1001",NA,97342,4719,"35-39 years","female",20,16560,"Work",522.818908691406,522.818908691406,"bicycle",0.5,3.89,"weekday",3,"20 to 39","3-5km","bicycle",3.89,0.5,3.5,3.5
"97342/1001",NA,97342,4719,"35-39 years","female",20,16561,"Work",522.818908691406,522.818908691406,"bicycle",0.5,3.89,"weekday",4,"20 to 39","3-5km","bicycle",3.89,0.5,3.5,3.5
"97342/1001",NA,97342,4719,"35-39 years","female",20,16562,"Leisure",522.818908691406,522.818908691406,"bicycle",0.416666666666667,3.31,"weekday",5,"20 to 39","3-5km","bicycle",3.31,0.416666666666667,2.91666666666667,2.91666666666667
"97342/1001",NA,97342,4719,"35-39 years","female",20,16563,"Leisure",522.818908691406,522.818908691406,"bicycle",0.5,3.31,"weekday",6,"20 to 39","3-5km","bicycle",3.31,0.5,3.5,3.5
"97343/1000",NA,97343,4720,"45-49 years","female",20,16564,"Work",589.9345703125,589.9345703125,"car",0.25,2.91,"weekday",1,"40 to 64","3-5km","bicycle",2.91,0.264545454545455,1.75,1.85181818181818
"97343/1000",NA,97343,4720,"45-49 years","female",20,16565,"Leisure",589.9345703125,589.9345703125,"car",0.25,2.33,"weekday",2,"40 to 64","3-5km","bicycle",2.33,0.211818181818182,1.75,1.48272727272727
"97343/1000",NA,97343,4720,"45-49 years","female",20,16566,"Other",589.9345703125,589.9345703125,"car",0.0833333333333333,1.15,"weekday",3,"40 to 64","1-2km","bicycle",1.15,0.104545454545455,0.583333333333333,0.731818181818182
"97343/1000",NA,97343,4720,"45-49 years","female",20,16567,"Shopping",589.9345703125,589.9345703125,"car",0.166666666666667,1.52,"weekday",4,"40 to 64","1-2km","bicycle",1.52,0.138181818181818,1.16666666666667,0.967272727272727
"97343/1000",NA,97343,4720,"45-49 years","female",20,16568,"Shopping",589.9345703125,589.9345703125,"car",0.166666666666667,0.91,"weekday",5,"40 to 64","<1km","bicycle",0.91,0.0827272727272727,1.16666666666667,0.579090909090909
"97348/1000",NA,97348,4721,"65-69 years","male",20,16569,"Shopping",351.451293945312,351.451293945312,"car",0.25,3.09,"weekday",1,"65 plus","3-5km","bicycle",3.09,0.280909090909091,1.75,1.96636363636364
"97348/1000",NA,97348,4721,"65-69 years","male",20,16570,"Leisure",351.451293945312,351.451293945312,"walking",0.516666666666667,1.35,"weekday",2,"65 plus","1-2km","walking",1.35,0.516666666666667,3.61666666666667,3.61666666666667
"97348/1000",NA,97348,4721,"65-69 years","male",20,16571,"Leisure",351.451293945312,351.451293945312,"walking",0.65,1.9,"weekday",3,"65 plus","1-2km","walking",1.9,0.65,4.55,4.55
"97348/1000",NA,97348,4721,"65-69 years","male",20,16572,"Leisure",351.451293945312,351.451293945312,"public.transport",0.166666666666667,2.33,"weekday",3,"65 plus","3-5km","public.transport",2.33,0.166666666666667,1.16666666666667,1.16666666666667
"97348/1000",NA,97348,4721,"65-69 years","male",20,16573,"Leisure",351.451293945312,351.451293945312,"walking",0.0833333333333333,0.4,"weekday",3,"65 plus","<1km","walking",0.4,0.0833333333333333,0.583333333333333,0.583333333333333
"97348/1001",NA,97348,4722,"65-69 years","female",20,16574,"Other",304.822784423828,304.822784423828,"car",0.0833333333333333,1.12,"weekday",1,"65 plus","1-2km","bicycle",1.12,0.101818181818182,0.583333333333333,0.712727272727273
"97348/1001",NA,97348,4722,"65-69 years","female",20,16575,"Other",304.822784423828,304.822784423828,"car",0.1,1.12,"weekday",2,"65 plus","1-2km","bicycle",1.12,0.101818181818182,0.7,0.712727272727273
"97348/1001",NA,97348,4722,"65-69 years","female",20,16576,"Other",304.822784423828,304.822784423828,"car",0.25,3.09,"weekday",3,"65 plus","3-5km","bicycle",3.09,0.280909090909091,1.75,1.96636363636364
"97348/1001",NA,97348,4722,"65-69 years","female",20,16577,"Shopping",304.822784423828,304.822784423828,"car",0.25,3.77,"weekday",4,"65 plus","3-5km","bicycle",3.77,0.342727272727273,1.75,2.39909090909091
"97348/1001",NA,97348,4722,"65-69 years","female",20,16578,"Shopping",304.822784423828,304.822784423828,"car",0.166666666666667,1.27,"weekday",5,"65 plus","1-2km","bicycle",1.27,0.115454545454545,1.16666666666667,0.808181818181818
"97348/1001",NA,97348,4722,"65-69 years","female",20,16579,"Other",304.822784423828,304.822784423828,"car",0.383333333333333,5.58,"weekday",6,"65 plus","6-10km","car",5.58,0.383333333333333,2.68333333333333,2.68333333333333
"97348/1001",NA,97348,4722,"65-69 years","female",20,16580,"Other",304.822784423828,304.822784423828,"car",0.2,2.26,"weekday",7,"65 plus","3-5km","bicycle",2.26,0.205454545454545,1.4,1.43818181818182
"97356/1000",NA,97356,4723,"55-59 years","female",20,16582,"Leisure",507.188659667969,507.188659667969,"walking",0.416666666666667,1.35,"weekday",2,"40 to 64","1-2km","walking",1.35,0.416666666666667,2.91666666666667,2.91666666666667
"97356/1000",NA,97356,4723,"55-59 years","female",20,16583,"Leisure",507.188659667969,507.188659667969,"walking",0.333333333333333,1.35,"weekday",3,"40 to 64","1-2km","walking",1.35,0.333333333333333,2.33333333333333,2.33333333333333
"97358/1000",NA,97358,4724,"30-34 years","male",20,16584,"Work",893.932983398438,893.932983398438,"bicycle",0.333333333333333,1.53,"weekday",1,"20 to 39","1-2km","bicycle",1.53,0.333333333333333,2.33333333333333,2.33333333333333
"97358/1000",NA,97358,4724,"30-34 years","male",20,16585,"Shopping",893.932983398438,893.932983398438,"walking",0.0833333333333333,0.2,"weekday",2,"20 to 39","<1km","walking",0.2,0.0833333333333333,0.583333333333333,0.583333333333333
"97358/1000",NA,97358,4724,"30-34 years","male",20,16586,"Work",893.932983398438,893.932983398438,"walking",0.0833333333333333,0.2,"weekday",3,"20 to 39","<1km","walking",0.2,0.0833333333333333,0.583333333333333,0.583333333333333
"97358/1000",NA,97358,4724,"30-34 years","male",20,16587,"Work",893.932983398438,893.932983398438,"bicycle",0.333333333333333,1.53,"weekday",4,"20 to 39","1-2km","bicycle",1.53,0.333333333333333,2.33333333333333,2.33333333333333
"97381/1000",NA,97381,4725,"50-54 years","male",20,16588,"Work",205.661956787109,205.661956787109,"car",4,293.34,"weekday",1,"40 to 64",">10km","car",293.34,4,28,28
"97381/1000",NA,97381,4725,"50-54 years","male",20,16589,"Work",205.661956787109,205.661956787109,"car",4,293.17,"weekday",2,"40 to 64",">10km","car",293.17,4,28,28
"97381/1001",NA,97381,4726,"40-44 years","female",20,16590,"Work",259.748474121094,259.748474121094,"car",0.25,11.83,"weekday",1,"40 to 64",">10km","car",11.83,0.25,1.75,1.75
"97381/1001",NA,97381,4726,"40-44 years","female",20,16591,"Work",259.748474121094,259.748474121094,"car",0.25,11.77,"weekday",2,"40 to 64",">10km","car",11.77,0.25,1.75,1.75
"97381/1002",NA,97381,4727,"20-24 years","male",20,16592,"Other",237.361145019531,237.361145019531,"car",4,293.34,"weekday",1,"20 to 39",">10km","car",293.34,4,28,28
"97381/1002",NA,97381,4727,"20-24 years","male",20,16593,"Other",237.361145019531,237.361145019531,"car",4,293.17,"weekday",2,"20 to 39",">10km","car",293.17,4,28,28
"97392/1000",NA,97392,4728,"70-74 years","female",20,16594,"Other",148.091735839844,148.091735839844,"car",0.166666666666667,7.69,"weekday",1,"65 plus","6-10km","car",7.69,0.166666666666667,1.16666666666667,1.16666666666667
"97392/1000",NA,97392,4728,"70-74 years","female",20,16595,"Other",148.091735839844,148.091735839844,"car",0.25,7.63,"weekday",2,"65 plus","6-10km","car",7.63,0.25,1.75,1.75
"97392/1000",NA,97392,4728,"70-74 years","female",20,16596,"Leisure",148.091735839844,148.091735839844,"car",0.166666666666667,6.15,"weekday",3,"65 plus","6-10km","car",6.15,0.166666666666667,1.16666666666667,1.16666666666667
"97392/1000",NA,97392,4728,"70-74 years","female",20,16597,"Leisure",148.091735839844,148.091735839844,"car",0.166666666666667,6.09,"weekday",4,"65 plus","6-10km","car",6.09,0.166666666666667,1.16666666666667,1.16666666666667
"97392/1001",NA,97392,4729,"70-74 years","male",20,16598,"Leisure",123.979629516602,123.979629516602,"car",0.166666666666667,6.15,"weekday",1,"65 plus","6-10km","car",6.15,0.166666666666667,1.16666666666667,1.16666666666667
"97392/1001",NA,97392,4729,"70-74 years","male",20,16599,"Leisure",123.979629516602,123.979629516602,"car",0.166666666666667,6.09,"weekday",2,"65 plus","6-10km","car",6.09,0.166666666666667,1.16666666666667,1.16666666666667
"97395/1000",NA,97395,4730,"35-39 years","female",20,16600,"Other",205.37922668457,205.37922668457,"car",0.0833333333333333,0.59,"weekday",1,"20 to 39","<1km","bicycle",0.59,0.0536363636363636,0.583333333333333,0.375454545454545
"97395/1000",NA,97395,4730,"35-39 years","female",20,16601,"Other",205.37922668457,205.37922668457,"car",0.0833333333333333,0.94,"weekday",2,"20 to 39","<1km","bicycle",0.94,0.0854545454545454,0.583333333333333,0.598181818181818
"97395/1000",NA,97395,4730,"35-39 years","female",20,16602,"Other",205.37922668457,205.37922668457,"car",0.0333333333333333,0.59,"weekday",3,"20 to 39","<1km","bicycle",0.59,0.0536363636363636,0.233333333333333,0.375454545454545
"97395/1000",NA,97395,4730,"35-39 years","female",20,16603,"Other",205.37922668457,205.37922668457,"car",0.05,0.94,"weekday",4,"20 to 39","<1km","bicycle",0.94,0.0854545454545454,0.35,0.598181818181818
"97396/1000",NA,97396,4731,"30-34 years","male",20,16604,"Shopping",243.462539672852,243.462539672852,"car",0.166666666666667,1.68,"weekday",1,"20 to 39","1-2km","bicycle",1.68,0.152727272727273,1.16666666666667,1.06909090909091
"97396/1000",NA,97396,4731,"30-34 years","male",20,16605,"Shopping",243.462539672852,243.462539672852,"car",0.166666666666667,1.65,"weekday",2,"20 to 39","1-2km","bicycle",1.65,0.15,1.16666666666667,1.05
"97396/1001",NA,97396,4732,"30-34 years","male",20,16606,"Work",243.462539672852,243.462539672852,"car",0.333333333333333,10.55,"weekday",1,"20 to 39",">10km","car",10.55,0.333333333333333,2.33333333333333,2.33333333333333
"97396/1001",NA,97396,4732,"30-34 years","male",20,16607,"Work",243.462539672852,243.462539672852,"car",0.333333333333333,10.42,"weekday",2,"20 to 39",">10km","car",10.42,0.333333333333333,2.33333333333333,2.33333333333333
"97396/1002",NA,97396,4733,"30-34 years","male",20,16608,"Work",243.462539672852,243.462539672852,"car",0.333333333333333,10.55,"weekday",1,"20 to 39",">10km","car",10.55,0.333333333333333,2.33333333333333,2.33333333333333
"97396/1002",NA,97396,4733,"30-34 years","male",20,16609,"Work",243.462539672852,243.462539672852,"car",0.333333333333333,10.42,"weekday",2,"20 to 39",">10km","car",10.42,0.333333333333333,2.33333333333333,2.33333333333333
"97396/1003",NA,97396,4734,"50-54 years","male",20,16610,"Shopping",205.661956787109,205.661956787109,"car",0.166666666666667,1.68,"weekday",1,"40 to 64","1-2km","bicycle",1.68,0.152727272727273,1.16666666666667,1.06909090909091
"97396/1003",NA,97396,4734,"50-54 years","male",20,16611,"Shopping",205.661956787109,205.661956787109,"car",0.166666666666667,1.65,"weekday",2,"40 to 64","1-2km","bicycle",1.65,0.15,1.16666666666667,1.05
"97397/1000",NA,97397,4735,"40-44 years","female",20,16612,"Leisure",315.374176025391,315.374176025391,"walking",0.5,1.74,"weekday",1,"40 to 64","1-2km","walking",1.74,0.5,3.5,3.5
"97397/1000",NA,97397,4735,"40-44 years","female",20,16613,"Leisure",315.374176025391,315.374176025391,"walking",0.5,1.74,"weekday",2,"40 to 64","1-2km","walking",1.74,0.5,3.5,3.5
"97397/1000",NA,97397,4735,"40-44 years","female",20,16614,"Shopping",315.374176025391,315.374176025391,"walking",0.25,0.91,"weekday",3,"40 to 64","<1km","walking",0.91,0.25,1.75,1.75
"97397/1000",NA,97397,4735,"40-44 years","female",20,16615,"Shopping",315.374176025391,315.374176025391,"walking",0.25,0.91,"weekday",4,"40 to 64","<1km","walking",0.91,0.25,1.75,1.75
"97397/1003",NA,97397,4736,"15-19 years","female",20,16616,"Education",282.893920898438,282.893920898438,"car",0.483333333333333,19.68,"weekday",1,"15 to 19",">10km","car",19.68,0.483333333333333,3.38333333333333,3.38333333333333
"97397/1003",NA,97397,4736,"15-19 years","female",20,16617,"Education",282.893920898438,282.893920898438,"car",0.5,19.75,"weekday",2,"15 to 19",">10km","car",19.75,0.5,3.5,3.5
"97399/1000",NA,97399,4737,"50-54 years","male",20,16618,"Work",184.723663330078,184.723663330078,"car",0.333333333333333,17.28,"weekday",1,"40 to 64",">10km","car",17.28,0.333333333333333,2.33333333333333,2.33333333333333
"97399/1000",NA,97399,4737,"50-54 years","male",20,16619,"Work",184.723663330078,184.723663330078,"car",1.41666666666667,16.82,"weekday",2,"40 to 64",">10km","car",16.82,1.41666666666667,9.91666666666667,9.91666666666667
"97399/1001",NA,97399,4738,"45-49 years","female",20,16620,"Shopping",159.034194946289,159.034194946289,"car",0.05,1.17,"weekday",1,"40 to 64","1-2km","bicycle",1.17,0.106363636363636,0.35,0.744545454545455
"97399/1001",NA,97399,4738,"45-49 years","female",20,16621,"Shopping",159.034194946289,159.034194946289,"car",0.05,1.19,"weekday",2,"40 to 64","1-2km","bicycle",1.19,0.108181818181818,0.35,0.757272727272727
"97404/1000",NA,97404,4739,"70-74 years","female",20,16622,"Shopping",119.05738067627,119.05738067627,"car",0.25,4.18,"weekday",1,"65 plus","3-5km","bicycle",4.18,0.38,1.75,2.66
"97404/1000",NA,97404,4739,"70-74 years","female",20,16623,"Shopping",119.05738067627,119.05738067627,"car",0.25,4.09,"weekday",2,"65 plus","3-5km","bicycle",4.09,0.371818181818182,1.75,2.60272727272727
"97412/1000",NA,97412,4740,"50-54 years","female",20,16624,"Shopping",193.905059814453,193.905059814453,"car",0.833333333333333,27.89,"weekday",1,"40 to 64",">10km","car",27.89,0.833333333333333,5.83333333333333,5.83333333333333
"97412/1000",NA,97412,4740,"50-54 years","female",20,16625,"Shopping",193.905059814453,193.905059814453,"car",0.5,27.77,"weekday",2,"40 to 64",">10km","car",27.77,0.5,3.5,3.5
"97412/1000",NA,97412,4740,"50-54 years","female",20,16626,"Work",193.905059814453,193.905059814453,"car",0.333333333333333,10.31,"weekday",3,"40 to 64",">10km","car",10.31,0.333333333333333,2.33333333333333,2.33333333333333
"97412/1000",NA,97412,4740,"50-54 years","female",20,16627,"Work",193.905059814453,193.905059814453,"car",0.5,10.32,"weekday",4,"40 to 64",">10km","car",10.32,0.5,3.5,3.5
"97412/1001",NA,97412,4741,"50-54 years","male",20,16628,"Work",184.872970581055,184.872970581055,"car",0.333333333333333,10.31,"weekday",1,"40 to 64",">10km","car",10.31,0.333333333333333,2.33333333333333,2.33333333333333
"97412/1001",NA,97412,4741,"50-54 years","male",20,16629,"Work",184.872970581055,184.872970581055,"car",0.466666666666667,10.32,"weekday",2,"40 to 64",">10km","car",10.32,0.466666666666667,3.26666666666667,3.26666666666667
"97422/1000",NA,97422,4742,"65-69 years","female",20,16630,"Shopping",158.535507202148,158.535507202148,"car",0.333333333333333,10.9,"weekday",1,"65 plus",">10km","car",10.9,0.333333333333333,2.33333333333333,2.33333333333333
"97422/1000",NA,97422,4742,"65-69 years","female",20,16631,"Shopping",158.535507202148,158.535507202148,"car",1,10.88,"weekday",2,"65 plus",">10km","car",10.88,1,7,7
"97422/1001",NA,97422,4743,"65-69 years","male",20,16632,"Shopping",151.590209960938,151.590209960938,"car",0.333333333333333,10.9,"weekday",1,"65 plus",">10km","car",10.9,0.333333333333333,2.33333333333333,2.33333333333333
"97422/1001",NA,97422,4743,"65-69 years","male",20,16633,"Shopping",151.590209960938,151.590209960938,"car",1,10.88,"weekday",2,"65 plus",">10km","car",10.88,1,7,7
"97427/1000",NA,97427,4744,"35-39 years","female",20,16634,"Other",414.036376953125,414.036376953125,"car",0.25,6.96,"weekday",1,"20 to 39","6-10km","car",6.96,0.25,1.75,1.75
"97427/1000",NA,97427,4744,"35-39 years","female",20,16635,"Other",414.036376953125,414.036376953125,"car",0.25,7.01,"weekday",2,"20 to 39","6-10km","car",7.01,0.25,1.75,1.75
"97427/1000",NA,97427,4744,"35-39 years","female",20,16636,"Other",414.036376953125,414.036376953125,"car",0.25,6.96,"weekday",3,"20 to 39","6-10km","car",6.96,0.25,1.75,1.75
"97427/1000",NA,97427,4744,"35-39 years","female",20,16637,"Other",414.036376953125,414.036376953125,"car",0.333333333333333,3.66,"weekday",4,"20 to 39","3-5km","bicycle",3.66,0.332727272727273,2.33333333333333,2.32909090909091
"97427/1000",NA,97427,4744,"35-39 years","female",20,16638,"Leisure",414.036376953125,414.036376953125,"car",0.416666666666667,26.33,"weekday",5,"20 to 39",">10km","car",26.33,0.416666666666667,2.91666666666667,2.91666666666667
"97427/1000",NA,97427,4744,"35-39 years","female",20,16639,"Leisure",414.036376953125,414.036376953125,"car",0.716666666666667,29.51,"weekday",6,"20 to 39",">10km","car",29.51,0.716666666666667,5.01666666666667,5.01666666666667
"97433/1000",NA,97433,4745,"70-74 years","male",20,16640,"Leisure",368.036743164062,368.036743164062,"car",1.25,71.12,"weekday",1,"65 plus",">10km","car",71.12,1.25,8.75,8.75
"97433/1000",NA,97433,4745,"70-74 years","male",20,16641,"Leisure",368.036743164062,368.036743164062,"car",1.25,70.69,"weekday",2,"65 plus",">10km","car",70.69,1.25,8.75,8.75
"97433/1000",NA,97433,4745,"70-74 years","male",20,16642,"Leisure",368.036743164062,368.036743164062,"walking",0.333333333333333,1.24,"weekday",3,"65 plus","1-2km","walking",1.24,0.333333333333333,2.33333333333333,2.33333333333333
"97433/1000",NA,97433,4745,"70-74 years","male",20,16643,"Leisure",368.036743164062,368.036743164062,"walking",0.333333333333333,1.24,"weekday",4,"65 plus","1-2km","walking",1.24,0.333333333333333,2.33333333333333,2.33333333333333
"97433/1001",NA,97433,4746,"60-64 years","female",20,16644,"Leisure",437.736572265625,437.736572265625,"car",1.25,71.12,"weekday",1,"40 to 64",">10km","car",71.12,1.25,8.75,8.75
"97433/1001",NA,97433,4746,"60-64 years","female",20,16645,"Leisure",437.736572265625,437.736572265625,"car",1.25,70.69,"weekday",2,"40 to 64",">10km","car",70.69,1.25,8.75,8.75
"97433/1001",NA,97433,4746,"60-64 years","female",20,16646,"Leisure",437.736572265625,437.736572265625,"walking",0.333333333333333,1.24,"weekday",3,"40 to 64","1-2km","walking",1.24,0.333333333333333,2.33333333333333,2.33333333333333
"97433/1001",NA,97433,4746,"60-64 years","female",20,16647,"Leisure",437.736572265625,437.736572265625,"walking",0.333333333333333,1.24,"weekday",4,"40 to 64","1-2km","walking",1.24,0.333333333333333,2.33333333333333,2.33333333333333
"97438/1001",NA,97438,4747,"40-44 years","female",20,16648,"Work",175.531768798828,175.531768798828,"car",0.0833333333333333,1.19,"weekday",1,"40 to 64","1-2km","bicycle",1.19,0.108181818181818,0.583333333333333,0.757272727272727
"97438/1001",NA,97438,4747,"40-44 years","female",20,16649,"Other",175.531768798828,175.531768798828,"car",0.166666666666667,2.25,"weekday",2,"40 to 64","3-5km","bicycle",2.25,0.204545454545455,1.16666666666667,1.43181818181818
"97438/1001",NA,97438,4747,"40-44 years","female",20,16650,"Other",175.531768798828,175.531768798828,"car",0.15,1.73,"weekday",3,"40 to 64","1-2km","bicycle",1.73,0.157272727272727,1.05,1.10090909090909
"97453/1000",NA,97453,4748,"30-34 years","female",20,16651,"Work",721.209655761719,721.209655761719,"walking",0.416666666666667,2.16,"weekday",1,"20 to 39","3-5km","walking",2.16,0.416666666666667,2.91666666666667,2.91666666666667
"97453/1000",NA,97453,4748,"30-34 years","female",20,16652,"Work",721.209655761719,721.209655761719,"walking",0.416666666666667,2.16,"weekday",2,"20 to 39","3-5km","walking",2.16,0.416666666666667,2.91666666666667,2.91666666666667
"97453/1000",NA,97453,4748,"30-34 years","female",20,16653,"Shopping",721.209655761719,721.209655761719,"car",0.166666666666667,0.91,"weekday",3,"20 to 39","<1km","bicycle",0.91,0.0827272727272727,1.16666666666667,0.579090909090909
"97453/1000",NA,97453,4748,"30-34 years","female",20,16654,"Shopping",721.209655761719,721.209655761719,"car",0.166666666666667,0.91,"weekday",4,"20 to 39","<1km","bicycle",0.91,0.0827272727272727,1.16666666666667,0.579090909090909
"97457/1000",NA,97457,4749,"60-64 years","male",20,16655,"Work",118.489356994629,118.489356994629,"car",0.583333333333333,23.16,"weekday",1,"40 to 64",">10km","car",23.16,0.583333333333333,4.08333333333333,4.08333333333333
"97457/1000",NA,97457,4749,"60-64 years","male",20,16656,"Work",118.489356994629,118.489356994629,"car",0.75,23.12,"weekday",2,"40 to 64",">10km","car",23.12,0.75,5.25,5.25
"97457/1000",NA,97457,4749,"60-64 years","male",20,16657,"Leisure",118.489356994629,118.489356994629,"walking",0.333333333333333,0.58,"weekday",3,"40 to 64","<1km","walking",0.58,0.333333333333333,2.33333333333333,2.33333333333333
"97457/1000",NA,97457,4749,"60-64 years","male",20,16658,"Leisure",118.489356994629,118.489356994629,"walking",0.333333333333333,0.58,"weekday",4,"40 to 64","<1km","walking",0.58,0.333333333333333,2.33333333333333,2.33333333333333
"97460/1000",NA,97460,4750,"60-64 years","male",20,16659,"Work",136.299453735352,136.299453735352,"car",0.5,30.41,"weekday",1,"40 to 64",">10km","car",30.41,0.5,3.5,3.5
"97460/1000",NA,97460,4750,"60-64 years","male",20,16660,"Work",136.299453735352,136.299453735352,"car",1,30.48,"weekday",2,"40 to 64",">10km","car",30.48,1,7,7
"97460/1001",NA,97460,4751,"50-54 years","female",20,16661,"Work",100.969757080078,100.969757080078,"car",1,27.21,"weekday",1,"40 to 64",">10km","car",27.21,1,7,7
"97460/1001",NA,97460,4751,"50-54 years","female",20,16662,"Work",100.969757080078,100.969757080078,"car",1.5,26.77,"weekday",2,"40 to 64",">10km","car",26.77,1.5,10.5,10.5
"97460/1002",NA,97460,4752,"25-29 years","male",20,16663,"Work",117.837989807129,117.837989807129,"car",1,31.24,"weekday",1,"20 to 39",">10km","car",31.24,1,7,7
"97460/1002",NA,97460,4752,"25-29 years","male",20,16664,"Work",117.837989807129,117.837989807129,"car",1,31.68,"weekday",2,"20 to 39",">10km","car",31.68,1,7,7
"97460/1003",NA,97460,4753,"20-24 years","male",20,16665,"Work",170.835174560547,170.835174560547,"car",1.5,57.21,"weekday",1,"20 to 39",">10km","car",57.21,1.5,10.5,10.5
"97460/1003",NA,97460,4753,"20-24 years","male",20,16666,"Work",170.835174560547,170.835174560547,"car",1,59.02,"weekday",2,"20 to 39",">10km","car",59.02,1,7,7
"97460/1003",NA,97460,4753,"20-24 years","male",20,16667,"Shopping",170.835174560547,170.835174560547,"car",0.0833333333333333,3.17,"weekday",3,"20 to 39","3-5km","bicycle",3.17,0.288181818181818,0.583333333333333,2.01727272727273
"97460/1003",NA,97460,4753,"20-24 years","male",20,16669,"Leisure",170.835174560547,170.835174560547,"car",0.0833333333333333,3.15,"weekday",5,"20 to 39","3-5km","bicycle",3.15,0.286363636363636,0.583333333333333,2.00454545454545
"97671/1001",NA,97671,4754,"20-24 years","male",20,16670,"Work",199.705612182617,199.705612182617,"car",0.25,11.58,"weekday",1,"20 to 39",">10km","car",11.58,0.25,1.75,1.75
"97671/1001",NA,97671,4754,"20-24 years","male",20,16671,"Work",199.705612182617,199.705612182617,"car",0.333333333333333,11.27,"weekday",2,"20 to 39",">10km","car",11.27,0.333333333333333,2.33333333333333,2.33333333333333
"97672/1000",NA,97672,4755,"30-34 years","male",20,16672,"Work",187.17204284668,187.17204284668,"car",0.166666666666667,7.99,"weekday",1,"20 to 39","6-10km","car",7.99,0.166666666666667,1.16666666666667,1.16666666666667
"97672/1000",NA,97672,4755,"30-34 years","male",20,16673,"Work",187.17204284668,187.17204284668,"car",0.166666666666667,7.98,"weekday",2,"20 to 39","6-10km","car",7.98,0.166666666666667,1.16666666666667,1.16666666666667
"97672/1001",NA,97672,4756,"30-34 years","female",20,16674,"Shopping",157.198715209961,157.198715209961,"car",0.0833333333333333,4.71,"weekday",1,"20 to 39","3-5km","bicycle",4.71,0.428181818181818,0.583333333333333,2.99727272727273
"97672/1001",NA,97672,4756,"30-34 years","female",20,16675,"Shopping",157.198715209961,157.198715209961,"car",0.0833333333333333,4.71,"weekday",2,"20 to 39","3-5km","bicycle",4.71,0.428181818181818,0.583333333333333,2.99727272727273
"97674/1000",NA,97674,4757,"30-34 years","male",20,16676,"Work",160.394088745117,160.394088745117,"car",0.333333333333333,20.93,"weekday",1,"20 to 39",">10km","car",20.93,0.333333333333333,2.33333333333333,2.33333333333333
"97674/1000",NA,97674,4757,"30-34 years","male",20,16677,"Work",160.394088745117,160.394088745117,"car",0.25,21.13,"weekday",2,"20 to 39",">10km","car",21.13,0.25,1.75,1.75
"97702/1000",NA,97702,4758,"65-69 years","female",20,16678,"Other",129.623992919922,129.623992919922,"car",0.166666666666667,7.84,"weekday",1,"65 plus","6-10km","car",7.84,0.166666666666667,1.16666666666667,1.16666666666667
"97702/1000",NA,97702,4758,"65-69 years","female",20,16679,"Shopping",129.623992919922,129.623992919922,"car",0.166666666666667,5.03,"weekday",2,"65 plus","6-10km","car",5.03,0.166666666666667,1.16666666666667,1.16666666666667
"97702/1000",NA,97702,4758,"65-69 years","female",20,16680,"Shopping",129.623992919922,129.623992919922,"car",0.166666666666667,3.9,"weekday",3,"65 plus","3-5km","bicycle",3.9,0.354545454545455,1.16666666666667,2.48181818181818
"97709/1000",NA,97709,4759,"35-39 years","female",20,16681,"Other",298.092132568359,298.092132568359,"car",0.25,7.19,"weekday",1,"20 to 39","6-10km","car",7.19,0.25,1.75,1.75
"97709/1000",NA,97709,4759,"35-39 years","female",20,16682,"Other",298.092132568359,298.092132568359,"car",0.166666666666667,7.19,"weekday",2,"20 to 39","6-10km","car",7.19,0.166666666666667,1.16666666666667,1.16666666666667
"97709/1000",NA,97709,4759,"35-39 years","female",20,16683,"Other",298.092132568359,298.092132568359,"car",0.25,7.19,"weekday",3,"20 to 39","6-10km","car",7.19,0.25,1.75,1.75
"97709/1000",NA,97709,4759,"35-39 years","female",20,16684,"Other",298.092132568359,298.092132568359,"car",0.416666666666667,7.19,"weekday",4,"20 to 39","6-10km","car",7.19,0.416666666666667,2.91666666666667,2.91666666666667
"97709/1001",NA,97709,4760,"35-39 years","male",20,16685,"Work",315.360321044922,315.360321044922,"car",0.5,22.31,"weekday",1,"20 to 39",">10km","car",22.31,0.5,3.5,3.5
"97709/1001",NA,97709,4760,"35-39 years","male",20,16686,"Work",315.360321044922,315.360321044922,"car",0.666666666666667,22.29,"weekday",2,"20 to 39",">10km","car",22.29,0.666666666666667,4.66666666666667,4.66666666666667
"97713/1000",NA,97713,4761,"35-39 years","female",20,16687,"Other",245.514633178711,245.514633178711,"car",0.25,7.59,"weekday",1,"20 to 39","6-10km","car",7.59,0.25,1.75,1.75
"97713/1000",NA,97713,4761,"35-39 years","female",20,16688,"Work",245.514633178711,245.514633178711,"car",0.416666666666667,18.49,"weekday",2,"20 to 39",">10km","car",18.49,0.416666666666667,2.91666666666667,2.91666666666667
"97713/1000",NA,97713,4761,"35-39 years","female",20,16689,"Other",245.514633178711,245.514633178711,"car",0.75,18.48,"weekday",3,"20 to 39",">10km","car",18.48,0.75,5.25,5.25
"97713/1000",NA,97713,4761,"35-39 years","female",20,16690,"Other",245.514633178711,245.514633178711,"car",0.166666666666667,7.62,"weekday",4,"20 to 39","6-10km","car",7.62,0.166666666666667,1.16666666666667,1.16666666666667
"97713/1000",NA,97713,4761,"35-39 years","female",20,16691,"Leisure",245.514633178711,245.514633178711,"car",0.333333333333333,7.48,"weekday",5,"20 to 39","6-10km","car",7.48,0.333333333333333,2.33333333333333,2.33333333333333
"97713/1000",NA,97713,4761,"35-39 years","female",20,16692,"Leisure",245.514633178711,245.514633178711,"car",0.333333333333333,7.44,"weekday",6,"20 to 39","6-10km","car",7.44,0.333333333333333,2.33333333333333,2.33333333333333
"97713/1001",NA,97713,4762,"40-44 years","male",20,16693,"Work",369.611175537109,369.611175537109,"car",0.75,33,"weekday",1,"40 to 64",">10km","car",33,0.75,5.25,5.25
"97713/1001",NA,97713,4762,"40-44 years","male",20,16694,"Leisure",369.611175537109,369.611175537109,"car",0.833333333333333,25.24,"weekday",2,"40 to 64",">10km","car",25.24,0.833333333333333,5.83333333333333,5.83333333333333
"97713/1001",NA,97713,4762,"40-44 years","male",20,16695,"Leisure",369.611175537109,369.611175537109,"car",0.166666666666667,7.44,"weekday",3,"40 to 64","6-10km","car",7.44,0.166666666666667,1.16666666666667,1.16666666666667
"97717/1000",NA,97717,4763,"45-49 years","male",20,16696,"Work",269.638153076172,269.638153076172,"car",1,69.47,"weekday",1,"40 to 64",">10km","car",69.47,1,7,7
"97717/1000",NA,97717,4763,"45-49 years","male",20,16697,"Work",269.638153076172,269.638153076172,"car",1,68.71,"weekday",2,"40 to 64",">10km","car",68.71,1,7,7
"97717/1002",NA,97717,4764,"75-79 years","male",20,16698,"Shopping",257.170288085938,257.170288085938,"car",0.416666666666667,16.83,"weekday",1,"65 plus",">10km","car",16.83,0.416666666666667,2.91666666666667,2.91666666666667
"97717/1002",NA,97717,4764,"75-79 years","male",20,16699,"Shopping",257.170288085938,257.170288085938,"car",0.416666666666667,16.87,"weekday",2,"65 plus",">10km","car",16.87,0.416666666666667,2.91666666666667,2.91666666666667
"97717/1003",NA,97717,4765,"65-69 years","female",20,16700,"Shopping",274.936340332031,274.936340332031,"car",0.416666666666667,16.83,"weekday",1,"65 plus",">10km","car",16.83,0.416666666666667,2.91666666666667,2.91666666666667
"97717/1003",NA,97717,4765,"65-69 years","female",20,16701,"Shopping",274.936340332031,274.936340332031,"car",0.416666666666667,16.87,"weekday",2,"65 plus",">10km","car",16.87,0.416666666666667,2.91666666666667,2.91666666666667
"97717/1004",NA,97717,4766,"45-49 years","female",20,16702,"Other",368.072875976562,368.072875976562,"car",0.333333333333333,14.32,"weekday",1,"40 to 64",">10km","car",14.32,0.333333333333333,2.33333333333333,2.33333333333333
"97717/1004",NA,97717,4766,"45-49 years","female",20,16703,"Shopping",368.072875976562,368.072875976562,"car",0.25,5.75,"weekday",2,"40 to 64","6-10km","car",5.75,0.25,1.75,1.75
"97717/1004",NA,97717,4766,"45-49 years","female",20,16704,"Shopping",368.072875976562,368.072875976562,"car",0.5,17.52,"weekday",3,"40 to 64",">10km","car",17.52,0.5,3.5,3.5
"97717/1004",NA,97717,4766,"45-49 years","female",20,16705,"Shopping",368.072875976562,368.072875976562,"car",0.333333333333333,16.83,"weekday",4,"40 to 64",">10km","car",16.83,0.333333333333333,2.33333333333333,2.33333333333333
"97717/1004",NA,97717,4766,"45-49 years","female",20,16706,"Shopping",368.072875976562,368.072875976562,"car",0.416666666666667,16.87,"weekday",5,"40 to 64",">10km","car",16.87,0.416666666666667,2.91666666666667,2.91666666666667
"97739/1000",NA,97739,4767,"45-49 years","male",20,16707,"Other",131.999420166016,131.999420166016,"car",0.166666666666667,3.17,"weekday",1,"40 to 64","3-5km","bicycle",3.17,0.288181818181818,1.16666666666667,2.01727272727273
"97739/1000",NA,97739,4767,"45-49 years","male",20,16708,"Other",131.999420166016,131.999420166016,"car",0.166666666666667,3.13,"weekday",2,"40 to 64","3-5km","bicycle",3.13,0.284545454545455,1.16666666666667,1.99181818181818
"97739/1001",NA,97739,4768,"35-39 years","female",20,16709,"Other",107.431304931641,107.431304931641,"car",0.166666666666667,1.52,"weekday",1,"20 to 39","1-2km","bicycle",1.52,0.138181818181818,1.16666666666667,0.967272727272727
"97739/1001",NA,97739,4768,"35-39 years","female",20,16710,"Work",107.431304931641,107.431304931641,"car",1.16666666666667,25.19,"weekday",2,"20 to 39",">10km","car",25.19,1.16666666666667,8.16666666666667,8.16666666666667
"97739/1001",NA,97739,4768,"35-39 years","female",20,16711,"Work",107.431304931641,107.431304931641,"car",1.25,25.01,"weekday",3,"20 to 39",">10km","car",25.01,1.25,8.75,8.75
"97787/1000",NA,97787,4769,"55-59 years","female",20,16712,"Work",264.069396972656,264.069396972656,"car",0.916666666666667,34.27,"weekday",1,"40 to 64",">10km","car",34.27,0.916666666666667,6.41666666666667,6.41666666666667
"97787/1000",NA,97787,4769,"55-59 years","female",20,16713,"Work",264.069396972656,264.069396972656,"car",0.75,33.76,"weekday",2,"40 to 64",">10km","car",33.76,0.75,5.25,5.25
"97787/1000",NA,97787,4769,"55-59 years","female",20,16714,"Other",264.069396972656,264.069396972656,"car",0.3,9.72,"weekday",3,"40 to 64","6-10km","car",9.72,0.3,2.1,2.1
"97787/1000",NA,97787,4769,"55-59 years","female",20,16715,"Other",264.069396972656,264.069396972656,"car",0.416666666666667,9.87,"weekday",4,"40 to 64","6-10km","car",9.87,0.416666666666667,2.91666666666667,2.91666666666667
"97787/1002",NA,97787,4771,"20-24 years","female",20,16717,"Work",305.028106689453,305.028106689453,"car",0.283333333333333,6.36,"weekday",1,"20 to 39","6-10km","car",6.36,0.283333333333333,1.98333333333333,1.98333333333333
"97787/1002",NA,97787,4771,"20-24 years","female",20,16718,"Work",305.028106689453,305.028106689453,"car",0.383333333333333,6.36,"weekday",2,"20 to 39","6-10km","car",6.36,0.383333333333333,2.68333333333333,2.68333333333333
"97787/1003",NA,97787,4772,"20-24 years","male",20,16719,"Work",288.192535400391,288.192535400391,"car",1.16666666666667,36.04,"weekday",1,"20 to 39",">10km","car",36.04,1.16666666666667,8.16666666666667,8.16666666666667
"97787/1003",NA,97787,4772,"20-24 years","male",20,16720,"Work",288.192535400391,288.192535400391,"car",1.25,36.2,"weekday",2,"20 to 39",">10km","car",36.2,1.25,8.75,8.75
"97790/1001",NA,97790,4773,"55-59 years","female",20,16721,"Work",181.938278198242,181.938278198242,"car",0.5,25.84,"weekday",1,"40 to 64",">10km","car",25.84,0.5,3.5,3.5
"97790/1001",NA,97790,4773,"55-59 years","female",20,16722,"Work",181.938278198242,181.938278198242,"car",0.75,26.07,"weekday",2,"40 to 64",">10km","car",26.07,0.75,5.25,5.25
"97790/1002",NA,97790,4774,"15-19 years","male",20,16723,"Leisure",218.963638305664,218.963638305664,"car",0.25,14.88,"weekday",1,"15 to 19",">10km","car",14.88,0.25,1.75,1.75
"97790/1002",NA,97790,4774,"15-19 years","male",20,16724,"Leisure",218.963638305664,218.963638305664,"car",0.25,14.87,"weekday",2,"15 to 19",">10km","car",14.87,0.25,1.75,1.75
"97791/1000",NA,97791,4775,"60-64 years","male",20,16725,"Work",144.323944091797,144.323944091797,"car",0.333333333333333,26.46,"weekday",1,"40 to 64",">10km","car",26.46,0.333333333333333,2.33333333333333,2.33333333333333
"97791/1000",NA,97791,4775,"60-64 years","male",20,16726,"Work",144.323944091797,144.323944091797,"car",0.583333333333333,32.36,"weekday",2,"40 to 64",">10km","car",32.36,0.583333333333333,4.08333333333333,4.08333333333333
"97791/1000",NA,97791,4775,"60-64 years","male",20,16727,"Work",144.323944091797,144.323944091797,"car",0.333333333333333,20.78,"weekday",3,"40 to 64",">10km","car",20.78,0.333333333333333,2.33333333333333,2.33333333333333
"97794/1000",NA,97794,4776,"55-59 years","female",20,16728,"Work",181.938278198242,181.938278198242,"car",0.5,12.65,"weekday",1,"40 to 64",">10km","car",12.65,0.5,3.5,3.5
"97794/1000",NA,97794,4776,"55-59 years","female",20,16729,"Work",181.938278198242,181.938278198242,"car",0.5,12.82,"weekday",2,"40 to 64",">10km","car",12.82,0.5,3.5,3.5
"97794/1001",NA,97794,4777,"55-59 years","male",20,16730,"Work",199.032653808594,199.032653808594,"car",0.333333333333333,16.19,"weekday",1,"40 to 64",">10km","car",16.19,0.333333333333333,2.33333333333333,2.33333333333333
"97794/1001",NA,97794,4777,"55-59 years","male",20,16731,"Work",199.032653808594,199.032653808594,"car",0.5,16.16,"weekday",2,"40 to 64",">10km","car",16.16,0.5,3.5,3.5
"97794/1002",NA,97794,4778,"25-29 years","male",20,16732,"Work",311.684387207031,311.684387207031,"car",0.75,68.15,"weekday",1,"20 to 39",">10km","car",68.15,0.75,5.25,5.25
"97794/1002",NA,97794,4778,"25-29 years","male",20,16733,"Work",311.684387207031,311.684387207031,"car",1,67.95,"weekday",2,"20 to 39",">10km","car",67.95,1,7,7
"97816/1000",NA,97816,4779,"65-69 years","female",20,16734,"Shopping",304.822784423828,304.822784423828,"car",0.333333333333333,9.66,"weekday",1,"65 plus","6-10km","car",9.66,0.333333333333333,2.33333333333333,2.33333333333333
"97816/1000",NA,97816,4779,"65-69 years","female",20,16735,"Shopping",304.822784423828,304.822784423828,"car",0.0833333333333333,4.15,"weekday",2,"65 plus","3-5km","bicycle",4.15,0.377272727272727,0.583333333333333,2.64090909090909
"97816/1000",NA,97816,4779,"65-69 years","female",20,16736,"Shopping",304.822784423828,304.822784423828,"car",0.25,11.16,"weekday",3,"65 plus",">10km","car",11.16,0.25,1.75,1.75
"97817/1000",NA,97817,4780,"25-29 years","female",20,16737,"Work",1102.109375,1102.109375,"car",0.5,15.33,"weekday",1,"20 to 39",">10km","car",15.33,0.5,3.5,3.5
"97817/1000",NA,97817,4780,"25-29 years","female",20,16738,"Work",1102.109375,1102.109375,"car",0.5,15.12,"weekday",2,"20 to 39",">10km","car",15.12,0.5,3.5,3.5
"97817/1001",NA,97817,4781,"50-54 years","female",20,16739,"Other",484.974609375,484.974609375,"car",0.2,5.06,"weekday",1,"40 to 64","6-10km","car",5.06,0.2,1.4,1.4
"97817/1001",NA,97817,4781,"50-54 years","female",20,16740,"Other",484.974609375,484.974609375,"car",0.2,5.09,"weekday",2,"40 to 64","6-10km","car",5.09,0.2,1.4,1.4
"97817/1001",NA,97817,4781,"50-54 years","female",20,16741,"Other",484.974609375,484.974609375,"car",0.166666666666667,5.06,"weekday",3,"40 to 64","6-10km","car",5.06,0.166666666666667,1.16666666666667,1.16666666666667
"97817/1001",NA,97817,4781,"50-54 years","female",20,16742,"Other",484.974609375,484.974609375,"car",0.5,5.09,"weekday",4,"40 to 64","6-10km","car",5.09,0.5,3.5,3.5
"97818/1001",NA,97818,4782,"65-69 years","female",20,16743,"Leisure",304.822784423828,304.822784423828,"car",0.166666666666667,11.19,"weekday",1,"65 plus",">10km","car",11.19,0.166666666666667,1.16666666666667,1.16666666666667
"97818/1001",NA,97818,4782,"65-69 years","female",20,16744,"Leisure",304.822784423828,304.822784423828,"car",0.666666666666667,11.09,"weekday",2,"65 plus",">10km","car",11.09,0.666666666666667,4.66666666666667,4.66666666666667
"97820/1000",NA,97820,4783,"20-24 years","female",20,16745,"Other",856.685302734375,856.685302734375,"car",0.583333333333333,14.45,"weekday",1,"20 to 39",">10km","car",14.45,0.583333333333333,4.08333333333333,4.08333333333333
"97820/1000",NA,97820,4783,"20-24 years","female",20,16746,"Work",856.685302734375,856.685302734375,"car",0.333333333333333,12.11,"weekday",2,"20 to 39",">10km","car",12.11,0.333333333333333,2.33333333333333,2.33333333333333
"97820/1000",NA,97820,4783,"20-24 years","female",20,16747,"Other",856.685302734375,856.685302734375,"car",0.333333333333333,8.3,"weekday",3,"20 to 39","6-10km","car",8.3,0.333333333333333,2.33333333333333,2.33333333333333
"97820/1000",NA,97820,4783,"20-24 years","female",20,16748,"Other",856.685302734375,856.685302734375,"car",0.333333333333333,9.75,"weekday",4,"20 to 39","6-10km","car",9.75,0.333333333333333,2.33333333333333,2.33333333333333
"97820/1000",NA,97820,4783,"20-24 years","female",20,16749,"Shopping",856.685302734375,856.685302734375,"car",0.333333333333333,8.34,"weekday",5,"20 to 39","6-10km","car",8.34,0.333333333333333,2.33333333333333,2.33333333333333
"97820/1000",NA,97820,4783,"20-24 years","female",20,16750,"Shopping",856.685302734375,856.685302734375,"car",0.166666666666667,3.54,"weekday",6,"20 to 39","3-5km","bicycle",3.54,0.321818181818182,1.16666666666667,2.25272727272727
"97820/1000",NA,97820,4783,"20-24 years","female",20,16751,"Shopping",856.685302734375,856.685302734375,"car",0.166666666666667,5.21,"weekday",7,"20 to 39","6-10km","car",5.21,0.166666666666667,1.16666666666667,1.16666666666667
"97820/1002",NA,97820,4784,"60-64 years","male",20,16752,"Work",439.835845947266,439.835845947266,"car",0.5,19.03,"weekday",1,"40 to 64",">10km","car",19.03,0.5,3.5,3.5
"97820/1002",NA,97820,4784,"60-64 years","male",20,16753,"Work",439.835845947266,439.835845947266,"car",0.75,18.8,"weekday",2,"40 to 64",">10km","car",18.8,0.75,5.25,5.25
"97820/1002",NA,97820,4784,"60-64 years","male",20,16754,"Work",439.835845947266,439.835845947266,"car",0.5,19.03,"weekday",3,"40 to 64",">10km","car",19.03,0.5,3.5,3.5
"97820/1002",NA,97820,4784,"60-64 years","male",20,16755,"Work",439.835845947266,439.835845947266,"car",0.5,18.8,"weekday",4,"40 to 64",">10km","car",18.8,0.5,3.5,3.5
"97820/1003",NA,97820,4785,"15-19 years","male",20,16756,"Education",541.848937988281,541.848937988281,"car",0.583333333333333,14.45,"weekday",1,"15 to 19",">10km","car",14.45,0.583333333333333,4.08333333333333,4.08333333333333
"97820/1003",NA,97820,4785,"15-19 years","male",20,16757,"Shopping",541.848937988281,541.848937988281,"car",0.333333333333333,8.34,"weekday",2,"15 to 19","6-10km","car",8.34,0.333333333333333,2.33333333333333,2.33333333333333
"97820/1003",NA,97820,4785,"15-19 years","male",20,16758,"Shopping",541.848937988281,541.848937988281,"car",0.166666666666667,3.54,"weekday",3,"15 to 19","3-5km","bicycle",3.54,0.321818181818182,1.16666666666667,2.25272727272727
"97820/1003",NA,97820,4785,"15-19 years","male",20,16759,"Shopping",541.848937988281,541.848937988281,"car",0.166666666666667,5.21,"weekday",4,"15 to 19","6-10km","car",5.21,0.166666666666667,1.16666666666667,1.16666666666667
"97824/1001",NA,97824,4786,"75-79 years","male",20,16760,"Work",388.227874755859,388.227874755859,"car",0.25,4.56,"weekday",1,"65 plus","3-5km","bicycle",4.56,0.414545454545454,1.75,2.90181818181818
"97824/1001",NA,97824,4786,"75-79 years","male",20,16761,"Work",388.227874755859,388.227874755859,"car",0.25,4.56,"weekday",2,"65 plus","3-5km","bicycle",4.56,0.414545454545454,1.75,2.90181818181818
"97824/1002",NA,97824,4787,"30-34 years","male",20,16762,"Work",1001.68023681641,1001.68023681641,"car",0.166666666666667,2.54,"weekday",1,"20 to 39","3-5km","bicycle",2.54,0.230909090909091,1.16666666666667,1.61636363636364
"97824/1002",NA,97824,4787,"30-34 years","male",20,16763,"Work",1001.68023681641,1001.68023681641,"car",0.166666666666667,2.54,"weekday",2,"20 to 39","3-5km","bicycle",2.54,0.230909090909091,1.16666666666667,1.61636363636364
"97824/1002",NA,97824,4787,"30-34 years","male",20,16764,"Work",1001.68023681641,1001.68023681641,"car",0.166666666666667,2.54,"weekday",3,"20 to 39","3-5km","bicycle",2.54,0.230909090909091,1.16666666666667,1.61636363636364
"97827/1000",NA,97827,4788,"65-69 years","female",20,16765,"Work",474.474182128906,474.474182128906,"car",0.25,3.52,"weekday",1,"65 plus","3-5km","bicycle",3.52,0.32,1.75,2.24
"97827/1000",NA,97827,4788,"65-69 years","female",20,16766,"Work",474.474182128906,474.474182128906,"public.transport",0.666666666666667,19.95,"weekday",1,"65 plus",">10km","public.transport",19.95,0.666666666666667,4.66666666666667,4.66666666666667
"97827/1000",NA,97827,4788,"65-69 years","female",20,16767,"Work",474.474182128906,474.474182128906,"walking",0.166666666666667,1.51,"weekday",1,"65 plus","1-2km","walking",1.51,0.166666666666667,1.16666666666667,1.16666666666667
"97827/1000",NA,97827,4788,"65-69 years","female",20,16768,"Work",474.474182128906,474.474182128906,"walking",0.166666666666667,1.51,"weekday",2,"65 plus","1-2km","walking",1.51,0.166666666666667,1.16666666666667,1.16666666666667
"97827/1000",NA,97827,4788,"65-69 years","female",20,16769,"Work",474.474182128906,474.474182128906,"public.transport",0.5,19.95,"weekday",2,"65 plus",">10km","public.transport",19.95,0.5,3.5,3.5
"97827/1000",NA,97827,4788,"65-69 years","female",20,16770,"Work",474.474182128906,474.474182128906,"car",0.25,3.88,"weekday",2,"65 plus","3-5km","bicycle",3.88,0.352727272727273,1.75,2.46909090909091
"97827/1001",NA,97827,4789,"65-69 years","male",20,16771,"Other",547.054138183594,547.054138183594,"car",3.5,187.51,"weekday",1,"65 plus",">10km","car",187.51,3.5,24.5,24.5
"97827/1001",NA,97827,4789,"65-69 years","male",20,16772,"Other",547.054138183594,547.054138183594,"car",0.166666666666667,6.17,"weekday",2,"65 plus","6-10km","car",6.17,0.166666666666667,1.16666666666667,1.16666666666667
"97827/1001",NA,97827,4789,"65-69 years","male",20,16773,"Other",547.054138183594,547.054138183594,"car",0.333333333333333,6.31,"weekday",3,"65 plus","6-10km","car",6.31,0.333333333333333,2.33333333333333,2.33333333333333
"97827/1001",NA,97827,4789,"65-69 years","male",20,16774,"Other",547.054138183594,547.054138183594,"car",0.15,4.98,"weekday",4,"65 plus","3-5km","bicycle",4.98,0.452727272727273,1.05,3.16909090909091
"97827/1001",NA,97827,4789,"65-69 years","male",20,16775,"Other",547.054138183594,547.054138183594,"car",0.166666666666667,5.06,"weekday",5,"65 plus","6-10km","car",5.06,0.166666666666667,1.16666666666667,1.16666666666667
"97827/1004",NA,97827,4790,"15-19 years","female",20,16776,"Work",659.454467773438,659.454467773438,"walking",0.0833333333333333,0.37,"weekday",1,"15 to 19","<1km","walking",0.37,0.0833333333333333,0.583333333333333,0.583333333333333
"97827/1004",NA,97827,4790,"15-19 years","female",20,16777,"Work",659.454467773438,659.454467773438,"public.transport",0.416666666666667,4.42,"weekday",1,"15 to 19","3-5km","public.transport",4.42,0.416666666666667,2.91666666666667,2.91666666666667
"97827/1004",NA,97827,4790,"15-19 years","female",20,16778,"Work",659.454467773438,659.454467773438,"walking",0.0833333333333333,0.2,"weekday",1,"15 to 19","<1km","walking",0.2,0.0833333333333333,0.583333333333333,0.583333333333333
"97827/1004",NA,97827,4790,"15-19 years","female",20,16779,"Work",659.454467773438,659.454467773438,"car",0.166666666666667,5.06,"weekday",2,"15 to 19","6-10km","car",5.06,0.166666666666667,1.16666666666667,1.16666666666667
"97831/1000",NA,97831,4791,"60-64 years","female",20,16780,"Other",437.736572265625,437.736572265625,"car",0.25,9.94,"weekday",1,"40 to 64","6-10km","car",9.94,0.25,1.75,1.75
"97831/1000",NA,97831,4791,"60-64 years","female",20,16781,"Other",437.736572265625,437.736572265625,"car",0.25,10.42,"weekday",2,"40 to 64",">10km","car",10.42,0.25,1.75,1.75
"97831/1000",NA,97831,4791,"60-64 years","female",20,16782,"Other",437.736572265625,437.736572265625,"car",0.166666666666667,9.94,"weekday",3,"40 to 64","6-10km","car",9.94,0.166666666666667,1.16666666666667,1.16666666666667
"97831/1000",NA,97831,4791,"60-64 years","female",20,16783,"Other",437.736572265625,437.736572265625,"car",0.833333333333333,10.42,"weekday",4,"40 to 64",">10km","car",10.42,0.833333333333333,5.83333333333333,5.83333333333333
"97831/1001",NA,97831,4792,"20-24 years","male",20,16784,"Work",897.091674804688,897.091674804688,"car",0.25,9.94,"weekday",1,"20 to 39","6-10km","car",9.94,0.25,1.75,1.75
"97831/1001",NA,97831,4792,"20-24 years","male",20,16785,"Work",897.091674804688,897.091674804688,"car",0.833333333333333,10.42,"weekday",2,"20 to 39",">10km","car",10.42,0.833333333333333,5.83333333333333,5.83333333333333
"97833/1000",NA,97833,4793,"50-54 years","female",20,16786,"Work",487.098052978516,487.098052978516,"car",0.5,13.52,"weekday",1,"40 to 64",">10km","car",13.52,0.5,3.5,3.5
"97833/1000",NA,97833,4793,"50-54 years","female",20,16787,"Work",487.098052978516,487.098052978516,"car",0.5,13.52,"weekday",2,"40 to 64",">10km","car",13.52,0.5,3.5,3.5
"97834/1001",NA,97834,4794,"45-49 years","female",20,16788,"Shopping",544.801513671875,544.801513671875,"walking",0.0666666666666667,0.29,"weekday",1,"40 to 64","<1km","walking",0.29,0.0666666666666667,0.466666666666667,0.466666666666667
"97834/1001",NA,97834,4794,"45-49 years","female",20,16789,"Shopping",544.801513671875,544.801513671875,"public.transport",0.233333333333333,5.15,"weekday",1,"40 to 64","6-10km","public.transport",5.15,0.233333333333333,1.63333333333333,1.63333333333333
"97834/1001",NA,97834,4794,"45-49 years","female",20,16790,"Shopping",544.801513671875,544.801513671875,"walking",0.2,0.74,"weekday",1,"40 to 64","<1km","walking",0.74,0.2,1.4,1.4
"97834/1001",NA,97834,4794,"45-49 years","female",20,16791,"Shopping",544.801513671875,544.801513671875,"walking",0.166666666666667,0.74,"weekday",2,"40 to 64","<1km","walking",0.74,0.166666666666667,1.16666666666667,1.16666666666667
"97834/1001",NA,97834,4794,"45-49 years","female",20,16792,"Shopping",544.801513671875,544.801513671875,"public.transport",0.3,5.04,"weekday",2,"40 to 64","6-10km","public.transport",5.04,0.3,2.1,2.1
"97834/1001",NA,97834,4794,"45-49 years","female",20,16793,"Shopping",544.801513671875,544.801513671875,"walking",0.0833333333333333,0.34,"weekday",2,"40 to 64","<1km","walking",0.34,0.0833333333333333,0.583333333333333,0.583333333333333
"97836/1000",NA,97836,4795,"35-39 years","female",20,16794,"Other",813.797668457031,813.797668457031,"car",0.25,7.04,"weekday",1,"20 to 39","6-10km","car",7.04,0.25,1.75,1.75
"97836/1000",NA,97836,4795,"35-39 years","female",20,16795,"Other",813.797668457031,813.797668457031,"car",0.416666666666667,10.08,"weekday",2,"20 to 39",">10km","car",10.08,0.416666666666667,2.91666666666667,2.91666666666667
"97836/1000",NA,97836,4795,"35-39 years","female",20,16796,"Other",813.797668457031,813.797668457031,"car",0.0833333333333333,0.99,"weekday",3,"20 to 39","<1km","bicycle",0.99,0.09,0.583333333333333,0.63
"97836/1000",NA,97836,4795,"35-39 years","female",20,16797,"Other",813.797668457031,813.797668457031,"car",0.333333333333333,11.47,"weekday",4,"20 to 39",">10km","car",11.47,0.333333333333333,2.33333333333333,2.33333333333333
"97836/1000",NA,97836,4795,"35-39 years","female",20,16798,"Shopping",813.797668457031,813.797668457031,"car",0.5,6.21,"weekday",5,"20 to 39","6-10km","car",6.21,0.5,3.5,3.5
"97836/1000",NA,97836,4795,"35-39 years","female",20,16799,"Shopping",813.797668457031,813.797668457031,"car",0.5,5.86,"weekday",6,"20 to 39","6-10km","car",5.86,0.5,3.5,3.5
"97836/1001",NA,97836,4796,"35-39 years","male",20,16800,"Shopping",967.957153320312,967.957153320312,"car",0.25,4.96,"weekday",1,"20 to 39","3-5km","bicycle",4.96,0.450909090909091,1.75,3.15636363636364
"97836/1001",NA,97836,4796,"35-39 years","male",20,16801,"Shopping",967.957153320312,967.957153320312,"car",0.25,4.87,"weekday",2,"20 to 39","3-5km","bicycle",4.87,0.442727272727273,1.75,3.09909090909091
"97836/1001",NA,97836,4796,"35-39 years","male",20,16802,"Other",967.957153320312,967.957153320312,"car",0.333333333333333,10.51,"weekday",3,"20 to 39",">10km","car",10.51,0.333333333333333,2.33333333333333,2.33333333333333
"97836/1001",NA,97836,4796,"35-39 years","male",20,16803,"Other",967.957153320312,967.957153320312,"car",0.0833333333333333,0.99,"weekday",4,"20 to 39","<1km","bicycle",0.99,0.09,0.583333333333333,0.63
"97836/1001",NA,97836,4796,"35-39 years","male",20,16804,"Other",967.957153320312,967.957153320312,"car",0.75,11.64,"weekday",5,"20 to 39",">10km","car",11.64,0.75,5.25,5.25
"97836/1001",NA,97836,4796,"35-39 years","male",20,16805,"Other",967.957153320312,967.957153320312,"car",0.25,6.99,"weekday",6,"20 to 39","6-10km","car",6.99,0.25,1.75,1.75
"97836/1001",NA,97836,4796,"35-39 years","male",20,16806,"Shopping",967.957153320312,967.957153320312,"car",0.5,6.21,"weekday",7,"20 to 39","6-10km","car",6.21,0.5,3.5,3.5
"97836/1001",NA,97836,4796,"35-39 years","male",20,16807,"Shopping",967.957153320312,967.957153320312,"car",0.5,5.86,"weekday",8,"20 to 39","6-10km","car",5.86,0.5,3.5,3.5
"97838/1000",NA,97838,4797,"55-59 years","male",20,16808,"Leisure",534.472412109375,534.472412109375,"car",0.25,16.3,"weekday",1,"40 to 64",">10km","car",16.3,0.25,1.75,1.75
"97838/1000",NA,97838,4797,"55-59 years","male",20,16809,"Leisure",534.472412109375,534.472412109375,"car",0.25,16.11,"weekday",2,"40 to 64",">10km","car",16.11,0.25,1.75,1.75
"97839/1000",NA,97839,4798,"25-29 years","female",20,16810,"Work",1106.93493652344,1106.93493652344,"car",0.166666666666667,8.76,"weekday",1,"20 to 39","6-10km","car",8.76,0.166666666666667,1.16666666666667,1.16666666666667
"97839/1000",NA,97839,4798,"25-29 years","female",20,16811,"Work",1106.93493652344,1106.93493652344,"car",0.25,8.66,"weekday",2,"20 to 39","6-10km","car",8.66,0.25,1.75,1.75
"97840/1000",NA,97840,4799,"75-79 years","male",20,16813,"Shopping",319.961029052734,319.961029052734,"car",0.333333333333333,9.43,"weekday",2,"65 plus","6-10km","car",9.43,0.333333333333333,2.33333333333333,2.33333333333333
"97840/1000",NA,97840,4799,"75-79 years","male",20,16814,"Shopping",319.961029052734,319.961029052734,"car",0.333333333333333,9.33,"weekday",3,"65 plus","6-10km","car",9.33,0.333333333333333,2.33333333333333,2.33333333333333
"97840/1001",NA,97840,4800,"70-74 years","female",20,16815,"Shopping",410.921569824219,410.921569824219,"car",0.5,13.67,"weekday",1,"65 plus",">10km","car",13.67,0.5,3.5,3.5
"97840/1001",NA,97840,4800,"70-74 years","female",20,16816,"Shopping",410.921569824219,410.921569824219,"public.transport",0.133333333333333,4.99,"weekday",1,"65 plus","3-5km","public.transport",4.99,0.133333333333333,0.933333333333333,0.933333333333333
"97840/1001",NA,97840,4800,"70-74 years","female",20,16817,"Shopping",410.921569824219,410.921569824219,"walking",0.0833333333333333,0.05,"weekday",1,"65 plus","<1km","walking",0.05,0.0833333333333333,0.583333333333333,0.583333333333333
"97840/1001",NA,97840,4800,"70-74 years","female",20,16818,"Shopping",410.921569824219,410.921569824219,"walking",0.0333333333333333,0.05,"weekday",2,"65 plus","<1km","walking",0.05,0.0333333333333333,0.233333333333333,0.233333333333333
"97840/1001",NA,97840,4800,"70-74 years","female",20,16819,"Shopping",410.921569824219,410.921569824219,"public.transport",0.133333333333333,4.99,"weekday",2,"65 plus","3-5km","public.transport",4.99,0.133333333333333,0.933333333333333,0.933333333333333
"97840/1001",NA,97840,4800,"70-74 years","female",20,16820,"Shopping",410.921569824219,410.921569824219,"car",0.416666666666667,13.57,"weekday",2,"65 plus",">10km","car",13.57,0.416666666666667,2.91666666666667,2.91666666666667
"97851/1000",NA,97851,4801,"25-29 years","female",20,16821,"Other",138.642837524414,138.642837524414,"car",0.116666666666667,1,"weekday",1,"20 to 39","1-2km","bicycle",1,0.0909090909090909,0.816666666666667,0.636363636363636
"97851/1000",NA,97851,4801,"25-29 years","female",20,16822,"Other",138.642837524414,138.642837524414,"car",0.0833333333333333,1.16,"weekday",2,"20 to 39","1-2km","bicycle",1.16,0.105454545454545,0.583333333333333,0.738181818181818
"97851/1001",NA,97851,4802,"25-29 years","male",20,16823,"Work",124.118743896484,124.118743896484,"car",0.583333333333333,20.38,"weekday",1,"20 to 39",">10km","car",20.38,0.583333333333333,4.08333333333333,4.08333333333333
"97851/1001",NA,97851,4802,"25-29 years","male",20,16824,"Work",124.118743896484,124.118743896484,"car",0.833333333333333,20.8,"weekday",2,"20 to 39",">10km","car",20.8,0.833333333333333,5.83333333333333,5.83333333333333
"97851/1003",NA,97851,4803,"20-24 years","male",20,16825,"Work",179.940673828125,179.940673828125,"car",0.416666666666667,15.24,"weekday",1,"20 to 39",">10km","car",15.24,0.416666666666667,2.91666666666667,2.91666666666667
"97851/1003",NA,97851,4803,"20-24 years","male",20,16826,"Work",179.940673828125,179.940673828125,"car",0.5,15.2,"weekday",2,"20 to 39",">10km","car",15.2,0.5,3.5,3.5
"97852/1000",NA,97852,4804,"40-44 years","male",20,16827,"Work",83.0692977905273,83.0692977905273,"car",0.25,11.52,"weekday",1,"40 to 64",">10km","car",11.52,0.25,1.75,1.75
"97852/1000",NA,97852,4804,"40-44 years","male",20,16828,"Work",83.0692977905273,83.0692977905273,"car",0.25,11.78,"weekday",2,"40 to 64",">10km","car",11.78,0.25,1.75,1.75
"97853/1000",NA,97853,4805,"35-39 years","male",20,16829,"Work",673.374267578125,673.374267578125,"car",0.666666666666667,20.2,"weekday",1,"20 to 39",">10km","car",20.2,0.666666666666667,4.66666666666667,4.66666666666667
"97853/1000",NA,97853,4805,"35-39 years","male",20,16830,"Work",673.374267578125,673.374267578125,"car",0.833333333333333,19.95,"weekday",2,"20 to 39",">10km","car",19.95,0.833333333333333,5.83333333333333,5.83333333333333
"97866/1000",NA,97866,4806,"30-34 years","male",20,16831,"Other",1001.68023681641,1001.68023681641,"car",0.25,5.9,"weekday",1,"20 to 39","6-10km","car",5.9,0.25,1.75,1.75
"97866/1000",NA,97866,4806,"30-34 years","male",20,16832,"Other",1001.68023681641,1001.68023681641,"car",0.416666666666667,6.04,"weekday",2,"20 to 39","6-10km","car",6.04,0.416666666666667,2.91666666666667,2.91666666666667
"97866/1001",NA,97866,4807,"75-79 years","male",20,16833,"Other",388.227874755859,388.227874755859,"walking",0.5,4.38,"weekday",1,"65 plus","3-5km","walking",4.38,0.5,3.5,3.5
"97866/1001",NA,97866,4807,"75-79 years","male",20,16834,"Other",388.227874755859,388.227874755859,"public.transport",0.25,3.47,"weekday",1,"65 plus","3-5km","public.transport",3.47,0.25,1.75,1.75
"97866/1001",NA,97866,4807,"75-79 years","male",20,16835,"Other",388.227874755859,388.227874755859,"walking",0.133333333333333,0.51,"weekday",1,"65 plus","<1km","walking",0.51,0.133333333333333,0.933333333333333,0.933333333333333
"97866/1001",NA,97866,4807,"75-79 years","male",20,16836,"Other",388.227874755859,388.227874755859,"walking",0.133333333333333,0.47,"weekday",2,"65 plus","<1km","walking",0.47,0.133333333333333,0.933333333333333,0.933333333333333
"97866/1001",NA,97866,4807,"75-79 years","male",20,16837,"Other",388.227874755859,388.227874755859,"public.transport",0.416666666666667,3.32,"weekday",2,"65 plus","3-5km","public.transport",3.32,0.416666666666667,2.91666666666667,2.91666666666667
"97866/1001",NA,97866,4807,"75-79 years","male",20,16838,"Other",388.227874755859,388.227874755859,"public.transport",0.183333333333333,5.14,"weekday",2,"65 plus","6-10km","public.transport",5.14,0.183333333333333,1.28333333333333,1.28333333333333
"97866/1001",NA,97866,4807,"75-79 years","male",20,16839,"Other",388.227874755859,388.227874755859,"walking",0.0833333333333333,0.21,"weekday",2,"65 plus","<1km","walking",0.21,0.0833333333333333,0.583333333333333,0.583333333333333
"97866/1002",NA,97866,4808,"70-74 years","female",20,16840,"Shopping",498.595764160156,498.595764160156,"walking",0.0833333333333333,0.21,"weekday",1,"65 plus","<1km","walking",0.21,0.0833333333333333,0.583333333333333,0.583333333333333
"97866/1002",NA,97866,4808,"70-74 years","female",20,16841,"Shopping",498.595764160156,498.595764160156,"public.transport",0.1,3.61,"weekday",1,"65 plus","3-5km","public.transport",3.61,0.1,0.7,0.7
"97866/1002",NA,97866,4808,"70-74 years","female",20,16842,"Shopping",498.595764160156,498.595764160156,"public.transport",0.15,4.62,"weekday",1,"65 plus","3-5km","public.transport",4.62,0.15,1.05,1.05
"97866/1002",NA,97866,4808,"70-74 years","female",20,16843,"Shopping",498.595764160156,498.595764160156,"walking",0.0333333333333333,0.19,"weekday",1,"65 plus","<1km","walking",0.19,0.0333333333333333,0.233333333333333,0.233333333333333
"97866/1002",NA,97866,4808,"70-74 years","female",20,16844,"Shopping",498.595764160156,498.595764160156,"car",0.416666666666667,6.04,"weekday",2,"65 plus","6-10km","car",6.04,0.416666666666667,2.91666666666667,2.91666666666667
"97970/1001",NA,97970,4809,"35-39 years","male",20,16845,"Other",347.083160400391,347.083160400391,"car",0.166666666666667,3.85,"weekday",1,"20 to 39","3-5km","bicycle",3.85,0.35,1.16666666666667,2.45
"97970/1001",NA,97970,4809,"35-39 years","male",20,16846,"Other",347.083160400391,347.083160400391,"car",0.166666666666667,3.84,"weekday",2,"20 to 39","3-5km","bicycle",3.84,0.349090909090909,1.16666666666667,2.44363636363636
"97970/1001",NA,97970,4809,"35-39 years","male",20,16847,"Other",347.083160400391,347.083160400391,"car",0.166666666666667,3.85,"weekday",3,"20 to 39","3-5km","bicycle",3.85,0.35,1.16666666666667,2.45
"97970/1001",NA,97970,4809,"35-39 years","male",20,16848,"Other",347.083160400391,347.083160400391,"car",0.166666666666667,3.84,"weekday",4,"20 to 39","3-5km","bicycle",3.84,0.349090909090909,1.16666666666667,2.44363636363636
"97975/1000",NA,97975,4810,"40-44 years","female",20,16849,"Other",336.650360107422,336.650360107422,"car",0.5,5.58,"weekday",1,"40 to 64","6-10km","car",5.58,0.5,3.5,3.5
"97975/1000",NA,97975,4810,"40-44 years","female",20,16850,"Other",336.650360107422,336.650360107422,"car",0.25,5.54,"weekday",2,"40 to 64","6-10km","car",5.54,0.25,1.75,1.75
"97975/1000",NA,97975,4810,"40-44 years","female",20,16851,"Other",336.650360107422,336.650360107422,"car",0.5,14.1,"weekday",3,"40 to 64",">10km","car",14.1,0.5,3.5,3.5
"97975/1000",NA,97975,4810,"40-44 years","female",20,16852,"Other",336.650360107422,336.650360107422,"car",0.5,14.07,"weekday",4,"40 to 64",">10km","car",14.07,0.5,3.5,3.5
"97975/1000",NA,97975,4810,"40-44 years","female",20,16853,"Other",336.650360107422,336.650360107422,"car",0.25,5.58,"weekday",5,"40 to 64","6-10km","car",5.58,0.25,1.75,1.75
"97975/1000",NA,97975,4810,"40-44 years","female",20,16854,"Other",336.650360107422,336.650360107422,"car",0.25,5.54,"weekday",6,"40 to 64","6-10km","car",5.54,0.25,1.75,1.75
"97977/1000",NA,97977,4811,"40-44 years","female",20,16855,"Leisure",594.987426757812,594.987426757812,"car",0.333333333333333,9.32,"weekday",1,"40 to 64","6-10km","car",9.32,0.333333333333333,2.33333333333333,2.33333333333333
"97977/1000",NA,97977,4811,"40-44 years","female",20,16856,"Leisure",594.987426757812,594.987426757812,"car",0.5,9.28,"weekday",2,"40 to 64","6-10km","car",9.28,0.5,3.5,3.5
"97977/1001",NA,97977,4812,"40-44 years","male",20,16857,"Work",500.453094482422,500.453094482422,"car",0.5,29.01,"weekday",1,"40 to 64",">10km","car",29.01,0.5,3.5,3.5
"97977/1001",NA,97977,4812,"40-44 years","male",20,16858,"Work",500.453094482422,500.453094482422,"car",0.75,28.97,"weekday",2,"40 to 64",">10km","car",28.97,0.75,5.25,5.25
"97977/1002",NA,97977,4813,"20-24 years","female",20,16859,"Shopping",869.577453613281,869.577453613281,"car",0.166666666666667,3.21,"weekday",1,"20 to 39","3-5km","bicycle",3.21,0.291818181818182,1.16666666666667,2.04272727272727
"97977/1002",NA,97977,4813,"20-24 years","female",20,16860,"Shopping",869.577453613281,869.577453613281,"car",0.166666666666667,3.15,"weekday",2,"20 to 39","3-5km","bicycle",3.15,0.286363636363636,1.16666666666667,2.00454545454545
"97977/1003",NA,97977,4814,"15-19 years","female",20,16861,"Other",547.904968261719,547.904968261719,"car",0.5,9.28,"weekday",1,"15 to 19","6-10km","car",9.28,0.5,3.5,3.5
"97977/1004",NA,97977,4815,"15-19 years","male",20,16862,"Other",431.189636230469,431.189636230469,"car",0.166666666666667,3.21,"weekday",1,"15 to 19","3-5km","bicycle",3.21,0.291818181818182,1.16666666666667,2.04272727272727
"97977/1004",NA,97977,4815,"15-19 years","male",20,16863,"Other",431.189636230469,431.189636230469,"car",0.166666666666667,3.15,"weekday",2,"15 to 19","3-5km","bicycle",3.15,0.286363636363636,1.16666666666667,2.00454545454545
"97978/1000",NA,97978,4816,"55-59 years","male",20,16864,"Work",261.203918457031,261.203918457031,"car",0.5,15.63,"weekday",1,"40 to 64",">10km","car",15.63,0.5,3.5,3.5
"97978/1000",NA,97978,4816,"55-59 years","male",20,16865,"Work",261.203918457031,261.203918457031,"car",0.5,15.59,"weekday",2,"40 to 64",">10km","car",15.59,0.5,3.5,3.5
"97978/1001",NA,97978,4817,"55-59 years","female",20,16866,"Other",179.280990600586,179.280990600586,"car",0.333333333333333,9.12,"weekday",1,"40 to 64","6-10km","car",9.12,0.333333333333333,2.33333333333333,2.33333333333333
"97978/1001",NA,97978,4817,"55-59 years","female",20,16867,"Other",179.280990600586,179.280990600586,"car",0.25,4.67,"weekday",2,"40 to 64","3-5km","bicycle",4.67,0.424545454545455,1.75,2.97181818181818
"97978/1001",NA,97978,4817,"55-59 years","female",20,16868,"Other",179.280990600586,179.280990600586,"car",0.333333333333333,5.19,"weekday",3,"40 to 64","6-10km","car",5.19,0.333333333333333,2.33333333333333,2.33333333333333
"97979/1000",NA,97979,4818,"55-59 years","male",20,16869,"Other",261.203918457031,261.203918457031,"car",0.25,6.2,"weekday",1,"40 to 64","6-10km","car",6.2,0.25,1.75,1.75
"97979/1000",NA,97979,4818,"55-59 years","male",20,16870,"Shopping",261.203918457031,261.203918457031,"car",0.233333333333333,2.11,"weekday",2,"40 to 64","3-5km","bicycle",2.11,0.191818181818182,1.63333333333333,1.34272727272727
"97979/1000",NA,97979,4818,"55-59 years","male",20,16871,"Shopping",261.203918457031,261.203918457031,"car",0.25,4.06,"weekday",3,"40 to 64","3-5km","bicycle",4.06,0.369090909090909,1.75,2.58363636363636
"97979/1001",NA,97979,4819,"50-54 years","female",20,16872,"Other",193.905059814453,193.905059814453,"car",0.25,6.2,"weekday",1,"40 to 64","6-10km","car",6.2,0.25,1.75,1.75
"97979/1001",NA,97979,4819,"50-54 years","female",20,16873,"Shopping",193.905059814453,193.905059814453,"car",0.233333333333333,2.11,"weekday",2,"40 to 64","3-5km","bicycle",2.11,0.191818181818182,1.63333333333333,1.34272727272727
"97979/1001",NA,97979,4819,"50-54 years","female",20,16874,"Other",193.905059814453,193.905059814453,"car",0.25,3.53,"weekday",3,"40 to 64","3-5km","bicycle",3.53,0.320909090909091,1.75,2.24636363636364
"97979/1001",NA,97979,4819,"50-54 years","female",20,16875,"Shopping",193.905059814453,193.905059814453,"car",0.25,3.33,"weekday",4,"40 to 64","3-5km","bicycle",3.33,0.302727272727273,1.75,2.11909090909091
"97979/1001",NA,97979,4819,"50-54 years","female",20,16876,"Shopping",193.905059814453,193.905059814453,"car",0.25,4.06,"weekday",5,"40 to 64","3-5km","bicycle",4.06,0.369090909090909,1.75,2.58363636363636
"97980/1000",NA,97980,4820,"50-54 years","male",20,16877,"Work",520.20947265625,520.20947265625,"car",0.5,19.28,"weekday",1,"40 to 64",">10km","car",19.28,0.5,3.5,3.5
"97980/1000",NA,97980,4820,"50-54 years","male",20,16878,"Work",520.20947265625,520.20947265625,"car",0.5,19.24,"weekday",2,"40 to 64",">10km","car",19.24,0.5,3.5,3.5
"97980/1001",NA,97980,4821,"55-59 years","female",20,16879,"Work",504.474334716797,504.474334716797,"car",0.333333333333333,19.28,"weekday",1,"40 to 64",">10km","car",19.28,0.333333333333333,2.33333333333333,2.33333333333333
"97980/1001",NA,97980,4821,"55-59 years","female",20,16880,"Work",504.474334716797,504.474334716797,"car",0.5,19.24,"weekday",2,"40 to 64",">10km","car",19.24,0.5,3.5,3.5
"97980/1002",NA,97980,4822,"20-24 years","female",20,16881,"Shopping",869.577453613281,869.577453613281,"car",0.166666666666667,4.12,"weekday",1,"20 to 39","3-5km","bicycle",4.12,0.374545454545455,1.16666666666667,2.62181818181818
"97980/1002",NA,97980,4822,"20-24 years","female",20,16882,"Shopping",869.577453613281,869.577453613281,"car",0.216666666666667,4.06,"weekday",2,"20 to 39","3-5km","bicycle",4.06,0.369090909090909,1.51666666666667,2.58363636363636
"97980/1003",NA,97980,4823,"20-24 years","female",20,16883,"Shopping",869.577453613281,869.577453613281,"car",0.166666666666667,4.12,"weekday",1,"20 to 39","3-5km","bicycle",4.12,0.374545454545455,1.16666666666667,2.62181818181818
"97980/1003",NA,97980,4823,"20-24 years","female",20,16884,"Shopping",869.577453613281,869.577453613281,"car",0.216666666666667,4.06,"weekday",2,"20 to 39","3-5km","bicycle",4.06,0.369090909090909,1.51666666666667,2.58363636363636
"97980/1004",NA,97980,4824,"15-19 years","male",20,16885,"Work",431.189636230469,431.189636230469,"car",0.183333333333333,5.38,"weekday",1,"15 to 19","6-10km","car",5.38,0.183333333333333,1.28333333333333,1.28333333333333
"97980/1004",NA,97980,4824,"15-19 years","male",20,16886,"Work",431.189636230469,431.189636230469,"car",0.4,5.54,"weekday",2,"15 to 19","6-10km","car",5.54,0.4,2.8,2.8
"97981/1000",NA,97981,4825,"65-69 years","male",20,16887,"Shopping",151.590209960938,151.590209960938,"car",0.25,5.24,"weekday",1,"65 plus","6-10km","car",5.24,0.25,1.75,1.75
"97981/1000",NA,97981,4825,"65-69 years","male",20,16888,"Shopping",151.590209960938,151.590209960938,"car",0.583333333333333,42.61,"weekday",2,"65 plus",">10km","car",42.61,0.583333333333333,4.08333333333333,4.08333333333333
"97981/1000",NA,97981,4825,"65-69 years","male",20,16889,"Shopping",151.590209960938,151.590209960938,"car",0.666666666666667,46.52,"weekday",3,"65 plus",">10km","car",46.52,0.666666666666667,4.66666666666667,4.66666666666667
"97981/1000",NA,97981,4825,"65-69 years","male",20,16890,"Shopping",151.590209960938,151.590209960938,"car",0.316666666666667,6.53,"weekday",4,"65 plus","6-10km","car",6.53,0.316666666666667,2.21666666666667,2.21666666666667
"97981/1000",NA,97981,4825,"65-69 years","male",20,16891,"Shopping",151.590209960938,151.590209960938,"car",0.25,6.41,"weekday",5,"65 plus","6-10km","car",6.41,0.25,1.75,1.75
"97981/1000",NA,97981,4825,"65-69 years","male",20,16892,"Work",151.590209960938,151.590209960938,"car",0.166666666666667,4.91,"weekday",6,"65 plus","3-5km","bicycle",4.91,0.446363636363636,1.16666666666667,3.12454545454545
"97981/1000",NA,97981,4825,"65-69 years","male",20,16893,"Work",151.590209960938,151.590209960938,"car",0.166666666666667,4.81,"weekday",7,"65 plus","3-5km","bicycle",4.81,0.437272727272727,1.16666666666667,3.06090909090909
"97981/1001",NA,97981,4826,"55-59 years","female",20,16894,"Work",179.280990600586,179.280990600586,"car",0.333333333333333,9.28,"weekday",1,"40 to 64","6-10km","car",9.28,0.333333333333333,2.33333333333333,2.33333333333333
"97981/1001",NA,97981,4826,"55-59 years","female",20,16895,"Work",179.280990600586,179.280990600586,"car",0.6,9.24,"weekday",2,"40 to 64","6-10km","car",9.24,0.6,4.2,4.2
"97982/1000",NA,97982,4827,"65-69 years","female",20,16896,"Shopping",158.535507202148,158.535507202148,"car",0.25,5.45,"weekday",1,"65 plus","6-10km","car",5.45,0.25,1.75,1.75
"97982/1000",NA,97982,4827,"65-69 years","female",20,16897,"Shopping",158.535507202148,158.535507202148,"car",0.25,5.76,"weekday",2,"65 plus","6-10km","car",5.76,0.25,1.75,1.75
"97982/1000",NA,97982,4827,"65-69 years","female",20,16898,"Leisure",158.535507202148,158.535507202148,"walking",0.5,1.31,"weekday",3,"65 plus","1-2km","walking",1.31,0.5,3.5,3.5
"97982/1000",NA,97982,4827,"65-69 years","female",20,16899,"Leisure",158.535507202148,158.535507202148,"walking",0.5,1.31,"weekday",4,"65 plus","1-2km","walking",1.31,0.5,3.5,3.5
"97982/1001",NA,97982,4828,"70-74 years","male",20,16900,"Leisure",152.162673950195,152.162673950195,"walking",0.5,1.31,"weekday",1,"65 plus","1-2km","walking",1.31,0.5,3.5,3.5
"97982/1001",NA,97982,4828,"70-74 years","male",20,16901,"Leisure",152.162673950195,152.162673950195,"walking",0.5,1.31,"weekday",2,"65 plus","1-2km","walking",1.31,0.5,3.5,3.5
"97982/1001",NA,97982,4828,"70-74 years","male",20,16902,"Leisure",152.162673950195,152.162673950195,"walking",0.5,1.31,"weekday",3,"65 plus","1-2km","walking",1.31,0.5,3.5,3.5
"97982/1001",NA,97982,4828,"70-74 years","male",20,16903,"Leisure",152.162673950195,152.162673950195,"walking",0.5,1.31,"weekday",4,"65 plus","1-2km","walking",1.31,0.5,3.5,3.5
"98193/1000",NA,98193,4829,"30-34 years","female",21,16904,"Work",190.952270507812,190.952270507812,"car",0.65,28.09,"weekday",1,"20 to 39",">10km","car",28.09,0.65,4.55,4.55
"98193/1000",NA,98193,4829,"30-34 years","female",21,16905,"Work",190.952270507812,190.952270507812,"car",0.75,28.34,"weekday",2,"20 to 39",">10km","car",28.34,0.75,5.25,5.25
"98193/1001",NA,98193,4830,"30-34 years","male",21,16906,"Work",139.366546630859,139.366546630859,"car",0.95,51.87,"weekday",1,"20 to 39",">10km","car",51.87,0.95,6.65,6.65
"98193/1001",NA,98193,4830,"30-34 years","male",21,16907,"Work",139.366546630859,139.366546630859,"car",0.683333333333333,51.83,"weekday",2,"20 to 39",">10km","car",51.83,0.683333333333333,4.78333333333333,4.78333333333333
"98194/1000",NA,98194,4831,"30-34 years","female",21,16908,"Leisure",190.952270507812,190.952270507812,"walking",0.25,1.68,"weekday",1,"20 to 39","1-2km","walking",1.68,0.25,1.75,1.75
"98194/1000",NA,98194,4831,"30-34 years","female",21,16909,"Leisure",190.952270507812,190.952270507812,"walking",0.25,1.68,"weekday",2,"20 to 39","1-2km","walking",1.68,0.25,1.75,1.75
"98194/1000",NA,98194,4831,"30-34 years","female",21,16910,"Shopping",190.952270507812,190.952270507812,"car",0.166666666666667,2.15,"weekday",3,"20 to 39","3-5km","bicycle",2.15,0.195454545454545,1.16666666666667,1.36818181818182
"98194/1000",NA,98194,4831,"30-34 years","female",21,16911,"Shopping",190.952270507812,190.952270507812,"car",0.166666666666667,2.19,"weekday",4,"20 to 39","3-5km","bicycle",2.19,0.199090909090909,1.16666666666667,1.39363636363636
"98194/1000",NA,98194,4831,"30-34 years","female",21,16912,"Leisure",190.952270507812,190.952270507812,"walking",0.166666666666667,1.68,"weekday",5,"20 to 39","1-2km","walking",1.68,0.166666666666667,1.16666666666667,1.16666666666667
"98194/1000",NA,98194,4831,"30-34 years","female",21,16913,"Leisure",190.952270507812,190.952270507812,"walking",0.166666666666667,1.68,"weekday",6,"20 to 39","1-2km","walking",1.68,0.166666666666667,1.16666666666667,1.16666666666667
"98194/1001",NA,98194,4832,"30-34 years","male",21,16914,"Work",139.366546630859,139.366546630859,"car",0.75,32.13,"weekday",1,"20 to 39",">10km","car",32.13,0.75,5.25,5.25
"98194/1001",NA,98194,4832,"30-34 years","male",21,16915,"Work",139.366546630859,139.366546630859,"car",0.5,32.16,"weekday",2,"20 to 39",">10km","car",32.16,0.5,3.5,3.5
"98194/1001",NA,98194,4832,"30-34 years","male",21,16916,"Leisure",139.366546630859,139.366546630859,"walking",0.166666666666667,1.68,"weekday",3,"20 to 39","1-2km","walking",1.68,0.166666666666667,1.16666666666667,1.16666666666667
"98194/1001",NA,98194,4832,"30-34 years","male",21,16917,"Leisure",139.366546630859,139.366546630859,"walking",0.166666666666667,1.68,"weekday",4,"20 to 39","1-2km","walking",1.68,0.166666666666667,1.16666666666667,1.16666666666667
"98197/1000",NA,98197,4833,"35-39 years","male",21,16918,"Work",673.374267578125,673.374267578125,"car",0.116666666666667,1.61,"weekday",1,"20 to 39","1-2km","bicycle",1.61,0.146363636363636,0.816666666666667,1.02454545454545
"98197/1000",NA,98197,4833,"35-39 years","male",21,16919,"Work",673.374267578125,673.374267578125,"car",0.166666666666667,2.24,"weekday",2,"20 to 39","3-5km","bicycle",2.24,0.203636363636364,1.16666666666667,1.42545454545455
"98199/1000",NA,98199,4834,"70-74 years","male",21,16921,"Other",368.036743164062,368.036743164062,"car",0.333333333333333,4.4,"weekday",2,"65 plus","3-5km","bicycle",4.4,0.4,2.33333333333333,2.8
"98199/1000",NA,98199,4834,"70-74 years","male",21,16922,"Other",368.036743164062,368.036743164062,"car",0.333333333333333,4.44,"weekday",3,"65 plus","3-5km","bicycle",4.44,0.403636363636364,2.33333333333333,2.82545454545455
"98199/1000",NA,98199,4834,"70-74 years","male",21,16923,"Shopping",368.036743164062,368.036743164062,"car",0.166666666666667,3,"weekday",4,"65 plus","3-5km","bicycle",3,0.272727272727273,1.16666666666667,1.90909090909091
"98199/1000",NA,98199,4834,"70-74 years","male",21,16924,"Shopping",368.036743164062,368.036743164062,"car",0.166666666666667,3.15,"weekday",5,"65 plus","3-5km","bicycle",3.15,0.286363636363636,1.16666666666667,2.00454545454545
"98199/1001",NA,98199,4835,"70-74 years","female",21,16925,"Leisure",410.921569824219,410.921569824219,"car",0.0833333333333333,2.29,"weekday",1,"65 plus","3-5km","bicycle",2.29,0.208181818181818,0.583333333333333,1.45727272727273
"98199/1001",NA,98199,4835,"70-74 years","female",21,16926,"Leisure",410.921569824219,410.921569824219,"car",0.0833333333333333,2.52,"weekday",2,"65 plus","3-5km","bicycle",2.52,0.229090909090909,0.583333333333333,1.60363636363636
"98199/1001",NA,98199,4835,"70-74 years","female",21,16927,"Leisure",410.921569824219,410.921569824219,"car",0.166666666666667,3.13,"weekday",3,"65 plus","3-5km","bicycle",3.13,0.284545454545455,1.16666666666667,1.99181818181818
"98199/1001",NA,98199,4835,"70-74 years","female",21,16928,"Leisure",410.921569824219,410.921569824219,"car",0.166666666666667,3.12,"weekday",4,"65 plus","3-5km","bicycle",3.12,0.283636363636364,1.16666666666667,1.98545454545455
"98201/1000",NA,98201,4836,"70-74 years","female",21,16929,"Other",410.921569824219,410.921569824219,"car",1.25,78.72,"weekday",1,"65 plus",">10km","car",78.72,1.25,8.75,8.75
"98202/1000",NA,98202,4837,"50-54 years","female",21,16930,"Shopping",120.97093963623,120.97093963623,"car",0.166666666666667,2.01,"weekday",1,"40 to 64","3-5km","bicycle",2.01,0.182727272727273,1.16666666666667,1.27909090909091
"98202/1000",NA,98202,4837,"50-54 years","female",21,16931,"Shopping",120.97093963623,120.97093963623,"car",0.166666666666667,2.01,"weekday",2,"40 to 64","3-5km","bicycle",2.01,0.182727272727273,1.16666666666667,1.27909090909091
"98260/1000",NA,98260,4838,"70-74 years","male",21,16932,"Other",152.162673950195,152.162673950195,"car",0.166666666666667,3.82,"weekday",1,"65 plus","3-5km","bicycle",3.82,0.347272727272727,1.16666666666667,2.43090909090909
"98260/1000",NA,98260,4838,"70-74 years","male",21,16933,"Other",152.162673950195,152.162673950195,"car",0.166666666666667,3.83,"weekday",2,"65 plus","3-5km","bicycle",3.83,0.348181818181818,1.16666666666667,2.43727272727273
"98260/1000",NA,98260,4838,"70-74 years","male",21,16934,"Other",152.162673950195,152.162673950195,"car",0.166666666666667,3.82,"weekday",3,"65 plus","3-5km","bicycle",3.82,0.347272727272727,1.16666666666667,2.43090909090909
"98260/1000",NA,98260,4838,"70-74 years","male",21,16935,"Leisure",152.162673950195,152.162673950195,"car",2.91666666666667,91.44,"weekday",4,"65 plus",">10km","car",91.44,2.91666666666667,20.4166666666667,20.4166666666667
"98260/1001",NA,98260,4839,"70-74 years","female",21,16936,"Other",171.396911621094,171.396911621094,"car",0.166666666666667,3.82,"weekday",1,"65 plus","3-5km","bicycle",3.82,0.347272727272727,1.16666666666667,2.43090909090909
"98260/1001",NA,98260,4839,"70-74 years","female",21,16937,"Other",171.396911621094,171.396911621094,"car",2.91666666666667,91.44,"weekday",2,"65 plus",">10km","car",91.44,2.91666666666667,20.4166666666667,20.4166666666667
"98268/1000",NA,98268,4840,"65-69 years","male",21,16938,"Shopping",151.590209960938,151.590209960938,"car",0.333333333333333,10.1,"weekday",1,"65 plus",">10km","car",10.1,0.333333333333333,2.33333333333333,2.33333333333333
"98268/1000",NA,98268,4840,"65-69 years","male",21,16939,"Shopping",151.590209960938,151.590209960938,"car",0.333333333333333,10.29,"weekday",2,"65 plus",">10km","car",10.29,0.333333333333333,2.33333333333333,2.33333333333333
"98268/1000",NA,98268,4840,"65-69 years","male",21,16940,"Shopping",151.590209960938,151.590209960938,"car",0.0333333333333333,0.78,"weekday",3,"65 plus","<1km","bicycle",0.78,0.0709090909090909,0.233333333333333,0.496363636363636
"98268/1000",NA,98268,4840,"65-69 years","male",21,16941,"Shopping",151.590209960938,151.590209960938,"car",0.416666666666667,12.59,"weekday",4,"65 plus",">10km","car",12.59,0.416666666666667,2.91666666666667,2.91666666666667
"98268/1000",NA,98268,4840,"65-69 years","male",21,16942,"Shopping",151.590209960938,151.590209960938,"car",0.416666666666667,12.53,"weekday",5,"65 plus",">10km","car",12.53,0.416666666666667,2.91666666666667,2.91666666666667
"98268/1000",NA,98268,4840,"65-69 years","male",21,16943,"Other",151.590209960938,151.590209960938,"car",0.25,8.49,"weekday",6,"65 plus","6-10km","car",8.49,0.25,1.75,1.75
"98268/1000",NA,98268,4840,"65-69 years","male",21,16944,"Other",151.590209960938,151.590209960938,"car",0.166666666666667,8.11,"weekday",7,"65 plus","6-10km","car",8.11,0.166666666666667,1.16666666666667,1.16666666666667
"98268/1000",NA,98268,4840,"65-69 years","male",21,16945,"Other",151.590209960938,151.590209960938,"car",0.0833333333333333,2,"weekday",8,"65 plus","1-2km","bicycle",2,0.181818181818182,0.583333333333333,1.27272727272727
"98268/1000",NA,98268,4840,"65-69 years","male",21,16946,"Shopping",151.590209960938,151.590209960938,"car",0.333333333333333,9.31,"weekday",9,"65 plus","6-10km","car",9.31,0.333333333333333,2.33333333333333,2.33333333333333
"98268/1000",NA,98268,4840,"65-69 years","male",21,16947,"Shopping",151.590209960938,151.590209960938,"car",0.25,9.2,"weekday",10,"65 plus","6-10km","car",9.2,0.25,1.75,1.75
"98268/1001",NA,98268,4841,"65-69 years","female",21,16948,"Other",158.535507202148,158.535507202148,"car",0.0833333333333333,3.93,"weekday",1,"65 plus","3-5km","bicycle",3.93,0.357272727272727,0.583333333333333,2.50090909090909
"98268/1001",NA,98268,4841,"65-69 years","female",21,16949,"Other",158.535507202148,158.535507202148,"car",0.0833333333333333,3.88,"weekday",2,"65 plus","3-5km","bicycle",3.88,0.352727272727273,0.583333333333333,2.46909090909091
"98268/1001",NA,98268,4841,"65-69 years","female",21,16950,"Shopping",158.535507202148,158.535507202148,"car",0.416666666666667,12.59,"weekday",3,"65 plus",">10km","car",12.59,0.416666666666667,2.91666666666667,2.91666666666667
"98268/1001",NA,98268,4841,"65-69 years","female",21,16951,"Shopping",158.535507202148,158.535507202148,"car",0.416666666666667,12.53,"weekday",4,"65 plus",">10km","car",12.53,0.416666666666667,2.91666666666667,2.91666666666667
"98268/1001",NA,98268,4841,"65-69 years","female",21,16952,"Other",158.535507202148,158.535507202148,"car",0.25,8.49,"weekday",5,"65 plus","6-10km","car",8.49,0.25,1.75,1.75
"98268/1001",NA,98268,4841,"65-69 years","female",21,16953,"Other",158.535507202148,158.535507202148,"car",0.166666666666667,8.11,"weekday",6,"65 plus","6-10km","car",8.11,0.166666666666667,1.16666666666667,1.16666666666667
"98268/1001",NA,98268,4841,"65-69 years","female",21,16954,"Other",158.535507202148,158.535507202148,"car",0.0833333333333333,2,"weekday",7,"65 plus","1-2km","bicycle",2,0.181818181818182,0.583333333333333,1.27272727272727
"98268/1001",NA,98268,4841,"65-69 years","female",21,16955,"Shopping",158.535507202148,158.535507202148,"car",0.333333333333333,9.31,"weekday",8,"65 plus","6-10km","car",9.31,0.333333333333333,2.33333333333333,2.33333333333333
"98268/1001",NA,98268,4841,"65-69 years","female",21,16956,"Shopping",158.535507202148,158.535507202148,"car",0.25,9.2,"weekday",9,"65 plus","6-10km","car",9.2,0.25,1.75,1.75
"98269/1000",NA,98269,4842,"30-34 years","female",21,16957,"Other",263.370697021484,263.370697021484,"walking",0.0333333333333333,0.15,"weekday",1,"20 to 39","<1km","walking",0.15,0.0333333333333333,0.233333333333333,0.233333333333333
"98269/1000",NA,98269,4842,"30-34 years","female",21,16958,"Other",263.370697021484,263.370697021484,"walking",0.0333333333333333,0.15,"weekday",2,"20 to 39","<1km","walking",0.15,0.0333333333333333,0.233333333333333,0.233333333333333
"98269/1001",NA,98269,4843,"25-29 years","male",21,16959,"Shopping",382.1396484375,382.1396484375,"car",0.0833333333333333,1.59,"weekday",1,"20 to 39","1-2km","bicycle",1.59,0.144545454545455,0.583333333333333,1.01181818181818
"98269/1001",NA,98269,4843,"25-29 years","male",21,16960,"Shopping",382.1396484375,382.1396484375,"car",0.0833333333333333,1.65,"weekday",2,"20 to 39","1-2km","bicycle",1.65,0.15,0.583333333333333,1.05
"98272/1000",NA,98272,4844,"45-49 years","male",21,16961,"Shopping",146.615966796875,146.615966796875,"walking",0.15,1.52,"weekday",1,"40 to 64","1-2km","walking",1.52,0.15,1.05,1.05
"98272/1000",NA,98272,4844,"45-49 years","male",21,16962,"Shopping",146.615966796875,146.615966796875,"walking",0.15,1.52,"weekday",2,"40 to 64","1-2km","walking",1.52,0.15,1.05,1.05
"98274/1000",NA,98274,4845,"65-69 years","female",21,16963,"Leisure",202.306823730469,202.306823730469,"car",0.25,9.22,"weekday",1,"65 plus","6-10km","car",9.22,0.25,1.75,1.75
"98274/1000",NA,98274,4845,"65-69 years","female",21,16964,"Leisure",202.306823730469,202.306823730469,"car",0.25,9.26,"weekday",2,"65 plus","6-10km","car",9.26,0.25,1.75,1.75
"98274/1000",NA,98274,4845,"65-69 years","female",21,16965,"Leisure",202.306823730469,202.306823730469,"car",0.05,0.58,"weekday",3,"65 plus","<1km","bicycle",0.58,0.0527272727272727,0.35,0.369090909090909
"98274/1000",NA,98274,4845,"65-69 years","female",21,16966,"Leisure",202.306823730469,202.306823730469,"car",0.0333333333333333,0.58,"weekday",4,"65 plus","<1km","bicycle",0.58,0.0527272727272727,0.233333333333333,0.369090909090909
"98274/1000",NA,98274,4845,"65-69 years","female",21,16967,"Leisure",202.306823730469,202.306823730469,"car",0.583333333333333,29,"weekday",5,"65 plus",">10km","car",29,0.583333333333333,4.08333333333333,4.08333333333333
"98274/1000",NA,98274,4845,"65-69 years","female",21,16968,"Leisure",202.306823730469,202.306823730469,"car",0.583333333333333,28.89,"weekday",6,"65 plus",">10km","car",28.89,0.583333333333333,4.08333333333333,4.08333333333333
"98275/1000",NA,98275,4846,"70-74 years","male",21,16969,"Other",103.645225524902,103.645225524902,"car",0.333333333333333,20.34,"weekday",1,"65 plus",">10km","car",20.34,0.333333333333333,2.33333333333333,2.33333333333333
"98275/1000",NA,98275,4846,"70-74 years","male",21,16970,"Other",103.645225524902,103.645225524902,"car",0.416666666666667,19.47,"weekday",2,"65 plus",">10km","car",19.47,0.416666666666667,2.91666666666667,2.91666666666667
"98275/1001",NA,98275,4847,"65-69 years","female",21,16971,"Other",101.395683288574,101.395683288574,"car",0.333333333333333,20.34,"weekday",1,"65 plus",">10km","car",20.34,0.333333333333333,2.33333333333333,2.33333333333333
"98275/1001",NA,98275,4847,"65-69 years","female",21,16972,"Other",101.395683288574,101.395683288574,"car",0.416666666666667,19.47,"weekday",2,"65 plus",">10km","car",19.47,0.416666666666667,2.91666666666667,2.91666666666667
"98287/1000",NA,98287,4848,"80-84 years","female",21,16973,"Other",596.730224609375,596.730224609375,"car",0.333333333333333,2.94,"weekday",1,"65 plus","3-5km","bicycle",2.94,0.267272727272727,2.33333333333333,1.87090909090909
"98287/1000",NA,98287,4848,"80-84 years","female",21,16974,"Shopping",596.730224609375,596.730224609375,"car",0.166666666666667,1.46,"weekday",2,"65 plus","1-2km","bicycle",1.46,0.132727272727273,1.16666666666667,0.929090909090909
"98287/1000",NA,98287,4848,"80-84 years","female",21,16975,"Shopping",596.730224609375,596.730224609375,"car",0.333333333333333,1.74,"weekday",3,"65 plus","1-2km","bicycle",1.74,0.158181818181818,2.33333333333333,1.10727272727273
"98287/1000",NA,98287,4848,"80-84 years","female",21,16976,"Other",596.730224609375,596.730224609375,"car",0.333333333333333,2.94,"weekday",4,"65 plus","3-5km","bicycle",2.94,0.267272727272727,2.33333333333333,1.87090909090909
"98287/1000",NA,98287,4848,"80-84 years","female",21,16977,"Other",596.730224609375,596.730224609375,"car",0.166666666666667,2.39,"weekday",5,"65 plus","3-5km","bicycle",2.39,0.217272727272727,1.16666666666667,1.52090909090909
"98308/1000",NA,98308,4849,"80-84 years","male",21,16978,"Shopping",213.465911865234,213.465911865234,"car",0.666666666666667,19.33,"weekday",1,"65 plus",">10km","car",19.33,0.666666666666667,4.66666666666667,4.66666666666667
"98308/1000",NA,98308,4849,"80-84 years","male",21,16979,"Shopping",213.465911865234,213.465911865234,"car",0.3,2.69,"weekday",2,"65 plus","3-5km","bicycle",2.69,0.244545454545455,2.1,1.71181818181818
"98308/1000",NA,98308,4849,"80-84 years","male",21,16980,"Other",213.465911865234,213.465911865234,"car",0.266666666666667,4.42,"weekday",3,"65 plus","3-5km","bicycle",4.42,0.401818181818182,1.86666666666667,2.81272727272727
"98308/1000",NA,98308,4849,"80-84 years","male",21,16981,"Other",213.465911865234,213.465911865234,"car",0.5,20.71,"weekday",4,"65 plus",">10km","car",20.71,0.5,3.5,3.5
"98308/1001",NA,98308,4850,"75-79 years","female",21,16982,"Shopping",181.604446411133,181.604446411133,"car",0.666666666666667,19.33,"weekday",1,"65 plus",">10km","car",19.33,0.666666666666667,4.66666666666667,4.66666666666667
"98308/1001",NA,98308,4850,"75-79 years","female",21,16983,"Shopping",181.604446411133,181.604446411133,"car",0.3,2.69,"weekday",2,"65 plus","3-5km","bicycle",2.69,0.244545454545455,2.1,1.71181818181818
"98308/1001",NA,98308,4850,"75-79 years","female",21,16984,"Other",181.604446411133,181.604446411133,"car",0.266666666666667,4.42,"weekday",3,"65 plus","3-5km","bicycle",4.42,0.401818181818182,1.86666666666667,2.81272727272727
"98308/1001",NA,98308,4850,"75-79 years","female",21,16985,"Other",181.604446411133,181.604446411133,"car",0.5,20.71,"weekday",4,"65 plus",">10km","car",20.71,0.5,3.5,3.5
"98309/1000",NA,98309,4851,"75-79 years","female",21,16986,"Leisure",103.06583404541,103.06583404541,"car",0.166666666666667,3.45,"weekday",1,"65 plus","3-5km","bicycle",3.45,0.313636363636364,1.16666666666667,2.19545454545455
"98309/1000",NA,98309,4851,"75-79 years","female",21,16987,"Leisure",103.06583404541,103.06583404541,"car",0.166666666666667,3.66,"weekday",2,"65 plus","3-5km","bicycle",3.66,0.332727272727273,1.16666666666667,2.32909090909091
"98309/1000",NA,98309,4851,"75-79 years","female",21,16988,"Leisure",103.06583404541,103.06583404541,"walking",0.333333333333333,0.96,"weekday",3,"65 plus","<1km","walking",0.96,0.333333333333333,2.33333333333333,2.33333333333333
"98309/1000",NA,98309,4851,"75-79 years","female",21,16989,"Leisure",103.06583404541,103.06583404541,"walking",0.5,0.96,"weekday",4,"65 plus","<1km","walking",0.96,0.5,3.5,3.5
"98310/1000",NA,98310,4852,"55-59 years","male",21,16990,"Work",132.476211547852,132.476211547852,"car",2,137.33,"weekday",1,"40 to 64",">10km","car",137.33,2,14,14
"98310/1002",NA,98310,4853,"20-24 years","female",21,16991,"Work",140.641052246094,140.641052246094,"car",0.333333333333333,12.68,"weekday",1,"20 to 39",">10km","car",12.68,0.333333333333333,2.33333333333333,2.33333333333333
"98310/1002",NA,98310,4853,"20-24 years","female",21,16992,"Work",140.641052246094,140.641052246094,"car",0.333333333333333,12.78,"weekday",2,"20 to 39",">10km","car",12.78,0.333333333333333,2.33333333333333,2.33333333333333
"98318/1000",NA,98318,4854,"65-69 years","male",21,16993,"Shopping",91.5599975585938,91.5599975585938,"car",0.166666666666667,2.49,"weekday",1,"65 plus","3-5km","bicycle",2.49,0.226363636363636,1.16666666666667,1.58454545454545
"98318/1000",NA,98318,4854,"65-69 years","male",21,16994,"Shopping",91.5599975585938,91.5599975585938,"car",0.166666666666667,2.49,"weekday",2,"65 plus","3-5km","bicycle",2.49,0.226363636363636,1.16666666666667,1.58454545454545
"98330/1000",NA,98330,4855,"70-74 years","female",21,16995,"Education",94.8731231689453,94.8731231689453,"car",0.0833333333333333,3.31,"weekday",1,"65 plus","3-5km","bicycle",3.31,0.300909090909091,0.583333333333333,2.10636363636364
"98330/1000",NA,98330,4855,"70-74 years","female",21,16996,"Leisure",94.8731231689453,94.8731231689453,"car",0.166666666666667,3.8,"weekday",2,"65 plus","3-5km","bicycle",3.8,0.345454545454545,1.16666666666667,2.41818181818182
"98330/1000",NA,98330,4855,"70-74 years","female",21,16997,"Leisure",94.8731231689453,94.8731231689453,"car",0.166666666666667,5,"weekday",3,"65 plus","3-5km","bicycle",5,0.454545454545455,1.16666666666667,3.18181818181818
"98330/1000",NA,98330,4855,"70-74 years","female",21,16998,"Shopping",94.8731231689453,94.8731231689453,"car",0.166666666666667,2.35,"weekday",4,"65 plus","3-5km","bicycle",2.35,0.213636363636364,1.16666666666667,1.49545454545455
"98330/1000",NA,98330,4855,"70-74 years","female",21,16999,"Shopping",94.8731231689453,94.8731231689453,"car",0.166666666666667,2.33,"weekday",5,"65 plus","3-5km","bicycle",2.33,0.211818181818182,1.16666666666667,1.48272727272727
"98333/1000",NA,98333,4856,"25-29 years","male",21,17000,"Work",1061.46960449219,1061.46960449219,"walking",0.0333333333333333,0.2,"weekday",1,"20 to 39","<1km","walking",0.2,0.0333333333333333,0.233333333333333,0.233333333333333
"98333/1000",NA,98333,4856,"25-29 years","male",21,17001,"Work",1061.46960449219,1061.46960449219,"public.transport",0.916666666666667,11.89,"weekday",1,"20 to 39",">10km","public.transport",11.89,0.916666666666667,6.41666666666667,6.41666666666667
"98333/1000",NA,98333,4856,"25-29 years","male",21,17002,"Work",1061.46960449219,1061.46960449219,"walking",0.05,0.09,"weekday",1,"20 to 39","<1km","walking",0.09,0.05,0.35,0.35
"98333/1000",NA,98333,4856,"25-29 years","male",21,17003,"Work",1061.46960449219,1061.46960449219,"walking",0.05,0.09,"weekday",2,"20 to 39","<1km","walking",0.09,0.05,0.35,0.35
"98333/1000",NA,98333,4856,"25-29 years","male",21,17004,"Work",1061.46960449219,1061.46960449219,"public.transport",0.166666666666667,5.07,"weekday",2,"20 to 39","6-10km","public.transport",5.07,0.166666666666667,1.16666666666667,1.16666666666667
"98333/1000",NA,98333,4856,"25-29 years","male",21,17005,"Work",1061.46960449219,1061.46960449219,"walking",0.166666666666667,0.9,"weekday",2,"20 to 39","<1km","walking",0.9,0.166666666666667,1.16666666666667,1.16666666666667
"98333/1000",NA,98333,4856,"25-29 years","male",21,17006,"Work",1061.46960449219,1061.46960449219,"public.transport",0.25,7.69,"weekday",2,"20 to 39","6-10km","public.transport",7.69,0.25,1.75,1.75
"98333/1000",NA,98333,4856,"25-29 years","male",21,17007,"Work",1061.46960449219,1061.46960449219,"walking",0.0333333333333333,0.2,"weekday",2,"20 to 39","<1km","walking",0.2,0.0333333333333333,0.233333333333333,0.233333333333333
"98335/1000",NA,98335,4857,"65-69 years","male",21,17008,"Work",115.985206604004,115.985206604004,"car",0.5,21.01,"weekday",1,"65 plus",">10km","car",21.01,0.5,3.5,3.5
"98335/1000",NA,98335,4857,"65-69 years","male",21,17009,"Work",115.985206604004,115.985206604004,"car",0.5,20.97,"weekday",2,"65 plus",">10km","car",20.97,0.5,3.5,3.5
"98355/1000",NA,98355,4858,"60-64 years","male",21,17010,"Other",143.074340820312,143.074340820312,"car",0.75,23.04,"weekday",1,"40 to 64",">10km","car",23.04,0.75,5.25,5.25
"98355/1000",NA,98355,4858,"60-64 years","male",21,17011,"Other",143.074340820312,143.074340820312,"car",0.75,23.92,"weekday",2,"40 to 64",">10km","car",23.92,0.75,5.25,5.25
"98355/1000",NA,98355,4858,"60-64 years","male",21,17012,"Leisure",143.074340820312,143.074340820312,"car",0.0833333333333333,2.88,"weekday",3,"40 to 64","3-5km","bicycle",2.88,0.261818181818182,0.583333333333333,1.83272727272727
"98355/1000",NA,98355,4858,"60-64 years","male",21,17013,"Leisure",143.074340820312,143.074340820312,"car",0.0833333333333333,2.71,"weekday",4,"40 to 64","3-5km","bicycle",2.71,0.246363636363636,0.583333333333333,1.72454545454545
"98355/1000",NA,98355,4858,"60-64 years","male",21,17014,"Shopping",143.074340820312,143.074340820312,"car",0.0833333333333333,7.28,"weekday",5,"40 to 64","6-10km","car",7.28,0.0833333333333333,0.583333333333333,0.583333333333333
"98355/1000",NA,98355,4858,"60-64 years","male",21,17015,"Shopping",143.074340820312,143.074340820312,"car",0.0833333333333333,7.48,"weekday",6,"40 to 64","6-10km","car",7.48,0.0833333333333333,0.583333333333333,0.583333333333333
"98355/1000",NA,98355,4858,"60-64 years","male",21,17016,"Other",143.074340820312,143.074340820312,"car",0.833333333333333,23.04,"weekday",7,"40 to 64",">10km","car",23.04,0.833333333333333,5.83333333333333,5.83333333333333
"98355/1000",NA,98355,4858,"60-64 years","male",21,17017,"Other",143.074340820312,143.074340820312,"car",0.916666666666667,23.92,"weekday",8,"40 to 64",">10km","car",23.92,0.916666666666667,6.41666666666667,6.41666666666667
"98355/1001",NA,98355,4859,"60-64 years","female",21,17018,"Other",156.893493652344,156.893493652344,"car",0.75,23.04,"weekday",1,"40 to 64",">10km","car",23.04,0.75,5.25,5.25
"98355/1001",NA,98355,4859,"60-64 years","female",21,17019,"Other",156.893493652344,156.893493652344,"car",0.75,23.92,"weekday",2,"40 to 64",">10km","car",23.92,0.75,5.25,5.25
"98355/1001",NA,98355,4859,"60-64 years","female",21,17020,"Shopping",156.893493652344,156.893493652344,"car",0.0833333333333333,7.28,"weekday",3,"40 to 64","6-10km","car",7.28,0.0833333333333333,0.583333333333333,0.583333333333333
"98355/1001",NA,98355,4859,"60-64 years","female",21,17021,"Shopping",156.893493652344,156.893493652344,"car",0.0833333333333333,7.48,"weekday",4,"40 to 64","6-10km","car",7.48,0.0833333333333333,0.583333333333333,0.583333333333333
"98355/1001",NA,98355,4859,"60-64 years","female",21,17022,"Other",156.893493652344,156.893493652344,"car",0.833333333333333,23.04,"weekday",5,"40 to 64",">10km","car",23.04,0.833333333333333,5.83333333333333,5.83333333333333
"98355/1001",NA,98355,4859,"60-64 years","female",21,17023,"Other",156.893493652344,156.893493652344,"car",0.916666666666667,23.92,"weekday",6,"40 to 64",">10km","car",23.92,0.916666666666667,6.41666666666667,6.41666666666667
"98357/1000",NA,98357,4860,"35-39 years","male",21,17024,"Other",253.730651855469,253.730651855469,"walking",0.15,0.61,"weekday",1,"20 to 39","<1km","walking",0.61,0.15,1.05,1.05
"98357/1000",NA,98357,4860,"35-39 years","male",21,17025,"Other",253.730651855469,253.730651855469,"walking",0.416666666666667,0.61,"weekday",2,"20 to 39","<1km","walking",0.61,0.416666666666667,2.91666666666667,2.91666666666667
"98357/1000",NA,98357,4860,"35-39 years","male",21,17026,"Shopping",253.730651855469,253.730651855469,"walking",0.0833333333333333,0.48,"weekday",3,"20 to 39","<1km","walking",0.48,0.0833333333333333,0.583333333333333,0.583333333333333
"98357/1000",NA,98357,4860,"35-39 years","male",21,17027,"Shopping",253.730651855469,253.730651855469,"walking",0.133333333333333,0.48,"weekday",4,"20 to 39","<1km","walking",0.48,0.133333333333333,0.933333333333333,0.933333333333333
"98357/1001",NA,98357,4861,"35-39 years","male",21,17028,"Work",253.730651855469,253.730651855469,"walking",0.15,0.61,"weekday",1,"20 to 39","<1km","walking",0.61,0.15,1.05,1.05
"98357/1001",NA,98357,4861,"35-39 years","male",21,17029,"Work",253.730651855469,253.730651855469,"walking",0.0833333333333333,0.61,"weekday",2,"20 to 39","<1km","walking",0.61,0.0833333333333333,0.583333333333333,0.583333333333333
"98358/1000",NA,98358,4862,"65-69 years","female",21,17030,"Other",158.535507202148,158.535507202148,"car",0.0833333333333333,2.65,"weekday",1,"65 plus","3-5km","bicycle",2.65,0.240909090909091,0.583333333333333,1.68636363636364
"98358/1000",NA,98358,4862,"65-69 years","female",21,17031,"Leisure",158.535507202148,158.535507202148,"car",0.3,6.25,"weekday",2,"65 plus","6-10km","car",6.25,0.3,2.1,2.1
"98358/1000",NA,98358,4862,"65-69 years","female",21,17032,"Leisure",158.535507202148,158.535507202148,"car",0.25,6.3,"weekday",3,"65 plus","6-10km","car",6.3,0.25,1.75,1.75
"98358/1000",NA,98358,4862,"65-69 years","female",21,17033,"Other",158.535507202148,158.535507202148,"car",0.0833333333333333,2.65,"weekday",4,"65 plus","3-5km","bicycle",2.65,0.240909090909091,0.583333333333333,1.68636363636364
"98358/1000",NA,98358,4862,"65-69 years","female",21,17034,"Other",158.535507202148,158.535507202148,"car",0.0833333333333333,2.46,"weekday",5,"65 plus","3-5km","bicycle",2.46,0.223636363636364,0.583333333333333,1.56545454545455
"98358/1001",NA,98358,4863,"70-74 years","male",21,17035,"Other",152.162673950195,152.162673950195,"car",0.0833333333333333,2.65,"weekday",1,"65 plus","3-5km","bicycle",2.65,0.240909090909091,0.583333333333333,1.68636363636364
"98358/1001",NA,98358,4863,"70-74 years","male",21,17036,"Leisure",152.162673950195,152.162673950195,"car",0.3,6.25,"weekday",2,"65 plus","6-10km","car",6.25,0.3,2.1,2.1
"98358/1001",NA,98358,4863,"70-74 years","male",21,17037,"Leisure",152.162673950195,152.162673950195,"car",0.25,6.3,"weekday",3,"65 plus","6-10km","car",6.3,0.25,1.75,1.75
"98362/1000",NA,98362,4864,"60-64 years","male",21,17038,"Work",182.576873779297,182.576873779297,"car",0.25,7.61,"weekday",1,"40 to 64","6-10km","car",7.61,0.25,1.75,1.75
"98362/1000",NA,98362,4864,"60-64 years","male",21,17039,"Work",182.576873779297,182.576873779297,"car",0.333333333333333,8.26,"weekday",2,"40 to 64","6-10km","car",8.26,0.333333333333333,2.33333333333333,2.33333333333333
"98364/1000",NA,98364,4865,"55-59 years","male",21,17041,"Shopping",493.582550048828,493.582550048828,"public.transport",0.25,9.46,"weekday",1,"40 to 64","6-10km","public.transport",9.46,0.25,1.75,1.75
"98364/1000",NA,98364,4865,"55-59 years","male",21,17042,"Shopping",493.582550048828,493.582550048828,"walking",0.0833333333333333,0.6,"weekday",1,"40 to 64","<1km","walking",0.6,0.0833333333333333,0.583333333333333,0.583333333333333
"98364/1000",NA,98364,4865,"55-59 years","male",21,17043,"Shopping",493.582550048828,493.582550048828,"walking",0.0833333333333333,0.6,"weekday",2,"40 to 64","<1km","walking",0.6,0.0833333333333333,0.583333333333333,0.583333333333333
"98364/1000",NA,98364,4865,"55-59 years","male",21,17044,"Shopping",493.582550048828,493.582550048828,"public.transport",0.25,9.7,"weekday",2,"40 to 64","6-10km","public.transport",9.7,0.25,1.75,1.75
"98370/1000",NA,98370,4866,"45-49 years","female",21,17046,"Other",587.36279296875,587.36279296875,"car",0.0833333333333333,3.75,"weekday",1,"40 to 64","3-5km","bicycle",3.75,0.340909090909091,0.583333333333333,2.38636363636364
"98370/1000",NA,98370,4866,"45-49 years","female",21,17047,"Work",587.36279296875,587.36279296875,"car",0.0833333333333333,3.42,"weekday",2,"40 to 64","3-5km","bicycle",3.42,0.310909090909091,0.583333333333333,2.17636363636364
"98370/1000",NA,98370,4866,"45-49 years","female",21,17048,"Work",587.36279296875,587.36279296875,"public.transport",0.3,9.01,"weekday",2,"40 to 64","6-10km","public.transport",9.01,0.3,2.1,2.1
"98370/1000",NA,98370,4866,"45-49 years","female",21,17049,"Work",587.36279296875,587.36279296875,"walking",0.0833333333333333,0.5,"weekday",2,"40 to 64","<1km","walking",0.5,0.0833333333333333,0.583333333333333,0.583333333333333
"98370/1000",NA,98370,4866,"45-49 years","female",21,17050,"Work",587.36279296875,587.36279296875,"walking",0.166666666666667,0.5,"weekday",3,"40 to 64","<1km","walking",0.5,0.166666666666667,1.16666666666667,1.16666666666667
"98370/1000",NA,98370,4866,"45-49 years","female",21,17051,"Work",587.36279296875,587.36279296875,"public.transport",0.216666666666667,9.01,"weekday",3,"40 to 64","6-10km","public.transport",9.01,0.216666666666667,1.51666666666667,1.51666666666667
"98370/1000",NA,98370,4866,"45-49 years","female",21,17052,"Work",587.36279296875,587.36279296875,"car",0.25,6.09,"weekday",3,"40 to 64","6-10km","car",6.09,0.25,1.75,1.75
"98370/1000",NA,98370,4866,"45-49 years","female",21,17053,"Other",587.36279296875,587.36279296875,"car",0.166666666666667,3.75,"weekday",4,"40 to 64","3-5km","bicycle",3.75,0.340909090909091,1.16666666666667,2.38636363636364
"98370/1000",NA,98370,4866,"45-49 years","female",21,17054,"Leisure",587.36279296875,587.36279296875,"car",0.166666666666667,3.41,"weekday",5,"40 to 64","3-5km","bicycle",3.41,0.31,1.16666666666667,2.17
"98370/1000",NA,98370,4866,"45-49 years","female",21,17055,"Leisure",587.36279296875,587.36279296875,"car",0.25,5.41,"weekday",6,"40 to 64","6-10km","car",5.41,0.25,1.75,1.75
"98370/1001",NA,98370,4867,"40-44 years","male",21,17056,"Work",554.12841796875,554.12841796875,"walking",0.0833333333333333,0.44,"weekday",1,"40 to 64","<1km","walking",0.44,0.0833333333333333,0.583333333333333,0.583333333333333
"98370/1001",NA,98370,4867,"40-44 years","male",21,17057,"Work",554.12841796875,554.12841796875,"public.transport",0.533333333333333,14.29,"weekday",1,"40 to 64",">10km","public.transport",14.29,0.533333333333333,3.73333333333333,3.73333333333333
"98370/1001",NA,98370,4867,"40-44 years","male",21,17058,"Work",554.12841796875,554.12841796875,"walking",0.0833333333333333,0.78,"weekday",1,"40 to 64","<1km","walking",0.78,0.0833333333333333,0.583333333333333,0.583333333333333
"98370/1001",NA,98370,4867,"40-44 years","male",21,17059,"Work",554.12841796875,554.12841796875,"walking",0.0833333333333333,0.78,"weekday",2,"40 to 64","<1km","walking",0.78,0.0833333333333333,0.583333333333333,0.583333333333333
"98370/1001",NA,98370,4867,"40-44 years","male",21,17060,"Work",554.12841796875,554.12841796875,"public.transport",0.416666666666667,14.29,"weekday",2,"40 to 64",">10km","public.transport",14.29,0.416666666666667,2.91666666666667,2.91666666666667
"98370/1001",NA,98370,4867,"40-44 years","male",21,17061,"Work",554.12841796875,554.12841796875,"walking",0.0833333333333333,0.44,"weekday",2,"40 to 64","<1km","walking",0.44,0.0833333333333333,0.583333333333333,0.583333333333333
"98371/1000",NA,98371,4868,"65-69 years","male",21,17062,"Leisure",380.566589355469,380.566589355469,"car",0.4,10.03,"weekday",1,"65 plus",">10km","car",10.03,0.4,2.8,2.8
"98371/1000",NA,98371,4868,"65-69 years","male",21,17063,"Leisure",380.566589355469,380.566589355469,"car",0.333333333333333,10.08,"weekday",2,"65 plus",">10km","car",10.08,0.333333333333333,2.33333333333333,2.33333333333333
"98372/1000",NA,98372,4869,"35-39 years","male",21,17064,"Work",754.537231445312,754.537231445312,"walking",0.166666666666667,0.75,"weekday",1,"20 to 39","<1km","walking",0.75,0.166666666666667,1.16666666666667,1.16666666666667
"98372/1000",NA,98372,4869,"35-39 years","male",21,17065,"Work",754.537231445312,754.537231445312,"public.transport",0.5,14.29,"weekday",1,"20 to 39",">10km","public.transport",14.29,0.5,3.5,3.5
"98372/1000",NA,98372,4869,"35-39 years","male",21,17066,"Work",754.537231445312,754.537231445312,"walking",0.166666666666667,0.38,"weekday",1,"20 to 39","<1km","walking",0.38,0.166666666666667,1.16666666666667,1.16666666666667
"98372/1000",NA,98372,4869,"35-39 years","male",21,17067,"Work",754.537231445312,754.537231445312,"walking",0.166666666666667,0.38,"weekday",2,"20 to 39","<1km","walking",0.38,0.166666666666667,1.16666666666667,1.16666666666667
"98372/1000",NA,98372,4869,"35-39 years","male",21,17068,"Work",754.537231445312,754.537231445312,"public.transport",0.5,14.29,"weekday",2,"20 to 39",">10km","public.transport",14.29,0.5,3.5,3.5
"98372/1000",NA,98372,4869,"35-39 years","male",21,17069,"Work",754.537231445312,754.537231445312,"walking",0.1,0.75,"weekday",2,"20 to 39","<1km","walking",0.75,0.1,0.7,0.7
"98377/1000",NA,98377,4870,"65-69 years","male",21,17070,"Shopping",380.566589355469,380.566589355469,"car",0.166666666666667,3.73,"weekday",1,"65 plus","3-5km","bicycle",3.73,0.339090909090909,1.16666666666667,2.37363636363636
"98377/1000",NA,98377,4870,"65-69 years","male",21,17071,"Shopping",380.566589355469,380.566589355469,"car",0.166666666666667,3.36,"weekday",2,"65 plus","3-5km","bicycle",3.36,0.305454545454545,1.16666666666667,2.13818181818182
"98378/1001",NA,98378,4871,"35-39 years","male",21,17072,"Work",670.438781738281,670.438781738281,"car",0.05,0.45,"weekday",1,"20 to 39","<1km","bicycle",0.45,0.0409090909090909,0.35,0.286363636363636
"98378/1001",NA,98378,4871,"35-39 years","male",21,17073,"Work",670.438781738281,670.438781738281,"car",0.05,0.45,"weekday",2,"20 to 39","<1km","bicycle",0.45,0.0409090909090909,0.35,0.286363636363636
"98379/1000",NA,98379,4872,"30-34 years","male",21,17074,"Work",893.932983398438,893.932983398438,"car",0.5,11.28,"weekday",1,"20 to 39",">10km","car",11.28,0.5,3.5,3.5
"98379/1000",NA,98379,4872,"30-34 years","male",21,17075,"Work",893.932983398438,893.932983398438,"car",0.5,10.79,"weekday",2,"20 to 39",">10km","car",10.79,0.5,3.5,3.5
"98381/1000",NA,98381,4873,"35-39 years","female",21,17076,"Other",563.662841796875,563.662841796875,"car",0.166666666666667,4.63,"weekday",1,"20 to 39","3-5km","bicycle",4.63,0.420909090909091,1.16666666666667,2.94636363636364
"98381/1000",NA,98381,4873,"35-39 years","female",21,17077,"Other",563.662841796875,563.662841796875,"car",0.0833333333333333,1.49,"weekday",2,"20 to 39","1-2km","bicycle",1.49,0.135454545454545,0.583333333333333,0.948181818181818
"98381/1000",NA,98381,4873,"35-39 years","female",21,17078,"Work",563.662841796875,563.662841796875,"car",0.0833333333333333,1.67,"weekday",3,"20 to 39","1-2km","bicycle",1.67,0.151818181818182,0.583333333333333,1.06272727272727
"98381/1000",NA,98381,4873,"35-39 years","female",21,17079,"Work",563.662841796875,563.662841796875,"car",0.233333333333333,4.62,"weekday",4,"20 to 39","3-5km","bicycle",4.62,0.42,1.63333333333333,2.94
"98381/1001",NA,98381,4874,"30-34 years","male",21,17080,"Work",890.036010742188,890.036010742188,"car",0.233333333333333,10.78,"weekday",1,"20 to 39",">10km","car",10.78,0.233333333333333,1.63333333333333,1.63333333333333
"98381/1001",NA,98381,4874,"30-34 years","male",21,17081,"Work",890.036010742188,890.036010742188,"car",0.333333333333333,10.09,"weekday",2,"20 to 39",">10km","car",10.09,0.333333333333333,2.33333333333333,2.33333333333333
"98384/1000",NA,98384,4875,"55-59 years","male",21,17082,"Work",493.582550048828,493.582550048828,"walking",0.0833333333333333,0.36,"weekday",1,"40 to 64","<1km","walking",0.36,0.0833333333333333,0.583333333333333,0.583333333333333
"98384/1000",NA,98384,4875,"55-59 years","male",21,17083,"Work",493.582550048828,493.582550048828,"public.transport",0.416666666666667,14.29,"weekday",1,"40 to 64",">10km","public.transport",14.29,0.416666666666667,2.91666666666667,2.91666666666667
"98384/1000",NA,98384,4875,"55-59 years","male",21,17084,"Work",493.582550048828,493.582550048828,"walking",0.0833333333333333,0.35,"weekday",1,"40 to 64","<1km","walking",0.35,0.0833333333333333,0.583333333333333,0.583333333333333
"98384/1000",NA,98384,4875,"55-59 years","male",21,17085,"Work",493.582550048828,493.582550048828,"walking",0.0833333333333333,0.35,"weekday",2,"40 to 64","<1km","walking",0.35,0.0833333333333333,0.583333333333333,0.583333333333333
"98384/1000",NA,98384,4875,"55-59 years","male",21,17086,"Work",493.582550048828,493.582550048828,"public.transport",0.416666666666667,14.29,"weekday",2,"40 to 64",">10km","public.transport",14.29,0.416666666666667,2.91666666666667,2.91666666666667
"98384/1000",NA,98384,4875,"55-59 years","male",21,17087,"Work",493.582550048828,493.582550048828,"walking",0.0833333333333333,0.36,"weekday",2,"40 to 64","<1km","walking",0.36,0.0833333333333333,0.583333333333333,0.583333333333333
"98384/1000",NA,98384,4875,"55-59 years","male",21,17088,"Education",493.582550048828,493.582550048828,"car",0.25,4.13,"weekday",3,"40 to 64","3-5km","bicycle",4.13,0.375454545454545,1.75,2.62818181818182
"98384/1000",NA,98384,4875,"55-59 years","male",21,17089,"Education",493.582550048828,493.582550048828,"car",0.166666666666667,4.1,"weekday",4,"40 to 64","3-5km","bicycle",4.1,0.372727272727273,1.16666666666667,2.60909090909091
"98384/1001",NA,98384,4876,"45-49 years","female",21,17090,"Other",544.801513671875,544.801513671875,"car",0.25,2.68,"weekday",1,"40 to 64","3-5km","bicycle",2.68,0.243636363636364,1.75,1.70545454545455
"98384/1001",NA,98384,4876,"45-49 years","female",21,17091,"Other",544.801513671875,544.801513671875,"car",0.416666666666667,2.46,"weekday",2,"40 to 64","3-5km","bicycle",2.46,0.223636363636364,2.91666666666667,1.56545454545455
"98384/1001",NA,98384,4876,"45-49 years","female",21,17092,"Work",544.801513671875,544.801513671875,"car",0.333333333333333,6.97,"weekday",3,"40 to 64","6-10km","car",6.97,0.333333333333333,2.33333333333333,2.33333333333333
"98384/1001",NA,98384,4876,"45-49 years","female",21,17093,"Other",544.801513671875,544.801513671875,"car",0.25,7.04,"weekday",4,"40 to 64","6-10km","car",7.04,0.25,1.75,1.75
"98384/1001",NA,98384,4876,"45-49 years","female",21,17094,"Other",544.801513671875,544.801513671875,"car",0.25,2.44,"weekday",5,"40 to 64","3-5km","bicycle",2.44,0.221818181818182,1.75,1.55272727272727
"98384/1001",NA,98384,4876,"45-49 years","female",21,17095,"Other",544.801513671875,544.801513671875,"car",0.25,2.66,"weekday",6,"40 to 64","3-5km","bicycle",2.66,0.241818181818182,1.75,1.69272727272727
"98385/1000",NA,98385,4877,"75-79 years","female",21,17096,"Shopping",443.079681396484,443.079681396484,"car",0.166666666666667,1.39,"weekday",1,"65 plus","1-2km","bicycle",1.39,0.126363636363636,1.16666666666667,0.884545454545454
"98385/1000",NA,98385,4877,"75-79 years","female",21,17097,"Shopping",443.079681396484,443.079681396484,"car",0.166666666666667,1.39,"weekday",2,"65 plus","1-2km","bicycle",1.39,0.126363636363636,1.16666666666667,0.884545454545454
"98385/1001",NA,98385,4878,"50-54 years","female",21,17098,"Other",484.974609375,484.974609375,"car",0.25,3.9,"weekday",1,"40 to 64","3-5km","bicycle",3.9,0.354545454545455,1.75,2.48181818181818
"98385/1001",NA,98385,4878,"50-54 years","female",21,17099,"Work",484.974609375,484.974609375,"car",0.166666666666667,1.57,"weekday",2,"40 to 64","1-2km","bicycle",1.57,0.142727272727273,1.16666666666667,0.999090909090909
"98385/1001",NA,98385,4878,"50-54 years","female",21,17100,"Other",484.974609375,484.974609375,"car",0.166666666666667,1.51,"weekday",3,"40 to 64","1-2km","bicycle",1.51,0.137272727272727,1.16666666666667,0.960909090909091
"98385/1001",NA,98385,4878,"50-54 years","female",21,17101,"Other",484.974609375,484.974609375,"car",0.166666666666667,3.88,"weekday",4,"40 to 64","3-5km","bicycle",3.88,0.352727272727273,1.16666666666667,2.46909090909091
"98385/1002",NA,98385,4879,"15-19 years","male",21,17102,"Education",541.848937988281,541.848937988281,"car",0.25,3.9,"weekday",1,"15 to 19","3-5km","bicycle",3.9,0.354545454545455,1.75,2.48181818181818
"98385/1002",NA,98385,4879,"15-19 years","male",21,17103,"Education",541.848937988281,541.848937988281,"car",0.166666666666667,3.88,"weekday",2,"15 to 19","3-5km","bicycle",3.88,0.352727272727273,1.16666666666667,2.46909090909091
"98386/1000",NA,98386,4880,"45-49 years","female",21,17104,"Work",661.040344238281,661.040344238281,"car",0.25,5.59,"weekday",1,"40 to 64","6-10km","car",5.59,0.25,1.75,1.75
"98386/1000",NA,98386,4880,"45-49 years","female",21,17105,"Work",661.040344238281,661.040344238281,"public.transport",0.35,5.1,"weekday",1,"40 to 64","6-10km","public.transport",5.1,0.35,2.45,2.45
"98386/1000",NA,98386,4880,"45-49 years","female",21,17106,"Work",661.040344238281,661.040344238281,"walking",0.0833333333333333,0.23,"weekday",1,"40 to 64","<1km","walking",0.23,0.0833333333333333,0.583333333333333,0.583333333333333
"98386/1000",NA,98386,4880,"45-49 years","female",21,17107,"Work",661.040344238281,661.040344238281,"walking",0.0833333333333333,0.23,"weekday",2,"40 to 64","<1km","walking",0.23,0.0833333333333333,0.583333333333333,0.583333333333333
"98386/1000",NA,98386,4880,"45-49 years","female",21,17108,"Work",661.040344238281,661.040344238281,"public.transport",0.4,5.1,"weekday",2,"40 to 64","6-10km","public.transport",5.1,0.4,2.8,2.8
"98386/1000",NA,98386,4880,"45-49 years","female",21,17109,"Work",661.040344238281,661.040344238281,"car",0.25,5.41,"weekday",2,"40 to 64","6-10km","car",5.41,0.25,1.75,1.75
"98386/1002",NA,98386,4881,"45-49 years","male",21,17110,"Work",552.430297851562,552.430297851562,"walking",0.166666666666667,0.48,"weekday",1,"40 to 64","<1km","walking",0.48,0.166666666666667,1.16666666666667,1.16666666666667
"98386/1002",NA,98386,4881,"45-49 years","male",21,17111,"Work",552.430297851562,552.430297851562,"public.transport",0.416666666666667,15.61,"weekday",1,"40 to 64",">10km","public.transport",15.61,0.416666666666667,2.91666666666667,2.91666666666667
"98386/1002",NA,98386,4881,"45-49 years","male",21,17112,"Work",552.430297851562,552.430297851562,"walking",0.25,0.3,"weekday",1,"40 to 64","<1km","walking",0.3,0.25,1.75,1.75
"98386/1002",NA,98386,4881,"45-49 years","male",21,17113,"Work",552.430297851562,552.430297851562,"walking",0.25,0.3,"weekday",2,"40 to 64","<1km","walking",0.3,0.25,1.75,1.75
"98386/1002",NA,98386,4881,"45-49 years","male",21,17114,"Work",552.430297851562,552.430297851562,"public.transport",0.333333333333333,15.61,"weekday",2,"40 to 64",">10km","public.transport",15.61,0.333333333333333,2.33333333333333,2.33333333333333
"98386/1002",NA,98386,4881,"45-49 years","male",21,17115,"Work",552.430297851562,552.430297851562,"walking",0.166666666666667,0.48,"weekday",2,"40 to 64","<1km","walking",0.48,0.166666666666667,1.16666666666667,1.16666666666667
"98387/1000",NA,98387,4882,"40-44 years","male",21,17116,"Other",800.032165527344,800.032165527344,"car",0.166666666666667,2.76,"weekday",1,"40 to 64","3-5km","bicycle",2.76,0.250909090909091,1.16666666666667,1.75636363636364
"98387/1000",NA,98387,4882,"40-44 years","male",21,17117,"Other",800.032165527344,800.032165527344,"car",0.15,2.72,"weekday",2,"40 to 64","3-5km","bicycle",2.72,0.247272727272727,1.05,1.73090909090909
"98387/1000",NA,98387,4882,"40-44 years","male",21,17118,"Other",800.032165527344,800.032165527344,"car",0.166666666666667,2.76,"weekday",3,"40 to 64","3-5km","bicycle",2.76,0.250909090909091,1.16666666666667,1.75636363636364
"98387/1000",NA,98387,4882,"40-44 years","male",21,17119,"Shopping",800.032165527344,800.032165527344,"car",0.216666666666667,1.77,"weekday",4,"40 to 64","1-2km","bicycle",1.77,0.160909090909091,1.51666666666667,1.12636363636364
"98387/1000",NA,98387,4882,"40-44 years","male",21,17121,"Work",800.032165527344,800.032165527344,"car",0.5,15.65,"weekday",6,"40 to 64",">10km","car",15.65,0.5,3.5,3.5
"98387/1000",NA,98387,4882,"40-44 years","male",21,17122,"Other",800.032165527344,800.032165527344,"car",0.5,15.36,"weekday",7,"40 to 64",">10km","car",15.36,0.5,3.5,3.5
"98387/1000",NA,98387,4882,"40-44 years","male",21,17123,"Other",800.032165527344,800.032165527344,"car",0.0333333333333333,0.57,"weekday",8,"40 to 64","<1km","bicycle",0.57,0.0518181818181818,0.233333333333333,0.362727272727273
"98387/1000",NA,98387,4882,"40-44 years","male",21,17124,"Other",800.032165527344,800.032165527344,"car",0.25,2.76,"weekday",9,"40 to 64","3-5km","bicycle",2.76,0.250909090909091,1.75,1.75636363636364
"98387/1000",NA,98387,4882,"40-44 years","male",21,17125,"Other",800.032165527344,800.032165527344,"car",0.166666666666667,2.72,"weekday",10,"40 to 64","3-5km","bicycle",2.72,0.247272727272727,1.16666666666667,1.73090909090909
"98387/1000",NA,98387,4882,"40-44 years","male",21,17126,"Shopping",800.032165527344,800.032165527344,"car",0.166666666666667,1.94,"weekday",11,"40 to 64","1-2km","bicycle",1.94,0.176363636363636,1.16666666666667,1.23454545454545
"98387/1000",NA,98387,4882,"40-44 years","male",21,17127,"Shopping",800.032165527344,800.032165527344,"car",0.0833333333333333,1.94,"weekday",12,"40 to 64","1-2km","bicycle",1.94,0.176363636363636,0.583333333333333,1.23454545454545
"98387/1000",NA,98387,4882,"40-44 years","male",21,17128,"Other",800.032165527344,800.032165527344,"car",0.0833333333333333,2.76,"weekday",13,"40 to 64","3-5km","bicycle",2.76,0.250909090909091,0.583333333333333,1.75636363636364
"98387/1000",NA,98387,4882,"40-44 years","male",21,17129,"Other",800.032165527344,800.032165527344,"car",0.25,2.72,"weekday",14,"40 to 64","3-5km","bicycle",2.72,0.247272727272727,1.75,1.73090909090909
"98387/1001",NA,98387,4883,"40-44 years","female",21,17130,"Work",830.912109375,830.912109375,"car",0.5,10.81,"weekday",1,"40 to 64",">10km","car",10.81,0.5,3.5,3.5
"98387/1001",NA,98387,4883,"40-44 years","female",21,17131,"Work",830.912109375,830.912109375,"car",0.5,10.89,"weekday",2,"40 to 64",">10km","car",10.89,0.5,3.5,3.5
"98387/1002",NA,98387,4884,"15-19 years","male",21,17132,"Education",782.303466796875,782.303466796875,"car",0.166666666666667,2.76,"weekday",1,"15 to 19","3-5km","bicycle",2.76,0.250909090909091,1.16666666666667,1.75636363636364
"98387/1002",NA,98387,4884,"15-19 years","male",21,17133,"Education",782.303466796875,782.303466796875,"car",0.166666666666667,2.72,"weekday",2,"15 to 19","3-5km","bicycle",2.72,0.247272727272727,1.16666666666667,1.73090909090909
"98389/1000",NA,98389,4885,"80-84 years","female",21,17134,"Other",596.730224609375,596.730224609375,"car",0.166666666666667,2.05,"weekday",1,"65 plus","3-5km","bicycle",2.05,0.186363636363636,1.16666666666667,1.30454545454545
"98389/1000",NA,98389,4885,"80-84 years","female",21,17135,"Other",596.730224609375,596.730224609375,"car",0.166666666666667,2.02,"weekday",2,"65 plus","3-5km","bicycle",2.02,0.183636363636364,1.16666666666667,1.28545454545455
"98390/1000",NA,98390,4886,"30-34 years","male",21,17136,"Other",890.036010742188,890.036010742188,"car",0.05,1.73,"weekday",1,"20 to 39","1-2km","bicycle",1.73,0.157272727272727,0.35,1.10090909090909
"98390/1000",NA,98390,4886,"30-34 years","male",21,17137,"Other",890.036010742188,890.036010742188,"car",0.05,1.69,"weekday",2,"20 to 39","1-2km","bicycle",1.69,0.153636363636364,0.35,1.07545454545455
"98390/1001",NA,98390,4887,"30-34 years","female",21,17138,"Work",718.065612792969,718.065612792969,"car",0.5,12.92,"weekday",1,"20 to 39",">10km","car",12.92,0.5,3.5,3.5
"98390/1001",NA,98390,4887,"30-34 years","female",21,17139,"Work",718.065612792969,718.065612792969,"car",0.5,13.23,"weekday",2,"20 to 39",">10km","car",13.23,0.5,3.5,3.5
"98392/1000",NA,98392,4888,"35-39 years","male",21,17140,"Work",670.438781738281,670.438781738281,"car",0.333333333333333,12.17,"weekday",1,"20 to 39",">10km","car",12.17,0.333333333333333,2.33333333333333,2.33333333333333
"98392/1000",NA,98392,4888,"35-39 years","male",21,17141,"Other",670.438781738281,670.438781738281,"car",0.333333333333333,7.99,"weekday",2,"20 to 39","6-10km","car",7.99,0.333333333333333,2.33333333333333,2.33333333333333
"98392/1000",NA,98392,4888,"35-39 years","male",21,17142,"Other",670.438781738281,670.438781738281,"car",0.25,6.37,"weekday",3,"20 to 39","6-10km","car",6.37,0.25,1.75,1.75
"98392/1001",NA,98392,4889,"35-39 years","female",21,17143,"Other",563.662841796875,563.662841796875,"car",0.333333333333333,6.51,"weekday",1,"20 to 39","6-10km","car",6.51,0.333333333333333,2.33333333333333,2.33333333333333
"98392/1001",NA,98392,4889,"35-39 years","female",21,17144,"Work",563.662841796875,563.662841796875,"car",0.333333333333333,3.55,"weekday",2,"20 to 39","3-5km","bicycle",3.55,0.322727272727273,2.33333333333333,2.25909090909091
"98392/1001",NA,98392,4889,"35-39 years","female",21,17145,"Work",563.662841796875,563.662841796875,"car",0.25,5.87,"weekday",3,"20 to 39","6-10km","car",5.87,0.25,1.75,1.75
"98394/1000",NA,98394,4890,"35-39 years","male",21,17146,"Work",673.374267578125,673.374267578125,"car",0.333333333333333,11.39,"weekday",1,"20 to 39",">10km","car",11.39,0.333333333333333,2.33333333333333,2.33333333333333
"98394/1000",NA,98394,4890,"35-39 years","male",21,17147,"Work",673.374267578125,673.374267578125,"car",0.25,9.98,"weekday",2,"20 to 39","6-10km","car",9.98,0.25,1.75,1.75
"98402/1000",NA,98402,4891,"35-39 years","male",21,17148,"Work",140.393783569336,140.393783569336,"car",0.6,26.96,"weekday",1,"20 to 39",">10km","car",26.96,0.6,4.2,4.2
"98402/1000",NA,98402,4891,"35-39 years","male",21,17149,"Work",140.393783569336,140.393783569336,"car",0.75,27.35,"weekday",2,"20 to 39",">10km","car",27.35,0.75,5.25,5.25
"98402/1000",NA,98402,4891,"35-39 years","male",21,17150,"Leisure",140.393783569336,140.393783569336,"walking",0.2,0.75,"weekday",3,"20 to 39","<1km","walking",0.75,0.2,1.4,1.4
"98402/1000",NA,98402,4891,"35-39 years","male",21,17151,"Leisure",140.393783569336,140.393783569336,"walking",0.333333333333333,0.75,"weekday",4,"20 to 39","<1km","walking",0.75,0.333333333333333,2.33333333333333,2.33333333333333
"98402/1001",NA,98402,4892,"35-39 years","female",21,17152,"Leisure",108.65584564209,108.65584564209,"walking",0.2,0.75,"weekday",1,"20 to 39","<1km","walking",0.75,0.2,1.4,1.4
"98402/1001",NA,98402,4892,"35-39 years","female",21,17153,"Leisure",108.65584564209,108.65584564209,"walking",0.333333333333333,0.75,"weekday",2,"20 to 39","<1km","walking",0.75,0.333333333333333,2.33333333333333,2.33333333333333
"98409/1000",NA,98409,4893,"50-54 years","female",21,17154,"Work",181.629013061523,181.629013061523,"car",0.333333333333333,18.33,"weekday",1,"40 to 64",">10km","car",18.33,0.333333333333333,2.33333333333333,2.33333333333333
"98409/1000",NA,98409,4893,"50-54 years","female",21,17155,"Other",181.629013061523,181.629013061523,"car",0.8,39.89,"weekday",2,"40 to 64",">10km","car",39.89,0.8,5.6,5.6
"98409/1000",NA,98409,4893,"50-54 years","female",21,17156,"Other",181.629013061523,181.629013061523,"car",0.716666666666667,31.72,"weekday",3,"40 to 64",">10km","car",31.72,0.716666666666667,5.01666666666667,5.01666666666667
"98409/1002",NA,98409,4894,"15-19 years","male",21,17157,"Other",203.738250732422,203.738250732422,"car",0.2,4.95,"weekday",1,"15 to 19","3-5km","bicycle",4.95,0.45,1.4,3.15
"98409/1002",NA,98409,4894,"15-19 years","male",21,17158,"Other",203.738250732422,203.738250732422,"car",0.216666666666667,5.12,"weekday",2,"15 to 19","6-10km","car",5.12,0.216666666666667,1.51666666666667,1.51666666666667
"98409/1002",NA,98409,4894,"15-19 years","male",21,17159,"Work",203.738250732422,203.738250732422,"car",0.2,6.46,"weekday",3,"15 to 19","6-10km","car",6.46,0.2,1.4,1.4
"98409/1002",NA,98409,4894,"15-19 years","male",21,17160,"Work",203.738250732422,203.738250732422,"car",0.15,6.25,"weekday",4,"15 to 19","6-10km","car",6.25,0.15,1.05,1.05
"98409/1002",NA,98409,4894,"15-19 years","male",21,17161,"Leisure",203.738250732422,203.738250732422,"car",0.333333333333333,10.16,"weekday",5,"15 to 19",">10km","car",10.16,0.333333333333333,2.33333333333333,2.33333333333333
"98409/1002",NA,98409,4894,"15-19 years","male",21,17162,"Leisure",203.738250732422,203.738250732422,"car",0.233333333333333,10.15,"weekday",6,"15 to 19",">10km","car",10.15,0.233333333333333,1.63333333333333,1.63333333333333
"98409/1003",NA,98409,4895,"15-19 years","female",21,17163,"Education",215.904037475586,215.904037475586,"car",0.2,4.95,"weekday",1,"15 to 19","3-5km","bicycle",4.95,0.45,1.4,3.15
"98409/1003",NA,98409,4895,"15-19 years","female",21,17164,"Shopping",215.904037475586,215.904037475586,"car",0.666666666666667,18.05,"weekday",2,"15 to 19",">10km","car",18.05,0.666666666666667,4.66666666666667,4.66666666666667
"98409/1003",NA,98409,4895,"15-19 years","female",21,17165,"Leisure",215.904037475586,215.904037475586,"car",0.416666666666667,19.18,"weekday",3,"15 to 19",">10km","car",19.18,0.416666666666667,2.91666666666667,2.91666666666667
"98409/1003",NA,98409,4895,"15-19 years","female",21,17166,"Leisure",215.904037475586,215.904037475586,"car",0.716666666666667,31.72,"weekday",4,"15 to 19",">10km","car",31.72,0.716666666666667,5.01666666666667,5.01666666666667
"98410/1001",NA,98410,4896,"55-59 years","female",21,17167,"Work",176.243804931641,176.243804931641,"car",0.25,4.93,"weekday",1,"40 to 64","3-5km","bicycle",4.93,0.448181818181818,1.75,3.13727272727273
"98410/1001",NA,98410,4896,"55-59 years","female",21,17168,"Work",176.243804931641,176.243804931641,"car",0.25,5.1,"weekday",2,"40 to 64","6-10km","car",5.1,0.25,1.75,1.75
"98410/1002",NA,98410,4897,"20-24 years","male",21,17169,"Leisure",233.046676635742,233.046676635742,"car",0.916666666666667,19.06,"weekday",1,"20 to 39",">10km","car",19.06,0.916666666666667,6.41666666666667,6.41666666666667
"98410/1002",NA,98410,4897,"20-24 years","male",21,17170,"Shopping",233.046676635742,233.046676635742,"car",0.25,3.17,"weekday",2,"20 to 39","3-5km","bicycle",3.17,0.288181818181818,1.75,2.01727272727273
"98410/1002",NA,98410,4897,"20-24 years","male",21,17171,"Shopping",233.046676635742,233.046676635742,"car",0.5,20.15,"weekday",3,"20 to 39",">10km","car",20.15,0.5,3.5,3.5
"98447/1000",NA,98447,4898,"45-49 years","male",21,17172,"Work",125.319877624512,125.319877624512,"car",0.5,15.16,"weekday",1,"40 to 64",">10km","car",15.16,0.5,3.5,3.5
"98447/1000",NA,98447,4898,"45-49 years","male",21,17173,"Work",125.319877624512,125.319877624512,"car",0.666666666666667,15.22,"weekday",2,"40 to 64",">10km","car",15.22,0.666666666666667,4.66666666666667,4.66666666666667
"98447/1007",NA,98447,4899,"35-39 years","female",21,17174,"Work",101.994979858398,101.994979858398,"car",0.333333333333333,6.04,"weekday",1,"20 to 39","6-10km","car",6.04,0.333333333333333,2.33333333333333,2.33333333333333
"98447/1007",NA,98447,4899,"35-39 years","female",21,17175,"Work",101.994979858398,101.994979858398,"car",0.333333333333333,6.05,"weekday",2,"20 to 39","6-10km","car",6.05,0.333333333333333,2.33333333333333,2.33333333333333
"98449/1001",NA,98449,4900,"50-54 years","male",21,17176,"Work",111.144454956055,111.144454956055,"car",0.5,20.26,"weekday",1,"40 to 64",">10km","car",20.26,0.5,3.5,3.5
"98449/1001",NA,98449,4900,"50-54 years","male",21,17177,"Work",111.144454956055,111.144454956055,"car",0.5,20.29,"weekday",2,"40 to 64",">10km","car",20.29,0.5,3.5,3.5
"98492/1000",NA,98492,4901,"50-54 years","male",21,17178,"Work",184.723663330078,184.723663330078,"car",0.333333333333333,11.9,"weekday",1,"40 to 64",">10km","car",11.9,0.333333333333333,2.33333333333333,2.33333333333333
"98492/1000",NA,98492,4901,"50-54 years","male",21,17179,"Work",184.723663330078,184.723663330078,"car",0.333333333333333,11.77,"weekday",2,"40 to 64",">10km","car",11.77,0.333333333333333,2.33333333333333,2.33333333333333
"98493/1000",NA,98493,4902,"45-49 years","male",21,17180,"Other",552.430297851562,552.430297851562,"car",0.166666666666667,2.58,"weekday",1,"40 to 64","3-5km","bicycle",2.58,0.234545454545455,1.16666666666667,1.64181818181818
"98493/1000",NA,98493,4902,"45-49 years","male",21,17181,"Other",552.430297851562,552.430297851562,"car",0.216666666666667,2.58,"weekday",2,"40 to 64","3-5km","bicycle",2.58,0.234545454545455,1.51666666666667,1.64181818181818
"98493/1000",NA,98493,4902,"45-49 years","male",21,17182,"Work",552.430297851562,552.430297851562,"bicycle",0.583333333333333,11.81,"weekday",3,"40 to 64",">10km","bicycle",11.81,0.583333333333333,4.08333333333333,4.08333333333333
"98493/1000",NA,98493,4902,"45-49 years","male",21,17183,"Shopping",552.430297851562,552.430297851562,"walking",0.166666666666667,1.09,"weekday",4,"40 to 64","1-2km","walking",1.09,0.166666666666667,1.16666666666667,1.16666666666667
"98493/1000",NA,98493,4902,"45-49 years","male",21,17184,"Work",552.430297851562,552.430297851562,"walking",0.216666666666667,1.09,"weekday",5,"40 to 64","1-2km","walking",1.09,0.216666666666667,1.51666666666667,1.51666666666667
"98493/1000",NA,98493,4902,"45-49 years","male",21,17185,"Work",552.430297851562,552.430297851562,"bicycle",0.5,11.81,"weekday",6,"40 to 64",">10km","bicycle",11.81,0.5,3.5,3.5
"98493/1000",NA,98493,4902,"45-49 years","male",21,17186,"Other",552.430297851562,552.430297851562,"car",0.133333333333333,2.58,"weekday",7,"40 to 64","3-5km","bicycle",2.58,0.234545454545455,0.933333333333333,1.64181818181818
"98493/1000",NA,98493,4902,"45-49 years","male",21,17187,"Leisure",552.430297851562,552.430297851562,"car",0.266666666666667,6.41,"weekday",8,"40 to 64","6-10km","car",6.41,0.266666666666667,1.86666666666667,1.86666666666667
"98493/1000",NA,98493,4902,"45-49 years","male",21,17188,"Leisure",552.430297851562,552.430297851562,"car",0.233333333333333,4.44,"weekday",9,"40 to 64","3-5km","bicycle",4.44,0.403636363636364,1.63333333333333,2.82545454545455
"98493/1001",NA,98493,4903,"40-44 years","female",21,17189,"Leisure",647.70849609375,647.70849609375,"walking",0.166666666666667,0.56,"weekday",1,"40 to 64","<1km","walking",0.56,0.166666666666667,1.16666666666667,1.16666666666667
"98493/1001",NA,98493,4903,"40-44 years","female",21,17190,"Leisure",647.70849609375,647.70849609375,"walking",0.116666666666667,0.56,"weekday",2,"40 to 64","<1km","walking",0.56,0.116666666666667,0.816666666666667,0.816666666666667
"98493/1001",NA,98493,4903,"40-44 years","female",21,17191,"Leisure",647.70849609375,647.70849609375,"car",0.466666666666667,15.26,"weekday",3,"40 to 64",">10km","car",15.26,0.466666666666667,3.26666666666667,3.26666666666667
"98493/1001",NA,98493,4903,"40-44 years","female",21,17192,"Leisure",647.70849609375,647.70849609375,"car",0.5,15.29,"weekday",4,"40 to 64",">10km","car",15.29,0.5,3.5,3.5
"98494/1000",NA,98494,4904,"45-49 years","male",21,17193,"Work",708.6845703125,708.6845703125,"walking",0.3,1.77,"weekday",1,"40 to 64","1-2km","walking",1.77,0.3,2.1,2.1
"98494/1000",NA,98494,4904,"45-49 years","male",21,17194,"Work",708.6845703125,708.6845703125,"public.transport",0.433333333333333,13.33,"weekday",1,"40 to 64",">10km","public.transport",13.33,0.433333333333333,3.03333333333333,3.03333333333333
"98494/1000",NA,98494,4904,"45-49 years","male",21,17195,"Work",708.6845703125,708.6845703125,"walking",0.133333333333333,0.67,"weekday",1,"40 to 64","<1km","walking",0.67,0.133333333333333,0.933333333333333,0.933333333333333
"98494/1000",NA,98494,4904,"45-49 years","male",21,17196,"Leisure",708.6845703125,708.6845703125,"walking",0.25,0.13,"weekday",2,"40 to 64","<1km","walking",0.13,0.25,1.75,1.75
"98494/1000",NA,98494,4904,"45-49 years","male",21,17197,"Work",708.6845703125,708.6845703125,"walking",0.0833333333333333,0.13,"weekday",3,"40 to 64","<1km","walking",0.13,0.0833333333333333,0.583333333333333,0.583333333333333
"98494/1000",NA,98494,4904,"45-49 years","male",21,17198,"Work",708.6845703125,708.6845703125,"walking",0.133333333333333,0.67,"weekday",4,"40 to 64","<1km","walking",0.67,0.133333333333333,0.933333333333333,0.933333333333333
"98494/1000",NA,98494,4904,"45-49 years","male",21,17199,"Work",708.6845703125,708.6845703125,"public.transport",0.45,13.33,"weekday",4,"40 to 64",">10km","public.transport",13.33,0.45,3.15,3.15
"98494/1000",NA,98494,4904,"45-49 years","male",21,17200,"Work",708.6845703125,708.6845703125,"walking",0.05,0.64,"weekday",4,"40 to 64","<1km","walking",0.64,0.05,0.35,0.35
"98494/1000",NA,98494,4904,"45-49 years","male",21,17201,"Work",708.6845703125,708.6845703125,"car",0.0833333333333333,1.13,"weekday",4,"40 to 64","1-2km","bicycle",1.13,0.102727272727273,0.583333333333333,0.719090909090909
"98494/1001",NA,98494,4905,"35-39 years","female",21,17202,"Leisure",813.797668457031,813.797668457031,"walking",0.166666666666667,0.79,"weekday",1,"20 to 39","<1km","walking",0.79,0.166666666666667,1.16666666666667,1.16666666666667
"98494/1001",NA,98494,4905,"35-39 years","female",21,17203,"Leisure",813.797668457031,813.797668457031,"walking",0.0833333333333333,0.79,"weekday",2,"20 to 39","<1km","walking",0.79,0.0833333333333333,0.583333333333333,0.583333333333333
"98494/1001",NA,98494,4905,"35-39 years","female",21,17204,"Other",813.797668457031,813.797668457031,"car",0.133333333333333,2.07,"weekday",3,"20 to 39","3-5km","bicycle",2.07,0.188181818181818,0.933333333333333,1.31727272727273
"98494/1001",NA,98494,4905,"35-39 years","female",21,17205,"Other",813.797668457031,813.797668457031,"bicycle",0.1,0.39,"weekday",3,"20 to 39","<1km","bicycle",0.39,0.1,0.7,0.7
"98494/1001",NA,98494,4905,"35-39 years","female",21,17206,"Other",813.797668457031,813.797668457031,"walking",0.0666666666666667,0.39,"weekday",4,"20 to 39","<1km","walking",0.39,0.0666666666666667,0.466666666666667,0.466666666666667
"98494/1001",NA,98494,4905,"35-39 years","female",21,17207,"Other",813.797668457031,813.797668457031,"car",0.0833333333333333,2.07,"weekday",4,"20 to 39","3-5km","bicycle",2.07,0.188181818181818,0.583333333333333,1.31727272727273
"98494/1001",NA,98494,4905,"35-39 years","female",21,17208,"Other",813.797668457031,813.797668457031,"car",0.1,2.38,"weekday",5,"20 to 39","3-5km","bicycle",2.38,0.216363636363636,0.7,1.51454545454545
"98494/1001",NA,98494,4905,"35-39 years","female",21,17209,"Other",813.797668457031,813.797668457031,"car",0.166666666666667,1.19,"weekday",6,"20 to 39","1-2km","bicycle",1.19,0.108181818181818,1.16666666666667,0.757272727272727
"98494/1001",NA,98494,4905,"35-39 years","female",21,17210,"Other",813.797668457031,813.797668457031,"car",0.05,0.91,"weekday",7,"20 to 39","<1km","bicycle",0.91,0.0827272727272727,0.35,0.579090909090909
"98494/1001",NA,98494,4905,"35-39 years","female",21,17211,"Other",813.797668457031,813.797668457031,"car",0.0833333333333333,1.13,"weekday",8,"20 to 39","1-2km","bicycle",1.13,0.102727272727273,0.583333333333333,0.719090909090909
"98494/1001",NA,98494,4905,"35-39 years","female",21,17212,"Other",813.797668457031,813.797668457031,"car",0.1,1.13,"weekday",9,"20 to 39","1-2km","bicycle",1.13,0.102727272727273,0.7,0.719090909090909
"98494/1001",NA,98494,4905,"35-39 years","female",21,17213,"Other",813.797668457031,813.797668457031,"car",0.0833333333333333,1.13,"weekday",10,"20 to 39","1-2km","bicycle",1.13,0.102727272727273,0.583333333333333,0.719090909090909
"98494/1001",NA,98494,4905,"35-39 years","female",21,17214,"Leisure",813.797668457031,813.797668457031,"car",0.4,20.55,"weekday",11,"20 to 39",">10km","car",20.55,0.4,2.8,2.8
"98494/1001",NA,98494,4905,"35-39 years","female",21,17215,"Leisure",813.797668457031,813.797668457031,"car",0.483333333333333,20.79,"weekday",12,"20 to 39",">10km","car",20.79,0.483333333333333,3.38333333333333,3.38333333333333
"98494/1002",NA,98494,4906,"15-19 years","male",21,17216,"Education",782.303466796875,782.303466796875,"walking",0.3,1.77,"weekday",1,"15 to 19","1-2km","walking",1.77,0.3,2.1,2.1
"98494/1002",NA,98494,4906,"15-19 years","male",21,17217,"Education",782.303466796875,782.303466796875,"public.transport",0.183333333333333,6.07,"weekday",1,"15 to 19","6-10km","public.transport",6.07,0.183333333333333,1.28333333333333,1.28333333333333
"98494/1002",NA,98494,4906,"15-19 years","male",21,17218,"Education",782.303466796875,782.303466796875,"walking",0.133333333333333,1.33,"weekday",1,"15 to 19","1-2km","walking",1.33,0.133333333333333,0.933333333333333,0.933333333333333
"98494/1002",NA,98494,4906,"15-19 years","male",21,17219,"Education",782.303466796875,782.303466796875,"walking",0.316666666666667,1.33,"weekday",2,"15 to 19","1-2km","walking",1.33,0.316666666666667,2.21666666666667,2.21666666666667
"98494/1002",NA,98494,4906,"15-19 years","male",21,17220,"Education",782.303466796875,782.303466796875,"public.transport",0.183333333333333,6.07,"weekday",2,"15 to 19","6-10km","public.transport",6.07,0.183333333333333,1.28333333333333,1.28333333333333
"98494/1002",NA,98494,4906,"15-19 years","male",21,17221,"Education",782.303466796875,782.303466796875,"walking",0.0833333333333333,0.64,"weekday",2,"15 to 19","<1km","walking",0.64,0.0833333333333333,0.583333333333333,0.583333333333333
"98494/1002",NA,98494,4906,"15-19 years","male",21,17222,"Education",782.303466796875,782.303466796875,"car",0.0833333333333333,1.13,"weekday",2,"15 to 19","1-2km","bicycle",1.13,0.102727272727273,0.583333333333333,0.719090909090909
"98525/1000",NA,98525,4907,"40-44 years","female",21,17223,"Other",77.7493667602539,77.7493667602539,"car",0.166666666666667,3.36,"weekday",1,"40 to 64","3-5km","bicycle",3.36,0.305454545454545,1.16666666666667,2.13818181818182
"98525/1000",NA,98525,4907,"40-44 years","female",21,17224,"Other",77.7493667602539,77.7493667602539,"car",0.166666666666667,3.35,"weekday",2,"40 to 64","3-5km","bicycle",3.35,0.304545454545455,1.16666666666667,2.13181818181818
"98525/1000",NA,98525,4907,"40-44 years","female",21,17225,"Other",77.7493667602539,77.7493667602539,"car",0.166666666666667,3.36,"weekday",3,"40 to 64","3-5km","bicycle",3.36,0.305454545454545,1.16666666666667,2.13818181818182
"98525/1000",NA,98525,4907,"40-44 years","female",21,17226,"Other",77.7493667602539,77.7493667602539,"car",0.166666666666667,3.35,"weekday",4,"40 to 64","3-5km","bicycle",3.35,0.304545454545455,1.16666666666667,2.13181818181818
"98632/1000",NA,98632,4908,"65-69 years","female",21,17227,"Shopping",158.535507202148,158.535507202148,"car",0.25,9.11,"weekday",1,"65 plus","6-10km","car",9.11,0.25,1.75,1.75
"98632/1000",NA,98632,4908,"65-69 years","female",21,17228,"Shopping",158.535507202148,158.535507202148,"car",0.25,1.62,"weekday",2,"65 plus","1-2km","bicycle",1.62,0.147272727272727,1.75,1.03090909090909
"98632/1000",NA,98632,4908,"65-69 years","female",21,17229,"Shopping",158.535507202148,158.535507202148,"car",0.416666666666667,10.68,"weekday",3,"65 plus",">10km","car",10.68,0.416666666666667,2.91666666666667,2.91666666666667
"98632/1001",NA,98632,4909,"70-74 years","male",21,17230,"Other",152.162673950195,152.162673950195,"car",0.25,9.11,"weekday",1,"65 plus","6-10km","car",9.11,0.25,1.75,1.75
"98632/1001",NA,98632,4909,"70-74 years","male",21,17231,"Other",152.162673950195,152.162673950195,"car",0.333333333333333,6.17,"weekday",2,"65 plus","6-10km","car",6.17,0.333333333333333,2.33333333333333,2.33333333333333
"98632/1001",NA,98632,4909,"70-74 years","male",21,17232,"Other",152.162673950195,152.162673950195,"car",0.25,5.59,"weekday",3,"65 plus","6-10km","car",5.59,0.25,1.75,1.75
"98632/1001",NA,98632,4909,"70-74 years","male",21,17233,"Other",152.162673950195,152.162673950195,"car",0.25,9.11,"weekday",4,"65 plus","6-10km","car",9.11,0.25,1.75,1.75
"98632/1001",NA,98632,4909,"70-74 years","male",21,17234,"Other",152.162673950195,152.162673950195,"car",0.416666666666667,9.12,"weekday",5,"65 plus","6-10km","car",9.12,0.416666666666667,2.91666666666667,2.91666666666667
"98638/1000",NA,98638,4910,"55-59 years","male",21,17235,"Leisure",261.203918457031,261.203918457031,"car",1.5,62.65,"weekday",1,"40 to 64",">10km","car",62.65,1.5,10.5,10.5
"98638/1000",NA,98638,4910,"55-59 years","male",21,17236,"Leisure",261.203918457031,261.203918457031,"car",2.25,64.91,"weekday",2,"40 to 64",">10km","car",64.91,2.25,15.75,15.75
"98639/1000",NA,98639,4911,"35-39 years","female",21,17237,"Work",147.140991210938,147.140991210938,"car",0.85,47.05,"weekday",1,"20 to 39",">10km","car",47.05,0.85,5.95,5.95
"98639/1000",NA,98639,4911,"35-39 years","female",21,17238,"Work",147.140991210938,147.140991210938,"car",0.716666666666667,46.31,"weekday",2,"20 to 39",">10km","car",46.31,0.716666666666667,5.01666666666667,5.01666666666667
"98640/1001",NA,98640,4912,"50-54 years","female",21,17239,"Other",422.304656982422,422.304656982422,"car",0.25,7.51,"weekday",1,"40 to 64","6-10km","car",7.51,0.25,1.75,1.75
"98640/1001",NA,98640,4912,"50-54 years","female",21,17240,"Shopping",422.304656982422,422.304656982422,"walking",0.166666666666667,0.08,"weekday",2,"40 to 64","<1km","walking",0.08,0.166666666666667,1.16666666666667,1.16666666666667
"98640/1001",NA,98640,4912,"50-54 years","female",21,17241,"Shopping",422.304656982422,422.304656982422,"car",0.333333333333333,7.49,"weekday",3,"40 to 64","6-10km","car",7.49,0.333333333333333,2.33333333333333,2.33333333333333
"98640/1002",NA,98640,4913,"15-19 years","male",21,17242,"Education",333.733825683594,333.733825683594,"public.transport",0.366666666666667,7.59,"weekday",1,"15 to 19","6-10km","public.transport",7.59,0.366666666666667,2.56666666666667,2.56666666666667
"98640/1002",NA,98640,4913,"15-19 years","male",21,17243,"Education",333.733825683594,333.733825683594,"public.transport",0.666666666666667,7.6,"weekday",2,"15 to 19","6-10km","public.transport",7.6,0.666666666666667,4.66666666666667,4.66666666666667
"98640/1003",NA,98640,4914,"30-34 years","male",21,17244,"Work",623.173278808594,623.173278808594,"car",1.33333333333333,83.04,"weekday",1,"20 to 39",">10km","car",83.04,1.33333333333333,9.33333333333333,9.33333333333333
"98640/1003",NA,98640,4914,"30-34 years","male",21,17245,"Work",623.173278808594,623.173278808594,"car",1.08333333333333,83.05,"weekday",2,"20 to 39",">10km","car",83.05,1.08333333333333,7.58333333333333,7.58333333333333
"98658/1001",NA,98658,4915,"55-59 years","male",21,17246,"Shopping",136.198272705078,136.198272705078,"car",0.133333333333333,2.65,"weekday",1,"40 to 64","3-5km","bicycle",2.65,0.240909090909091,0.933333333333333,1.68636363636364
"98658/1001",NA,98658,4915,"55-59 years","male",21,17247,"Shopping",136.198272705078,136.198272705078,"car",0.0333333333333333,0.27,"weekday",2,"40 to 64","<1km","bicycle",0.27,0.0245454545454545,0.233333333333333,0.171818181818182
"98658/1001",NA,98658,4915,"55-59 years","male",21,17248,"Shopping",136.198272705078,136.198272705078,"car",0.116666666666667,2.7,"weekday",3,"40 to 64","3-5km","bicycle",2.7,0.245454545454545,0.816666666666667,1.71818181818182
"98665/1000",NA,98665,4916,"55-59 years","female",21,17249,"Shopping",124.50057220459,124.50057220459,"car",0.25,5.28,"weekday",1,"40 to 64","6-10km","car",5.28,0.25,1.75,1.75
"98665/1000",NA,98665,4916,"55-59 years","female",21,17250,"Shopping",124.50057220459,124.50057220459,"car",0.25,5.34,"weekday",2,"40 to 64","6-10km","car",5.34,0.25,1.75,1.75
"98665/1001",NA,98665,4917,"55-59 years","male",21,17251,"Work",136.198272705078,136.198272705078,"car",0.5,34.37,"weekday",1,"40 to 64",">10km","car",34.37,0.5,3.5,3.5
"98665/1001",NA,98665,4917,"55-59 years","male",21,17252,"Work",136.198272705078,136.198272705078,"car",1,34.44,"weekday",2,"40 to 64",">10km","car",34.44,1,7,7
"98678/1000",NA,98678,4918,"35-39 years","female",21,17253,"Work",205.37922668457,205.37922668457,"car",0.583333333333333,32.64,"weekday",1,"20 to 39",">10km","car",32.64,0.583333333333333,4.08333333333333,4.08333333333333
"98678/1000",NA,98678,4918,"35-39 years","female",21,17254,"Other",205.37922668457,205.37922668457,"car",0.5,16.57,"weekday",2,"20 to 39",">10km","car",16.57,0.5,3.5,3.5
"98678/1000",NA,98678,4918,"35-39 years","female",21,17255,"Other",205.37922668457,205.37922668457,"car",0.5,19.87,"weekday",3,"20 to 39",">10km","car",19.87,0.5,3.5,3.5
"98678/1001",NA,98678,4919,"35-39 years","male",21,17256,"Other",217.276641845703,217.276641845703,"car",0.5,19.88,"weekday",1,"20 to 39",">10km","car",19.88,0.5,3.5,3.5
"98678/1001",NA,98678,4919,"35-39 years","male",21,17257,"Other",217.276641845703,217.276641845703,"car",0.5,19.87,"weekday",2,"20 to 39",">10km","car",19.87,0.5,3.5,3.5
"98678/1001",NA,98678,4919,"35-39 years","male",21,17258,"Shopping",217.276641845703,217.276641845703,"car",0.166666666666667,2.01,"weekday",3,"20 to 39","3-5km","bicycle",2.01,0.182727272727273,1.16666666666667,1.27909090909091
"98678/1001",NA,98678,4919,"35-39 years","male",21,17259,"Shopping",217.276641845703,217.276641845703,"car",0.166666666666667,2.07,"weekday",4,"20 to 39","3-5km","bicycle",2.07,0.188181818181818,1.16666666666667,1.31727272727273
"98868/1000",NA,98868,4920,"35-39 years","male",21,17260,"Work",148.682647705078,148.682647705078,"car",0.5,36.13,"weekday",1,"20 to 39",">10km","car",36.13,0.5,3.5,3.5
"98868/1000",NA,98868,4920,"35-39 years","male",21,17261,"Work",148.682647705078,148.682647705078,"car",0.583333333333333,36.18,"weekday",2,"20 to 39",">10km","car",36.18,0.583333333333333,4.08333333333333,4.08333333333333
"98868/1001",NA,98868,4921,"30-34 years","female",21,17262,"Work",190.952270507812,190.952270507812,"car",0.583333333333333,26.43,"weekday",1,"20 to 39",">10km","car",26.43,0.583333333333333,4.08333333333333,4.08333333333333
"98868/1001",NA,98868,4921,"30-34 years","female",21,17263,"Work",190.952270507812,190.952270507812,"car",0.666666666666667,26.57,"weekday",2,"20 to 39",">10km","car",26.57,0.666666666666667,4.66666666666667,4.66666666666667
"98882/1000",NA,98882,4922,"40-44 years","male",21,17264,"Other",623.637145996094,623.637145996094,"car",0.166666666666667,1.26,"weekday",1,"40 to 64","1-2km","bicycle",1.26,0.114545454545455,1.16666666666667,0.801818181818182
"98882/1000",NA,98882,4922,"40-44 years","male",21,17265,"Other",623.637145996094,623.637145996094,"car",0.05,0.64,"weekday",2,"40 to 64","<1km","bicycle",0.64,0.0581818181818182,0.35,0.407272727272727
"98882/1000",NA,98882,4922,"40-44 years","male",21,17266,"Other",623.637145996094,623.637145996094,"car",0.166666666666667,1.12,"weekday",3,"40 to 64","1-2km","bicycle",1.12,0.101818181818182,1.16666666666667,0.712727272727273
"98882/1000",NA,98882,4922,"40-44 years","male",21,17267,"Other",623.637145996094,623.637145996094,"car",0.0833333333333333,1.26,"weekday",4,"40 to 64","1-2km","bicycle",1.26,0.114545454545455,0.583333333333333,0.801818181818182
"98882/1000",NA,98882,4922,"40-44 years","male",21,17268,"Other",623.637145996094,623.637145996094,"car",0.0833333333333333,0.64,"weekday",5,"40 to 64","<1km","bicycle",0.64,0.0581818181818182,0.583333333333333,0.407272727272727
"98882/1000",NA,98882,4922,"40-44 years","male",21,17269,"Other",623.637145996094,623.637145996094,"car",0.0833333333333333,1.12,"weekday",6,"40 to 64","1-2km","bicycle",1.12,0.101818181818182,0.583333333333333,0.712727272727273
"98883/1000",NA,98883,4923,"65-69 years","female",21,17270,"Other",330.075256347656,330.075256347656,"car",0.0833333333333333,1.08,"weekday",1,"65 plus","1-2km","bicycle",1.08,0.0981818181818182,0.583333333333333,0.687272727272727
"98883/1000",NA,98883,4923,"65-69 years","female",21,17271,"Other",330.075256347656,330.075256347656,"car",0.0833333333333333,1.08,"weekday",2,"65 plus","1-2km","bicycle",1.08,0.0981818181818182,0.583333333333333,0.687272727272727
"98891/1000",NA,98891,4924,"40-44 years","female",21,17272,"Other",336.650360107422,336.650360107422,"car",0.166666666666667,6.23,"weekday",1,"40 to 64","6-10km","car",6.23,0.166666666666667,1.16666666666667,1.16666666666667
"98891/1000",NA,98891,4924,"40-44 years","female",21,17273,"Other",336.650360107422,336.650360107422,"car",0.0333333333333333,1.92,"weekday",2,"40 to 64","1-2km","bicycle",1.92,0.174545454545455,0.233333333333333,1.22181818181818
"98891/1000",NA,98891,4924,"40-44 years","female",21,17274,"Other",336.650360107422,336.650360107422,"car",0.2,7.19,"weekday",3,"40 to 64","6-10km","car",7.19,0.2,1.4,1.4
"98891/1000",NA,98891,4924,"40-44 years","female",21,17275,"Other",336.650360107422,336.650360107422,"car",0.2,6.23,"weekday",4,"40 to 64","6-10km","car",6.23,0.2,1.4,1.4
"98891/1000",NA,98891,4924,"40-44 years","female",21,17276,"Other",336.650360107422,336.650360107422,"car",0.166666666666667,6.21,"weekday",5,"40 to 64","6-10km","car",6.21,0.166666666666667,1.16666666666667,1.16666666666667
"98905/1000",NA,98905,4925,"70-74 years","female",21,17277,"Shopping",232.770233154297,232.770233154297,"car",0.25,4.02,"weekday",1,"65 plus","3-5km","bicycle",4.02,0.365454545454545,1.75,2.55818181818182
"98905/1000",NA,98905,4925,"70-74 years","female",21,17278,"Shopping",232.770233154297,232.770233154297,"car",0.25,5.74,"weekday",2,"65 plus","6-10km","car",5.74,0.25,1.75,1.75
"98905/1000",NA,98905,4925,"70-74 years","female",21,17279,"Shopping",232.770233154297,232.770233154297,"car",0.25,9.99,"weekday",3,"65 plus","6-10km","car",9.99,0.25,1.75,1.75
"98905/1000",NA,98905,4925,"70-74 years","female",21,17280,"Other",232.770233154297,232.770233154297,"car",0.0833333333333333,0.91,"weekday",4,"65 plus","<1km","bicycle",0.91,0.0827272727272727,0.583333333333333,0.579090909090909
"98905/1000",NA,98905,4925,"70-74 years","female",21,17281,"Shopping",232.770233154297,232.770233154297,"car",0.0833333333333333,0.98,"weekday",5,"65 plus","<1km","bicycle",0.98,0.0890909090909091,0.583333333333333,0.623636363636364
"98905/1000",NA,98905,4925,"70-74 years","female",21,17282,"Shopping",232.770233154297,232.770233154297,"car",0.0833333333333333,1.2,"weekday",6,"65 plus","1-2km","bicycle",1.2,0.109090909090909,0.583333333333333,0.763636363636364
"98905/1001",NA,98905,4926,"60-64 years","male",21,17283,"Shopping",247.56462097168,247.56462097168,"car",0.25,4.02,"weekday",1,"40 to 64","3-5km","bicycle",4.02,0.365454545454545,1.75,2.55818181818182
"98905/1001",NA,98905,4926,"60-64 years","male",21,17284,"Shopping",247.56462097168,247.56462097168,"car",0.25,5.74,"weekday",2,"40 to 64","6-10km","car",5.74,0.25,1.75,1.75
"98905/1001",NA,98905,4926,"60-64 years","male",21,17285,"Shopping",247.56462097168,247.56462097168,"car",0.25,9.99,"weekday",3,"40 to 64","6-10km","car",9.99,0.25,1.75,1.75
"98905/1002",NA,98905,4927,"40-44 years","male",21,17286,"Leisure",204.532974243164,204.532974243164,"car",0.5,15.69,"weekday",1,"40 to 64",">10km","car",15.69,0.5,3.5,3.5
"98905/1002",NA,98905,4927,"40-44 years","male",21,17287,"Leisure",204.532974243164,204.532974243164,"car",0.5,15.69,"weekday",2,"40 to 64",">10km","car",15.69,0.5,3.5,3.5
"98905/1003",NA,98905,4928,"15-19 years","male",21,17288,"Education",321.347106933594,321.347106933594,"walking",0.166666666666667,0.74,"weekday",1,"15 to 19","<1km","walking",0.74,0.166666666666667,1.16666666666667,1.16666666666667
"98905/1003",NA,98905,4928,"15-19 years","male",21,17289,"Education",321.347106933594,321.347106933594,"public.transport",0.5,4.72,"weekday",1,"15 to 19","3-5km","public.transport",4.72,0.5,3.5,3.5
"98905/1003",NA,98905,4928,"15-19 years","male",21,17290,"Other",321.347106933594,321.347106933594,"walking",0.0833333333333333,0.61,"weekday",2,"15 to 19","<1km","walking",0.61,0.0833333333333333,0.583333333333333,0.583333333333333
"98905/1003",NA,98905,4928,"15-19 years","male",21,17291,"Other",321.347106933594,321.347106933594,"public.transport",0.383333333333333,5.27,"weekday",2,"15 to 19","6-10km","public.transport",5.27,0.383333333333333,2.68333333333333,2.68333333333333
"98905/1003",NA,98905,4928,"15-19 years","male",21,17292,"Other",321.347106933594,321.347106933594,"car",0.0833333333333333,0.98,"weekday",2,"15 to 19","<1km","bicycle",0.98,0.0890909090909091,0.583333333333333,0.623636363636364
"98905/1003",NA,98905,4928,"15-19 years","male",21,17293,"Other",321.347106933594,321.347106933594,"car",0.0833333333333333,1.2,"weekday",3,"15 to 19","1-2km","bicycle",1.2,0.109090909090909,0.583333333333333,0.763636363636364
"98907/1000",NA,98907,4929,"45-49 years","male",21,17294,"Other",171.093643188477,171.093643188477,"car",0.05,0.97,"weekday",1,"40 to 64","<1km","bicycle",0.97,0.0881818181818182,0.35,0.617272727272727
"98907/1000",NA,98907,4929,"45-49 years","male",21,17295,"Work",171.093643188477,171.093643188477,"car",0.25,9.24,"weekday",2,"40 to 64","6-10km","car",9.24,0.25,1.75,1.75
"98907/1000",NA,98907,4929,"45-49 years","male",21,17296,"Work",171.093643188477,171.093643188477,"car",0.2,8.54,"weekday",3,"40 to 64","6-10km","car",8.54,0.2,1.4,1.4
"98943/1000",NA,98943,4930,"35-39 years","female",21,17297,"Leisure",566.130859375,566.130859375,"walking",0.416666666666667,1.69,"weekday",1,"20 to 39","1-2km","walking",1.69,0.416666666666667,2.91666666666667,2.91666666666667
"98943/1000",NA,98943,4930,"35-39 years","female",21,17298,"Leisure",566.130859375,566.130859375,"walking",0.333333333333333,1.69,"weekday",2,"20 to 39","1-2km","walking",1.69,0.333333333333333,2.33333333333333,2.33333333333333
"98943/1000",NA,98943,4930,"35-39 years","female",21,17299,"Work",566.130859375,566.130859375,"walking",0.116666666666667,0.54,"weekday",3,"20 to 39","<1km","walking",0.54,0.116666666666667,0.816666666666667,0.816666666666667
"98943/1000",NA,98943,4930,"35-39 years","female",21,17300,"Work",566.130859375,566.130859375,"public.transport",0.566666666666667,13.52,"weekday",3,"20 to 39",">10km","public.transport",13.52,0.566666666666667,3.96666666666667,3.96666666666667
"98943/1000",NA,98943,4930,"35-39 years","female",21,17301,"Work",566.130859375,566.130859375,"walking",0.133333333333333,0.67,"weekday",3,"20 to 39","<1km","walking",0.67,0.133333333333333,0.933333333333333,0.933333333333333
"98943/1000",NA,98943,4930,"35-39 years","female",21,17302,"Work",566.130859375,566.130859375,"walking",0.116666666666667,0.67,"weekday",4,"20 to 39","<1km","walking",0.67,0.116666666666667,0.816666666666667,0.816666666666667
"98943/1000",NA,98943,4930,"35-39 years","female",21,17303,"Work",566.130859375,566.130859375,"public.transport",0.516666666666667,13.52,"weekday",4,"20 to 39",">10km","public.transport",13.52,0.516666666666667,3.61666666666667,3.61666666666667
"98943/1000",NA,98943,4930,"35-39 years","female",21,17304,"Work",566.130859375,566.130859375,"walking",0.116666666666667,0.54,"weekday",4,"20 to 39","<1km","walking",0.54,0.116666666666667,0.816666666666667,0.816666666666667
"98943/1000",NA,98943,4930,"35-39 years","female",21,17305,"Shopping",566.130859375,566.130859375,"car",0.133333333333333,1.19,"weekday",5,"20 to 39","1-2km","bicycle",1.19,0.108181818181818,0.933333333333333,0.757272727272727
"98943/1000",NA,98943,4930,"35-39 years","female",21,17306,"Leisure",566.130859375,566.130859375,"car",0.45,21.14,"weekday",6,"20 to 39",">10km","car",21.14,0.45,3.15,3.15
"98943/1000",NA,98943,4930,"35-39 years","female",21,17307,"Leisure",566.130859375,566.130859375,"car",0.483333333333333,22.12,"weekday",7,"20 to 39",">10km","car",22.12,0.483333333333333,3.38333333333333,3.38333333333333
"99006/1000",NA,99006,4931,"55-59 years","female",21,17308,"Leisure",124.50057220459,124.50057220459,"other",2,2359.71,"weekday",1,"40 to 64",">10km","other",2359.71,2,14,14
"99006/1000",NA,99006,4931,"55-59 years","female",21,17309,"Leisure",124.50057220459,124.50057220459,"car",1,40.32,"weekday",2,"40 to 64",">10km","car",40.32,1,7,7
"99006/1001",NA,99006,4932,"55-59 years","male",21,17310,"Leisure",136.198272705078,136.198272705078,"other",2,2359.71,"weekday",1,"40 to 64",">10km","other",2359.71,2,14,14
"99006/1001",NA,99006,4932,"55-59 years","male",21,17311,"Leisure",136.198272705078,136.198272705078,"car",1,40.32,"weekday",2,"40 to 64",">10km","car",40.32,1,7,7
"99009/1000",NA,99009,4933,"50-54 years","female",21,17312,"Other",176.780258178711,176.780258178711,"car",0.5,14.27,"weekday",1,"40 to 64",">10km","car",14.27,0.5,3.5,3.5
"99009/1000",NA,99009,4933,"50-54 years","female",21,17313,"Work",176.780258178711,176.780258178711,"car",0.25,6.03,"weekday",2,"40 to 64","6-10km","car",6.03,0.25,1.75,1.75
"99009/1000",NA,99009,4933,"50-54 years","female",21,17314,"Other",176.780258178711,176.780258178711,"car",0.3,6.14,"weekday",3,"40 to 64","6-10km","car",6.14,0.3,2.1,2.1
"99009/1000",NA,99009,4933,"50-54 years","female",21,17315,"Other",176.780258178711,176.780258178711,"car",0.616666666666667,14.25,"weekday",4,"40 to 64",">10km","car",14.25,0.616666666666667,4.31666666666667,4.31666666666667
"99009/1001",NA,99009,4934,"60-64 years","male",21,17316,"Work",210.90705871582,210.90705871582,"car",0.283333333333333,9.88,"weekday",1,"40 to 64","6-10km","car",9.88,0.283333333333333,1.98333333333333,1.98333333333333
"99009/1001",NA,99009,4934,"60-64 years","male",21,17317,"Work",210.90705871582,210.90705871582,"car",0.383333333333333,9.91,"weekday",2,"40 to 64","6-10km","car",9.91,0.383333333333333,2.68333333333333,2.68333333333333
"99009/1002",NA,99009,4935,"15-19 years","male",21,17318,"Education",218.963638305664,218.963638305664,"car",0.5,14.27,"weekday",1,"15 to 19",">10km","car",14.27,0.5,3.5,3.5
"99009/1002",NA,99009,4935,"15-19 years","male",21,17319,"Education",218.963638305664,218.963638305664,"car",0.616666666666667,14.25,"weekday",2,"15 to 19",">10km","car",14.25,0.616666666666667,4.31666666666667,4.31666666666667
"99010/1000",NA,99010,4936,"70-74 years","male",21,17320,"Other",123.979629516602,123.979629516602,"car",0.75,24.13,"weekday",1,"65 plus",">10km","car",24.13,0.75,5.25,5.25
"99010/1000",NA,99010,4936,"70-74 years","male",21,17321,"Other",123.979629516602,123.979629516602,"car",0.0333333333333333,0.6,"weekday",2,"65 plus","<1km","bicycle",0.6,0.0545454545454545,0.233333333333333,0.381818181818182
"99010/1000",NA,99010,4936,"70-74 years","male",21,17322,"Other",123.979629516602,123.979629516602,"car",0.75,24.3,"weekday",3,"65 plus",">10km","car",24.3,0.75,5.25,5.25
"99010/1001",NA,99010,4937,"65-69 years","female",21,17323,"Other",129.623992919922,129.623992919922,"car",1,31.58,"weekday",1,"65 plus",">10km","car",31.58,1,7,7
"99010/1001",NA,99010,4937,"65-69 years","female",21,17324,"Work",129.623992919922,129.623992919922,"car",0.5,6.17,"weekday",2,"65 plus","6-10km","car",6.17,0.5,3.5,3.5
"99010/1001",NA,99010,4937,"65-69 years","female",21,17325,"Work",129.623992919922,129.623992919922,"car",0.5,8.77,"weekday",3,"65 plus","6-10km","car",8.77,0.5,3.5,3.5
"99010/1001",NA,99010,4937,"65-69 years","female",21,17326,"Work",129.623992919922,129.623992919922,"car",1,31.89,"weekday",4,"65 plus",">10km","car",31.89,1,7,7
"99012/1000",NA,99012,4938,"40-44 years","male",21,17327,"Work",309.189117431641,309.189117431641,"car",1.16666666666667,32.36,"weekday",1,"40 to 64",">10km","car",32.36,1.16666666666667,8.16666666666667,8.16666666666667
"99012/1000",NA,99012,4938,"40-44 years","male",21,17328,"Work",309.189117431641,309.189117431641,"car",0.5,32.75,"weekday",2,"40 to 64",">10km","car",32.75,0.5,3.5,3.5
"99012/1001",NA,99012,4939,"40-44 years","female",21,17329,"Other",217.286178588867,217.286178588867,"car",0.166666666666667,7.3,"weekday",1,"40 to 64","6-10km","car",7.3,0.166666666666667,1.16666666666667,1.16666666666667
"99012/1001",NA,99012,4939,"40-44 years","female",21,17330,"Work",217.286178588867,217.286178588867,"car",0.416666666666667,24.1,"weekday",2,"40 to 64",">10km","car",24.1,0.416666666666667,2.91666666666667,2.91666666666667
"99012/1001",NA,99012,4939,"40-44 years","female",21,17331,"Other",217.286178588867,217.286178588867,"car",0.666666666666667,24.06,"weekday",3,"40 to 64",">10km","car",24.06,0.666666666666667,4.66666666666667,4.66666666666667
"99012/1001",NA,99012,4939,"40-44 years","female",21,17332,"Other",217.286178588867,217.286178588867,"car",0.166666666666667,5.88,"weekday",4,"40 to 64","6-10km","car",5.88,0.166666666666667,1.16666666666667,1.16666666666667
"99013/1000",NA,99013,4940,"55-59 years","male",21,17333,"Work",136.198272705078,136.198272705078,"car",0.583333333333333,28.83,"weekday",1,"40 to 64",">10km","car",28.83,0.583333333333333,4.08333333333333,4.08333333333333
"99013/1000",NA,99013,4940,"55-59 years","male",21,17334,"Work",136.198272705078,136.198272705078,"car",1,28.44,"weekday",2,"40 to 64",">10km","car",28.44,1,7,7
"99013/1001",NA,99013,4941,"50-54 years","female",21,17335,"Work",120.97093963623,120.97093963623,"car",0.833333333333333,29.51,"weekday",1,"40 to 64",">10km","car",29.51,0.833333333333333,5.83333333333333,5.83333333333333
"99013/1001",NA,99013,4941,"50-54 years","female",21,17336,"Work",120.97093963623,120.97093963623,"car",1,29.85,"weekday",2,"40 to 64",">10km","car",29.85,1,7,7
"99016/1000",NA,99016,4942,"25-29 years","female",21,17337,"Leisure",178.791854858398,178.791854858398,"car",0.25,7.57,"weekday",1,"20 to 39","6-10km","car",7.57,0.25,1.75,1.75
"99016/1000",NA,99016,4942,"25-29 years","female",21,17338,"Leisure",178.791854858398,178.791854858398,"car",0.25,7.57,"weekday",2,"20 to 39","6-10km","car",7.57,0.25,1.75,1.75
"99016/1001",NA,99016,4943,"25-29 years","male",21,17340,"Leisure",213.285980224609,213.285980224609,"car",0.25,7.57,"weekday",1,"20 to 39","6-10km","car",7.57,0.25,1.75,1.75
"99016/1001",NA,99016,4943,"25-29 years","male",21,17341,"Leisure",213.285980224609,213.285980224609,"car",0.25,7.57,"weekday",2,"20 to 39","6-10km","car",7.57,0.25,1.75,1.75
"99023/1000",NA,99023,4944,"65-69 years","female",21,17343,"Work",129.623992919922,129.623992919922,"public.transport",0.416666666666667,11.66,"weekday",1,"65 plus",">10km","public.transport",11.66,0.416666666666667,2.91666666666667,2.91666666666667
"99023/1000",NA,99023,4944,"65-69 years","female",21,17344,"Work",129.623992919922,129.623992919922,"car",0.333333333333333,10.82,"weekday",2,"65 plus",">10km","car",10.82,0.333333333333333,2.33333333333333,2.33333333333333
"99023/1000",NA,99023,4944,"65-69 years","female",21,17345,"Leisure",129.623992919922,129.623992919922,"car",0.416666666666667,14.64,"weekday",3,"65 plus",">10km","car",14.64,0.416666666666667,2.91666666666667,2.91666666666667
"99023/1000",NA,99023,4944,"65-69 years","female",21,17346,"Leisure",129.623992919922,129.623992919922,"car",0.25,13.23,"weekday",4,"65 plus",">10km","car",13.23,0.25,1.75,1.75
"99023/1001",NA,99023,4945,"65-69 years","male",21,17347,"Work",136.799423217773,136.799423217773,"car",0.333333333333333,1.67,"weekday",1,"65 plus","1-2km","bicycle",1.67,0.151818181818182,2.33333333333333,1.06272727272727
"99023/1001",NA,99023,4945,"65-69 years","male",21,17348,"Work",136.799423217773,136.799423217773,"car",0.25,1.67,"weekday",2,"65 plus","1-2km","bicycle",1.67,0.151818181818182,1.75,1.06272727272727
"99024/1000",NA,99024,4946,"40-44 years","male",21,17349,"Other",448.764221191406,448.764221191406,"car",0.5,7.3,"weekday",1,"40 to 64","6-10km","car",7.3,0.5,3.5,3.5
"99024/1000",NA,99024,4946,"40-44 years","male",21,17350,"Other",448.764221191406,448.764221191406,"car",0.5,7.29,"weekday",2,"40 to 64","6-10km","car",7.29,0.5,3.5,3.5
"99024/1000",NA,99024,4946,"40-44 years","male",21,17351,"Work",448.764221191406,448.764221191406,"car",0.833333333333333,41.1,"weekday",3,"40 to 64",">10km","car",41.1,0.833333333333333,5.83333333333333,5.83333333333333
"99024/1000",NA,99024,4946,"40-44 years","male",21,17352,"Work",448.764221191406,448.764221191406,"car",0.75,41.02,"weekday",4,"40 to 64",">10km","car",41.02,0.75,5.25,5.25
"99024/1000",NA,99024,4946,"40-44 years","male",21,17353,"Other",448.764221191406,448.764221191406,"car",0.25,7.3,"weekday",5,"40 to 64","6-10km","car",7.3,0.25,1.75,1.75
"99024/1000",NA,99024,4946,"40-44 years","male",21,17354,"Other",448.764221191406,448.764221191406,"car",0.0833333333333333,7.29,"weekday",6,"40 to 64","6-10km","car",7.29,0.0833333333333333,0.583333333333333,0.583333333333333
"99024/1001",NA,99024,4947,"35-39 years","female",21,17355,"Work",298.092132568359,298.092132568359,"car",0.833333333333333,41.1,"weekday",1,"20 to 39",">10km","car",41.1,0.833333333333333,5.83333333333333,5.83333333333333
"99024/1001",NA,99024,4947,"35-39 years","female",21,17356,"Work",298.092132568359,298.092132568359,"car",0.75,41.02,"weekday",2,"20 to 39",">10km","car",41.02,0.75,5.25,5.25
"99025/1000",NA,99025,4948,"50-54 years","female",21,17357,"Leisure",211.326843261719,211.326843261719,"car",0.0833333333333333,3.13,"weekday",1,"40 to 64","3-5km","bicycle",3.13,0.284545454545455,0.583333333333333,1.99181818181818
"99025/1000",NA,99025,4948,"50-54 years","female",21,17358,"Leisure",211.326843261719,211.326843261719,"car",0.0833333333333333,3.35,"weekday",2,"40 to 64","3-5km","bicycle",3.35,0.304545454545455,0.583333333333333,2.13181818181818
"99025/1000",NA,99025,4948,"50-54 years","female",21,17359,"Other",211.326843261719,211.326843261719,"car",0.0833333333333333,3.13,"weekday",3,"40 to 64","3-5km","bicycle",3.13,0.284545454545455,0.583333333333333,1.99181818181818
"99025/1000",NA,99025,4948,"50-54 years","female",21,17360,"Other",211.326843261719,211.326843261719,"car",0.0833333333333333,3.35,"weekday",4,"40 to 64","3-5km","bicycle",3.35,0.304545454545455,0.583333333333333,2.13181818181818
"99025/1000",NA,99025,4948,"50-54 years","female",21,17361,"Other",211.326843261719,211.326843261719,"car",0.166666666666667,7.08,"weekday",5,"40 to 64","6-10km","car",7.08,0.166666666666667,1.16666666666667,1.16666666666667
"99025/1000",NA,99025,4948,"50-54 years","female",21,17362,"Leisure",211.326843261719,211.326843261719,"car",0.166666666666667,1.72,"weekday",6,"40 to 64","1-2km","bicycle",1.72,0.156363636363636,1.16666666666667,1.09454545454545
"99025/1000",NA,99025,4948,"50-54 years","female",21,17364,"Shopping",211.326843261719,211.326843261719,"car",0.2,6.04,"weekday",8,"40 to 64","6-10km","car",6.04,0.2,1.4,1.4
"99025/1000",NA,99025,4948,"50-54 years","female",21,17365,"Other",211.326843261719,211.326843261719,"car",0.216666666666667,7.08,"weekday",9,"40 to 64","6-10km","car",7.08,0.216666666666667,1.51666666666667,1.51666666666667
"99025/1000",NA,99025,4948,"50-54 years","female",21,17366,"Other",211.326843261719,211.326843261719,"car",0.0833333333333333,7.09,"weekday",10,"40 to 64","6-10km","car",7.09,0.0833333333333333,0.583333333333333,0.583333333333333
"99025/1001",NA,99025,4949,"45-49 years","male",21,17367,"Other",222.079360961914,222.079360961914,"car",0.166666666666667,7.08,"weekday",1,"40 to 64","6-10km","car",7.08,0.166666666666667,1.16666666666667,1.16666666666667
"99025/1001",NA,99025,4949,"45-49 years","male",21,17368,"Other",222.079360961914,222.079360961914,"car",0.5,19.62,"weekday",2,"40 to 64",">10km","car",19.62,0.5,3.5,3.5
"99025/1001",NA,99025,4949,"45-49 years","male",21,17369,"Other",222.079360961914,222.079360961914,"car",0.416666666666667,25.68,"weekday",3,"40 to 64",">10km","car",25.68,0.416666666666667,2.91666666666667,2.91666666666667
"99025/1002",NA,99025,4950,"15-19 years","female",21,17370,"Education",232.997085571289,232.997085571289,"car",0.166666666666667,7.08,"weekday",1,"15 to 19","6-10km","car",7.08,0.166666666666667,1.16666666666667,1.16666666666667
"99025/1002",NA,99025,4950,"15-19 years","female",21,17371,"Education",232.997085571289,232.997085571289,"car",0.0833333333333333,7.09,"weekday",2,"15 to 19","6-10km","car",7.09,0.0833333333333333,0.583333333333333,0.583333333333333
"99025/1003",NA,99025,4951,"15-19 years","female",21,17372,"Leisure",232.997085571289,232.997085571289,"car",0.0833333333333333,3.13,"weekday",1,"15 to 19","3-5km","bicycle",3.13,0.284545454545455,0.583333333333333,1.99181818181818
"99025/1003",NA,99025,4951,"15-19 years","female",21,17373,"Leisure",232.997085571289,232.997085571289,"car",0.0833333333333333,3.35,"weekday",2,"15 to 19","3-5km","bicycle",3.35,0.304545454545455,0.583333333333333,2.13181818181818
"99025/1003",NA,99025,4951,"15-19 years","female",21,17374,"Education",232.997085571289,232.997085571289,"car",0.166666666666667,7.08,"weekday",3,"15 to 19","6-10km","car",7.08,0.166666666666667,1.16666666666667,1.16666666666667
"99025/1003",NA,99025,4951,"15-19 years","female",21,17375,"Leisure",232.997085571289,232.997085571289,"car",0.5,19.62,"weekday",4,"15 to 19",">10km","car",19.62,0.5,3.5,3.5
"99025/1003",NA,99025,4951,"15-19 years","female",21,17376,"Leisure",232.997085571289,232.997085571289,"car",0.416666666666667,25.68,"weekday",5,"15 to 19",">10km","car",25.68,0.416666666666667,2.91666666666667,2.91666666666667
"99028/1000",NA,99028,4952,"25-29 years","female",21,17377,"Work",220.279357910156,220.279357910156,"car",1,27.36,"weekday",1,"20 to 39",">10km","car",27.36,1,7,7
"99028/1000",NA,99028,4952,"25-29 years","female",21,17378,"Work",220.279357910156,220.279357910156,"car",1,27.08,"weekday",2,"20 to 39",">10km","car",27.08,1,7,7
"99100/1000",NA,99100,4953,"20-24 years","female",21,17379,"Leisure",454.962646484375,454.962646484375,"walking",0.166666666666667,0.53,"weekday",1,"20 to 39","<1km","walking",0.53,0.166666666666667,1.16666666666667,1.16666666666667
"99100/1000",NA,99100,4953,"20-24 years","female",21,17380,"Leisure",454.962646484375,454.962646484375,"public.transport",0.3,2.88,"weekday",1,"20 to 39","3-5km","public.transport",2.88,0.3,2.1,2.1
"99100/1000",NA,99100,4953,"20-24 years","female",21,17383,"Leisure",454.962646484375,454.962646484375,"public.transport",0.333333333333333,2.63,"weekday",2,"20 to 39","3-5km","public.transport",2.63,0.333333333333333,2.33333333333333,2.33333333333333
"99100/1000",NA,99100,4953,"20-24 years","female",21,17384,"Leisure",454.962646484375,454.962646484375,"walking",0.166666666666667,0.51,"weekday",2,"20 to 39","<1km","walking",0.51,0.166666666666667,1.16666666666667,1.16666666666667
"99100/1001",NA,99100,4954,"40-44 years","female",21,17385,"Other",276.858306884766,276.858306884766,"car",0.0833333333333333,0.62,"weekday",1,"40 to 64","<1km","bicycle",0.62,0.0563636363636364,0.583333333333333,0.394545454545455
"99100/1001",NA,99100,4954,"40-44 years","female",21,17386,"Other",276.858306884766,276.858306884766,"car",0.0833333333333333,0.73,"weekday",2,"40 to 64","<1km","bicycle",0.73,0.0663636363636364,0.583333333333333,0.464545454545455
"99100/1001",NA,99100,4954,"40-44 years","female",21,17387,"Other",276.858306884766,276.858306884766,"car",0.0333333333333333,0.62,"weekday",3,"40 to 64","<1km","bicycle",0.62,0.0563636363636364,0.233333333333333,0.394545454545455
"99100/1001",NA,99100,4954,"40-44 years","female",21,17388,"Other",276.858306884766,276.858306884766,"car",0.0333333333333333,0.73,"weekday",4,"40 to 64","<1km","bicycle",0.73,0.0663636363636364,0.233333333333333,0.464545454545455
"99100/1001",NA,99100,4954,"40-44 years","female",21,17389,"Shopping",276.858306884766,276.858306884766,"car",0.0833333333333333,2.73,"weekday",5,"40 to 64","3-5km","bicycle",2.73,0.248181818181818,0.583333333333333,1.73727272727273
"99100/1001",NA,99100,4954,"40-44 years","female",21,17390,"Shopping",276.858306884766,276.858306884766,"car",0.333333333333333,2.73,"weekday",6,"40 to 64","3-5km","bicycle",2.73,0.248181818181818,2.33333333333333,1.73727272727273
"99100/1003",NA,99100,4955,"20-24 years","female",21,17391,"Education",454.962646484375,454.962646484375,"car",0.25,9.75,"weekday",1,"20 to 39","6-10km","car",9.75,0.25,1.75,1.75
"99100/1003",NA,99100,4955,"20-24 years","female",21,17392,"Education",454.962646484375,454.962646484375,"walking",0.0833333333333333,0.69,"weekday",2,"20 to 39","<1km","walking",0.69,0.0833333333333333,0.583333333333333,0.583333333333333
"99100/1003",NA,99100,4955,"20-24 years","female",21,17393,"Education",454.962646484375,454.962646484375,"public.transport",0.3,6.95,"weekday",2,"20 to 39","6-10km","public.transport",6.95,0.3,2.1,2.1
"99100/1003",NA,99100,4955,"20-24 years","female",21,17394,"Education",454.962646484375,454.962646484375,"public.transport",0.0833333333333333,2.35,"weekday",2,"20 to 39","3-5km","public.transport",2.35,0.0833333333333333,0.583333333333333,0.583333333333333
"99100/1003",NA,99100,4955,"20-24 years","female",21,17395,"Education",454.962646484375,454.962646484375,"walking",0.133333333333333,0.53,"weekday",2,"20 to 39","<1km","walking",0.53,0.133333333333333,0.933333333333333,0.933333333333333
"99100/1003",NA,99100,4955,"20-24 years","female",21,17396,"Shopping",454.962646484375,454.962646484375,"car",0.0833333333333333,2.73,"weekday",3,"20 to 39","3-5km","bicycle",2.73,0.248181818181818,0.583333333333333,1.73727272727273
"99100/1003",NA,99100,4955,"20-24 years","female",21,17397,"Shopping",454.962646484375,454.962646484375,"car",0.333333333333333,2.73,"weekday",4,"20 to 39","3-5km","bicycle",2.73,0.248181818181818,2.33333333333333,1.73727272727273
"99176/1000",NA,99176,4956,"55-59 years","female",21,17398,"Leisure",468.386108398438,468.386108398438,"car",0.25,4.45,"weekday",1,"40 to 64","3-5km","bicycle",4.45,0.404545454545455,1.75,2.83181818181818
"99176/1000",NA,99176,4956,"55-59 years","female",21,17399,"Leisure",468.386108398438,468.386108398438,"car",0.333333333333333,4.5,"weekday",2,"40 to 64","3-5km","bicycle",4.5,0.409090909090909,2.33333333333333,2.86363636363636
"99176/1001",NA,99176,4957,"55-59 years","male",21,17400,"Other",493.582550048828,493.582550048828,"car",0.166666666666667,9.76,"weekday",1,"40 to 64","6-10km","car",9.76,0.166666666666667,1.16666666666667,1.16666666666667
"99176/1001",NA,99176,4957,"55-59 years","male",21,17401,"Other",493.582550048828,493.582550048828,"car",0.25,9.48,"weekday",2,"40 to 64","6-10km","car",9.48,0.25,1.75,1.75
"99222/1000",NA,99222,4958,"45-49 years","male",21,17402,"Work",493.00732421875,493.00732421875,"car",0.333333333333333,6.33,"weekday",1,"40 to 64","6-10km","car",6.33,0.333333333333333,2.33333333333333,2.33333333333333
"99222/1000",NA,99222,4958,"45-49 years","male",21,17403,"Work",493.00732421875,493.00732421875,"car",0.333333333333333,6.39,"weekday",2,"40 to 64","6-10km","car",6.39,0.333333333333333,2.33333333333333,2.33333333333333
"99222/1000",NA,99222,4958,"45-49 years","male",21,17404,"Shopping",493.00732421875,493.00732421875,"car",0.25,3.38,"weekday",3,"40 to 64","3-5km","bicycle",3.38,0.307272727272727,1.75,2.15090909090909
"99222/1000",NA,99222,4958,"45-49 years","male",21,17405,"Shopping",493.00732421875,493.00732421875,"car",0.25,2.95,"weekday",4,"40 to 64","3-5km","bicycle",2.95,0.268181818181818,1.75,1.87727272727273
"99226/1001",NA,99226,4959,"50-54 years","female",21,17406,"Shopping",120.97093963623,120.97093963623,"walking",0.166666666666667,0.23,"weekday",1,"40 to 64","<1km","walking",0.23,0.166666666666667,1.16666666666667,1.16666666666667
"99226/1001",NA,99226,4959,"50-54 years","female",21,17407,"Shopping",120.97093963623,120.97093963623,"walking",0.166666666666667,0.23,"weekday",2,"40 to 64","<1km","walking",0.23,0.166666666666667,1.16666666666667,1.16666666666667
"99230/1000",NA,99230,4960,"65-69 years","female",21,17408,"Other",304.822784423828,304.822784423828,"car",0.333333333333333,5.15,"weekday",1,"65 plus","6-10km","car",5.15,0.333333333333333,2.33333333333333,2.33333333333333
"99230/1000",NA,99230,4960,"65-69 years","female",21,17409,"Shopping",304.822784423828,304.822784423828,"car",0.25,1.79,"weekday",2,"65 plus","1-2km","bicycle",1.79,0.162727272727273,1.75,1.13909090909091
"99230/1000",NA,99230,4960,"65-69 years","female",21,17411,"Shopping",304.822784423828,304.822784423828,"car",0.333333333333333,6.28,"weekday",4,"65 plus","6-10km","car",6.28,0.333333333333333,2.33333333333333,2.33333333333333
"99230/1001",NA,99230,4961,"65-69 years","male",21,17412,"Other",351.451293945312,351.451293945312,"car",0.333333333333333,5.15,"weekday",1,"65 plus","6-10km","car",5.15,0.333333333333333,2.33333333333333,2.33333333333333
"99230/1001",NA,99230,4961,"65-69 years","male",21,17413,"Shopping",351.451293945312,351.451293945312,"car",0.25,1.79,"weekday",2,"65 plus","1-2km","bicycle",1.79,0.162727272727273,1.75,1.13909090909091
"99230/1001",NA,99230,4961,"65-69 years","male",21,17415,"Shopping",351.451293945312,351.451293945312,"car",0.333333333333333,6.28,"weekday",4,"65 plus","6-10km","car",6.28,0.333333333333333,2.33333333333333,2.33333333333333
"99231/1000",NA,99231,4962,"65-69 years","female",21,17416,"Leisure",304.822784423828,304.822784423828,"car",0.333333333333333,9.59,"weekday",1,"65 plus","6-10km","car",9.59,0.333333333333333,2.33333333333333,2.33333333333333
"99231/1000",NA,99231,4962,"65-69 years","female",21,17417,"Leisure",304.822784423828,304.822784423828,"car",0.333333333333333,9.54,"weekday",2,"65 plus","6-10km","car",9.54,0.333333333333333,2.33333333333333,2.33333333333333
"99231/1000",NA,99231,4962,"65-69 years","female",21,17418,"Other",304.822784423828,304.822784423828,"car",0.166666666666667,2.44,"weekday",3,"65 plus","3-5km","bicycle",2.44,0.221818181818182,1.16666666666667,1.55272727272727
"99231/1000",NA,99231,4962,"65-69 years","female",21,17419,"Other",304.822784423828,304.822784423828,"car",0.166666666666667,2.28,"weekday",4,"65 plus","3-5km","bicycle",2.28,0.207272727272727,1.16666666666667,1.45090909090909
"99231/1001",NA,99231,4963,"70-74 years","male",21,17420,"Leisure",368.036743164062,368.036743164062,"car",0.333333333333333,9.59,"weekday",1,"65 plus","6-10km","car",9.59,0.333333333333333,2.33333333333333,2.33333333333333
"99231/1001",NA,99231,4963,"70-74 years","male",21,17421,"Leisure",368.036743164062,368.036743164062,"car",0.333333333333333,9.54,"weekday",2,"65 plus","6-10km","car",9.54,0.333333333333333,2.33333333333333,2.33333333333333
"99341/1000",NA,99341,4964,"60-64 years","male",21,17422,"Work",441.761657714844,441.761657714844,"bicycle",0.583333333333333,6.18,"weekday",1,"40 to 64","6-10km","bicycle",6.18,0.583333333333333,4.08333333333333,4.08333333333333
"99341/1000",NA,99341,4964,"60-64 years","male",21,17423,"Work",441.761657714844,441.761657714844,"bicycle",0.5,6.18,"weekday",2,"40 to 64","6-10km","bicycle",6.18,0.5,3.5,3.5
"99343/1000",NA,99343,4965,"40-44 years","male",21,17424,"Work",800.032165527344,800.032165527344,"bicycle",0.25,3.06,"weekday",1,"40 to 64","3-5km","bicycle",3.06,0.25,1.75,1.75
"99343/1000",NA,99343,4965,"40-44 years","male",21,17425,"Work",800.032165527344,800.032165527344,"bicycle",0.25,3.06,"weekday",2,"40 to 64","3-5km","bicycle",3.06,0.25,1.75,1.75
"99343/1001",NA,99343,4966,"35-39 years","female",21,17426,"Other",813.797668457031,813.797668457031,"car",0.25,5.4,"weekday",1,"20 to 39","6-10km","car",5.4,0.25,1.75,1.75
"99343/1001",NA,99343,4966,"35-39 years","female",21,17427,"Other",813.797668457031,813.797668457031,"car",0.25,5.49,"weekday",2,"20 to 39","6-10km","car",5.49,0.25,1.75,1.75
"99343/1001",NA,99343,4966,"35-39 years","female",21,17428,"Other",813.797668457031,813.797668457031,"car",0.25,5.4,"weekday",3,"20 to 39","6-10km","car",5.4,0.25,1.75,1.75
"99343/1001",NA,99343,4966,"35-39 years","female",21,17429,"Other",813.797668457031,813.797668457031,"car",0.25,5.49,"weekday",4,"20 to 39","6-10km","car",5.49,0.25,1.75,1.75
"99350/1000",NA,99350,4967,"25-29 years","male",21,17430,"Education",980.261657714844,980.261657714844,"walking",0.0833333333333333,0.41,"weekday",1,"20 to 39","<1km","walking",0.41,0.0833333333333333,0.583333333333333,0.583333333333333
"99350/1000",NA,99350,4967,"25-29 years","male",21,17431,"Education",980.261657714844,980.261657714844,"public.transport",0.416666666666667,4.7,"weekday",1,"20 to 39","3-5km","public.transport",4.7,0.416666666666667,2.91666666666667,2.91666666666667
"99350/1000",NA,99350,4967,"25-29 years","male",21,17432,"Education",980.261657714844,980.261657714844,"walking",0.0833333333333333,0.29,"weekday",1,"20 to 39","<1km","walking",0.29,0.0833333333333333,0.583333333333333,0.583333333333333
"99350/1000",NA,99350,4967,"25-29 years","male",21,17433,"Education",980.261657714844,980.261657714844,"walking",0.0833333333333333,0.29,"weekday",2,"20 to 39","<1km","walking",0.29,0.0833333333333333,0.583333333333333,0.583333333333333
"99350/1000",NA,99350,4967,"25-29 years","male",21,17434,"Education",980.261657714844,980.261657714844,"public.transport",0.333333333333333,4.73,"weekday",2,"20 to 39","3-5km","public.transport",4.73,0.333333333333333,2.33333333333333,2.33333333333333
"99350/1000",NA,99350,4967,"25-29 years","male",21,17435,"Education",980.261657714844,980.261657714844,"walking",0.0833333333333333,0.41,"weekday",2,"20 to 39","<1km","walking",0.41,0.0833333333333333,0.583333333333333,0.583333333333333
"99350/1001",NA,99350,4968,"40-44 years","male",21,17436,"Work",513.975341796875,513.975341796875,"walking",0.25,0.41,"weekday",1,"40 to 64","<1km","walking",0.41,0.25,1.75,1.75
"99350/1001",NA,99350,4968,"40-44 years","male",21,17437,"Work",513.975341796875,513.975341796875,"public.transport",0.416666666666667,6.44,"weekday",1,"40 to 64","6-10km","public.transport",6.44,0.416666666666667,2.91666666666667,2.91666666666667
"99350/1001",NA,99350,4968,"40-44 years","male",21,17438,"Work",513.975341796875,513.975341796875,"walking",0.25,0.57,"weekday",1,"40 to 64","<1km","walking",0.57,0.25,1.75,1.75
"99350/1001",NA,99350,4968,"40-44 years","male",21,17439,"Work",513.975341796875,513.975341796875,"walking",0.0833333333333333,0.35,"weekday",2,"40 to 64","<1km","walking",0.35,0.0833333333333333,0.583333333333333,0.583333333333333
"99350/1001",NA,99350,4968,"40-44 years","male",21,17440,"Work",513.975341796875,513.975341796875,"public.transport",0.333333333333333,5.27,"weekday",2,"40 to 64","6-10km","public.transport",5.27,0.333333333333333,2.33333333333333,2.33333333333333
"99350/1001",NA,99350,4968,"40-44 years","male",21,17441,"Work",513.975341796875,513.975341796875,"walking",0.25,0.41,"weekday",2,"40 to 64","<1km","walking",0.41,0.25,1.75,1.75
"99379/1000",NA,99379,4969,"40-44 years","female",21,17442,"Work",175.531768798828,175.531768798828,"car",0.583333333333333,21.58,"weekday",1,"40 to 64",">10km","car",21.58,0.583333333333333,4.08333333333333,4.08333333333333
"99379/1000",NA,99379,4969,"40-44 years","female",21,17443,"Work",175.531768798828,175.531768798828,"car",0.333333333333333,21.8,"weekday",2,"40 to 64",">10km","car",21.8,0.333333333333333,2.33333333333333,2.33333333333333
"99379/1001",NA,99379,4970,"50-54 years","female",21,17444,"Other",181.629013061523,181.629013061523,"car",0.0833333333333333,1.12,"weekday",1,"40 to 64","1-2km","bicycle",1.12,0.101818181818182,0.583333333333333,0.712727272727273
"99379/1001",NA,99379,4970,"50-54 years","female",21,17445,"Other",181.629013061523,181.629013061523,"car",0.0833333333333333,0.82,"weekday",2,"40 to 64","<1km","bicycle",0.82,0.0745454545454545,0.583333333333333,0.521818181818182
"99379/1001",NA,99379,4970,"50-54 years","female",21,17446,"Other",181.629013061523,181.629013061523,"car",0.0833333333333333,1.54,"weekday",3,"40 to 64","1-2km","bicycle",1.54,0.14,0.583333333333333,0.98
"99379/1001",NA,99379,4970,"50-54 years","female",21,17447,"Other",181.629013061523,181.629013061523,"car",0.0833333333333333,1.95,"weekday",4,"40 to 64","1-2km","bicycle",1.95,0.177272727272727,0.583333333333333,1.24090909090909
"99379/1001",NA,99379,4970,"50-54 years","female",21,17448,"Other",181.629013061523,181.629013061523,"car",0.0833333333333333,1.12,"weekday",5,"40 to 64","1-2km","bicycle",1.12,0.101818181818182,0.583333333333333,0.712727272727273
"99379/1001",NA,99379,4970,"50-54 years","female",21,17449,"Other",181.629013061523,181.629013061523,"car",0.0833333333333333,0.82,"weekday",6,"40 to 64","<1km","bicycle",0.82,0.0745454545454545,0.583333333333333,0.521818181818182
"99380/1000",NA,99380,4971,"35-39 years","female",21,17450,"Other",134.685974121094,134.685974121094,"car",0.0333333333333333,1.14,"weekday",1,"20 to 39","1-2km","bicycle",1.14,0.103636363636364,0.233333333333333,0.725454545454545
"99380/1000",NA,99380,4971,"35-39 years","female",21,17451,"Leisure",134.685974121094,134.685974121094,"car",0.3,18.7,"weekday",2,"20 to 39",">10km","car",18.7,0.3,2.1,2.1
"99380/1000",NA,99380,4971,"35-39 years","female",21,17452,"Shopping",134.685974121094,134.685974121094,"car",0.25,16.51,"weekday",3,"20 to 39",">10km","car",16.51,0.25,1.75,1.75
"99380/1000",NA,99380,4971,"35-39 years","female",21,17453,"Shopping",134.685974121094,134.685974121094,"car",0.0833333333333333,2.4,"weekday",4,"20 to 39","3-5km","bicycle",2.4,0.218181818181818,0.583333333333333,1.52727272727273
"99380/1000",NA,99380,4971,"35-39 years","female",21,17454,"Other",134.685974121094,134.685974121094,"car",0.0333333333333333,1.14,"weekday",5,"20 to 39","1-2km","bicycle",1.14,0.103636363636364,0.233333333333333,0.725454545454545
"99380/1000",NA,99380,4971,"35-39 years","female",21,17455,"Other",134.685974121094,134.685974121094,"car",0.05,1.05,"weekday",6,"20 to 39","1-2km","bicycle",1.05,0.0954545454545455,0.35,0.668181818181818
"99380/1001",NA,99380,4972,"30-34 years","male",21,17456,"Other",198.818878173828,198.818878173828,"car",0.0333333333333333,1.14,"weekday",1,"20 to 39","1-2km","bicycle",1.14,0.103636363636364,0.233333333333333,0.725454545454545
"99380/1001",NA,99380,4972,"30-34 years","male",21,17457,"Leisure",198.818878173828,198.818878173828,"car",0.3,18.7,"weekday",2,"20 to 39",">10km","car",18.7,0.3,2.1,2.1
"99380/1001",NA,99380,4972,"30-34 years","male",21,17458,"Shopping",198.818878173828,198.818878173828,"car",0.25,16.51,"weekday",3,"20 to 39",">10km","car",16.51,0.25,1.75,1.75
"99380/1001",NA,99380,4972,"30-34 years","male",21,17459,"Shopping",198.818878173828,198.818878173828,"car",0.0833333333333333,2.4,"weekday",4,"20 to 39","3-5km","bicycle",2.4,0.218181818181818,0.583333333333333,1.52727272727273
"99390/1000",NA,99390,4973,"70-74 years","female",21,17460,"Other",74.8938827514648,74.8938827514648,"car",0.666666666666667,25.41,"weekday",1,"65 plus",">10km","car",25.41,0.666666666666667,4.66666666666667,4.66666666666667
"99390/1000",NA,99390,4973,"70-74 years","female",21,17461,"Other",74.8938827514648,74.8938827514648,"car",0.583333333333333,25.48,"weekday",2,"65 plus",">10km","car",25.48,0.583333333333333,4.08333333333333,4.08333333333333
"99393/1000",NA,99393,4974,"50-54 years","male",21,17462,"Work",76.2739486694336,76.2739486694336,"car",0.666666666666667,32.25,"weekday",1,"40 to 64",">10km","car",32.25,0.666666666666667,4.66666666666667,4.66666666666667
"99393/1000",NA,99393,4974,"50-54 years","male",21,17463,"Work",76.2739486694336,76.2739486694336,"car",0.583333333333333,33.08,"weekday",2,"40 to 64",">10km","car",33.08,0.583333333333333,4.08333333333333,4.08333333333333
"99396/1001",NA,99396,4975,"45-49 years","female",21,17464,"Work",83.8268890380859,83.8268890380859,"car",0.0833333333333333,0.87,"weekday",1,"40 to 64","<1km","bicycle",0.87,0.0790909090909091,0.583333333333333,0.553636363636364
"99396/1001",NA,99396,4975,"45-49 years","female",21,17465,"Work",83.8268890380859,83.8268890380859,"car",0.0833333333333333,1.04,"weekday",2,"40 to 64","1-2km","bicycle",1.04,0.0945454545454545,0.583333333333333,0.661818181818182
"99396/1001",NA,99396,4975,"45-49 years","female",21,17466,"Work",83.8268890380859,83.8268890380859,"car",0.0833333333333333,0.87,"weekday",3,"40 to 64","<1km","bicycle",0.87,0.0790909090909091,0.583333333333333,0.553636363636364
"99396/1001",NA,99396,4975,"45-49 years","female",21,17467,"Work",83.8268890380859,83.8268890380859,"car",0.0833333333333333,1.04,"weekday",4,"40 to 64","1-2km","bicycle",1.04,0.0945454545454545,0.583333333333333,0.661818181818182
"99397/1000",NA,99397,4976,"30-34 years","male",21,17468,"Work",94.9313201904297,94.9313201904297,"car",0.583333333333333,19.18,"weekday",1,"20 to 39",">10km","car",19.18,0.583333333333333,4.08333333333333,4.08333333333333
"99397/1000",NA,99397,4976,"30-34 years","male",21,17469,"Work",94.9313201904297,94.9313201904297,"car",0.666666666666667,19.32,"weekday",2,"20 to 39",">10km","car",19.32,0.666666666666667,4.66666666666667,4.66666666666667
"99398/1000",NA,99398,4977,"45-49 years","female",21,17470,"Work",83.8268890380859,83.8268890380859,"car",0.25,5.72,"weekday",1,"40 to 64","6-10km","car",5.72,0.25,1.75,1.75
"99398/1000",NA,99398,4977,"45-49 years","female",21,17471,"Work",83.8268890380859,83.8268890380859,"car",0.3,5.64,"weekday",2,"40 to 64","6-10km","car",5.64,0.3,2.1,2.1
"99402/1000",NA,99402,4978,"25-29 years","female",21,17472,"Other",90.3303756713867,90.3303756713867,"car",0.0833333333333333,1.41,"weekday",1,"20 to 39","1-2km","bicycle",1.41,0.128181818181818,0.583333333333333,0.897272727272727
"99402/1000",NA,99402,4978,"25-29 years","female",21,17473,"Other",90.3303756713867,90.3303756713867,"car",0.0833333333333333,1.41,"weekday",2,"20 to 39","1-2km","bicycle",1.41,0.128181818181818,0.583333333333333,0.897272727272727
"99402/1000",NA,99402,4978,"25-29 years","female",21,17474,"Other",90.3303756713867,90.3303756713867,"car",0.0833333333333333,1.41,"weekday",3,"20 to 39","1-2km","bicycle",1.41,0.128181818181818,0.583333333333333,0.897272727272727
"99402/1000",NA,99402,4978,"25-29 years","female",21,17475,"Other",90.3303756713867,90.3303756713867,"car",0.0833333333333333,1.41,"weekday",4,"20 to 39","1-2km","bicycle",1.41,0.128181818181818,0.583333333333333,0.897272727272727
"99402/1001",NA,99402,4979,"25-29 years","male",21,17476,"Work",80.8674468994141,80.8674468994141,"car",0.166666666666667,6.98,"weekday",1,"20 to 39","6-10km","car",6.98,0.166666666666667,1.16666666666667,1.16666666666667
"99402/1001",NA,99402,4979,"25-29 years","male",21,17477,"Work",80.8674468994141,80.8674468994141,"car",0.333333333333333,6.98,"weekday",2,"20 to 39","6-10km","car",6.98,0.333333333333333,2.33333333333333,2.33333333333333
"99402/1001",NA,99402,4979,"25-29 years","male",21,17478,"Shopping",80.8674468994141,80.8674468994141,"car",0.333333333333333,5.93,"weekday",3,"20 to 39","6-10km","car",5.93,0.333333333333333,2.33333333333333,2.33333333333333
"99402/1001",NA,99402,4979,"25-29 years","male",21,17479,"Other",80.8674468994141,80.8674468994141,"car",0.5,10.09,"weekday",4,"20 to 39",">10km","car",10.09,0.5,3.5,3.5
"99402/1001",NA,99402,4979,"25-29 years","male",21,17480,"Other",80.8674468994141,80.8674468994141,"car",0.333333333333333,9.07,"weekday",5,"20 to 39","6-10km","car",9.07,0.333333333333333,2.33333333333333,2.33333333333333
"99403/1000",NA,99403,4980,"40-44 years","female",21,17481,"Work",119.332992553711,119.332992553711,"car",0.333333333333333,7.71,"weekday",1,"40 to 64","6-10km","car",7.71,0.333333333333333,2.33333333333333,2.33333333333333
"99403/1000",NA,99403,4980,"40-44 years","female",21,17482,"Work",119.332992553711,119.332992553711,"car",0.416666666666667,7.57,"weekday",2,"40 to 64","6-10km","car",7.57,0.416666666666667,2.91666666666667,2.91666666666667
"99403/1000",NA,99403,4980,"40-44 years","female",21,17483,"Leisure",119.332992553711,119.332992553711,"car",0.266666666666667,6.72,"weekday",3,"40 to 64","6-10km","car",6.72,0.266666666666667,1.86666666666667,1.86666666666667
"99403/1000",NA,99403,4980,"40-44 years","female",21,17484,"Leisure",119.332992553711,119.332992553711,"car",0.25,6.91,"weekday",4,"40 to 64","6-10km","car",6.91,0.25,1.75,1.75
"99403/1001",NA,99403,4981,"40-44 years","male",21,17485,"Leisure",127.498237609863,127.498237609863,"car",0.166666666666667,1.62,"weekday",1,"40 to 64","1-2km","bicycle",1.62,0.147272727272727,1.16666666666667,1.03090909090909
"99403/1001",NA,99403,4981,"40-44 years","male",21,17486,"Leisure",127.498237609863,127.498237609863,"car",0.166666666666667,1.22,"weekday",2,"40 to 64","1-2km","bicycle",1.22,0.110909090909091,1.16666666666667,0.776363636363636
"99403/1001",NA,99403,4981,"40-44 years","male",21,17487,"Work",127.498237609863,127.498237609863,"car",0.75,25.75,"weekday",3,"40 to 64",">10km","car",25.75,0.75,5.25,5.25
"99403/1001",NA,99403,4981,"40-44 years","male",21,17488,"Work",127.498237609863,127.498237609863,"car",1,25.52,"weekday",4,"40 to 64",">10km","car",25.52,1,7,7
"99443/1000",NA,99443,4982,"55-59 years","male",21,17489,"Work",159.136917114258,159.136917114258,"car",0.5,20.18,"weekday",1,"40 to 64",">10km","car",20.18,0.5,3.5,3.5
"99443/1000",NA,99443,4982,"55-59 years","male",21,17490,"Work",159.136917114258,159.136917114258,"car",0.45,20.04,"weekday",2,"40 to 64",">10km","car",20.04,0.45,3.15,3.15
"99445/1000",NA,99445,4983,"20-24 years","female",21,17491,"Work",794.608520507812,794.608520507812,"car",0.416666666666667,15.54,"weekday",1,"20 to 39",">10km","car",15.54,0.416666666666667,2.91666666666667,2.91666666666667
"99445/1000",NA,99445,4983,"20-24 years","female",21,17492,"Work",794.608520507812,794.608520507812,"car",0.433333333333333,15.49,"weekday",2,"20 to 39",">10km","car",15.49,0.433333333333333,3.03333333333333,3.03333333333333
"99445/1001",NA,99445,4984,"30-34 years","male",21,17493,"Shopping",825.542541503906,825.542541503906,"walking",0.05,0.26,"weekday",1,"20 to 39","<1km","walking",0.26,0.05,0.35,0.35
"99445/1001",NA,99445,4984,"30-34 years","male",21,17494,"Shopping",825.542541503906,825.542541503906,"walking",0.05,0.26,"weekday",2,"20 to 39","<1km","walking",0.26,0.05,0.35,0.35
"99462/1000",NA,99462,4985,"50-54 years","female",21,17496,"Other",484.974609375,484.974609375,"car",0.333333333333333,3.64,"weekday",2,"40 to 64","3-5km","bicycle",3.64,0.330909090909091,2.33333333333333,2.31636363636364
"99462/1000",NA,99462,4985,"50-54 years","female",21,17497,"Other",484.974609375,484.974609375,"car",0.25,3.64,"weekday",3,"40 to 64","3-5km","bicycle",3.64,0.330909090909091,1.75,2.31636363636364
"99462/1001",NA,99462,4986,"50-54 years","male",21,17500,"Work",488.224273681641,488.224273681641,"car",0.75,20.42,"weekday",2,"40 to 64",">10km","car",20.42,0.75,5.25,5.25
"99462/1001",NA,99462,4986,"50-54 years","male",21,17501,"Work",488.224273681641,488.224273681641,"car",0.666666666666667,20.42,"weekday",3,"40 to 64",">10km","car",20.42,0.666666666666667,4.66666666666667,4.66666666666667
"99462/1002",NA,99462,4987,"15-19 years","male",21,17503,"Work",541.848937988281,541.848937988281,"car",0.25,8.75,"weekday",1,"15 to 19","6-10km","car",8.75,0.25,1.75,1.75
"99462/1002",NA,99462,4987,"15-19 years","male",21,17504,"Work",541.848937988281,541.848937988281,"car",0.333333333333333,8.65,"weekday",2,"15 to 19","6-10km","car",8.65,0.333333333333333,2.33333333333333,2.33333333333333
"99462/1003",NA,99462,4988,"15-19 years","female",21,17505,"Education",456.759735107422,456.759735107422,"car",0.333333333333333,3.64,"weekday",1,"15 to 19","3-5km","bicycle",3.64,0.330909090909091,2.33333333333333,2.31636363636364
"99462/1003",NA,99462,4988,"15-19 years","female",21,17506,"Education",456.759735107422,456.759735107422,"walking",0.05,0.06,"weekday",2,"15 to 19","<1km","walking",0.06,0.05,0.35,0.35
"99462/1003",NA,99462,4988,"15-19 years","female",21,17507,"Education",456.759735107422,456.759735107422,"public.transport",0.333333333333333,3.17,"weekday",2,"15 to 19","3-5km","public.transport",3.17,0.333333333333333,2.33333333333333,2.33333333333333
"99462/1003",NA,99462,4988,"15-19 years","female",21,17508,"Education",456.759735107422,456.759735107422,"walking",0.0833333333333333,0.64,"weekday",2,"15 to 19","<1km","walking",0.64,0.0833333333333333,0.583333333333333,0.583333333333333
"99468/1000",NA,99468,4989,"50-54 years","male",21,17509,"Work",490.361968994141,490.361968994141,"car",0.166666666666667,4.97,"weekday",1,"40 to 64","3-5km","bicycle",4.97,0.451818181818182,1.16666666666667,3.16272727272727
"99468/1000",NA,99468,4989,"50-54 years","male",21,17510,"Work",490.361968994141,490.361968994141,"car",0.25,5.02,"weekday",2,"40 to 64","6-10km","car",5.02,0.25,1.75,1.75
"99468/1000",NA,99468,4989,"50-54 years","male",21,17511,"Shopping",490.361968994141,490.361968994141,"walking",0.05,0.27,"weekday",3,"40 to 64","<1km","walking",0.27,0.05,0.35,0.35
"99468/1000",NA,99468,4989,"50-54 years","male",21,17512,"Shopping",490.361968994141,490.361968994141,"walking",0.05,0.27,"weekday",4,"40 to 64","<1km","walking",0.27,0.05,0.35,0.35
"99478/1000",NA,99478,4990,"80-84 years","female",21,17513,"Leisure",115.143058776855,115.143058776855,"walking",0.25,1.71,"weekday",1,"65 plus","1-2km","walking",1.71,0.25,1.75,1.75
"99478/1000",NA,99478,4990,"80-84 years","female",21,17514,"Leisure",115.143058776855,115.143058776855,"walking",0.333333333333333,1.71,"weekday",2,"65 plus","1-2km","walking",1.71,0.333333333333333,2.33333333333333,2.33333333333333
"99480/1000",NA,99480,4991,"70-74 years","female",21,17515,"Shopping",105.644348144531,105.644348144531,"car",0.166666666666667,3.13,"weekday",1,"65 plus","3-5km","bicycle",3.13,0.284545454545455,1.16666666666667,1.99181818181818
"99480/1000",NA,99480,4991,"70-74 years","female",21,17516,"Shopping",105.644348144531,105.644348144531,"car",0.166666666666667,3.19,"weekday",2,"65 plus","3-5km","bicycle",3.19,0.29,1.16666666666667,2.03
"99481/1000",NA,99481,4992,"70-74 years","male",21,17517,"Other",103.645225524902,103.645225524902,"car",0.25,4.13,"weekday",1,"65 plus","3-5km","bicycle",4.13,0.375454545454545,1.75,2.62818181818182
"99481/1000",NA,99481,4992,"70-74 years","male",21,17518,"Other",103.645225524902,103.645225524902,"car",0.2,4.09,"weekday",2,"65 plus","3-5km","bicycle",4.09,0.371818181818182,1.4,2.60272727272727
"99545/1000",NA,99545,4993,"70-74 years","female",21,17519,"Shopping",94.8731231689453,94.8731231689453,"car",0.25,1.84,"weekday",1,"65 plus","1-2km","bicycle",1.84,0.167272727272727,1.75,1.17090909090909
"99545/1000",NA,99545,4993,"70-74 years","female",21,17520,"Shopping",94.8731231689453,94.8731231689453,"car",0.25,1.87,"weekday",2,"65 plus","1-2km","bicycle",1.87,0.17,1.75,1.19
"99551/1000",NA,99551,4994,"70-74 years","male",21,17521,"Other",68.7407379150391,68.7407379150391,"car",0.166666666666667,2.71,"weekday",1,"65 plus","3-5km","bicycle",2.71,0.246363636363636,1.16666666666667,1.72454545454545
"99551/1000",NA,99551,4994,"70-74 years","male",21,17522,"Other",68.7407379150391,68.7407379150391,"car",0.133333333333333,2.72,"weekday",2,"65 plus","3-5km","bicycle",2.72,0.247272727272727,0.933333333333333,1.73090909090909
"99551/1000",NA,99551,4994,"70-74 years","male",21,17523,"Other",68.7407379150391,68.7407379150391,"bicycle",0.166666666666667,1.19,"weekday",3,"65 plus","1-2km","bicycle",1.19,0.166666666666667,1.16666666666667,1.16666666666667
"99551/1000",NA,99551,4994,"70-74 years","male",21,17524,"Other",68.7407379150391,68.7407379150391,"bicycle",0.166666666666667,1.19,"weekday",4,"65 plus","1-2km","bicycle",1.19,0.166666666666667,1.16666666666667,1.16666666666667
"99551/1000",NA,99551,4994,"70-74 years","male",21,17525,"Other",68.7407379150391,68.7407379150391,"car",0.0833333333333333,2.71,"weekday",5,"65 plus","3-5km","bicycle",2.71,0.246363636363636,0.583333333333333,1.72454545454545
"99551/1000",NA,99551,4994,"70-74 years","male",21,17526,"Shopping",68.7407379150391,68.7407379150391,"car",0.25,8.59,"weekday",6,"65 plus","6-10km","car",8.59,0.25,1.75,1.75
"99551/1000",NA,99551,4994,"70-74 years","male",21,17527,"Shopping",68.7407379150391,68.7407379150391,"car",0.75,20.09,"weekday",7,"65 plus",">10km","car",20.09,0.75,5.25,5.25
"99551/1000",NA,99551,4994,"70-74 years","male",21,17528,"Shopping",68.7407379150391,68.7407379150391,"car",0.75,27.38,"weekday",8,"65 plus",">10km","car",27.38,0.75,5.25,5.25
"99551/1000",NA,99551,4994,"70-74 years","male",21,17529,"Other",68.7407379150391,68.7407379150391,"car",0.0166666666666667,0.11,"weekday",9,"65 plus","<1km","bicycle",0.11,0.01,0.116666666666667,0.07
"99551/1000",NA,99551,4994,"70-74 years","male",21,17530,"Other",68.7407379150391,68.7407379150391,"car",0.0166666666666667,0.15,"weekday",10,"65 plus","<1km","bicycle",0.15,0.0136363636363636,0.116666666666667,0.0954545454545454
"99551/1004",NA,99551,4995,"50-54 years","female",21,17531,"Other",69.2914581298828,69.2914581298828,"car",0.166666666666667,2.71,"weekday",1,"40 to 64","3-5km","bicycle",2.71,0.246363636363636,1.16666666666667,1.72454545454545
"99551/1004",NA,99551,4995,"50-54 years","female",21,17532,"Shopping",69.2914581298828,69.2914581298828,"car",0.25,8.59,"weekday",2,"40 to 64","6-10km","car",8.59,0.25,1.75,1.75
"99551/1004",NA,99551,4995,"50-54 years","female",21,17533,"Shopping",69.2914581298828,69.2914581298828,"car",0.75,20.09,"weekday",3,"40 to 64",">10km","car",20.09,0.75,5.25,5.25
"99551/1004",NA,99551,4995,"50-54 years","female",21,17534,"Shopping",69.2914581298828,69.2914581298828,"car",0.75,27.38,"weekday",4,"40 to 64",">10km","car",27.38,0.75,5.25,5.25
"99551/1004",NA,99551,4995,"50-54 years","female",21,17535,"Other",69.2914581298828,69.2914581298828,"car",0.0166666666666667,0.11,"weekday",5,"40 to 64","<1km","bicycle",0.11,0.01,0.116666666666667,0.07
"99551/1004",NA,99551,4995,"50-54 years","female",21,17536,"Other",69.2914581298828,69.2914581298828,"car",0.0166666666666667,0.15,"weekday",6,"40 to 64","<1km","bicycle",0.15,0.0136363636363636,0.116666666666667,0.0954545454545454
"99561/1000",NA,99561,4996,"75-79 years","female",21,17537,"Shopping",81.3612976074219,81.3612976074219,"car",0.416666666666667,8.28,"weekday",1,"65 plus","6-10km","car",8.28,0.416666666666667,2.91666666666667,2.91666666666667
"99561/1000",NA,99561,4996,"75-79 years","female",21,17538,"Shopping",81.3612976074219,81.3612976074219,"car",0.5,8.19,"weekday",2,"65 plus","6-10km","car",8.19,0.5,3.5,3.5
"99561/1000",NA,99561,4996,"75-79 years","female",21,17539,"Other",81.3612976074219,81.3612976074219,"walking",0.0833333333333333,0.21,"weekday",3,"65 plus","<1km","walking",0.21,0.0833333333333333,0.583333333333333,0.583333333333333
"99561/1000",NA,99561,4996,"75-79 years","female",21,17540,"Other",81.3612976074219,81.3612976074219,"walking",0.0833333333333333,0.21,"weekday",4,"65 plus","<1km","walking",0.21,0.0833333333333333,0.583333333333333,0.583333333333333
"99561/1000",NA,99561,4996,"75-79 years","female",21,17541,"Shopping",81.3612976074219,81.3612976074219,"car",0.0833333333333333,2.62,"weekday",5,"65 plus","3-5km","bicycle",2.62,0.238181818181818,0.583333333333333,1.66727272727273
"99561/1000",NA,99561,4996,"75-79 years","female",21,17542,"Shopping",81.3612976074219,81.3612976074219,"car",0.0833333333333333,1.75,"weekday",6,"65 plus","1-2km","bicycle",1.75,0.159090909090909,0.583333333333333,1.11363636363636
"99561/1001",NA,99561,4997,"75-79 years","male",21,17543,"Shopping",76.3799514770508,76.3799514770508,"car",0.416666666666667,8.28,"weekday",1,"65 plus","6-10km","car",8.28,0.416666666666667,2.91666666666667,2.91666666666667
"99561/1001",NA,99561,4997,"75-79 years","male",21,17544,"Shopping",76.3799514770508,76.3799514770508,"car",0.5,8.19,"weekday",2,"65 plus","6-10km","car",8.19,0.5,3.5,3.5
"99561/1001",NA,99561,4997,"75-79 years","male",21,17545,"Shopping",76.3799514770508,76.3799514770508,"car",0.0833333333333333,1.08,"weekday",3,"65 plus","1-2km","bicycle",1.08,0.0981818181818182,0.583333333333333,0.687272727272727
"99561/1001",NA,99561,4997,"75-79 years","male",21,17546,"Shopping",76.3799514770508,76.3799514770508,"car",0.0833333333333333,1.08,"weekday",4,"65 plus","1-2km","bicycle",1.08,0.0981818181818182,0.583333333333333,0.687272727272727
"99561/1001",NA,99561,4997,"75-79 years","male",21,17547,"Other",76.3799514770508,76.3799514770508,"walking",0.0833333333333333,0.21,"weekday",5,"65 plus","<1km","walking",0.21,0.0833333333333333,0.583333333333333,0.583333333333333
"99561/1001",NA,99561,4997,"75-79 years","male",21,17548,"Other",76.3799514770508,76.3799514770508,"walking",0.0833333333333333,0.21,"weekday",6,"65 plus","<1km","walking",0.21,0.0833333333333333,0.583333333333333,0.583333333333333
"99565/1000",NA,99565,4998,"70-74 years","male",21,17549,"Shopping",100.167259216309,100.167259216309,"car",0.25,2.07,"weekday",1,"65 plus","3-5km","bicycle",2.07,0.188181818181818,1.75,1.31727272727273
"99565/1000",NA,99565,4998,"70-74 years","male",21,17550,"Shopping",100.167259216309,100.167259216309,"car",0.25,2.06,"weekday",2,"65 plus","3-5km","bicycle",2.06,0.187272727272727,1.75,1.31090909090909
"99565/1001",NA,99565,4999,"70-74 years","female",21,17551,"Other",109.13346862793,109.13346862793,"car",0.25,2.07,"weekday",1,"65 plus","3-5km","bicycle",2.07,0.188181818181818,1.75,1.31727272727273
"99565/1001",NA,99565,4999,"70-74 years","female",21,17552,"Other",109.13346862793,109.13346862793,"car",0.25,2.06,"weekday",2,"65 plus","3-5km","bicycle",2.06,0.187272727272727,1.75,1.31090909090909
"99565/1002",NA,99565,5000,"50-54 years","male",21,17553,"Work",111.144454956055,111.144454956055,"walking",0.0833333333333333,0.52,"weekday",1,"40 to 64","<1km","walking",0.52,0.0833333333333333,0.583333333333333,0.583333333333333
"99565/1002",NA,99565,5000,"50-54 years","male",21,17554,"Work",111.144454956055,111.144454956055,"public.transport",0.916666666666667,34.94,"weekday",1,"40 to 64",">10km","public.transport",34.94,0.916666666666667,6.41666666666667,6.41666666666667
"99565/1002",NA,99565,5000,"50-54 years","male",21,17555,"Work",111.144454956055,111.144454956055,"walking",0.0333333333333333,0.18,"weekday",1,"40 to 64","<1km","walking",0.18,0.0333333333333333,0.233333333333333,0.233333333333333
"99565/1002",NA,99565,5000,"50-54 years","male",21,17556,"Work",111.144454956055,111.144454956055,"public.transport",0.133333333333333,1.99,"weekday",1,"40 to 64","1-2km","public.transport",1.99,0.133333333333333,0.933333333333333,0.933333333333333
"99565/1002",NA,99565,5000,"50-54 years","male",21,17557,"Work",111.144454956055,111.144454956055,"walking",0.25,0.69,"weekday",1,"40 to 64","<1km","walking",0.69,0.25,1.75,1.75
"99565/1002",NA,99565,5000,"50-54 years","male",21,17558,"Work",111.144454956055,111.144454956055,"walking",0.1,0.69,"weekday",2,"40 to 64","<1km","walking",0.69,0.1,0.7,0.7
"99565/1002",NA,99565,5000,"50-54 years","male",21,17559,"Work",111.144454956055,111.144454956055,"public.transport",0.133333333333333,2.31,"weekday",2,"40 to 64","3-5km","public.transport",2.31,0.133333333333333,0.933333333333333,0.933333333333333
"99565/1002",NA,99565,5000,"50-54 years","male",21,17560,"Work",111.144454956055,111.144454956055,"walking",0.0333333333333333,0.18,"weekday",2,"40 to 64","<1km","walking",0.18,0.0333333333333333,0.233333333333333,0.233333333333333
"99565/1002",NA,99565,5000,"50-54 years","male",21,17561,"Work",111.144454956055,111.144454956055,"public.transport",0.916666666666667,34.94,"weekday",2,"40 to 64",">10km","public.transport",34.94,0.916666666666667,6.41666666666667,6.41666666666667
"99565/1002",NA,99565,5000,"50-54 years","male",21,17562,"Work",111.144454956055,111.144454956055,"walking",0.0833333333333333,0.52,"weekday",2,"40 to 64","<1km","walking",0.52,0.0833333333333333,0.583333333333333,0.583333333333333
"99574/1000",NA,99574,5001,"80-84 years","female",21,17563,"Shopping",79.6506423950195,79.6506423950195,"car",0.166666666666667,2.11,"weekday",1,"65 plus","3-5km","bicycle",2.11,0.191818181818182,1.16666666666667,1.34272727272727
"99574/1000",NA,99574,5001,"80-84 years","female",21,17564,"Shopping",79.6506423950195,79.6506423950195,"car",0.166666666666667,2.11,"weekday",2,"65 plus","3-5km","bicycle",2.11,0.191818181818182,1.16666666666667,1.34272727272727
"99574/1001",NA,99574,5002,"85-89 years","male",21,17565,"Shopping",43.9591636657715,43.9591636657715,"car",0.166666666666667,2.11,"weekday",1,"65 plus","3-5km","bicycle",2.11,0.191818181818182,1.16666666666667,1.34272727272727
"99574/1001",NA,99574,5002,"85-89 years","male",21,17566,"Shopping",43.9591636657715,43.9591636657715,"car",0.166666666666667,2.11,"weekday",2,"65 plus","3-5km","bicycle",2.11,0.191818181818182,1.16666666666667,1.34272727272727
"99576/1000",NA,99576,5003,"80-84 years","male",21,17567,"Other",111.738418579102,111.738418579102,"car",0.0833333333333333,2.66,"weekday",1,"65 plus","3-5km","bicycle",2.66,0.241818181818182,0.583333333333333,1.69272727272727
"99576/1000",NA,99576,5003,"80-84 years","male",21,17568,"Shopping",111.738418579102,111.738418579102,"car",0.0833333333333333,0.72,"weekday",2,"65 plus","<1km","bicycle",0.72,0.0654545454545454,0.583333333333333,0.458181818181818
"99576/1000",NA,99576,5003,"80-84 years","male",21,17569,"Shopping",111.738418579102,111.738418579102,"car",0.25,2.46,"weekday",3,"65 plus","3-5km","bicycle",2.46,0.223636363636364,1.75,1.56545454545455
"99576/1001",NA,99576,5004,"75-79 years","female",21,17570,"Leisure",81.3612976074219,81.3612976074219,"car",0.25,1.77,"weekday",1,"65 plus","1-2km","bicycle",1.77,0.160909090909091,1.75,1.12636363636364
"99576/1001",NA,99576,5004,"75-79 years","female",21,17571,"Shopping",81.3612976074219,81.3612976074219,"car",0.0166666666666667,0.01,"weekday",2,"65 plus","<1km","bicycle",0.01,0.000909090909090909,0.116666666666667,0.00636363636363636
"99576/1001",NA,99576,5004,"75-79 years","female",21,17572,"Shopping",81.3612976074219,81.3612976074219,"car",0.25,1.74,"weekday",3,"65 plus","1-2km","bicycle",1.74,0.158181818181818,1.75,1.10727272727273
"99581/1000",NA,99581,5005,"70-74 years","male",21,17573,"Work",105.506164550781,105.506164550781,"car",0.166666666666667,5.8,"weekday",1,"65 plus","6-10km","car",5.8,0.166666666666667,1.16666666666667,1.16666666666667
"99581/1000",NA,99581,5005,"70-74 years","male",21,17574,"Other",105.506164550781,105.506164550781,"car",0.166666666666667,6.54,"weekday",2,"65 plus","6-10km","car",6.54,0.166666666666667,1.16666666666667,1.16666666666667
"99581/1000",NA,99581,5005,"70-74 years","male",21,17575,"Leisure",105.506164550781,105.506164550781,"car",0.166666666666667,2.21,"weekday",3,"65 plus","3-5km","bicycle",2.21,0.200909090909091,1.16666666666667,1.40636363636364
"99581/1000",NA,99581,5005,"70-74 years","male",21,17576,"Leisure",105.506164550781,105.506164550781,"car",0.0833333333333333,1.48,"weekday",4,"65 plus","1-2km","bicycle",1.48,0.134545454545455,0.583333333333333,0.941818181818182
"99581/1000",NA,99581,5005,"70-74 years","male",21,17577,"Leisure",105.506164550781,105.506164550781,"car",0.0833333333333333,4.73,"weekday",5,"65 plus","3-5km","bicycle",4.73,0.43,0.583333333333333,3.01
"99581/1000",NA,99581,5005,"70-74 years","male",21,17578,"Leisure",105.506164550781,105.506164550781,"car",0.0833333333333333,4.77,"weekday",6,"65 plus","3-5km","bicycle",4.77,0.433636363636364,0.583333333333333,3.03545454545455
"99581/1001",NA,99581,5006,"70-74 years","female",21,17579,"Other",114.950271606445,114.950271606445,"car",0.25,5.28,"weekday",1,"65 plus","6-10km","car",5.28,0.25,1.75,1.75
"99581/1001",NA,99581,5006,"70-74 years","female",21,17580,"Other",114.950271606445,114.950271606445,"car",0.25,5.34,"weekday",2,"65 plus","6-10km","car",5.34,0.25,1.75,1.75
"99581/1002",NA,99581,5007,"40-44 years","male",21,17581,"Other",127.498237609863,127.498237609863,"car",0.166666666666667,2.5,"weekday",1,"40 to 64","3-5km","bicycle",2.5,0.227272727272727,1.16666666666667,1.59090909090909
"99581/1002",NA,99581,5007,"40-44 years","male",21,17582,"Other",127.498237609863,127.498237609863,"car",0.0833333333333333,2.5,"weekday",2,"40 to 64","3-5km","bicycle",2.5,0.227272727272727,0.583333333333333,1.59090909090909
"99581/1002",NA,99581,5007,"40-44 years","male",21,17583,"Other",127.498237609863,127.498237609863,"car",0.0833333333333333,0.99,"weekday",3,"40 to 64","<1km","bicycle",0.99,0.09,0.583333333333333,0.63
"99581/1002",NA,99581,5007,"40-44 years","male",21,17584,"Other",127.498237609863,127.498237609863,"car",0.0833333333333333,0.95,"weekday",4,"40 to 64","<1km","bicycle",0.95,0.0863636363636364,0.583333333333333,0.604545454545454
"99581/1002",NA,99581,5007,"40-44 years","male",21,17585,"Other",127.498237609863,127.498237609863,"car",0.0833333333333333,2.5,"weekday",5,"40 to 64","3-5km","bicycle",2.5,0.227272727272727,0.583333333333333,1.59090909090909
"99581/1002",NA,99581,5007,"40-44 years","male",21,17586,"Other",127.498237609863,127.498237609863,"car",0.25,2.32,"weekday",6,"40 to 64","3-5km","bicycle",2.32,0.210909090909091,1.75,1.47636363636364
"99581/1002",NA,99581,5007,"40-44 years","male",21,17587,"Other",127.498237609863,127.498237609863,"car",0.0833333333333333,0.95,"weekday",7,"40 to 64","<1km","bicycle",0.95,0.0863636363636364,0.583333333333333,0.604545454545454
"99581/1002",NA,99581,5007,"40-44 years","male",21,17588,"Leisure",127.498237609863,127.498237609863,"car",0.0833333333333333,1.51,"weekday",8,"40 to 64","1-2km","bicycle",1.51,0.137272727272727,0.583333333333333,0.960909090909091
"99581/1002",NA,99581,5007,"40-44 years","male",21,17589,"Leisure",127.498237609863,127.498237609863,"car",0.0833333333333333,1.48,"weekday",9,"40 to 64","1-2km","bicycle",1.48,0.134545454545455,0.583333333333333,0.941818181818182
"99590/1000",NA,99590,5008,"45-49 years","female",21,17590,"Other",122.150421142578,122.150421142578,"car",0.25,6.11,"weekday",1,"40 to 64","6-10km","car",6.11,0.25,1.75,1.75
"99590/1000",NA,99590,5008,"45-49 years","female",21,17591,"Other",122.150421142578,122.150421142578,"car",0.25,6.37,"weekday",2,"40 to 64","6-10km","car",6.37,0.25,1.75,1.75
"99590/1001",NA,99590,5009,"55-59 years","male",21,17592,"Shopping",125.77254486084,125.77254486084,"walking",1.56666666666667,1.62,"weekday",1,"40 to 64","1-2km","walking",1.62,1.56666666666667,10.9666666666667,10.9666666666667
"99590/1001",NA,99590,5009,"55-59 years","male",21,17593,"Other",125.77254486084,125.77254486084,"walking",0.0333333333333333,0.36,"weekday",2,"40 to 64","<1km","walking",0.36,0.0333333333333333,0.233333333333333,0.233333333333333
"99590/1001",NA,99590,5009,"55-59 years","male",21,17594,"Other",125.77254486084,125.77254486084,"car",0.95,48.04,"weekday",3,"40 to 64",">10km","car",48.04,0.95,6.65,6.65
"99590/1001",NA,99590,5009,"55-59 years","male",21,17595,"Other",125.77254486084,125.77254486084,"car",0.833333333333333,48.09,"weekday",4,"40 to 64",">10km","car",48.09,0.833333333333333,5.83333333333333,5.83333333333333
"99590/1002",NA,99590,5010,"15-19 years","female",21,17596,"Other",100.53645324707,100.53645324707,"car",0.25,6.11,"weekday",1,"15 to 19","6-10km","car",6.11,0.25,1.75,1.75
"99590/1002",NA,99590,5010,"15-19 years","female",21,17597,"Other",100.53645324707,100.53645324707,"car",0.25,6.37,"weekday",2,"15 to 19","6-10km","car",6.37,0.25,1.75,1.75
"99593/1002",NA,99593,5012,"25-29 years","male",21,17600,"Work",124.118743896484,124.118743896484,"car",1,22.41,"weekday",1,"20 to 39",">10km","car",22.41,1,7,7
"99593/1002",NA,99593,5012,"25-29 years","male",21,17601,"Work",124.118743896484,124.118743896484,"car",0.833333333333333,22.33,"weekday",2,"20 to 39",">10km","car",22.33,0.833333333333333,5.83333333333333,5.83333333333333
"99595/1000",NA,99595,5013,"60-64 years","male",21,17602,"Leisure",93.5367965698242,93.5367965698242,"car",0.5,22.33,"weekday",1,"40 to 64",">10km","car",22.33,0.5,3.5,3.5
"99595/1000",NA,99595,5013,"60-64 years","male",21,17603,"Leisure",93.5367965698242,93.5367965698242,"car",0.583333333333333,22.39,"weekday",2,"40 to 64",">10km","car",22.39,0.583333333333333,4.08333333333333,4.08333333333333
"99595/1001",NA,99595,5014,"55-59 years","female",21,17604,"Work",94.9781875610352,94.9781875610352,"car",0.75,19.06,"weekday",1,"40 to 64",">10km","car",19.06,0.75,5.25,5.25
"99595/1001",NA,99595,5014,"55-59 years","female",21,17605,"Work",94.9781875610352,94.9781875610352,"car",0.8,19.01,"weekday",2,"40 to 64",">10km","car",19.01,0.8,5.6,5.6
"99596/1000",NA,99596,5015,"50-54 years","male",21,17606,"Other",117.068450927734,117.068450927734,"car",0.416666666666667,14.88,"weekday",1,"40 to 64",">10km","car",14.88,0.416666666666667,2.91666666666667,2.91666666666667
"99596/1000",NA,99596,5015,"50-54 years","male",21,17607,"Other",117.068450927734,117.068450927734,"car",0.5,14.77,"weekday",2,"40 to 64",">10km","car",14.77,0.5,3.5,3.5
"99596/1000",NA,99596,5015,"50-54 years","male",21,17608,"Shopping",117.068450927734,117.068450927734,"car",0.25,6.17,"weekday",3,"40 to 64","6-10km","car",6.17,0.25,1.75,1.75
"99596/1000",NA,99596,5015,"50-54 years","male",21,17609,"Shopping",117.068450927734,117.068450927734,"car",0.25,8.22,"weekday",4,"40 to 64","6-10km","car",8.22,0.25,1.75,1.75
"99596/1000",NA,99596,5015,"50-54 years","male",21,17610,"Shopping",117.068450927734,117.068450927734,"car",0.333333333333333,14.32,"weekday",5,"40 to 64",">10km","car",14.32,0.333333333333333,2.33333333333333,2.33333333333333
"99596/1000",NA,99596,5015,"50-54 years","male",21,17611,"Shopping",117.068450927734,117.068450927734,"car",0.0833333333333333,2.17,"weekday",6,"40 to 64","3-5km","bicycle",2.17,0.197272727272727,0.583333333333333,1.38090909090909
"99596/1000",NA,99596,5015,"50-54 years","male",21,17612,"Shopping",117.068450927734,117.068450927734,"car",0.0833333333333333,1.69,"weekday",7,"40 to 64","1-2km","bicycle",1.69,0.153636363636364,0.583333333333333,1.07545454545455
"99596/1001",NA,99596,5016,"50-54 years","female",21,17613,"Work",106.351432800293,106.351432800293,"car",0.333333333333333,6.17,"weekday",1,"40 to 64","6-10km","car",6.17,0.333333333333333,2.33333333333333,2.33333333333333
"99596/1001",NA,99596,5016,"50-54 years","female",21,17614,"Work",106.351432800293,106.351432800293,"car",0.333333333333333,6.54,"weekday",2,"40 to 64","6-10km","car",6.54,0.333333333333333,2.33333333333333,2.33333333333333
"99596/1001",NA,99596,5016,"50-54 years","female",21,17615,"Leisure",106.351432800293,106.351432800293,"walking",0.166666666666667,0.92,"weekday",3,"40 to 64","<1km","walking",0.92,0.166666666666667,1.16666666666667,1.16666666666667
"99596/1001",NA,99596,5016,"50-54 years","female",21,17616,"Leisure",106.351432800293,106.351432800293,"walking",0.166666666666667,0.92,"weekday",4,"40 to 64","<1km","walking",0.92,0.166666666666667,1.16666666666667,1.16666666666667
"99596/1002",NA,99596,5017,"20-24 years","female",21,17617,"Work",140.641052246094,140.641052246094,"car",0.5,24.57,"weekday",1,"20 to 39",">10km","car",24.57,0.5,3.5,3.5
"99596/1002",NA,99596,5017,"20-24 years","female",21,17618,"Work",140.641052246094,140.641052246094,"car",0.833333333333333,24.6,"weekday",2,"20 to 39",">10km","car",24.6,0.833333333333333,5.83333333333333,5.83333333333333
"99596/1002",NA,99596,5017,"20-24 years","female",21,17619,"Leisure",140.641052246094,140.641052246094,"walking",0.166666666666667,0.92,"weekday",3,"20 to 39","<1km","walking",0.92,0.166666666666667,1.16666666666667,1.16666666666667
"99596/1002",NA,99596,5017,"20-24 years","female",21,17620,"Leisure",140.641052246094,140.641052246094,"walking",0.166666666666667,0.92,"weekday",4,"20 to 39","<1km","walking",0.92,0.166666666666667,1.16666666666667,1.16666666666667
"99611/1000",NA,99611,5018,"25-29 years","male",21,17621,"Other",311.684387207031,311.684387207031,"car",0.5,9.96,"weekday",1,"20 to 39","6-10km","car",9.96,0.5,3.5,3.5
"99611/1000",NA,99611,5018,"25-29 years","male",21,17622,"Other",311.684387207031,311.684387207031,"car",0.5,11.15,"weekday",2,"20 to 39",">10km","car",11.15,0.5,3.5,3.5
"99611/1000",NA,99611,5018,"25-29 years","male",21,17623,"Other",311.684387207031,311.684387207031,"car",0.416666666666667,15.27,"weekday",3,"20 to 39",">10km","car",15.27,0.416666666666667,2.91666666666667,2.91666666666667
"99611/1000",NA,99611,5018,"25-29 years","male",21,17624,"Work",311.684387207031,311.684387207031,"car",0.416666666666667,16.73,"weekday",4,"20 to 39",">10km","car",16.73,0.416666666666667,2.91666666666667,2.91666666666667
"99611/1000",NA,99611,5018,"25-29 years","male",21,17625,"Other",311.684387207031,311.684387207031,"car",0.666666666666667,19.74,"weekday",5,"20 to 39",">10km","car",19.74,0.666666666666667,4.66666666666667,4.66666666666667
"99611/1000",NA,99611,5018,"25-29 years","male",21,17626,"Other",311.684387207031,311.684387207031,"car",0.25,13.72,"weekday",6,"20 to 39",">10km","car",13.72,0.25,1.75,1.75
"99612/1000",NA,99612,5019,"35-39 years","male",21,17627,"Work",174.027191162109,174.027191162109,"car",0.333333333333333,13.32,"weekday",1,"20 to 39",">10km","car",13.32,0.333333333333333,2.33333333333333,2.33333333333333
"99612/1000",NA,99612,5019,"35-39 years","male",21,17628,"Work",174.027191162109,174.027191162109,"car",0.433333333333333,13.32,"weekday",2,"20 to 39",">10km","car",13.32,0.433333333333333,3.03333333333333,3.03333333333333
"99612/1001",NA,99612,5020,"30-34 years","female",21,17629,"Shopping",166.980453491211,166.980453491211,"car",0.0833333333333333,2.24,"weekday",1,"20 to 39","3-5km","bicycle",2.24,0.203636363636364,0.583333333333333,1.42545454545455
"99612/1001",NA,99612,5020,"30-34 years","female",21,17630,"Shopping",166.980453491211,166.980453491211,"car",0.0833333333333333,2.2,"weekday",2,"20 to 39","3-5km","bicycle",2.2,0.2,0.583333333333333,1.4
"99711/1000",NA,99711,5021,"55-59 years","male",21,17631,"Work",136.198272705078,136.198272705078,"car",0.583333333333333,14.13,"weekday",1,"40 to 64",">10km","car",14.13,0.583333333333333,4.08333333333333,4.08333333333333
"99711/1000",NA,99711,5021,"55-59 years","male",21,17632,"Work",136.198272705078,136.198272705078,"car",0.5,14.23,"weekday",2,"40 to 64",">10km","car",14.23,0.5,3.5,3.5
"99711/1001",NA,99711,5022,"45-49 years","female",21,17633,"Leisure",173.53498840332,173.53498840332,"walking",0.333333333333333,1.43,"weekday",1,"40 to 64","1-2km","walking",1.43,0.333333333333333,2.33333333333333,2.33333333333333
"99711/1001",NA,99711,5022,"45-49 years","female",21,17634,"Leisure",173.53498840332,173.53498840332,"walking",0.333333333333333,1.43,"weekday",2,"40 to 64","1-2km","walking",1.43,0.333333333333333,2.33333333333333,2.33333333333333
"99713/1000",NA,99713,5023,"40-44 years","female",21,17635,"Work",148.689193725586,148.689193725586,"car",0.166666666666667,3.42,"weekday",1,"40 to 64","3-5km","bicycle",3.42,0.310909090909091,1.16666666666667,2.17636363636364
"99713/1000",NA,99713,5023,"40-44 years","female",21,17636,"Work",148.689193725586,148.689193725586,"car",0.166666666666667,3.38,"weekday",2,"40 to 64","3-5km","bicycle",3.38,0.307272727272727,1.16666666666667,2.15090909090909
"99713/1001",NA,99713,5024,"50-54 years","male",21,17637,"Work",117.728157043457,117.728157043457,"car",0.0833333333333333,3.5,"weekday",1,"40 to 64","3-5km","bicycle",3.5,0.318181818181818,0.583333333333333,2.22727272727273
"99713/1001",NA,99713,5024,"50-54 years","male",21,17638,"Work",117.728157043457,117.728157043457,"car",0.116666666666667,3.99,"weekday",2,"40 to 64","3-5km","bicycle",3.99,0.362727272727273,0.816666666666667,2.53909090909091
"99714/1000",NA,99714,5025,"25-29 years","female",21,17639,"Other",261.276580810547,261.276580810547,"car",0.25,5.59,"weekday",1,"20 to 39","6-10km","car",5.59,0.25,1.75,1.75
"99714/1000",NA,99714,5025,"25-29 years","female",21,17640,"Other",261.276580810547,261.276580810547,"car",0.383333333333333,5.58,"weekday",2,"20 to 39","6-10km","car",5.58,0.383333333333333,2.68333333333333,2.68333333333333
"99714/1002",NA,99714,5026,"60-64 years","male",21,17641,"Work",210.90705871582,210.90705871582,"car",0.75,23.28,"weekday",1,"40 to 64",">10km","car",23.28,0.75,5.25,5.25
"99714/1002",NA,99714,5026,"60-64 years","male",21,17642,"Work",210.90705871582,210.90705871582,"car",1,23.69,"weekday",2,"40 to 64",">10km","car",23.69,1,7,7
"99733/1000",NA,99733,5027,"65-69 years","female",21,17643,"Education",304.822784423828,304.822784423828,"car",0.5,8.89,"weekday",1,"65 plus","6-10km","car",8.89,0.5,3.5,3.5
"99733/1000",NA,99733,5027,"65-69 years","female",21,17644,"Shopping",304.822784423828,304.822784423828,"car",0.333333333333333,7.5,"weekday",2,"65 plus","6-10km","car",7.5,0.333333333333333,2.33333333333333,2.33333333333333
"99733/1000",NA,99733,5027,"65-69 years","female",21,17645,"Shopping",304.822784423828,304.822784423828,"car",0.5,14.55,"weekday",3,"65 plus",">10km","car",14.55,0.5,3.5,3.5
"99733/1001",NA,99733,5028,"65-69 years","male",21,17646,"Work",351.451293945312,351.451293945312,"car",0.416666666666667,3.87,"weekday",1,"65 plus","3-5km","bicycle",3.87,0.351818181818182,2.91666666666667,2.46272727272727
"99733/1001",NA,99733,5028,"65-69 years","male",21,17647,"Work",351.451293945312,351.451293945312,"car",0.25,3.44,"weekday",2,"65 plus","3-5km","bicycle",3.44,0.312727272727273,1.75,2.18909090909091
"99734/1000",NA,99734,5029,"75-79 years","female",21,17648,"Other",410.973388671875,410.973388671875,"car",0.25,5.1,"weekday",1,"65 plus","6-10km","car",5.1,0.25,1.75,1.75
"99734/1000",NA,99734,5029,"75-79 years","female",21,17649,"Other",410.973388671875,410.973388671875,"car",0.25,4.82,"weekday",2,"65 plus","3-5km","bicycle",4.82,0.438181818181818,1.75,3.06727272727273
"99734/1001",NA,99734,5030,"75-79 years","male",21,17650,"Other",319.961029052734,319.961029052734,"car",0.333333333333333,4.08,"weekday",1,"65 plus","3-5km","bicycle",4.08,0.370909090909091,2.33333333333333,2.59636363636364
"99734/1001",NA,99734,5030,"75-79 years","male",21,17651,"Other",319.961029052734,319.961029052734,"car",0.5,9.95,"weekday",2,"65 plus","6-10km","car",9.95,0.5,3.5,3.5
"99734/1001",NA,99734,5030,"75-79 years","male",21,17652,"Other",319.961029052734,319.961029052734,"car",0.5,10.86,"weekday",3,"65 plus",">10km","car",10.86,0.5,3.5,3.5
"99734/1001",NA,99734,5030,"75-79 years","male",21,17653,"Other",319.961029052734,319.961029052734,"car",0.333333333333333,4.09,"weekday",4,"65 plus","3-5km","bicycle",4.09,0.371818181818182,2.33333333333333,2.60272727272727
"99734/1001",NA,99734,5030,"75-79 years","male",21,17654,"Other",319.961029052734,319.961029052734,"car",0.333333333333333,4.41,"weekday",5,"65 plus","3-5km","bicycle",4.41,0.400909090909091,2.33333333333333,2.80636363636364
"99734/1001",NA,99734,5030,"75-79 years","male",21,17655,"Other",319.961029052734,319.961029052734,"car",0.25,3.49,"weekday",6,"65 plus","3-5km","bicycle",3.49,0.317272727272727,1.75,2.22090909090909
"99734/1001",NA,99734,5030,"75-79 years","male",21,17656,"Other",319.961029052734,319.961029052734,"car",0.5,3.47,"weekday",7,"65 plus","3-5km","bicycle",3.47,0.315454545454545,3.5,2.20818181818182
"99734/1001",NA,99734,5030,"75-79 years","male",21,17657,"Other",319.961029052734,319.961029052734,"car",0.416666666666667,4.1,"weekday",8,"65 plus","3-5km","bicycle",4.1,0.372727272727273,2.91666666666667,2.60909090909091
"99734/1001",NA,99734,5030,"75-79 years","male",21,17658,"Other",319.961029052734,319.961029052734,"car",0.25,5.1,"weekday",9,"65 plus","6-10km","car",5.1,0.25,1.75,1.75
"99734/1001",NA,99734,5030,"75-79 years","male",21,17659,"Other",319.961029052734,319.961029052734,"car",0.25,4.82,"weekday",10,"65 plus","3-5km","bicycle",4.82,0.438181818181818,1.75,3.06727272727273
"99736/1000",NA,99736,5031,"80-84 years","female",21,17660,"Other",596.730224609375,596.730224609375,"car",0.166666666666667,3.98,"weekday",1,"65 plus","3-5km","bicycle",3.98,0.361818181818182,1.16666666666667,2.53272727272727
"99736/1000",NA,99736,5031,"80-84 years","female",21,17661,"Other",596.730224609375,596.730224609375,"car",0.166666666666667,3.97,"weekday",2,"65 plus","3-5km","bicycle",3.97,0.360909090909091,1.16666666666667,2.52636363636364
"99736/1000",NA,99736,5031,"80-84 years","female",21,17662,"Other",596.730224609375,596.730224609375,"car",0.333333333333333,5.73,"weekday",3,"65 plus","6-10km","car",5.73,0.333333333333333,2.33333333333333,2.33333333333333
"99736/1000",NA,99736,5031,"80-84 years","female",21,17663,"Other",596.730224609375,596.730224609375,"car",0.25,5.79,"weekday",4,"65 plus","6-10km","car",5.79,0.25,1.75,1.75
"99767/1000",NA,99767,5032,"20-24 years","male",21,17664,"Work",198.558609008789,198.558609008789,"car",0.0833333333333333,3.15,"weekday",1,"20 to 39","3-5km","bicycle",3.15,0.286363636363636,0.583333333333333,2.00454545454545
"99767/1000",NA,99767,5032,"20-24 years","male",21,17665,"Work",198.558609008789,198.558609008789,"car",0.166666666666667,3.18,"weekday",2,"20 to 39","3-5km","bicycle",3.18,0.289090909090909,1.16666666666667,2.02363636363636
"99767/1001",NA,99767,5033,"20-24 years","male",21,17666,"Other",198.558609008789,198.558609008789,"car",0.166666666666667,3.23,"weekday",1,"20 to 39","3-5km","bicycle",3.23,0.293636363636364,1.16666666666667,2.05545454545455
"99767/1001",NA,99767,5033,"20-24 years","male",21,17667,"Other",198.558609008789,198.558609008789,"car",0.0833333333333333,3.21,"weekday",2,"20 to 39","3-5km","bicycle",3.21,0.291818181818182,0.583333333333333,2.04272727272727
"99775/1000",NA,99775,5034,"65-69 years","male",21,17668,"Leisure",136.799423217773,136.799423217773,"car",0.25,8.71,"weekday",1,"65 plus","6-10km","car",8.71,0.25,1.75,1.75
"99775/1000",NA,99775,5034,"65-69 years","male",21,17669,"Leisure",136.799423217773,136.799423217773,"car",0.25,8.7,"weekday",2,"65 plus","6-10km","car",8.7,0.25,1.75,1.75
"99829/1001",NA,99829,5035,"35-39 years","female",21,17670,"Work",147.140991210938,147.140991210938,"car",0.2,5.4,"weekday",1,"20 to 39","6-10km","car",5.4,0.2,1.4,1.4
"99829/1001",NA,99829,5035,"35-39 years","female",21,17671,"Work",147.140991210938,147.140991210938,"public.transport",0.866666666666667,46.46,"weekday",1,"20 to 39",">10km","public.transport",46.46,0.866666666666667,6.06666666666667,6.06666666666667
"99829/1001",NA,99829,5035,"35-39 years","female",21,17672,"Work",147.140991210938,147.140991210938,"walking",0.166666666666667,0.75,"weekday",1,"20 to 39","<1km","walking",0.75,0.166666666666667,1.16666666666667,1.16666666666667
"99829/1001",NA,99829,5035,"35-39 years","female",21,17673,"Work",147.140991210938,147.140991210938,"walking",0.166666666666667,1.03,"weekday",2,"20 to 39","1-2km","walking",1.03,0.166666666666667,1.16666666666667,1.16666666666667
"99829/1001",NA,99829,5035,"35-39 years","female",21,17674,"Work",147.140991210938,147.140991210938,"public.transport",0.833333333333333,47.14,"weekday",2,"20 to 39",">10km","public.transport",47.14,0.833333333333333,5.83333333333333,5.83333333333333
"99829/1001",NA,99829,5035,"35-39 years","female",21,17675,"Work",147.140991210938,147.140991210938,"car",0.25,5.44,"weekday",2,"20 to 39","6-10km","car",5.44,0.25,1.75,1.75
"99833/1000",NA,99833,5036,"55-59 years","female",21,17676,"Work",504.474334716797,504.474334716797,"car",0.166666666666667,5.44,"weekday",1,"40 to 64","6-10km","car",5.44,0.166666666666667,1.16666666666667,1.16666666666667
"99833/1000",NA,99833,5036,"55-59 years","female",21,17677,"Work",504.474334716797,504.474334716797,"public.transport",0.8,46.46,"weekday",1,"40 to 64",">10km","public.transport",46.46,0.8,5.6,5.6
"99833/1000",NA,99833,5036,"55-59 years","female",21,17678,"Work",504.474334716797,504.474334716797,"walking",0.166666666666667,0.42,"weekday",1,"40 to 64","<1km","walking",0.42,0.166666666666667,1.16666666666667,1.16666666666667
"99833/1000",NA,99833,5036,"55-59 years","female",21,17679,"Work",504.474334716797,504.474334716797,"walking",0.166666666666667,0.42,"weekday",2,"40 to 64","<1km","walking",0.42,0.166666666666667,1.16666666666667,1.16666666666667
"99833/1000",NA,99833,5036,"55-59 years","female",21,17680,"Work",504.474334716797,504.474334716797,"public.transport",0.916666666666667,46.46,"weekday",2,"40 to 64",">10km","public.transport",46.46,0.916666666666667,6.41666666666667,6.41666666666667
"99833/1000",NA,99833,5036,"55-59 years","female",21,17681,"Work",504.474334716797,504.474334716797,"walking",0.916666666666667,5.16,"weekday",2,"40 to 64","6-10km","walking",5.16,0.916666666666667,6.41666666666667,6.41666666666667
"99833/1001",NA,99833,5037,"60-64 years","male",21,17682,"Work",402.593353271484,402.593353271484,"car",0.25,6.74,"weekday",1,"40 to 64","6-10km","car",6.74,0.25,1.75,1.75
"99833/1001",NA,99833,5037,"60-64 years","male",21,17683,"Work",402.593353271484,402.593353271484,"car",0.666666666666667,41.04,"weekday",2,"40 to 64",">10km","car",41.04,0.666666666666667,4.66666666666667,4.66666666666667
"99833/1001",NA,99833,5037,"60-64 years","male",21,17684,"Work",402.593353271484,402.593353271484,"car",1,24.69,"weekday",3,"40 to 64",">10km","car",24.69,1,7,7
"99833/1001",NA,99833,5037,"60-64 years","male",21,17685,"Work",402.593353271484,402.593353271484,"car",0.5,9.62,"weekday",4,"40 to 64","6-10km","car",9.62,0.5,3.5,3.5
"99833/1001",NA,99833,5037,"60-64 years","male",21,17686,"Work",402.593353271484,402.593353271484,"car",1,31.96,"weekday",5,"40 to 64",">10km","car",31.96,1,7,7
"99833/1001",NA,99833,5037,"60-64 years","male",21,17687,"Other",402.593353271484,402.593353271484,"car",1.5,38.48,"weekday",6,"40 to 64",">10km","car",38.48,1.5,10.5,10.5
"99833/1001",NA,99833,5037,"60-64 years","male",21,17688,"Other",402.593353271484,402.593353271484,"car",0.166666666666667,5,"weekday",7,"40 to 64","3-5km","bicycle",5,0.454545454545455,1.16666666666667,3.18181818181818
"99833/1001",NA,99833,5037,"60-64 years","male",21,17689,"Leisure",402.593353271484,402.593353271484,"car",0.25,4.77,"weekday",8,"40 to 64","3-5km","bicycle",4.77,0.433636363636364,1.75,3.03545454545455
"99833/1001",NA,99833,5037,"60-64 years","male",21,17690,"Leisure",402.593353271484,402.593353271484,"car",0.25,4.77,"weekday",9,"40 to 64","3-5km","bicycle",4.77,0.433636363636364,1.75,3.03545454545455
"99833/1002",NA,99833,5038,"15-19 years","female",21,17691,"Education",547.904968261719,547.904968261719,"car",0.25,5.54,"weekday",1,"15 to 19","6-10km","car",5.54,0.25,1.75,1.75
"99833/1002",NA,99833,5038,"15-19 years","female",21,17692,"Education",547.904968261719,547.904968261719,"car",0.2,5.52,"weekday",2,"15 to 19","6-10km","car",5.52,0.2,1.4,1.4
"99833/1002",NA,99833,5038,"15-19 years","female",21,17693,"Leisure",547.904968261719,547.904968261719,"car",0.6,24.44,"weekday",3,"15 to 19",">10km","car",24.44,0.6,4.2,4.2
"99833/1002",NA,99833,5038,"15-19 years","female",21,17694,"Leisure",547.904968261719,547.904968261719,"car",0.516666666666667,24.34,"weekday",4,"15 to 19",">10km","car",24.34,0.516666666666667,3.61666666666667,3.61666666666667
"99833/1003",NA,99833,5039,"15-19 years","female",21,17695,"Other",547.904968261719,547.904968261719,"car",0.166666666666667,5.44,"weekday",1,"15 to 19","6-10km","car",5.44,0.166666666666667,1.16666666666667,1.16666666666667
"99833/1003",NA,99833,5039,"15-19 years","female",21,17696,"Other",547.904968261719,547.904968261719,"car",0.166666666666667,5.47,"weekday",2,"15 to 19","6-10km","car",5.47,0.166666666666667,1.16666666666667,1.16666666666667
"99833/1003",NA,99833,5039,"15-19 years","female",21,17697,"Education",547.904968261719,547.904968261719,"car",0.25,5.54,"weekday",3,"15 to 19","6-10km","car",5.54,0.25,1.75,1.75
"99833/1003",NA,99833,5039,"15-19 years","female",21,17698,"Education",547.904968261719,547.904968261719,"car",0.2,5.52,"weekday",4,"15 to 19","6-10km","car",5.52,0.2,1.4,1.4
"99833/1003",NA,99833,5039,"15-19 years","female",21,17699,"Leisure",547.904968261719,547.904968261719,"car",0.6,24.44,"weekday",5,"15 to 19",">10km","car",24.44,0.6,4.2,4.2
"99833/1003",NA,99833,5039,"15-19 years","female",21,17700,"Leisure",547.904968261719,547.904968261719,"car",0.516666666666667,24.34,"weekday",6,"15 to 19",">10km","car",24.34,0.516666666666667,3.61666666666667,3.61666666666667
"99833/1003",NA,99833,5039,"15-19 years","female",21,17701,"Work",547.904968261719,547.904968261719,"car",0.25,10.76,"weekday",7,"15 to 19",">10km","car",10.76,0.25,1.75,1.75
"99833/1003",NA,99833,5039,"15-19 years","female",21,17702,"Work",547.904968261719,547.904968261719,"car",0.416666666666667,9.28,"weekday",8,"15 to 19","6-10km","car",9.28,0.416666666666667,2.91666666666667,2.91666666666667
"99833/1004",NA,99833,5040,"15-19 years","female",21,17703,"Education",547.904968261719,547.904968261719,"bicycle",0.35,5.52,"weekday",1,"15 to 19","6-10km","bicycle",5.52,0.35,2.45,2.45
"99833/1004",NA,99833,5040,"15-19 years","female",21,17704,"Leisure",547.904968261719,547.904968261719,"walking",0.166666666666667,1.14,"weekday",2,"15 to 19","1-2km","walking",1.14,0.166666666666667,1.16666666666667,1.16666666666667
"99833/1004",NA,99833,5040,"15-19 years","female",21,17705,"Leisure",547.904968261719,547.904968261719,"bicycle",0.35,4.97,"weekday",3,"15 to 19","3-5km","bicycle",4.97,0.35,2.45,2.45
"99836/1001",NA,99836,5041,"65-69 years","female",21,17706,"Work",158.535507202148,158.535507202148,"car",0.25,4.77,"weekday",1,"65 plus","3-5km","bicycle",4.77,0.433636363636364,1.75,3.03545454545455
"99836/1001",NA,99836,5041,"65-69 years","female",21,17707,"Work",158.535507202148,158.535507202148,"car",0.5,10.24,"weekday",2,"65 plus",">10km","car",10.24,0.5,3.5,3.5
"99836/1001",NA,99836,5041,"65-69 years","female",21,17708,"Work",158.535507202148,158.535507202148,"car",0.25,9.09,"weekday",3,"65 plus","6-10km","car",9.09,0.25,1.75,1.75
"99836/1001",NA,99836,5041,"65-69 years","female",21,17709,"Work",158.535507202148,158.535507202148,"car",0.333333333333333,6.05,"weekday",4,"65 plus","6-10km","car",6.05,0.333333333333333,2.33333333333333,2.33333333333333
"99844/1000",NA,99844,5042,"55-59 years","male",21,17710,"Work",261.203918457031,261.203918457031,"car",1,46.6,"weekday",1,"40 to 64",">10km","car",46.6,1,7,7
"99844/1000",NA,99844,5042,"55-59 years","male",21,17711,"Work",261.203918457031,261.203918457031,"car",1,46.06,"weekday",2,"40 to 64",">10km","car",46.06,1,7,7
"99844/1001",NA,99844,5043,"50-54 years","female",21,17712,"Work",193.905059814453,193.905059814453,"car",0.25,6.13,"weekday",1,"40 to 64","6-10km","car",6.13,0.25,1.75,1.75
"99844/1001",NA,99844,5043,"50-54 years","female",21,17713,"Work",193.905059814453,193.905059814453,"car",0.25,6.34,"weekday",2,"40 to 64","6-10km","car",6.34,0.25,1.75,1.75
"99848/1000",NA,99848,5044,"55-59 years","female",21,17714,"Work",285.437072753906,285.437072753906,"car",0.5,6.88,"weekday",1,"40 to 64","6-10km","car",6.88,0.5,3.5,3.5
"99848/1000",NA,99848,5044,"55-59 years","female",21,17715,"Work",285.437072753906,285.437072753906,"car",0.316666666666667,6.91,"weekday",2,"40 to 64","6-10km","car",6.91,0.316666666666667,2.21666666666667,2.21666666666667
"99848/1001",NA,99848,5045,"80-84 years","male",21,17716,"Other",339.863616943359,339.863616943359,"car",0.25,6.5,"weekday",1,"65 plus","6-10km","car",6.5,0.25,1.75,1.75
"99848/1001",NA,99848,5045,"80-84 years","male",21,17717,"Other",339.863616943359,339.863616943359,"car",0.333333333333333,6.51,"weekday",2,"65 plus","6-10km","car",6.51,0.333333333333333,2.33333333333333,2.33333333333333
"99889/1000",NA,99889,5046,"25-29 years","male",21,17718,"Work",980.261657714844,980.261657714844,"car",0.116666666666667,1.33,"weekday",1,"20 to 39","1-2km","bicycle",1.33,0.120909090909091,0.816666666666667,0.846363636363636
"99889/1000",NA,99889,5046,"25-29 years","male",21,17719,"Work",980.261657714844,980.261657714844,"car",0.0833333333333333,1.89,"weekday",2,"20 to 39","1-2km","bicycle",1.89,0.171818181818182,0.583333333333333,1.20272727272727
"99889/1001",NA,99889,5047,"25-29 years","male",21,17720,"Work",980.261657714844,980.261657714844,"walking",0.333333333333333,1.32,"weekday",1,"20 to 39","1-2km","walking",1.32,0.333333333333333,2.33333333333333,2.33333333333333
"99889/1001",NA,99889,5047,"25-29 years","male",21,17721,"Work",980.261657714844,980.261657714844,"walking",0.333333333333333,1.32,"weekday",2,"20 to 39","1-2km","walking",1.32,0.333333333333333,2.33333333333333,2.33333333333333
"99891/1000",NA,99891,5048,"20-24 years","male",21,17722,"Other",1088.4951171875,1088.4951171875,"car",0.5,21.87,"weekday",1,"20 to 39",">10km","car",21.87,0.5,3.5,3.5
"99891/1000",NA,99891,5048,"20-24 years","male",21,17723,"Shopping",1088.4951171875,1088.4951171875,"car",0.5,9.91,"weekday",2,"20 to 39","6-10km","car",9.91,0.5,3.5,3.5
"99891/1000",NA,99891,5048,"20-24 years","male",21,17724,"Shopping",1088.4951171875,1088.4951171875,"car",0.5,9.75,"weekday",3,"20 to 39","6-10km","car",9.75,0.5,3.5,3.5
"99891/1000",NA,99891,5048,"20-24 years","male",21,17725,"Leisure",1088.4951171875,1088.4951171875,"car",0.5,10.21,"weekday",4,"20 to 39",">10km","car",10.21,0.5,3.5,3.5
"99891/1000",NA,99891,5048,"20-24 years","male",21,17726,"Leisure",1088.4951171875,1088.4951171875,"car",0.416666666666667,9.25,"weekday",5,"20 to 39","6-10km","car",9.25,0.416666666666667,2.91666666666667,2.91666666666667
"99891/1000",NA,99891,5048,"20-24 years","male",21,17727,"Leisure",1088.4951171875,1088.4951171875,"car",0.25,12.42,"weekday",6,"20 to 39",">10km","car",12.42,0.25,1.75,1.75
"99891/1001",NA,99891,5049,"20-24 years","female",21,17728,"Shopping",964.146118164062,964.146118164062,"car",0.5,9.91,"weekday",1,"20 to 39","6-10km","car",9.91,0.5,3.5,3.5
"99891/1001",NA,99891,5049,"20-24 years","female",21,17729,"Shopping",964.146118164062,964.146118164062,"car",0.5,9.75,"weekday",2,"20 to 39","6-10km","car",9.75,0.5,3.5,3.5
"99894/1000",NA,99894,5050,"85-89 years","female",21,17730,"Other",602.234985351562,602.234985351562,"car",0.0833333333333333,1.66,"weekday",1,"65 plus","1-2km","bicycle",1.66,0.150909090909091,0.583333333333333,1.05636363636364
"99894/1000",NA,99894,5050,"85-89 years","female",21,17731,"Other",602.234985351562,602.234985351562,"car",0.0833333333333333,1.42,"weekday",2,"65 plus","1-2km","bicycle",1.42,0.129090909090909,0.583333333333333,0.903636363636364
"99894/1000",NA,99894,5050,"85-89 years","female",21,17732,"Other",602.234985351562,602.234985351562,"car",0.25,1.63,"weekday",3,"65 plus","1-2km","bicycle",1.63,0.148181818181818,1.75,1.03727272727273
"99894/1000",NA,99894,5050,"85-89 years","female",21,17733,"Shopping",602.234985351562,602.234985351562,"car",0.166666666666667,3.01,"weekday",4,"65 plus","3-5km","bicycle",3.01,0.273636363636364,1.16666666666667,1.91545454545455
"99894/1000",NA,99894,5050,"85-89 years","female",21,17734,"Shopping",602.234985351562,602.234985351562,"car",0.133333333333333,1.6,"weekday",5,"65 plus","1-2km","bicycle",1.6,0.145454545454545,0.933333333333333,1.01818181818182
"99894/1000",NA,99894,5050,"85-89 years","female",21,17735,"Other",602.234985351562,602.234985351562,"car",0.25,1.7,"weekday",6,"65 plus","1-2km","bicycle",1.7,0.154545454545455,1.75,1.08181818181818
"99894/1000",NA,99894,5050,"85-89 years","female",21,17736,"Other",602.234985351562,602.234985351562,"car",0.116666666666667,1.46,"weekday",7,"65 plus","1-2km","bicycle",1.46,0.132727272727273,0.816666666666667,0.929090909090909
"99894/1001",NA,99894,5051,"85-89 years","male",21,17737,"Other",441.98779296875,441.98779296875,"car",0.0833333333333333,1.66,"weekday",1,"65 plus","1-2km","bicycle",1.66,0.150909090909091,0.583333333333333,1.05636363636364
"99894/1001",NA,99894,5051,"85-89 years","male",21,17738,"Other",441.98779296875,441.98779296875,"car",0.0833333333333333,1.42,"weekday",2,"65 plus","1-2km","bicycle",1.42,0.129090909090909,0.583333333333333,0.903636363636364
"99894/1001",NA,99894,5051,"85-89 years","male",21,17739,"Other",441.98779296875,441.98779296875,"car",0.25,1.63,"weekday",3,"65 plus","1-2km","bicycle",1.63,0.148181818181818,1.75,1.03727272727273
"99894/1001",NA,99894,5051,"85-89 years","male",21,17740,"Other",441.98779296875,441.98779296875,"car",0.166666666666667,3.01,"weekday",4,"65 plus","3-5km","bicycle",3.01,0.273636363636364,1.16666666666667,1.91545454545455
"99894/1001",NA,99894,5051,"85-89 years","male",21,17741,"Other",441.98779296875,441.98779296875,"car",0.133333333333333,1.6,"weekday",5,"65 plus","1-2km","bicycle",1.6,0.145454545454545,0.933333333333333,1.01818181818182
"99894/1001",NA,99894,5051,"85-89 years","male",21,17742,"Shopping",441.98779296875,441.98779296875,"car",0.25,1.7,"weekday",6,"65 plus","1-2km","bicycle",1.7,0.154545454545455,1.75,1.08181818181818
"99894/1001",NA,99894,5051,"85-89 years","male",21,17743,"Shopping",441.98779296875,441.98779296875,"car",0.116666666666667,1.46,"weekday",7,"65 plus","1-2km","bicycle",1.46,0.132727272727273,0.816666666666667,0.929090909090909
"99895/1000",NA,99895,5052,"40-44 years","female",21,17744,"Other",647.70849609375,647.70849609375,"car",0.25,1.61,"weekday",1,"40 to 64","1-2km","bicycle",1.61,0.146363636363636,1.75,1.02454545454545
"99895/1000",NA,99895,5052,"40-44 years","female",21,17745,"Other",647.70849609375,647.70849609375,"car",0.25,1.64,"weekday",2,"40 to 64","1-2km","bicycle",1.64,0.149090909090909,1.75,1.04363636363636
"99895/1000",NA,99895,5052,"40-44 years","female",21,17746,"Other",647.70849609375,647.70849609375,"car",0.25,1.61,"weekday",3,"40 to 64","1-2km","bicycle",1.61,0.146363636363636,1.75,1.02454545454545
"99895/1000",NA,99895,5052,"40-44 years","female",21,17747,"Other",647.70849609375,647.70849609375,"car",0.25,1.64,"weekday",4,"40 to 64","1-2km","bicycle",1.64,0.149090909090909,1.75,1.04363636363636
"99902/1000",NA,99902,5053,"65-69 years","female",21,17748,"Other",304.822784423828,304.822784423828,"car",0.416666666666667,8.78,"weekday",1,"65 plus","6-10km","car",8.78,0.416666666666667,2.91666666666667,2.91666666666667
"99902/1000",NA,99902,5053,"65-69 years","female",21,17749,"Other",304.822784423828,304.822784423828,"car",0.666666666666667,14.13,"weekday",2,"65 plus",">10km","car",14.13,0.666666666666667,4.66666666666667,4.66666666666667
"99902/1000",NA,99902,5053,"65-69 years","female",21,17750,"Other",304.822784423828,304.822784423828,"car",0.416666666666667,10.06,"weekday",3,"65 plus",">10km","car",10.06,0.416666666666667,2.91666666666667,2.91666666666667
"99902/1000",NA,99902,5053,"65-69 years","female",21,17751,"Leisure",304.822784423828,304.822784423828,"car",1.5,47.94,"weekday",4,"65 plus",">10km","car",47.94,1.5,10.5,10.5
"99902/1000",NA,99902,5053,"65-69 years","female",21,17752,"Leisure",304.822784423828,304.822784423828,"car",0.75,50.6,"weekday",5,"65 plus",">10km","car",50.6,0.75,5.25,5.25
"99902/1000",NA,99902,5053,"65-69 years","female",21,17753,"Leisure",304.822784423828,304.822784423828,"car",1.25,73.46,"weekday",6,"65 plus",">10km","car",73.46,1.25,8.75,8.75
"99902/1001",NA,99902,5054,"65-69 years","female",21,17754,"Other",304.822784423828,304.822784423828,"car",0.416666666666667,8.78,"weekday",1,"65 plus","6-10km","car",8.78,0.416666666666667,2.91666666666667,2.91666666666667
"99902/1001",NA,99902,5054,"65-69 years","female",21,17755,"Leisure",304.822784423828,304.822784423828,"car",0.666666666666667,14.13,"weekday",2,"65 plus",">10km","car",14.13,0.666666666666667,4.66666666666667,4.66666666666667
"99902/1001",NA,99902,5054,"65-69 years","female",21,17756,"Other",304.822784423828,304.822784423828,"car",0.416666666666667,10.06,"weekday",3,"65 plus",">10km","car",10.06,0.416666666666667,2.91666666666667,2.91666666666667
"99902/1001",NA,99902,5054,"65-69 years","female",21,17757,"Leisure",304.822784423828,304.822784423828,"car",1.5,47.94,"weekday",4,"65 plus",">10km","car",47.94,1.5,10.5,10.5
"99902/1001",NA,99902,5054,"65-69 years","female",21,17758,"Other",304.822784423828,304.822784423828,"car",0.75,50.6,"weekday",5,"65 plus",">10km","car",50.6,0.75,5.25,5.25
"99902/1001",NA,99902,5054,"65-69 years","female",21,17759,"Other",304.822784423828,304.822784423828,"car",1.25,73.46,"weekday",6,"65 plus",">10km","car",73.46,1.25,8.75,8.75
"99905/1000",NA,99905,5055,"40-44 years","female",21,17760,"Work",575.516906738281,575.516906738281,"car",1,65.99,"weekday",1,"40 to 64",">10km","car",65.99,1,7,7
"99905/1000",NA,99905,5055,"40-44 years","female",21,17761,"Work",575.516906738281,575.516906738281,"car",0.916666666666667,66.2,"weekday",2,"40 to 64",">10km","car",66.2,0.916666666666667,6.41666666666667,6.41666666666667
"99905/1001",NA,99905,5056,"45-49 years","male",21,17762,"Other",490.858123779297,490.858123779297,"car",0.133333333333333,1.43,"weekday",1,"40 to 64","1-2km","bicycle",1.43,0.13,0.933333333333333,0.91
"99905/1001",NA,99905,5056,"45-49 years","male",21,17763,"Other",490.858123779297,490.858123779297,"car",0.116666666666667,1.48,"weekday",2,"40 to 64","1-2km","bicycle",1.48,0.134545454545455,0.816666666666667,0.941818181818182
"99905/1001",NA,99905,5056,"45-49 years","male",21,17764,"Other",490.858123779297,490.858123779297,"car",0.0833333333333333,1.43,"weekday",3,"40 to 64","1-2km","bicycle",1.43,0.13,0.583333333333333,0.91
"99905/1001",NA,99905,5056,"45-49 years","male",21,17765,"Other",490.858123779297,490.858123779297,"car",0.166666666666667,1.48,"weekday",4,"40 to 64","1-2km","bicycle",1.48,0.134545454545455,1.16666666666667,0.941818181818182
"99931/1000",NA,99931,5057,"70-74 years","female",21,17766,"Other",119.05738067627,119.05738067627,"car",0.0833333333333333,2.5,"weekday",1,"65 plus","3-5km","bicycle",2.5,0.227272727272727,0.583333333333333,1.59090909090909
"99931/1000",NA,99931,5057,"70-74 years","female",21,17767,"Other",119.05738067627,119.05738067627,"car",0.116666666666667,2.56,"weekday",2,"65 plus","3-5km","bicycle",2.56,0.232727272727273,0.816666666666667,1.62909090909091
"99931/1000",NA,99931,5057,"70-74 years","female",21,17768,"Shopping",119.05738067627,119.05738067627,"car",0.116666666666667,6.24,"weekday",3,"65 plus","6-10km","car",6.24,0.116666666666667,0.816666666666667,0.816666666666667
"99931/1000",NA,99931,5057,"70-74 years","female",21,17769,"Shopping",119.05738067627,119.05738067627,"car",0.116666666666667,6.14,"weekday",4,"65 plus","6-10km","car",6.14,0.116666666666667,0.816666666666667,0.816666666666667
"99931/1000",NA,99931,5057,"70-74 years","female",21,17770,"Leisure",119.05738067627,119.05738067627,"walking",0.75,2.64,"weekday",5,"65 plus","3-5km","walking",2.64,0.75,5.25,5.25
"99931/1000",NA,99931,5057,"70-74 years","female",21,17771,"Leisure",119.05738067627,119.05738067627,"walking",0.666666666666667,2.64,"weekday",6,"65 plus","3-5km","walking",2.64,0.666666666666667,4.66666666666667,4.66666666666667
"99931/1001",NA,99931,5058,"75-79 years","male",21,17772,"Other",94.0405426025391,94.0405426025391,"car",0.0833333333333333,2.5,"weekday",1,"65 plus","3-5km","bicycle",2.5,0.227272727272727,0.583333333333333,1.59090909090909
"99931/1001",NA,99931,5058,"75-79 years","male",21,17773,"Other",94.0405426025391,94.0405426025391,"car",0.116666666666667,2.56,"weekday",2,"65 plus","3-5km","bicycle",2.56,0.232727272727273,0.816666666666667,1.62909090909091
"99931/1001",NA,99931,5058,"75-79 years","male",21,17774,"Shopping",94.0405426025391,94.0405426025391,"car",0.116666666666667,6.24,"weekday",3,"65 plus","6-10km","car",6.24,0.116666666666667,0.816666666666667,0.816666666666667
"99931/1001",NA,99931,5058,"75-79 years","male",21,17775,"Shopping",94.0405426025391,94.0405426025391,"car",0.116666666666667,6.14,"weekday",4,"65 plus","6-10km","car",6.14,0.116666666666667,0.816666666666667,0.816666666666667
"99931/1001",NA,99931,5058,"75-79 years","male",21,17776,"Leisure",94.0405426025391,94.0405426025391,"walking",0.75,2.64,"weekday",5,"65 plus","3-5km","walking",2.64,0.75,5.25,5.25
"99931/1001",NA,99931,5058,"75-79 years","male",21,17777,"Leisure",94.0405426025391,94.0405426025391,"walking",0.666666666666667,2.64,"weekday",6,"65 plus","3-5km","walking",2.64,0.666666666666667,4.66666666666667,4.66666666666667
"99934/1001",NA,99934,5059,"75-79 years","female",21,17778,"Leisure",115.106437683105,115.106437683105,"walking",0.333333333333333,1.88,"weekday",1,"65 plus","1-2km","walking",1.88,0.333333333333333,2.33333333333333,2.33333333333333
"99934/1001",NA,99934,5059,"75-79 years","female",21,17779,"Leisure",115.106437683105,115.106437683105,"walking",0.25,1.88,"weekday",2,"65 plus","1-2km","walking",1.88,0.25,1.75,1.75
"99934/1002",NA,99934,5060,"50-54 years","female",21,17780,"Leisure",170.989166259766,170.989166259766,"car",0.333333333333333,6.19,"weekday",1,"40 to 64","6-10km","car",6.19,0.333333333333333,2.33333333333333,2.33333333333333
"99934/1002",NA,99934,5060,"50-54 years","female",21,17781,"Leisure",170.989166259766,170.989166259766,"public.transport",1.08333333333333,22.41,"weekday",1,"40 to 64",">10km","public.transport",22.41,1.08333333333333,7.58333333333333,7.58333333333333
"99934/1002",NA,99934,5060,"50-54 years","female",21,17782,"Leisure",170.989166259766,170.989166259766,"walking",0.166666666666667,0.58,"weekday",1,"40 to 64","<1km","walking",0.58,0.166666666666667,1.16666666666667,1.16666666666667
"99934/1002",NA,99934,5060,"50-54 years","female",21,17783,"Leisure",170.989166259766,170.989166259766,"walking",0.166666666666667,0.58,"weekday",2,"40 to 64","<1km","walking",0.58,0.166666666666667,1.16666666666667,1.16666666666667
"99934/1002",NA,99934,5060,"50-54 years","female",21,17784,"Leisure",170.989166259766,170.989166259766,"public.transport",0.3,2.78,"weekday",2,"40 to 64","3-5km","public.transport",2.78,0.3,2.1,2.1
"99934/1002",NA,99934,5060,"50-54 years","female",21,17785,"Leisure",170.989166259766,170.989166259766,"public.transport",0.666666666666667,20.87,"weekday",2,"40 to 64",">10km","public.transport",20.87,0.666666666666667,4.66666666666667,4.66666666666667
"99934/1002",NA,99934,5060,"50-54 years","female",21,17786,"Leisure",170.989166259766,170.989166259766,"car",0.333333333333333,6.23,"weekday",2,"40 to 64","6-10km","car",6.23,0.333333333333333,2.33333333333333,2.33333333333333
"99965/1000",NA,99965,5061,"50-54 years","female",21,17787,"Other",700.190185546875,700.190185546875,"car",0.0833333333333333,1.6,"weekday",1,"40 to 64","1-2km","bicycle",1.6,0.145454545454545,0.583333333333333,1.01818181818182
"99965/1000",NA,99965,5061,"50-54 years","female",21,17788,"Other",700.190185546875,700.190185546875,"car",0.166666666666667,1.6,"weekday",2,"40 to 64","1-2km","bicycle",1.6,0.145454545454545,1.16666666666667,1.01818181818182
"99965/1000",NA,99965,5061,"50-54 years","female",21,17789,"Work",700.190185546875,700.190185546875,"walking",0.0833333333333333,0.44,"weekday",3,"40 to 64","<1km","walking",0.44,0.0833333333333333,0.583333333333333,0.583333333333333
"99965/1000",NA,99965,5061,"50-54 years","female",21,17790,"Work",700.190185546875,700.190185546875,"public.transport",0.366666666666667,11.56,"weekday",3,"40 to 64",">10km","public.transport",11.56,0.366666666666667,2.56666666666667,2.56666666666667
"99965/1000",NA,99965,5061,"50-54 years","female",21,17791,"Work",700.190185546875,700.190185546875,"walking",0.216666666666667,0.71,"weekday",3,"40 to 64","<1km","walking",0.71,0.216666666666667,1.51666666666667,1.51666666666667
"99965/1000",NA,99965,5061,"50-54 years","female",21,17792,"Work",700.190185546875,700.190185546875,"walking",0.283333333333333,0.71,"weekday",4,"40 to 64","<1km","walking",0.71,0.283333333333333,1.98333333333333,1.98333333333333
"99965/1000",NA,99965,5061,"50-54 years","female",21,17793,"Work",700.190185546875,700.190185546875,"public.transport",0.383333333333333,11.56,"weekday",4,"40 to 64",">10km","public.transport",11.56,0.383333333333333,2.68333333333333,2.68333333333333
"99965/1000",NA,99965,5061,"50-54 years","female",21,17794,"Work",700.190185546875,700.190185546875,"walking",0.0666666666666667,0.44,"weekday",4,"40 to 64","<1km","walking",0.44,0.0666666666666667,0.466666666666667,0.466666666666667
"99965/1000",NA,99965,5061,"50-54 years","female",21,17795,"Other",700.190185546875,700.190185546875,"car",0.333333333333333,8.88,"weekday",5,"40 to 64","6-10km","car",8.88,0.333333333333333,2.33333333333333,2.33333333333333
"99965/1000",NA,99965,5061,"50-54 years","female",21,17796,"Other",700.190185546875,700.190185546875,"car",0.266666666666667,8.85,"weekday",6,"40 to 64","6-10km","car",8.85,0.266666666666667,1.86666666666667,1.86666666666667
"99965/1001",NA,99965,5062,"50-54 years","male",21,17799,"Work",704.881958007812,704.881958007812,"car",0.5,11.79,"weekday",3,"40 to 64",">10km","car",11.79,0.5,3.5,3.5
"99965/1001",NA,99965,5062,"50-54 years","male",21,17800,"Shopping",704.881958007812,704.881958007812,"car",0.25,8.01,"weekday",4,"40 to 64","6-10km","car",8.01,0.25,1.75,1.75
"99965/1001",NA,99965,5062,"50-54 years","male",21,17801,"Shopping",704.881958007812,704.881958007812,"car",0.266666666666667,4.79,"weekday",5,"40 to 64","3-5km","bicycle",4.79,0.435454545454545,1.86666666666667,3.04818181818182
"99965/1002",NA,99965,5063,"15-19 years","female",21,17802,"Education",659.454467773438,659.454467773438,"walking",0.0833333333333333,0.35,"weekday",1,"15 to 19","<1km","walking",0.35,0.0833333333333333,0.583333333333333,0.583333333333333
"99965/1002",NA,99965,5063,"15-19 years","female",21,17803,"Education",659.454467773438,659.454467773438,"walking",0.0833333333333333,0.35,"weekday",2,"15 to 19","<1km","walking",0.35,0.0833333333333333,0.583333333333333,0.583333333333333
"99965/1003",NA,99965,5064,"15-19 years","female",21,17804,"Education",659.454467773438,659.454467773438,"walking",0.0666666666666667,0.35,"weekday",1,"15 to 19","<1km","walking",0.35,0.0666666666666667,0.466666666666667,0.466666666666667
"99965/1003",NA,99965,5064,"15-19 years","female",21,17805,"Education",659.454467773438,659.454467773438,"walking",0.0666666666666667,0.35,"weekday",2,"15 to 19","<1km","walking",0.35,0.0666666666666667,0.466666666666667,0.466666666666667
"99967/1000",NA,99967,5065,"45-49 years","female",21,17806,"Other",661.040344238281,661.040344238281,"car",0.166666666666667,1.14,"weekday",1,"40 to 64","1-2km","bicycle",1.14,0.103636363636364,1.16666666666667,0.725454545454545
"99967/1000",NA,99967,5065,"45-49 years","female",21,17807,"Work",661.040344238281,661.040344238281,"car",0.583333333333333,10.34,"weekday",2,"40 to 64",">10km","car",10.34,0.583333333333333,4.08333333333333,4.08333333333333
"99967/1000",NA,99967,5065,"45-49 years","female",21,17808,"Work",661.040344238281,661.040344238281,"car",0.5,10.27,"weekday",3,"40 to 64",">10km","car",10.27,0.5,3.5,3.5
"99967/1001",NA,99967,5066,"65-69 years","male",21,17809,"Work",426.436920166016,426.436920166016,"car",0.5,14.91,"weekday",1,"65 plus",">10km","car",14.91,0.5,3.5,3.5
"99967/1001",NA,99967,5066,"65-69 years","male",21,17810,"Other",426.436920166016,426.436920166016,"car",0.5,15.67,"weekday",2,"65 plus",">10km","car",15.67,0.5,3.5,3.5
"99967/1001",NA,99967,5066,"65-69 years","male",21,17811,"Other",426.436920166016,426.436920166016,"car",0.166666666666667,1.14,"weekday",3,"65 plus","1-2km","bicycle",1.14,0.103636363636364,1.16666666666667,0.725454545454545
"99968/1000",NA,99968,5067,"40-44 years","female",21,17812,"Leisure",575.516906738281,575.516906738281,"walking",0.166666666666667,0.6,"weekday",1,"40 to 64","<1km","walking",0.6,0.166666666666667,1.16666666666667,1.16666666666667
"99968/1000",NA,99968,5067,"40-44 years","female",21,17813,"Leisure",575.516906738281,575.516906738281,"walking",0.166666666666667,0.6,"weekday",2,"40 to 64","<1km","walking",0.6,0.166666666666667,1.16666666666667,1.16666666666667
"99968/1001",NA,99968,5068,"45-49 years","male",21,17814,"Other",490.858123779297,490.858123779297,"bicycle",0.25,1.11,"weekday",1,"40 to 64","1-2km","bicycle",1.11,0.25,1.75,1.75
"99968/1001",NA,99968,5068,"45-49 years","male",21,17815,"Work",490.858123779297,490.858123779297,"bicycle",0.166666666666667,2.07,"weekday",2,"40 to 64","3-5km","bicycle",2.07,0.166666666666667,1.16666666666667,1.16666666666667
"99968/1001",NA,99968,5068,"45-49 years","male",21,17816,"Other",490.858123779297,490.858123779297,"bicycle",0.166666666666667,2.07,"weekday",3,"40 to 64","3-5km","bicycle",2.07,0.166666666666667,1.16666666666667,1.16666666666667
"99968/1001",NA,99968,5068,"45-49 years","male",21,17817,"Other",490.858123779297,490.858123779297,"bicycle",0.25,1.11,"weekday",4,"40 to 64","1-2km","bicycle",1.11,0.25,1.75,1.75
"99969/1000",NA,99969,5069,"65-69 years","female",21,17818,"Shopping",328.636322021484,328.636322021484,"car",0.166666666666667,0.99,"weekday",1,"65 plus","<1km","bicycle",0.99,0.09,1.16666666666667,0.63
"99969/1000",NA,99969,5069,"65-69 years","female",21,17819,"Shopping",328.636322021484,328.636322021484,"car",0.166666666666667,0.99,"weekday",2,"65 plus","<1km","bicycle",0.99,0.09,1.16666666666667,0.63
"99969/1000",NA,99969,5069,"65-69 years","female",21,17820,"Shopping",328.636322021484,328.636322021484,"car",0.333333333333333,11.56,"weekday",3,"65 plus",">10km","car",11.56,0.333333333333333,2.33333333333333,2.33333333333333
"99969/1000",NA,99969,5069,"65-69 years","female",21,17821,"Shopping",328.636322021484,328.636322021484,"car",0.0333333333333333,0.24,"weekday",4,"65 plus","<1km","bicycle",0.24,0.0218181818181818,0.233333333333333,0.152727272727273
"99969/1000",NA,99969,5069,"65-69 years","female",21,17822,"Shopping",328.636322021484,328.636322021484,"car",0.583333333333333,11.85,"weekday",5,"65 plus",">10km","car",11.85,0.583333333333333,4.08333333333333,4.08333333333333
"99969/1001",NA,99969,5070,"35-39 years","female",21,17823,"Leisure",563.662841796875,563.662841796875,"car",3.5,147.87,"weekday",1,"20 to 39",">10km","car",147.87,3.5,24.5,24.5
"99969/1002",NA,99969,5071,"70-74 years","male",21,17824,"Leisure",396.788726806641,396.788726806641,"car",0.5,11.28,"weekday",1,"65 plus",">10km","car",11.28,0.5,3.5,3.5
"99969/1002",NA,99969,5071,"70-74 years","male",21,17825,"Leisure",396.788726806641,396.788726806641,"car",0.5,11.11,"weekday",2,"65 plus",">10km","car",11.11,0.5,3.5,3.5
"99979/1000",NA,99979,5072,"85-89 years","female",21,17826,"Shopping",537.454650878906,537.454650878906,"walking",0.25,0.87,"weekday",1,"65 plus","<1km","walking",0.87,0.25,1.75,1.75
"99979/1000",NA,99979,5072,"85-89 years","female",21,17827,"Shopping",537.454650878906,537.454650878906,"walking",0.25,0.87,"weekday",2,"65 plus","<1km","walking",0.87,0.25,1.75,1.75
"99981/1000",NA,99981,5073,"45-49 years","male",21,17828,"Work",127.12606048584,127.12606048584,"car",0.75,30.93,"weekday",1,"40 to 64",">10km","car",30.93,0.75,5.25,5.25
"99981/1000",NA,99981,5073,"45-49 years","male",21,17829,"Work",127.12606048584,127.12606048584,"car",5,384.89,"weekday",2,"40 to 64",">10km","car",384.89,5,35,35
"99981/1000",NA,99981,5073,"45-49 years","male",21,17830,"Work",127.12606048584,127.12606048584,"car",5,384.65,"weekday",3,"40 to 64",">10km","car",384.65,5,35,35
"99981/1000",NA,99981,5073,"45-49 years","male",21,17831,"Work",127.12606048584,127.12606048584,"car",0.45,31.52,"weekday",4,"40 to 64",">10km","car",31.52,0.45,3.15,3.15
"99981/1001",NA,99981,5074,"65-69 years","female",21,17832,"Leisure",129.623992919922,129.623992919922,"walking",0.416666666666667,1.07,"weekday",1,"65 plus","1-2km","walking",1.07,0.416666666666667,2.91666666666667,2.91666666666667
"99981/1001",NA,99981,5074,"65-69 years","female",21,17833,"Leisure",129.623992919922,129.623992919922,"walking",0.583333333333333,1.07,"weekday",2,"65 plus","1-2km","walking",1.07,0.583333333333333,4.08333333333333,4.08333333333333
"99982/1000",NA,99982,5075,"65-69 years","female",21,17834,"Leisure",304.822784423828,304.822784423828,"car",0.0833333333333333,2.05,"weekday",1,"65 plus","3-5km","bicycle",2.05,0.186363636363636,0.583333333333333,1.30454545454545
"99982/1000",NA,99982,5075,"65-69 years","female",21,17835,"Leisure",304.822784423828,304.822784423828,"walking",1,2.28,"weekday",2,"65 plus","3-5km","walking",2.28,1,7,7
"99982/1000",NA,99982,5075,"65-69 years","female",21,17836,"Leisure",304.822784423828,304.822784423828,"walking",1,2.28,"weekday",3,"65 plus","3-5km","walking",2.28,1,7,7
"99982/1000",NA,99982,5075,"65-69 years","female",21,17837,"Leisure",304.822784423828,304.822784423828,"car",0.166666666666667,2.07,"weekday",4,"65 plus","3-5km","bicycle",2.07,0.188181818181818,1.16666666666667,1.31727272727273
"99982/1000",NA,99982,5075,"65-69 years","female",21,17838,"Other",304.822784423828,304.822784423828,"car",0.0833333333333333,0.54,"weekday",5,"65 plus","<1km","bicycle",0.54,0.0490909090909091,0.583333333333333,0.343636363636364
"99982/1000",NA,99982,5075,"65-69 years","female",21,17839,"Other",304.822784423828,304.822784423828,"car",0.0833333333333333,5.17,"weekday",6,"65 plus","6-10km","car",5.17,0.0833333333333333,0.583333333333333,0.583333333333333
"99982/1000",NA,99982,5075,"65-69 years","female",21,17840,"Other",304.822784423828,304.822784423828,"car",0.166666666666667,5.25,"weekday",7,"65 plus","6-10km","car",5.25,0.166666666666667,1.16666666666667,1.16666666666667
"99982/1001",NA,99982,5076,"60-64 years","male",21,17841,"Leisure",407.964630126953,407.964630126953,"car",0.0833333333333333,2.05,"weekday",1,"40 to 64","3-5km","bicycle",2.05,0.186363636363636,0.583333333333333,1.30454545454545
"99982/1001",NA,99982,5076,"60-64 years","male",21,17842,"Leisure",407.964630126953,407.964630126953,"walking",1,2.28,"weekday",2,"40 to 64","3-5km","walking",2.28,1,7,7
"99982/1001",NA,99982,5076,"60-64 years","male",21,17843,"Leisure",407.964630126953,407.964630126953,"walking",1,2.28,"weekday",3,"40 to 64","3-5km","walking",2.28,1,7,7
"99982/1001",NA,99982,5076,"60-64 years","male",21,17844,"Leisure",407.964630126953,407.964630126953,"car",0.166666666666667,2.07,"weekday",4,"40 to 64","3-5km","bicycle",2.07,0.188181818181818,1.16666666666667,1.31727272727273
"99982/1001",NA,99982,5076,"60-64 years","male",21,17845,"Leisure",407.964630126953,407.964630126953,"car",0.0833333333333333,1.69,"weekday",5,"40 to 64","1-2km","bicycle",1.69,0.153636363636364,0.583333333333333,1.07545454545455
"99982/1001",NA,99982,5076,"60-64 years","male",21,17846,"Leisure",407.964630126953,407.964630126953,"car",0.166666666666667,1.56,"weekday",6,"40 to 64","1-2km","bicycle",1.56,0.141818181818182,1.16666666666667,0.992727272727273
"99990/1000",NA,99990,5077,"50-54 years","male",21,17847,"Work",704.881958007812,704.881958007812,"car",0.666666666666667,22.31,"weekday",1,"40 to 64",">10km","car",22.31,0.666666666666667,4.66666666666667,4.66666666666667
"99990/1000",NA,99990,5077,"50-54 years","male",21,17848,"Work",704.881958007812,704.881958007812,"car",0.666666666666667,21.78,"weekday",2,"40 to 64",">10km","car",21.78,0.666666666666667,4.66666666666667,4.66666666666667
"99990/1001",NA,99990,5078,"15-19 years","male",21,17849,"Work",782.303466796875,782.303466796875,"car",0.0666666666666667,0.62,"weekday",1,"15 to 19","<1km","bicycle",0.62,0.0563636363636364,0.466666666666667,0.394545454545455
"99990/1001",NA,99990,5078,"15-19 years","male",21,17850,"Work",782.303466796875,782.303466796875,"car",0.25,4.84,"weekday",2,"15 to 19","3-5km","bicycle",4.84,0.44,1.75,3.08
"99990/1001",NA,99990,5078,"15-19 years","male",21,17851,"Work",782.303466796875,782.303466796875,"car",0.25,4.8,"weekday",3,"15 to 19","3-5km","bicycle",4.8,0.436363636363636,1.75,3.05454545454545
"99990/1002",NA,99990,5079,"40-44 years","female",21,17852,"Other",830.912109375,830.912109375,"car",0.0833333333333333,1.62,"weekday",1,"40 to 64","1-2km","bicycle",1.62,0.147272727272727,0.583333333333333,1.03090909090909
"99990/1002",NA,99990,5079,"40-44 years","female",21,17853,"Other",830.912109375,830.912109375,"car",0.15,1.61,"weekday",2,"40 to 64","1-2km","bicycle",1.61,0.146363636363636,1.05,1.02454545454545
"99990/1002",NA,99990,5079,"40-44 years","female",21,17854,"Shopping",830.912109375,830.912109375,"car",0.05,1.67,"weekday",3,"40 to 64","1-2km","bicycle",1.67,0.151818181818182,0.35,1.06272727272727
"99990/1002",NA,99990,5079,"40-44 years","female",21,17855,"Shopping",830.912109375,830.912109375,"car",0.0833333333333333,1.67,"weekday",4,"40 to 64","1-2km","bicycle",1.67,0.151818181818182,0.583333333333333,1.06272727272727
"99990/1002",NA,99990,5079,"40-44 years","female",21,17856,"Other",830.912109375,830.912109375,"car",0.1,1.62,"weekday",5,"40 to 64","1-2km","bicycle",1.62,0.147272727272727,0.7,1.03090909090909
"99990/1002",NA,99990,5079,"40-44 years","female",21,17857,"Other",830.912109375,830.912109375,"car",0.15,1.61,"weekday",6,"40 to 64","1-2km","bicycle",1.61,0.146363636363636,1.05,1.02454545454545
"99991/1000",NA,99991,5080,"55-59 years","female",21,17858,"Shopping",504.977630615234,504.977630615234,"car",0.0833333333333333,1.83,"weekday",1,"40 to 64","1-2km","bicycle",1.83,0.166363636363636,0.583333333333333,1.16454545454545
"99991/1000",NA,99991,5080,"55-59 years","female",21,17859,"Shopping",504.977630615234,504.977630615234,"car",0.0833333333333333,1.83,"weekday",2,"40 to 64","1-2km","bicycle",1.83,0.166363636363636,0.583333333333333,1.16454545454545
"99991/1000",NA,99991,5080,"55-59 years","female",21,17860,"Work",504.977630615234,504.977630615234,"car",0.0833333333333333,2.51,"weekday",3,"40 to 64","3-5km","bicycle",2.51,0.228181818181818,0.583333333333333,1.59727272727273
"99991/1000",NA,99991,5080,"55-59 years","female",21,17861,"Work",504.977630615234,504.977630615234,"car",0.0833333333333333,2.51,"weekday",4,"40 to 64","3-5km","bicycle",2.51,0.228181818181818,0.583333333333333,1.59727272727273
"99991/1000",NA,99991,5080,"55-59 years","female",21,17862,"Other",504.977630615234,504.977630615234,"car",0.5,18.94,"weekday",5,"40 to 64",">10km","car",18.94,0.5,3.5,3.5
"99991/1000",NA,99991,5080,"55-59 years","female",21,17863,"Shopping",504.977630615234,504.977630615234,"car",0.5,9.18,"weekday",6,"40 to 64","6-10km","car",9.18,0.5,3.5,3.5
"99991/1000",NA,99991,5080,"55-59 years","female",21,17864,"Shopping",504.977630615234,504.977630615234,"car",0.5,12.83,"weekday",7,"40 to 64",">10km","car",12.83,0.5,3.5,3.5
"99991/1001",NA,99991,5081,"55-59 years","male",21,17865,"Other",532.142456054688,532.142456054688,"car",0.75,18.94,"weekday",1,"40 to 64",">10km","car",18.94,0.75,5.25,5.25
"99991/1001",NA,99991,5081,"55-59 years","male",21,17866,"Shopping",532.142456054688,532.142456054688,"car",0.5,9.18,"weekday",2,"40 to 64","6-10km","car",9.18,0.5,3.5,3.5
"99991/1001",NA,99991,5081,"55-59 years","male",21,17867,"Shopping",532.142456054688,532.142456054688,"car",0.5,12.83,"weekday",3,"40 to 64",">10km","car",12.83,0.5,3.5,3.5
"99991/1003",NA,99991,5082,"20-24 years","female",21,17868,"Other",856.685302734375,856.685302734375,"car",0.0833333333333333,1.83,"weekday",1,"20 to 39","1-2km","bicycle",1.83,0.166363636363636,0.583333333333333,1.16454545454545
"99991/1003",NA,99991,5082,"20-24 years","female",21,17869,"Other",856.685302734375,856.685302734375,"car",0.0833333333333333,1.83,"weekday",2,"20 to 39","1-2km","bicycle",1.83,0.166363636363636,0.583333333333333,1.16454545454545
